-3.094170093536376953e-01
-2.778891324996948242e-01
-2.753722071647644043e-01
-2.584789395332336426e-01
-3.088881373405456543e-01
-2.766065001487731934e-01
-2.745950818061828613e-01
-2.787168025970458984e-01
-2.623399496078491211e-01
-3.162967562675476074e-01
-2.764740586280822754e-01
-3.239654898643493652e-01
-2.644986510276794434e-01
-2.688472867012023926e-01
-2.642593979835510254e-01
-2.820459008216857910e-01
-3.446592688560485840e-01
-2.708222270011901855e-01
-2.909004092216491699e-01
-2.889121174812316895e-01
-2.776496410369873047e-01
-2.661042809486389160e-01
-3.245588541030883789e-01
-3.811785578727722168e-01
-3.276709318161010742e-01
-2.865969538688659668e-01
-2.685330510139465332e-01
-3.162984848022460938e-01
-2.765053510665893555e-01
-2.260088324546813965e-01
-2.376074194908142090e-01
-2.802945375442504883e-01
-2.946112751960754395e-01
-3.064084649085998535e-01
-3.159438371658325195e-01
-3.532989621162414551e-01
-3.081684112548828125e-01
-2.713707685470581055e-01
-2.797087430953979492e-01
-2.662156224250793457e-01
-2.983562350273132324e-01
-2.885298728942871094e-01
-2.643170952796936035e-01
-2.780598402023315430e-01
-2.907496094703674316e-01
-2.806736230850219727e-01
-2.749786972999572754e-01
-2.655234932899475098e-01
-2.722285985946655273e-01
-3.398776650428771973e-01
-2.682041525840759277e-01
-2.881034016609191895e-01
-2.784050107002258301e-01
-2.677546143531799316e-01
-2.907753586769104004e-01
-2.781416177749633789e-01
-2.535000443458557129e-01
-2.313783168792724609e-01
-2.763612270355224609e-01
-3.366369605064392090e-01
-2.532078027725219727e-01
-2.979536056518554688e-01
-2.897208929061889648e-01
-3.062172532081604004e-01
-2.898506522178649902e-01
-3.162929415702819824e-01
-2.758409380912780762e-01
-2.943189740180969238e-01
-2.979540824890136719e-01
-2.772825360298156738e-01
-3.038594126701354980e-01
-2.884590625762939453e-01
-2.758183479309082031e-01
-3.268570899963378906e-01
-2.853859663009643555e-01
-2.703323960304260254e-01
-2.921496629714965820e-01
-2.573536634445190430e-01
-3.129824399948120117e-01
-3.147167563438415527e-01
-2.808540463447570801e-01
-2.809613347053527832e-01
-2.558692693710327148e-01
-3.377178907394409180e-01
-2.444871068000793457e-01
-3.261064291000366211e-01
-2.316066622734069824e-01
-3.310142159461975098e-01
-2.777599692344665527e-01
-2.659373879432678223e-01
-3.236286640167236328e-01
-3.007774949073791504e-01
-2.681999206542968750e-01
-2.642893791198730469e-01
-2.839132547378540039e-01
-2.689090371131896973e-01
-2.882489562034606934e-01
-3.279740810394287109e-01
-2.747590541839599609e-01
-2.701621055603027344e-01
-3.010525107383728027e-01
-3.086985349655151367e-01
-2.754353284835815430e-01
-2.809976339340209961e-01
-2.990127801895141602e-01
-2.829281687736511230e-01
-2.806098461151123047e-01
-2.386811375617980957e-01
-2.874268293380737305e-01
-3.036961555480957031e-01
-2.783430218696594238e-01
-3.265231251716613770e-01
-3.036218285560607910e-01
-2.810068130493164062e-01
-2.903717756271362305e-01
-3.030649423599243164e-01
-3.075334429740905762e-01
-2.767793536186218262e-01
-2.781575322151184082e-01
-3.259759545326232910e-01
-2.482728362083435059e-01
-3.137648105621337891e-01
-2.930487394332885742e-01
-2.770367860794067383e-01
-3.036435842514038086e-01
-3.158950805664062500e-01
-2.750451564788818359e-01
-2.806684970855712891e-01
-2.674208879470825195e-01
-2.435509562492370605e-01
-3.283700346946716309e-01
-2.791993618011474609e-01
-2.870240807533264160e-01
-2.895433306694030762e-01
-2.928143739700317383e-01
-2.907336354255676270e-01
-2.934638857841491699e-01
-2.904627323150634766e-01
-3.183568716049194336e-01
-2.906047105789184570e-01
-2.915779352188110352e-01
-2.834182381629943848e-01
-3.189390301704406738e-01
-2.494955062866210938e-01
-2.440097928047180176e-01
-3.235783576965332031e-01
-2.670209407806396484e-01
-2.678421139717102051e-01
-3.408394455909729004e-01
-3.050551414489746094e-01
-3.051320910453796387e-01
-2.783378362655639648e-01
-3.087324500083923340e-01
-3.106025457382202148e-01
-2.501825690269470215e-01
-3.037298917770385742e-01
-2.813559770584106445e-01
-2.951343655586242676e-01
-2.785835266113281250e-01
-2.901355028152465820e-01
-2.698256969451904297e-01
-3.162983059883117676e-01
-2.763013243675231934e-01
-2.890064716339111328e-01
-2.832168340682983398e-01
-2.794494032859802246e-01
-2.814795374870300293e-01
-2.662670016288757324e-01
-2.631182074546813965e-01
-3.195023536682128906e-01
-3.171418309211730957e-01
-2.910919785499572754e-01
-2.874727845191955566e-01
-3.218901157379150391e-01
-3.017598390579223633e-01
-2.907370328903198242e-01
-2.796233296394348145e-01
-3.161187171936035156e-01
-2.528871297836303711e-01
-2.604861855506896973e-01
-2.708773612976074219e-01
-3.051803708076477051e-01
-2.740518450736999512e-01
-2.783749103546142578e-01
-2.703580856323242188e-01
-3.162139654159545898e-01
-2.997979521751403809e-01
-3.009514808654785156e-01
-2.776530385017395020e-01
-3.162983059883117676e-01
-2.395037412643432617e-01
-3.001698255538940430e-01
-2.992486953735351562e-01
-3.060874938964843750e-01
-2.896638512611389160e-01
-2.516311407089233398e-01
-2.752193212509155273e-01
-2.954546809196472168e-01
-2.770851254463195801e-01
-2.907880544662475586e-01
-2.752481698989868164e-01
-2.528889179229736328e-01
-2.619358897209167480e-01
-3.044971823692321777e-01
-3.195289969444274902e-01
-2.503386139869689941e-01
-2.020763158798217773e-01
-2.503373622894287109e-01
-2.746684551239013672e-01
-2.778888940811157227e-01
-2.924798130989074707e-01
-2.907558083534240723e-01
-2.907078266143798828e-01
-3.076870441436767578e-01
-2.779365181922912598e-01
-3.564155101776123047e-01
-2.821612954139709473e-01
-3.141844868659973145e-01
-2.794630527496337891e-01
-3.015602231025695801e-01
-2.812896966934204102e-01
-2.996851801872253418e-01
-2.535992264747619629e-01
-3.067978620529174805e-01
-2.762798070907592773e-01
-3.264229297637939453e-01
-2.811081409454345703e-01
-3.135119080543518066e-01
-3.163770437240600586e-01
-2.808043360710144043e-01
-3.045213818550109863e-01
-3.162978291511535645e-01
-2.777754068374633789e-01
-3.162962794303894043e-01
-3.018056154251098633e-01
-3.031652569770812988e-01
-3.016915321350097656e-01
-2.752681374549865723e-01
-2.633356451988220215e-01
-2.673929929733276367e-01
-3.264043331146240234e-01
-3.162190318107604980e-01
-2.781417369842529297e-01
-2.821388244628906250e-01
-2.735859751701354980e-01
-2.901501655578613281e-01
-2.758906483650207520e-01
-2.988479733467102051e-01
-2.897253632545471191e-01
-2.894172072410583496e-01
-3.052135109901428223e-01
-2.356683611869812012e-01
-2.194047570228576660e-01
-2.806230783462524414e-01
-2.324549555778503418e-01
-2.781417369842529297e-01
-2.661975622177124023e-01
-3.032551407814025879e-01
-2.908408045768737793e-01
-2.815985679626464844e-01
-2.898954749107360840e-01
-2.779024839401245117e-01
-2.855910658836364746e-01
-2.755246162414550781e-01
-2.464917302131652832e-01
-2.854475975036621094e-01
-3.274819850921630859e-01
-2.995191812515258789e-01
-2.844563722610473633e-01
-2.896811962127685547e-01
-2.832427024841308594e-01
-2.847076654434204102e-01
-2.965978980064392090e-01
-2.781534194946289062e-01
-2.920624017715454102e-01
-2.737951874732971191e-01
-2.748739123344421387e-01
-3.038783669471740723e-01
-3.069096207618713379e-01
-3.018381595611572266e-01
-2.906445860862731934e-01
-3.018302321434020996e-01
-3.002530336380004883e-01
-2.853171825408935547e-01
-3.154347538948059082e-01
-3.062182664871215820e-01
-2.790551781654357910e-01
-3.271751999855041504e-01
-2.651742100715637207e-01
-3.040543198585510254e-01
-2.806075811386108398e-01
-3.157084584236145020e-01
-3.008067011833190918e-01
-2.760052680969238281e-01
-2.891989350318908691e-01
-3.216903805732727051e-01
-2.907625436782836914e-01
-2.877997756004333496e-01
-2.701600193977355957e-01
-3.275088667869567871e-01
-2.553476095199584961e-01
-2.597200274467468262e-01
-2.861922979354858398e-01
-2.781745195388793945e-01
-2.714319229125976562e-01
-3.264496922492980957e-01
-2.808679938316345215e-01
-2.976004481315612793e-01
-2.650570869445800781e-01
-3.160233497619628906e-01
-2.663376331329345703e-01
-3.084058165550231934e-01
-2.721936702728271484e-01
-2.747210860252380371e-01
-2.640572786331176758e-01
-2.892562150955200195e-01
-2.607491612434387207e-01
-2.526125907897949219e-01
-2.774218916893005371e-01
-3.157927989959716797e-01
-2.908388376235961914e-01
-3.036305904388427734e-01
-2.766028642654418945e-01
-2.763768434524536133e-01
-2.606566548347473145e-01
-2.636651396751403809e-01
-2.960986495018005371e-01
-2.662698030471801758e-01
-2.955468297004699707e-01
-3.069928884506225586e-01
-2.680843472480773926e-01
-3.085948824882507324e-01
-2.785355448722839355e-01
-3.261088728904724121e-01
-2.853516340255737305e-01
-2.998635768890380859e-01
-2.904396653175354004e-01
-3.067300319671630859e-01
-2.823000550270080566e-01
-2.957425117492675781e-01
-2.521042823791503906e-01
-3.015644550323486328e-01
-2.901001572608947754e-01
-2.913250923156738281e-01
-2.731812000274658203e-01
-2.884845733642578125e-01
-2.724093794822692871e-01
-2.672656178474426270e-01
-2.729330658912658691e-01
-2.775557041168212891e-01
-2.953310608863830566e-01
-2.941958308219909668e-01
-2.781659960746765137e-01
-2.781427502632141113e-01
-2.623471021652221680e-01
-2.809223532676696777e-01
-2.894176244735717773e-01
-2.793915867805480957e-01
-2.820884585380554199e-01
-2.749976515769958496e-01
-2.506811618804931641e-01
-2.781397104263305664e-01
-2.907511591911315918e-01
-2.998112440109252930e-01
-2.558694481849670410e-01
-2.914752364158630371e-01
-2.546789050102233887e-01
-3.006117939949035645e-01
-2.666911482810974121e-01
-3.164563179016113281e-01
-2.735795378684997559e-01
-2.625699639320373535e-01
-2.868525385856628418e-01
-2.827819585800170898e-01
-2.950873374938964844e-01
-2.931922078132629395e-01
-2.840798497200012207e-01
-3.064242005348205566e-01
-3.090209960937500000e-01
-2.909506559371948242e-01
-2.695893049240112305e-01
-2.979306578636169434e-01
-2.969775199890136719e-01
-2.153348922729492188e-01
-2.764278650283813477e-01
-2.641716599464416504e-01
-2.763625383377075195e-01
-3.286902904510498047e-01
-2.820183634757995605e-01
-3.177338242530822754e-01
-2.816556096076965332e-01
-2.881164550781250000e-01
-2.995898723602294922e-01
-2.759479284286499023e-01
-2.870258092880249023e-01
-2.017157673835754395e-01
-2.361009120941162109e-01
-2.884849905967712402e-01
-2.761312127113342285e-01
-3.161655664443969727e-01
-2.761493921279907227e-01
-3.055334091186523438e-01
-2.906330227851867676e-01
-3.059713244438171387e-01
-2.903812527656555176e-01
-3.011742830276489258e-01
-2.788113951683044434e-01
-2.959731221199035645e-01
-2.425478696823120117e-01
-2.779596447944641113e-01
-2.896843552589416504e-01
-2.935963273048400879e-01
-2.920987010002136230e-01
-3.007538914680480957e-01
-2.781510353088378906e-01
-3.121995925903320312e-01
-2.634986639022827148e-01
-2.669306993484497070e-01
-2.759288549423217773e-01
-2.728234529495239258e-01
-2.774770855903625488e-01
-2.641341686248779297e-01
-2.934092283248901367e-01
-2.912667393684387207e-01
-2.781417369842529297e-01
-3.195646405220031738e-01
-2.781426906585693359e-01
-2.903904318809509277e-01
-2.766140699386596680e-01
-2.827529311180114746e-01
-2.765170931816101074e-01
-3.102655410766601562e-01
-2.656178474426269531e-01
-2.872224450111389160e-01
-3.184025883674621582e-01
-2.778725624084472656e-01
-2.649223804473876953e-01
-2.905455827713012695e-01
-2.764217853546142578e-01
-3.159647583961486816e-01
-3.401460647583007812e-01
-2.781432867050170898e-01
-2.982832193374633789e-01
-2.977273464202880859e-01
-2.875168323516845703e-01
-2.937270402908325195e-01
-2.917968630790710449e-01
-3.172441124916076660e-01
-2.842915058135986328e-01
-3.052242994308471680e-01
-2.806187868118286133e-01
-3.195781111717224121e-01
-2.834270596504211426e-01
-2.907714843750000000e-01
-2.786412239074707031e-01
-2.437737584114074707e-01
-2.334361076354980469e-01
-3.061795830726623535e-01
-3.106420040130615234e-01
-2.792392373085021973e-01
-2.879809737205505371e-01
-2.867789268493652344e-01
-2.869081497192382812e-01
-3.148746490478515625e-01
-2.806763648986816406e-01
-2.674789428710937500e-01
-2.907872200012207031e-01
-2.830284237861633301e-01
-2.828962802886962891e-01
-2.935643196105957031e-01
-2.926085591316223145e-01
-2.804217338562011719e-01
-2.662063241004943848e-01
-2.677917480468750000e-01
-2.900488972663879395e-01
-2.924464941024780273e-01
-2.856779098510742188e-01
-3.162279725074768066e-01
-3.062165975570678711e-01
-2.735922336578369141e-01
-2.635801434516906738e-01
-2.901300191879272461e-01
-3.258599638938903809e-01
-2.773557901382446289e-01
-2.907516956329345703e-01
-2.919331192970275879e-01
-2.816259860992431641e-01
-3.157855272293090820e-01
-3.172211647033691406e-01
-2.918060421943664551e-01
-2.296465039253234863e-01
-2.922870516777038574e-01
-2.753446102142333984e-01
-3.046714663505554199e-01
-3.275104165077209473e-01
-3.059473633766174316e-01
-2.943216562271118164e-01
-3.098526597023010254e-01
-2.895191311836242676e-01
-3.157060742378234863e-01
-2.553235888481140137e-01
-2.584835886955261230e-01
-2.666989564895629883e-01
-3.291785120964050293e-01
-2.277956008911132812e-01
-2.666135430335998535e-01
-2.575643658638000488e-01
-2.948132157325744629e-01
-3.140109181404113770e-01
-3.037502169609069824e-01
-2.448217868804931641e-01
-2.972957491874694824e-01
-2.506271600723266602e-01
-3.039153814315795898e-01
-2.717610597610473633e-01
-2.712349891662597656e-01
-2.842644453048706055e-01
-2.896289229393005371e-01
-2.625653147697448730e-01
-2.636985182762145996e-01
-2.543149590492248535e-01
-2.624309062957763672e-01
-2.612411379814147949e-01
-2.806491851806640625e-01
-2.166705131530761719e-01
-2.755861878395080566e-01
-2.070423960685729980e-01
-2.852980494499206543e-01
-2.815632224082946777e-01
-2.785913944244384766e-01
-2.323899865150451660e-01
-3.055188655853271484e-01
-2.323880791664123535e-01
-2.466355562210083008e-01
-2.466171979904174805e-01
-2.933875918388366699e-01
-2.228354811668395996e-01
-2.885765433311462402e-01
-2.644258141517639160e-01
-3.151178956031799316e-01
-2.432384490966796875e-01
-2.781912684440612793e-01
-2.781475186347961426e-01
-2.816464304924011230e-01
-2.249133586883544922e-01
-2.780128717422485352e-01
-2.359902262687683105e-01
-2.780295610427856445e-01
-2.329978942871093750e-01
-2.643792629241943359e-01
-2.135179042816162109e-01
-2.451257109642028809e-01
-2.615858912467956543e-01
-2.877774238586425781e-01
-2.806813120841979980e-01
-3.317658305168151855e-01
-2.671358585357666016e-01
-2.891479730606079102e-01
-2.836715579032897949e-01
-2.907295823097229004e-01
-2.662063241004943848e-01
-3.096306920051574707e-01
-2.566863298416137695e-01
-3.051470518112182617e-01
-2.383499741554260254e-01
-2.927378416061401367e-01
-2.664899826049804688e-01
-3.118028640747070312e-01
-2.342059612274169922e-01
-3.020936250686645508e-01
-2.643288969993591309e-01
-3.173803687095642090e-01
-3.010941147804260254e-01
-2.793964147567749023e-01
-2.790449857711791992e-01
-2.621763348579406738e-01
-2.617848515510559082e-01
-2.941162586212158203e-01
-2.766620516777038574e-01
-2.826891541481018066e-01
-2.370384931564331055e-01
-2.989601492881774902e-01
-2.779581546783447266e-01
-3.099517226219177246e-01
-2.871008515357971191e-01
-3.152395486831665039e-01
-2.806588411331176758e-01
-3.032783865928649902e-01
-2.598162293434143066e-01
-2.900760173797607422e-01
-2.880020737648010254e-01
-2.918393015861511230e-01
-2.805681824684143066e-01
-3.014588356018066406e-01
-2.977232336997985840e-01
-2.919155955314636230e-01
-2.739349603652954102e-01
-2.991229295730590820e-01
-2.736610770225524902e-01
-2.650466561317443848e-01
-2.794739603996276855e-01
-3.163344264030456543e-01
-2.490729689598083496e-01
-3.051336407661437988e-01
-2.781001925468444824e-01
-3.009185194969177246e-01
-2.612321376800537109e-01
-2.914832234382629395e-01
-2.713038921356201172e-01
-2.785762548446655273e-01
-2.928960919380187988e-01
-3.393619060516357422e-01
-2.032232880592346191e-01
-3.106722235679626465e-01
-2.925949096679687500e-01
-2.670741677284240723e-01
-2.939862012863159180e-01
-2.702468633651733398e-01
-2.871420383453369141e-01
-2.754703164100646973e-01
-2.735786437988281250e-01
-2.872576713562011719e-01
-2.907342314720153809e-01
-2.463038563728332520e-01
-2.085175514221191406e-01
-2.773532271385192871e-01
-2.830783128738403320e-01
-3.181785345077514648e-01
-3.158493041992187500e-01
-2.813837528228759766e-01
-3.193585276603698730e-01
-2.884839177131652832e-01
-2.763567566871643066e-01
-2.826699614524841309e-01
-2.793725132942199707e-01
-2.946403622627258301e-01
-2.329152226448059082e-01
-2.908250093460083008e-01
-2.821108102798461914e-01
-3.060202002525329590e-01
-2.544515132904052734e-01
-3.038259744644165039e-01
-3.036416172981262207e-01
-3.014020323753356934e-01
-3.247880339622497559e-01
-2.934240698814392090e-01
-2.913504838943481445e-01
-3.243976831436157227e-01
-2.365013957023620605e-01
-3.122314810752868652e-01
-2.907507419586181641e-01
-2.985585927963256836e-01
-2.889758348464965820e-01
-2.564343810081481934e-01
-3.316661119461059570e-01
-2.906060814857482910e-01
-3.054165840148925781e-01
-3.196406960487365723e-01
-2.695796489715576172e-01
-2.331786751747131348e-01
-2.247599363327026367e-01
-3.188542127609252930e-01
-2.826072573661804199e-01
-2.904005646705627441e-01
-2.906754016876220703e-01
-3.129530549049377441e-01
-2.902325987815856934e-01
-2.906843423843383789e-01
-2.907229065895080566e-01
-2.788619995117187500e-01
-2.989516854286193848e-01
-2.939960956573486328e-01
-2.183781862258911133e-01
-2.891706824302673340e-01
-2.622696161270141602e-01
-3.161406517028808594e-01
-2.674188017845153809e-01
-2.998830676078796387e-01
-2.313540577888488770e-01
-2.793331146240234375e-01
-2.900757193565368652e-01
-2.700084447860717773e-01
-2.904354929924011230e-01
-3.094215989112854004e-01
-2.491118907928466797e-01
-3.044665455818176270e-01
-2.668803334236145020e-01
-2.989586591720581055e-01
-2.664166688919067383e-01
-2.848562598228454590e-01
-2.778129577636718750e-01
-2.832515835762023926e-01
-3.162580132484436035e-01
-2.637119293212890625e-01
-3.150094747543334961e-01
-3.184308409690856934e-01
-2.361247539520263672e-01
-2.951034307479858398e-01
-2.735698223114013672e-01
-2.799094319343566895e-01
-2.728307843208312988e-01
-2.964552044868469238e-01
-3.169031143188476562e-01
-2.940998673439025879e-01
-2.785949707031250000e-01
-2.907373309135437012e-01
-2.886654138565063477e-01
-2.600568532943725586e-01
-2.376983165740966797e-01
-2.917504310607910156e-01
-2.623702883720397949e-01
-3.152551651000976562e-01
-2.823010087013244629e-01
-2.991383075714111328e-01
-3.028503656387329102e-01
-3.038247823715209961e-01
-2.909349203109741211e-01
-2.807332277297973633e-01
-2.760772705078125000e-01
-2.489267587661743164e-01
-2.646145224571228027e-01
-2.637426257133483887e-01
-2.791840434074401855e-01
-3.082529902458190918e-01
-2.595446705818176270e-01
-3.147947788238525391e-01
-2.735989093780517578e-01
-2.765454649925231934e-01
-3.146002292633056641e-01
-2.929489016532897949e-01
-2.801674604415893555e-01
-2.537169456481933594e-01
-2.367275357246398926e-01
-2.971870303153991699e-01
-2.880200743675231934e-01
-2.991383075714111328e-01
-2.776430845260620117e-01
-3.160211443901062012e-01
-3.156197667121887207e-01
-2.907455563545227051e-01
-3.153241872787475586e-01
-2.902678251266479492e-01
-2.933424115180969238e-01
-2.749641537666320801e-01
-2.079066634178161621e-01
-3.047749400138854980e-01
-2.859153151512145996e-01
-3.159069418907165527e-01
-2.735922932624816895e-01
-3.231834769248962402e-01
-2.918955087661743164e-01
-3.161300420761108398e-01
-2.847960591316223145e-01
-2.795647978782653809e-01
-3.014790415763854980e-01
-2.808572649955749512e-01
-2.800308465957641602e-01
-3.041116595268249512e-01
-3.006283044815063477e-01
-2.907509207725524902e-01
-2.498640418052673340e-01
-2.907509207725524902e-01
-3.025768995285034180e-01
-2.918159365653991699e-01
-2.996645569801330566e-01
-2.808385491371154785e-01
-3.065965771675109863e-01
-2.771000862121582031e-01
-2.555582523345947266e-01
-2.907509207725524902e-01
-2.919436693191528320e-01
-2.762300968170166016e-01
-3.017082810401916504e-01
-2.907507419586181641e-01
-2.671327590942382812e-01
-2.903789877891540527e-01
-2.910069227218627930e-01
-2.894051671028137207e-01
-2.964895367622375488e-01
-2.901507616043090820e-01
-2.382844090461730957e-01
-3.022302985191345215e-01
-2.940263748168945312e-01
-2.942947745323181152e-01
-3.025599718093872070e-01
-2.957828640937805176e-01
-3.294312953948974609e-01
-2.808369994163513184e-01
-2.881809473037719727e-01
-2.840436697006225586e-01
-2.856684923171997070e-01
-3.063166737556457520e-01
-2.722293138504028320e-01
-2.907476425170898438e-01
-2.729527354240417480e-01
-2.832193970680236816e-01
-3.136427998542785645e-01
-2.764521837234497070e-01
-2.594742178916931152e-01
-2.823289632797241211e-01
-3.070808053016662598e-01
-2.853220105171203613e-01
-2.757015824317932129e-01
-2.549306750297546387e-01
-2.617465853691101074e-01
-2.906743884086608887e-01
-2.964903712272644043e-01
-2.763010263442993164e-01
-2.552931904792785645e-01
-2.770702242851257324e-01
-2.856944799423217773e-01
-3.174359798431396484e-01
-3.096406459808349609e-01
-2.655518651008605957e-01
-2.907468080520629883e-01
-2.920555472373962402e-01
-2.897970080375671387e-01
-2.907508611679077148e-01
-3.216446638107299805e-01
-2.796499133110046387e-01
-3.293498754501342773e-01
-2.807242274284362793e-01
-2.909817099571228027e-01
-2.883870601654052734e-01
-3.317182064056396484e-01
-2.907599210739135742e-01
-2.907965779304504395e-01
-2.872576117515563965e-01
-3.255727887153625488e-01
-2.933239340782165527e-01
-2.902677655220031738e-01
-3.142026066780090332e-01
-3.064205646514892578e-01
-2.907298207283020020e-01
-3.149909973144531250e-01
-2.752256393432617188e-01
-3.143162727355957031e-01
-2.834181189537048340e-01
-2.501332759857177734e-01
-2.360876798629760742e-01
-2.671998739242553711e-01
-3.010925650596618652e-01
-2.962843775749206543e-01
-3.263269662857055664e-01
-2.571234703063964844e-01
-2.783055305480957031e-01
-2.900695800781250000e-01
-2.598392367362976074e-01
-2.901830077171325684e-01
-2.826772332191467285e-01
-2.884760499000549316e-01
-2.599859237670898438e-01
-3.168236613273620605e-01
-3.024953007698059082e-01
-3.317266106605529785e-01
-3.198733925819396973e-01
-2.781490683555603027e-01
-2.908089160919189453e-01
-3.004351258277893066e-01
-2.737295031547546387e-01
-2.626043558120727539e-01
-2.906607389450073242e-01
-3.160943984985351562e-01
-2.711929678916931152e-01
-2.624929547309875488e-01
-3.011011481285095215e-01
-3.311569690704345703e-01
-3.013483881950378418e-01
-3.162490129470825195e-01
-2.941418886184692383e-01
-2.671922445297241211e-01
-3.400875329971313477e-01
-2.762969732284545898e-01
-2.993474602699279785e-01
-2.907100915908813477e-01
-2.825865745544433594e-01
-2.794409394264221191e-01
-3.010684847831726074e-01
-3.000093102455139160e-01
-2.983728647232055664e-01
-2.919030189514160156e-01
-2.763296365737915039e-01
-2.907321453094482422e-01
-3.076770901679992676e-01
-3.031055331230163574e-01
-3.012268543243408203e-01
-2.896971702575683594e-01
-2.873133420944213867e-01
-3.156052827835083008e-01
-3.007428646087646484e-01
-3.280082345008850098e-01
-3.113130927085876465e-01
-2.767896652221679688e-01
-2.849630117416381836e-01
-3.016435503959655762e-01
-2.576826810836791992e-01
-2.601220607757568359e-01
-2.948342561721801758e-01
-2.683091163635253906e-01
-2.818760871887207031e-01
-2.889770269393920898e-01
-3.014895319938659668e-01
-3.052956461906433105e-01
-3.165322542190551758e-01
-2.632198333740234375e-01
-3.161512613296508789e-01
-2.766972780227661133e-01
-2.807080149650573730e-01
-2.781436443328857422e-01
-2.939432859420776367e-01
-2.691614031791687012e-01
-3.168517351150512695e-01
-2.425399422645568848e-01
-2.922033071517944336e-01
-3.189213275909423828e-01
-3.134185671806335449e-01
-2.439310550689697266e-01
-2.727972269058227539e-01
-3.108352422714233398e-01
-2.907513976097106934e-01
-2.907467484474182129e-01
-3.021508455276489258e-01
-2.975223064422607422e-01
-2.806270718574523926e-01
-2.764276862144470215e-01
-2.839393615722656250e-01
-3.123992681503295898e-01
-2.782976031303405762e-01
-2.917569875717163086e-01
-2.854186296463012695e-01
-2.822384834289550781e-01
-2.957822084426879883e-01
-3.149986267089843750e-01
-3.009614944458007812e-01
-3.001819849014282227e-01
-2.223444581031799316e-01
-2.426504492759704590e-01
-2.914760708808898926e-01
-2.208523154258728027e-01
-2.644497156143188477e-01
-2.643723487854003906e-01
-2.884572744369506836e-01
-2.980776429176330566e-01
-2.763178944587707520e-01
-2.905135750770568848e-01
-2.827948331832885742e-01
-3.060598373413085938e-01
-2.456774711608886719e-01
-2.678998112678527832e-01
-3.104242682456970215e-01
-2.277988195419311523e-01
-2.923538684844970703e-01
-2.912657260894775391e-01
-2.922946810722351074e-01
-3.185575008392333984e-01
-3.013663887977600098e-01
-2.873698472976684570e-01
-2.682693600654602051e-01
-2.908011078834533691e-01
-2.411593198776245117e-01
-2.424682378768920898e-01
-3.057196140289306641e-01
-2.464461326599121094e-01
-3.103144168853759766e-01
-2.805027365684509277e-01
-2.908029556274414062e-01
-2.998836636543273926e-01
-2.925756573677062988e-01
-2.770240902900695801e-01
-2.907696366310119629e-01
-2.952375411987304688e-01
-2.386748194694519043e-01
-2.729189395904541016e-01
-3.011081814765930176e-01
-2.746147513389587402e-01
-2.895549535751342773e-01
-2.797860503196716309e-01
-2.905779480934143066e-01
-3.153498172760009766e-01
-2.860417962074279785e-01
-3.119552135467529297e-01
-2.951216101646423340e-01
-2.908472418785095215e-01
-2.747647166252136230e-01
-2.431434392929077148e-01
-3.011226058006286621e-01
-2.858301401138305664e-01
-3.060176968574523926e-01
-2.877397537231445312e-01
-3.178713917732238770e-01
-2.974773645401000977e-01
-2.866239547729492188e-01
-2.806699872016906738e-01
-2.778633832931518555e-01
-3.162001371383666992e-01
-3.004110455513000488e-01
-2.688451409339904785e-01
-3.008341193199157715e-01
-2.854819893836975098e-01
-2.912914752960205078e-01
-2.869567275047302246e-01
-2.992820739746093750e-01
-3.153464794158935547e-01
-2.811291217803955078e-01
-2.995361685752868652e-01
-2.840244174003601074e-01
-2.906803488731384277e-01
-2.331010103225708008e-01
-2.755697965621948242e-01
-2.725336551666259766e-01
-2.859783172607421875e-01
-2.775685191154479980e-01
-3.060686588287353516e-01
-3.058468103408813477e-01
-2.858796119689941406e-01
-2.907508611679077148e-01
-2.874014377593994141e-01
-3.027193546295166016e-01
-2.906866669654846191e-01
-3.275939226150512695e-01
-2.882164120674133301e-01
-2.962740063667297363e-01
-2.954387664794921875e-01
-2.735351324081420898e-01
-2.621944546699523926e-01
-2.661408185958862305e-01
-3.015000820159912109e-01
-3.057579994201660156e-01
-2.701978087425231934e-01
-2.804197072982788086e-01
-2.578874826431274414e-01
-3.599428534507751465e-01
-2.843196988105773926e-01
-3.140906691551208496e-01
-2.737028598785400391e-01
-2.890411019325256348e-01
-2.906654477119445801e-01
-2.887700796127319336e-01
-2.905859947204589844e-01
-2.964419722557067871e-01
-3.029806613922119141e-01
-2.849783897399902344e-01
-2.786136865615844727e-01
-2.498267292976379395e-01
-2.715273499488830566e-01
-2.942988872528076172e-01
-2.916296720504760742e-01
-2.928706407546997070e-01
-3.190929293632507324e-01
-2.883425354957580566e-01
-2.845286726951599121e-01
-2.804138064384460449e-01
-2.900897860527038574e-01
-2.737181782722473145e-01
-2.971195578575134277e-01
-3.267485499382019043e-01
-2.702236175537109375e-01
-2.717094421386718750e-01
-2.636737823486328125e-01
-2.762830853462219238e-01
-2.932427525520324707e-01
-2.381086349487304688e-01
-2.686458826065063477e-01
-2.809277772903442383e-01
-2.803431749343872070e-01
-2.787966132164001465e-01
-2.833016514778137207e-01
-3.410817980766296387e-01
-2.638540267944335938e-01
-2.718048691749572754e-01
-2.706756591796875000e-01
-2.904492020606994629e-01
-2.907723784446716309e-01
-3.245357871055603027e-01
-2.793684005737304688e-01
-3.154428005218505859e-01
-2.636278271675109863e-01
-2.903351187705993652e-01
-2.937189936637878418e-01
-2.693757414817810059e-01
-2.637548446655273438e-01
-2.246214151382446289e-01
-2.858795523643493652e-01
-2.914645075798034668e-01
-2.853053212165832520e-01
-3.041419982910156250e-01
-2.717535495758056641e-01
-2.704466581344604492e-01
-2.669034600257873535e-01
-3.157781362533569336e-01
-3.147749304771423340e-01
-3.292210698127746582e-01
-2.793748974800109863e-01
-2.522343397140502930e-01
-2.523022294044494629e-01
-2.928429245948791504e-01
-2.702000737190246582e-01
-3.038607239723205566e-01
-3.057698607444763184e-01
-2.954658269882202148e-01
-2.904021739959716797e-01
-3.119727969169616699e-01
-2.764999866485595703e-01
-2.641959786415100098e-01
-2.568213939666748047e-01
-2.806830406188964844e-01
-2.953426837921142578e-01
-3.136628866195678711e-01
-3.044618964195251465e-01
-2.632839679718017578e-01
-2.834677696228027344e-01
-3.075818419456481934e-01
-2.940255403518676758e-01
-2.995597124099731445e-01
-2.734618782997131348e-01
-2.631254196166992188e-01
-2.835371494293212891e-01
-2.595426440238952637e-01
-2.925329208374023438e-01
-2.719948291778564453e-01
-3.162981867790222168e-01
-3.277016282081604004e-01
-2.863304018974304199e-01
-2.844998836517333984e-01
-2.914281487464904785e-01
-3.140297532081604004e-01
-3.018230199813842773e-01
-3.138528466224670410e-01
-2.664802074432373047e-01
-3.018185496330261230e-01
-2.761753201484680176e-01
-2.906210422515869141e-01
-2.980114221572875977e-01
-3.162984848022460938e-01
-2.678304910659790039e-01
-2.781535983085632324e-01
-2.698382139205932617e-01
-2.790263295173645020e-01
-3.034844994544982910e-01
-2.723848223686218262e-01
-2.731767296791076660e-01
-2.941447496414184570e-01
-2.779174447059631348e-01
-3.122920989990234375e-01
-2.957324385643005371e-01
-3.041370511054992676e-01
-2.913265824317932129e-01
-2.766062617301940918e-01
-3.098764419555664062e-01
-2.807049155235290527e-01
-2.666369080543518066e-01
-2.656477689743041992e-01
-3.039675951004028320e-01
-2.798330187797546387e-01
-2.852950096130371094e-01
-2.962825894355773926e-01
-3.036835789680480957e-01
-3.016587495803833008e-01
-2.907572388648986816e-01
-2.917591333389282227e-01
-3.012464642524719238e-01
-2.644078731536865234e-01
-2.758443355560302734e-01
-2.900941371917724609e-01
-2.639156579971313477e-01
-2.663442492485046387e-01
-2.629092335700988770e-01
-2.636844515800476074e-01
-2.655563950538635254e-01
-3.092675209045410156e-01
-2.663030028343200684e-01
-2.909817099571228027e-01
-2.656071186065673828e-01
-2.766837477684020996e-01
-3.075926899909973145e-01
-3.115084171295166016e-01
-2.776872515678405762e-01
-2.806718945503234863e-01
-3.313827514648437500e-01
-2.776919603347778320e-01
-3.316434621810913086e-01
-2.906489968299865723e-01
-3.216276168823242188e-01
-2.893629670143127441e-01
-2.875290513038635254e-01
-3.071488142013549805e-01
-2.858109474182128906e-01
-2.484769821166992188e-01
-2.668102979660034180e-01
-2.806763648986816406e-01
-2.722408771514892578e-01
-2.688067555427551270e-01
-2.781344652175903320e-01
-2.781713008880615234e-01
-2.902625799179077148e-01
-3.051825165748596191e-01
-2.773380279541015625e-01
-3.162024021148681641e-01
-2.741750478744506836e-01
-2.906559705734252930e-01
-2.374757528305053711e-01
-2.806437611579895020e-01
-2.899320721626281738e-01
-2.791002988815307617e-01
-2.682542204856872559e-01
-2.783080935478210449e-01
-2.907467484474182129e-01
-2.827349305152893066e-01
-2.907453179359436035e-01
-2.779519557952880859e-01
-2.857354283332824707e-01
-2.559366226196289062e-01
-2.396349310874938965e-01
-3.061074018478393555e-01
-2.781187295913696289e-01
-3.042616248130798340e-01
-3.058711886405944824e-01
-2.912881970405578613e-01
-2.936801910400390625e-01
-2.643165588378906250e-01
-2.834993600845336914e-01
-2.677146792411804199e-01
-2.905852198600769043e-01
-2.926074862480163574e-01
-2.697699666023254395e-01
-2.652419805526733398e-01
-3.045417070388793945e-01
-2.838737964630126953e-01
-2.817188501358032227e-01
-2.683880925178527832e-01
-3.011571764945983887e-01
-2.740485072135925293e-01
-2.838253974914550781e-01
-2.907528877258300781e-01
-2.914139032363891602e-01
-3.014013171195983887e-01
-2.487815022468566895e-01
-2.806698083877563477e-01
-3.014931678771972656e-01
-3.050882220268249512e-01
-2.834861874580383301e-01
-2.762757539749145508e-01
-3.042754530906677246e-01
-2.808602452278137207e-01
-2.908850908279418945e-01
-2.930492162704467773e-01
-3.064180612564086914e-01
-2.643153667449951172e-01
-2.761208415031433105e-01
-3.385060429573059082e-01
-3.074441552162170410e-01
-2.660599946975708008e-01
-3.149152398109436035e-01
-2.977432012557983398e-01
-2.938474416732788086e-01
-3.005455136299133301e-01
-3.162968158721923828e-01
-2.827184200286865234e-01
-2.827964425086975098e-01
-1.752690672874450684e-01
-2.681404948234558105e-01
-2.649412751197814941e-01
-3.147875666618347168e-01
-2.702903747558593750e-01
-3.144139647483825684e-01
-2.753771543502807617e-01
-3.132430911064147949e-01
-2.749204039573669434e-01
-2.696182131767272949e-01
-3.176296949386596680e-01
-2.836085557937622070e-01
-2.576149702072143555e-01
-2.157419323921203613e-01
-2.502407431602478027e-01
-2.886860966682434082e-01
-2.887943387031555176e-01
-3.110029101371765137e-01
-2.892211079597473145e-01
-2.784039378166198730e-01
-2.794539928436279297e-01
-2.862190008163452148e-01
-2.588067054748535156e-01
-3.010418415069580078e-01
-2.907593846321105957e-01
-2.241466641426086426e-01
-2.464470267295837402e-01
-2.606804370880126953e-01
-3.316949605941772461e-01
-2.894248962402343750e-01
-2.907506823539733887e-01
-3.138727545738220215e-01
-2.979252338409423828e-01
-2.907470464706420898e-01
-2.884517908096313477e-01
-2.679105997085571289e-01
-3.605472445487976074e-01
-2.277851700782775879e-01
-2.585369348526000977e-01
-2.502898573875427246e-01
-3.069515824317932129e-01
-2.781342864036560059e-01
-2.659673690795898438e-01
-2.737908959388732910e-01
-2.900592088699340820e-01
-2.778156995773315430e-01
-2.915151119232177734e-01
-3.071499466896057129e-01
-2.832988500595092773e-01
-2.300390005111694336e-01
-2.497270703315734863e-01
-2.359202504158020020e-01
-2.638334035873413086e-01
-3.006790876388549805e-01
-2.907257080078125000e-01
-3.230323195457458496e-01
-2.686720490455627441e-01
-2.781021595001220703e-01
-2.914205193519592285e-01
-2.879820466041564941e-01
-2.768990397453308105e-01
-2.342931628227233887e-01
-3.100751638412475586e-01
-2.639408111572265625e-01
-3.023954629898071289e-01
-2.644937634468078613e-01
-2.902719378471374512e-01
-2.665296196937561035e-01
-2.819076180458068848e-01
-3.012958765029907227e-01
-2.718738317489624023e-01
-2.801369428634643555e-01
-2.723405361175537109e-01
-2.683897614479064941e-01
-2.814767956733703613e-01
-2.635304331779479980e-01
-2.583163380622863770e-01
-3.019354939460754395e-01
-3.062723278999328613e-01
-2.907492518424987793e-01
-2.354852557182312012e-01
-2.744082808494567871e-01
-2.943639755249023438e-01
-2.886156439781188965e-01
-2.895078659057617188e-01
-2.645071148872375488e-01
-3.118398189544677734e-01
-2.393072247505187988e-01
-2.924475669860839844e-01
-3.072072267532348633e-01
-3.162972331047058105e-01
-2.812541723251342773e-01
-2.918290495872497559e-01
-2.827679514884948730e-01
-2.781419157981872559e-01
-2.911209464073181152e-01
-2.517348527908325195e-01
-2.747784256935119629e-01
-3.061239719390869141e-01
-2.833878993988037109e-01
-2.980925440788269043e-01
-2.918505072593688965e-01
-2.776859998703002930e-01
-3.003396987915039062e-01
-2.781473994255065918e-01
-2.813392877578735352e-01
-2.784413099288940430e-01
-2.835865616798400879e-01
-2.735988497734069824e-01
-2.464473843574523926e-01
-2.832944989204406738e-01
-2.460538744926452637e-01
-2.624312639236450195e-01
-2.906632423400878906e-01
-2.774550318717956543e-01
-3.108672499656677246e-01
-2.781776189804077148e-01
-2.745669484138488770e-01
-3.112871050834655762e-01
-2.693216800689697266e-01
-2.826679348945617676e-01
-2.575669288635253906e-01
-3.057003021240234375e-01
-2.588528394699096680e-01
-2.765945792198181152e-01
-3.052377700805664062e-01
-2.904472351074218750e-01
-2.997856140136718750e-01
-2.675812244415283203e-01
-3.213269710540771484e-01
-3.056878447532653809e-01
-2.923240661621093750e-01
-2.612962126731872559e-01
-2.314978837966918945e-01
-2.973078489303588867e-01
-2.565076351165771484e-01
-2.585107088088989258e-01
-2.763230204582214355e-01
-2.917312383651733398e-01
-2.907515168190002441e-01
-2.999435067176818848e-01
-2.816034555435180664e-01
-2.922071218490600586e-01
-2.862957119941711426e-01
-3.062183260917663574e-01
-2.351927161216735840e-01
-2.907518744468688965e-01
-2.700427770614624023e-01
-2.956913113594055176e-01
-2.811141014099121094e-01
-2.954177260398864746e-01
-2.334991693496704102e-01
-2.815284729003906250e-01
-2.775065302848815918e-01
-2.649146914482116699e-01
-2.786830663681030273e-01
-2.653107047080993652e-01
-2.226101160049438477e-01
-3.067333102226257324e-01
-2.884682416915893555e-01
-2.782370448112487793e-01
-2.781415581703186035e-01
-3.061743378639221191e-01
-2.776915431022644043e-01
-3.040162324905395508e-01
-2.808468341827392578e-01
-3.028403520584106445e-01
-2.824334502220153809e-01
-2.842406034469604492e-01
-2.488273978233337402e-01
-2.915483117103576660e-01
-2.884848713874816895e-01
-2.656215429306030273e-01
-2.881748080253601074e-01
-3.043474555015563965e-01
-2.840514779090881348e-01
-2.735186815261840820e-01
-2.811077237129211426e-01
-2.636873126029968262e-01
-2.735015153884887695e-01
-2.960968017578125000e-01
-2.671779394149780273e-01
-3.036895990371704102e-01
-2.755399346351623535e-01
-2.682532668113708496e-01
-2.772709131240844727e-01
-2.712562084197998047e-01
-2.783067822456359863e-01
-2.906736731529235840e-01
-2.702350020408630371e-01
-2.881799340248107910e-01
-2.772684097290039062e-01
-2.640519142150878906e-01
-2.330083250999450684e-01
-2.976829409599304199e-01
-2.879346013069152832e-01
-2.907520532608032227e-01
-2.907514572143554688e-01
-2.880168557167053223e-01
-2.907341122627258301e-01
-2.942273616790771484e-01
-2.907336354255676270e-01
-3.236472010612487793e-01
-3.120903372764587402e-01
-2.865924835205078125e-01
-2.578747272491455078e-01
-2.895027399063110352e-01
-2.895404100418090820e-01
-2.693664431571960449e-01
-2.866337895393371582e-01
-2.712501883506774902e-01
-3.004108667373657227e-01
-3.087081909179687500e-01
-2.792539000511169434e-01
-2.890672087669372559e-01
-2.653492689132690430e-01
-2.722155451774597168e-01
-2.643091678619384766e-01
-3.317275047302246094e-01
-2.805643081665039062e-01
-3.071415424346923828e-01
-3.163185119628906250e-01
-3.153131604194641113e-01
-2.907505035400390625e-01
-3.040754199028015137e-01
-3.142276406288146973e-01
-2.938189506530761719e-01
-2.633560299873352051e-01
-3.311491012573242188e-01
-2.441740632057189941e-01
-3.131102919578552246e-01
-2.737172842025756836e-01
-3.019947409629821777e-01
-2.871002554893493652e-01
-3.056274652481079102e-01
-2.765223979949951172e-01
-2.890546917915344238e-01
-2.986082434654235840e-01
-3.049971461296081543e-01
-2.830647826194763184e-01
-2.196465730667114258e-01
-2.781425118446350098e-01
-3.017227053642272949e-01
-2.907552123069763184e-01
-2.739467024803161621e-01
-2.563894987106323242e-01
-2.907395958900451660e-01
-2.781417369842529297e-01
-2.802996635437011719e-01
-2.884803414344787598e-01
-2.789588570594787598e-01
-2.649059891700744629e-01
-3.105075955390930176e-01
-2.750144600868225098e-01
-2.781536579132080078e-01
-2.620332241058349609e-01
-2.941276431083679199e-01
-3.143193125724792480e-01
-2.656826972961425781e-01
-3.222009539604187012e-01
-2.699061036109924316e-01
-2.924596667289733887e-01
-2.993445396423339844e-01
-3.261276483535766602e-01
-3.096256256103515625e-01
-3.158658146858215332e-01
-2.735815644264221191e-01
-3.162996172904968262e-01
-2.768096327781677246e-01
-2.461793422698974609e-01
-3.048382997512817383e-01
-2.712779045104980469e-01
-3.138059377670288086e-01
-3.255415558815002441e-01
-3.035396933555603027e-01
-3.152925372123718262e-01
-2.982598543167114258e-01
-3.153834342956542969e-01
-2.866232991218566895e-01
-2.585620880126953125e-01
-2.820255160331726074e-01
-2.735700011253356934e-01
-3.162878155708312988e-01
-2.684249281883239746e-01
-2.899456024169921875e-01
-3.063445091247558594e-01
-2.704897522926330566e-01
-2.741966247558593750e-01
-3.165230751037597656e-01
-2.889930605888366699e-01
-3.120663166046142578e-01
-2.848361134529113770e-01
-2.762471437454223633e-01
-2.763766646385192871e-01
-2.511029243469238281e-01
-2.166801691055297852e-01
-2.764615416526794434e-01
-2.835202813148498535e-01
-2.669965028762817383e-01
-2.979050874710083008e-01
-2.822229266166687012e-01
-2.984037399291992188e-01
-3.060541749000549316e-01
-2.677966952323913574e-01
-2.639222741127014160e-01
-3.074784874916076660e-01
-3.202703595161437988e-01
-2.575067877769470215e-01
-3.199979662895202637e-01
-2.589033246040344238e-01
-2.793759107589721680e-01
-2.776141166687011719e-01
-3.226146101951599121e-01
-2.532755136489868164e-01
-2.551125884056091309e-01
-2.787778377532958984e-01
-2.800573110580444336e-01
-2.905558943748474121e-01
-2.949746847152709961e-01
-2.804854512214660645e-01
-2.906863689422607422e-01
-3.143434524536132812e-01
-3.133744597434997559e-01
-2.900357842445373535e-01
-2.653489708900451660e-01
-2.680360674858093262e-01
-2.803857922554016113e-01
-3.129044175148010254e-01
-2.904632687568664551e-01
-2.806298136711120605e-01
-2.811825275421142578e-01
-3.026784062385559082e-01
-2.768375277519226074e-01
-2.845923304557800293e-01
-2.880266308784484863e-01
-3.058797121047973633e-01
-2.941750884056091309e-01
-2.880527377128601074e-01
-3.100576400756835938e-01
-3.033114671707153320e-01
-2.988599538803100586e-01
-2.907515168190002441e-01
-2.793980836868286133e-01
-2.907389998435974121e-01
-2.781404256820678711e-01
-2.920494675636291504e-01
-3.139484524726867676e-01
-2.902388572692871094e-01
-2.890520691871643066e-01
-3.172743320465087891e-01
-3.078565597534179688e-01
-2.912308573722839355e-01
-3.094455003738403320e-01
-2.907995581626892090e-01
-2.764531970024108887e-01
-2.914075851440429688e-01
-3.049481511116027832e-01
-2.916126251220703125e-01
-3.162630796432495117e-01
-2.781890630722045898e-01
-2.762250304222106934e-01
-2.914249300956726074e-01
-3.117593526840209961e-01
-2.680600881576538086e-01
-2.781416177749633789e-01
-2.634769082069396973e-01
-2.709234356880187988e-01
-2.686061263084411621e-01
-2.792326211929321289e-01
-2.803540825843811035e-01
-3.063328862190246582e-01
-3.202361464500427246e-01
-2.804408669471740723e-01
-2.807214260101318359e-01
-3.348982930183410645e-01
-2.632459998130798340e-01
-2.827433943748474121e-01
-2.781485915184020996e-01
-2.889285683631896973e-01
-2.907170057296752930e-01
-2.930187582969665527e-01
-2.954909205436706543e-01
-2.799829840660095215e-01
-3.049883842468261719e-01
-2.867276668548583984e-01
-2.988543510437011719e-01
-3.366992473602294922e-01
-2.812240719795227051e-01
-2.898851633071899414e-01
-2.891058921813964844e-01
-3.098029494285583496e-01
-2.712649703025817871e-01
-2.915910482406616211e-01
-2.725402116775512695e-01
-3.214559555053710938e-01
-3.000849485397338867e-01
-2.776182889938354492e-01
-2.962559461593627930e-01
-2.832853794097900391e-01
-2.977280616760253906e-01
-2.907522916793823242e-01
-2.908456325531005859e-01
-3.246260285377502441e-01
-2.787181138992309570e-01
-2.763120532035827637e-01
-3.136821389198303223e-01
-3.028138875961303711e-01
-2.693482041358947754e-01
-2.799410820007324219e-01
-3.100836873054504395e-01
-3.000423908233642578e-01
-2.892426848411560059e-01
-2.909278273582458496e-01
-2.826114892959594727e-01
-3.063030838966369629e-01
-2.900601029396057129e-01
-2.876132130622863770e-01
-2.932346463203430176e-01
-2.843567132949829102e-01
-2.892110347747802734e-01
-3.051857948303222656e-01
-3.156325221061706543e-01
-2.797191143035888672e-01
-3.170283436775207520e-01
-2.899395227432250977e-01
-2.907930016517639160e-01
-2.488231658935546875e-01
-3.003926277160644531e-01
-2.747045159339904785e-01
-2.869446277618408203e-01
-2.781497240066528320e-01
-3.161980509757995605e-01
-2.710066437721252441e-01
-2.996892333030700684e-01
-2.760528326034545898e-01
-3.062313795089721680e-01
-2.807000875473022461e-01
-2.908393740653991699e-01
-2.873373627662658691e-01
-3.022716641426086426e-01
-2.951389551162719727e-01
-2.907258868217468262e-01
-3.004171848297119141e-01
-2.874273657798767090e-01
-2.936067581176757812e-01
-3.233367204666137695e-01
-2.642087936401367188e-01
-2.910135984420776367e-01
-2.793846130371093750e-01
-2.904794812202453613e-01
-2.780838012695312500e-01
-2.825186252593994141e-01
-3.050629496574401855e-01
-3.101017475128173828e-01
-2.927391529083251953e-01
-2.907424569129943848e-01
-2.956216931343078613e-01
-3.110550642013549805e-01
-3.060711026191711426e-01
-2.546943426132202148e-01
-2.905388474464416504e-01
-2.763102054595947266e-01
-3.400561213493347168e-01
-2.738035917282104492e-01
-2.905802130699157715e-01
-2.884799242019653320e-01
-3.162785768508911133e-01
-2.974774241447448730e-01
-2.781419754028320312e-01
-3.033804297447204590e-01
-2.664402127265930176e-01
-2.852914929389953613e-01
-2.907509207725524902e-01
-2.881142497062683105e-01
-3.041433095932006836e-01
-2.623335719108581543e-01
-3.007485866546630859e-01
-2.881965041160583496e-01
-2.819160223007202148e-01
-2.907614111900329590e-01
-3.126897215843200684e-01
-2.839075922966003418e-01
-2.755280137062072754e-01
-2.712560296058654785e-01
-2.780634164810180664e-01
-2.305492758750915527e-01
-3.214759826660156250e-01
-2.581252455711364746e-01
-2.798367738723754883e-01
-2.722110748291015625e-01
-2.386345863342285156e-01
-2.619417905807495117e-01
-3.116720914840698242e-01
-2.529933452606201172e-01
-2.907507419586181641e-01
-2.806758880615234375e-01
-2.647472620010375977e-01
-2.588214874267578125e-01
-2.688795328140258789e-01
-2.913109064102172852e-01
-3.015459179878234863e-01
-2.810342907905578613e-01
-3.163026571273803711e-01
-2.756650447845458984e-01
-3.165228962898254395e-01
-2.680617570877075195e-01
-2.738600969314575195e-01
-2.743076682090759277e-01
-2.747585177421569824e-01
-2.795443534851074219e-01
-2.653027772903442383e-01
-2.960604429244995117e-01
-2.753651738166809082e-01
-2.693473100662231445e-01
-3.164119720458984375e-01
-2.675598859786987305e-01
-2.833984494209289551e-01
-2.669611573219299316e-01
-2.894800305366516113e-01
-2.665526270866394043e-01
-2.940147519111633301e-01
-2.793809175491333008e-01
-3.178477287292480469e-01
-2.684847712516784668e-01
-2.993651628494262695e-01
-2.900912761688232422e-01
-3.028802275657653809e-01
-2.794960141181945801e-01
-2.711816430091857910e-01
-2.498767375946044922e-01
-3.225353956222534180e-01
-3.049427866935729980e-01
-3.285239338874816895e-01
-2.822906970977783203e-01
-3.071348071098327637e-01
-2.907500863075256348e-01
-2.727805972099304199e-01
-3.071581125259399414e-01
-2.914541959762573242e-01
-2.861580252647399902e-01
-2.955867648124694824e-01
