-2.788762529619230879e-01
-4.206387941520816631e-01
-5.695571599604395407e-01
-7.177837771090846974e-01
-8.491052009431674374e-01
-9.455368542292208467e-01
-9.930327526485651646e-01
-9.727792117452058740e-01
-8.516220275619167390e-01
-5.891825809001290937e-01
-2.041745112571396459e-01
1.819229720829050045e-01
4.610406622448594005e-01
6.226515710476083765e-01
6.920637382445508079e-01
6.893884066288691326e-01
6.352546168257604542e-01
5.500281359755558874e-01
4.493259835333747731e-01
3.443140857270425848e-01
2.435989459011914660e-01
1.547568003878969090e-01
8.256473636534915339e-02
2.405764139091109283e-02
-2.645436881422323985e-02
-6.834220908592658628e-02
-9.890061885857555357e-02
-1.183602804326397417e-01
-1.267905384855922135e-01
-1.255441962326884209e-01
-1.188557096088944387e-01
-1.104538776920419296e-01
-1.036128136790642473e-01
-9.901667801171336325e-02
-9.151687033939652494e-02
-7.785559447598945637e-02
-6.093043180794928404e-02
-4.138930798410314638e-02
-2.062539258745989604e-02
-4.991914366747836167e-03
3.523448878808764246e-03
7.576382609524322936e-03
9.486871965077418173e-03
1.039552781006650162e-02
1.014212907253711146e-02
1.073199945252021129e-02
1.689760793731604968e-02
2.553737888039987400e-02
2.725759548063477408e-02
2.106386225430595741e-02
1.263626216591264007e-02
5.083101844277687284e-03
-4.177199106827445690e-03
-1.704844569431689452e-02
-2.778776960425432402e-02
-3.213217474425612841e-02
-3.314253652333146172e-02
-3.333058778571939412e-02
-3.230827469135158503e-02
-3.150313566156878742e-02
-3.340061290377549508e-02
-3.783177776636888201e-02
-4.138037373183917067e-02
-3.970846174015579821e-02
-3.293841019483329663e-02
-2.505561941930097014e-02
-1.884727490745258943e-02
-1.487268088140156902e-02
-1.136788608592481306e-02
-4.196063133724121930e-03
1.060985083741376733e-02
2.999154652987015210e-02
4.560977494036880936e-02
5.380396342079345195e-02
5.563244825707817920e-02
5.332490494805859627e-02
4.815812340535681468e-02
3.943425786061417748e-02
2.638377556841616303e-02
9.200565182316912394e-03
-8.914422744404602167e-03
-2.226818202334101063e-02
-2.923665075894493759e-02
-3.207120284800135668e-02
-3.279825647072328459e-02
-3.361745151992594910e-02
-3.544730964097493608e-02
-3.632349578854165290e-02
-3.530976584334127866e-02
-3.453290461810702011e-02
-3.272939658358405696e-02
-2.594074167788491120e-02
-1.344721856902408343e-02
3.653887046476630898e-03
2.558302316816097807e-02
4.765169315202033573e-02
5.924229886871404394e-02
5.719420116017616407e-02
4.677589474245431866e-02
3.334887547292835625e-02
1.989349086759923529e-02
8.018833637931405134e-03
1.807767373709714704e-04
-2.422370379061252084e-03
-2.254046551987892028e-03
3.261706891376581555e-04
6.300567236118852742e-03
1.189120889482525589e-02
1.381550773294670104e-02
1.439549876421893256e-02
1.803011836335257148e-02
2.597214135426177684e-02
3.617104550870477858e-02
4.654946401329591865e-02
5.637413302328397879e-02
6.418277880303704941e-02
6.597841544808544234e-02
5.641599811293290107e-02
2.938505746977372601e-02
-1.006528042534387581e-02
-4.541328407481670659e-02
-6.870052125843897906e-02
-7.922075657092876588e-02
-7.761769865288954684e-02
-6.885957109208308558e-02
-5.842909419347291911e-02
-4.748136960213059088e-02
-3.566337698429297709e-02
-2.526234230281837120e-02
-1.759410327676597455e-02
-1.266987304512850500e-02
-1.080684693218539327e-02
-1.065163461680617221e-02
-1.001856697205208077e-02
-6.831771965942302210e-03
-2.143383208826635244e-03
1.684953327434578034e-03
6.267141174415392230e-03
1.375113832027884987e-02
2.288724481003345107e-02
2.929072296179884710e-02
2.996208606028670854e-02
2.458704078621453196e-02
1.273699940780721740e-02
-2.686751100487738166e-03
-1.650306676531261216e-02
-2.727200288366677869e-02
-3.494805771451203746e-02
-3.778207694529204380e-02
-3.452108964201668073e-02
-2.740930819355579320e-02
-2.215717543375857884e-02
-2.136245269616846021e-02
-2.206544305315853022e-02
-2.140983417918171372e-02
-1.721230784920155243e-02
-7.465293921421134286e-03
8.065814560660340346e-03
2.832781975275489375e-02
5.167092930799319084e-02
7.545363277262491508e-02
9.485028463058220449e-02
1.052972968240117602e-01
1.055791552741951189e-01
9.624005876695700124e-02
7.727126358703260978e-02
4.732534043146698760e-02
1.078705889001081025e-02
-2.174920435237468613e-02
-4.565245136125013758e-02
-6.223583965560480769e-02
-7.450112745924240831e-02
-8.404318535212750019e-02
-8.919817426460528720e-02
-8.857271279030115574e-02
-8.105501684890285830e-02
-6.646008035337298836e-02
-4.688746297035889521e-02
-2.488213955093004220e-02
-2.749058765846780061e-03
1.790276384893725245e-02
3.778468472738313183e-02
5.769650208240895140e-02
7.537985433288042769e-02
8.767174614051571890e-02
9.316978900862649127e-02
9.302462455093790661e-02
8.918796099860559767e-02
7.994483688634795859e-02
6.251353463843577207e-02
3.722926628073615352e-02
6.531939416714143722e-03
-2.713486023955839072e-02
-6.191715190721766571e-02
-9.528327413027146142e-02
-1.242334863207914669e-01
-1.446973319106754918e-01
-1.544591595405569173e-01
-1.544920118435169354e-01
-1.447779624470166004e-01
-1.238985352879666268e-01
-8.839592824526748549e-02
-3.308537174677319420e-02
3.287907068841354474e-02
8.528052284003340144e-02
1.131814476912499784e-01
1.208997743644170120e-01
1.123173237177344658e-01
9.039948425619773187e-02
6.013383894339706381e-02
2.801780529494217811e-02
-9.153412627514335292e-04
-2.175549160324471987e-02
-2.739964589276600374e-02
-1.266137900317866258e-02
1.823244451088974760e-02
5.074849546340816364e-02
7.385582417911662478e-02
8.648466294640975993e-02
9.065200877148935077e-02
8.894138920428079631e-02
8.433227928383665861e-02
7.776814398083142787e-02
6.740701883650372650e-02
5.287920708807606479e-02
3.648245824965682532e-02
1.923011095688600264e-02
9.407549216548672516e-04
-1.551690858112341961e-02
-2.613686806407005195e-02
-3.189891322534822715e-02
-3.572338428312665792e-02
-3.751928795891897039e-02
-3.708886756907198157e-02
-3.532991321210399160e-02
-3.368871767090549779e-02
-3.251195080630954470e-02
-2.772262414108205009e-02
-1.305511771776542498e-02
1.243176611701196990e-03
-1.477593644131981222e-02
-7.605997314910545315e-02
-1.725368614688549129e-01
-2.831383480942285535e-01
-3.843460761308030715e-01
-4.581432526689738771e-01
-4.901875788190234728e-01
-4.684797215101692003e-01
-3.803452216521033269e-01
-2.199815271635733316e-01
8.852560134843378420e-03
2.601220331231742788e-01
4.493892825784657763e-01
5.509505447381624066e-01
5.890228631405591830e-01
5.791667441620659273e-01
5.350489931811788225e-01
4.701870716113489279e-01
3.918234203546882011e-01
3.067531570571161437e-01
2.245582744452973289e-01
1.495981069531547580e-01
7.889066273252992589e-02
7.176858848533945734e-03
-6.755524767611463532e-02
-1.459699379686462406e-01
-2.264150079026875095e-01
-3.020254763124563535e-01
-3.647069673822646574e-01
-4.007303195044377708e-01
-3.879493940123558970e-01
-3.006620468626362008e-01
-1.680095330273528864e-01
-7.688543654100241098e-02
-5.901635633041450724e-02
-8.133698690348614702e-02
-1.133326939605593386e-01
-1.395051228872666582e-01
-1.376472502485709681e-01
-8.140526536748103614e-02
1.390199616908424467e-02
9.505133635116989888e-02
1.401314966733128442e-01
1.603130609221057878e-01
1.618719714329766302e-01
1.472476940566154746e-01
1.191072885978419760e-01
8.542331353793958248e-02
5.807069021832544919e-02
4.187537462951471112e-02
3.465354335698925953e-02
3.368511344642993038e-02
3.544908134755282020e-02
3.641441938144814733e-02
3.551972680564455948e-02
3.194725984606165692e-02
2.454424105501063630e-02
1.318532087456060660e-02
1.898848813912657179e-03
-3.391860721010422387e-03
-7.072263077549372813e-03
-1.470697257115535436e-02
-2.174926504671407385e-02
-2.307561079037435264e-02
-1.625073857817849882e-02
-2.930191965419978728e-03
1.266273897510718574e-02
3.119025300967327372e-02
5.201302839860718480e-02
6.738109555330432099e-02
7.303480601865186550e-02
7.270730004844089267e-02
6.732701499123325273e-02
5.443742602395550134e-02
3.673763158532444145e-02
1.854399496224223842e-02
3.845857446875699040e-03
-5.736781922908832515e-03
-1.402664183792105834e-02
-2.455978439953826128e-02
-4.003031626290000367e-02
-6.445438101053549418e-02
-9.837286842423861866e-02
-1.349414699448706623e-01
-1.634760946161974704e-01
-1.767884901017715005e-01
-1.730867579322252214e-01
-1.556286792454486811e-01
-1.300342444928000440e-01
-9.968807297650708610e-02
-6.785154653169447880e-02
-3.666946134079331066e-02
-6.147503852251214387e-03
2.444916278086392211e-02
5.800743914426682857e-02
9.334529715057635069e-02
1.217708895523276075e-01
1.370179317620697224e-01
1.404477217619831686e-01
1.350590036349634260e-01
1.217674972996624638e-01
1.010814855232088361e-01
7.412012180521761195e-02
4.399080350011645713e-02
1.592935937254111312e-02
-5.203596462361612107e-03
-1.673786447834452185e-02
-2.069179082271084893e-02
-2.147188236980149267e-02
-2.038340416615063225e-02
-1.842549505882243657e-02
-1.683068294953505434e-02
-1.468520300901928269e-02
-1.162397999275158883e-02
-7.226199169250055801e-03
-5.262324405304764224e-04
7.122481742247888971e-03
1.286415477856384972e-02
1.237150207700445440e-02
4.464054312788862805e-03
-5.745629591948390839e-03
-1.623783503769585940e-02
-2.925213161905119291e-02
-4.503766077537703361e-02
-6.199959379862114012e-02
-7.798373996843908917e-02
-8.972529909683912841e-02
-9.374141206763658696e-02
-8.694204639994213002e-02
-6.748485256371768160e-02
-3.546943602639139603e-02
3.479454390350083734e-03
3.622809691806609667e-02
5.485449467810483981e-02
6.279512469992604151e-02
6.467639143912184974e-02
6.206372993816395428e-02
5.660147469264226877e-02
5.042885371454262911e-02
4.483694183504554481e-02
4.002969468507125428e-02
3.539922337279631515e-02
2.985845077342270254e-02
2.333461020021518686e-02
1.825554714976759460e-02
1.747246610145778214e-02
2.228602628797559174e-02
3.229535819574122502e-02
4.272911228403203365e-02
4.716716513029264868e-02
4.460609248062590709e-02
3.758353452996575361e-02
2.612091610103648570e-02
8.293767971585418522e-03
-1.610146015577747919e-02
-4.150952081464139021e-02
-6.077108887320105401e-02
-7.445770925141770302e-02
-8.526479485662755153e-02
-9.357651024848814836e-02
-9.949020875971784084e-02
-1.004864606266294147e-01
-9.338891887800598868e-02
-7.949980804107271981e-02
-6.184635225080670207e-02
-3.973145770663294440e-02
-1.029811699776137131e-02
2.569310278208012874e-02
6.204975342245860892e-02
9.337425452933299785e-02
1.175407084970192112e-01
1.336497597958986316e-01
1.414973191789800078e-01
1.423195731904112749e-01
1.380298989310749513e-01
1.276268867849308930e-01
1.093331653342391463e-01
8.224266069577131077e-02
4.402824049154646646e-02
-3.548533318690504090e-03
-5.438833560587426341e-02
-1.052616770564084731e-01
-1.558987644135921835e-01
-2.054466749404951220e-01
-2.522221858516780491e-01
-2.920851209154164962e-01
-3.159339556685857309e-01
-3.156660445751067745e-01
-2.836252421274354507e-01
-2.093868300956041595e-01
-8.343096656483434126e-02
7.558157969316516012e-02
2.188105353219257365e-01
3.220021476164985907e-01
3.882606174872630378e-01
4.195508376380574500e-01
4.163992257682007092e-01
3.836278282797287997e-01
3.335464968152435650e-01
2.745941340624276084e-01
2.077739333915103181e-01
1.337676158171804963e-01
5.375640852719630602e-02
-3.142714306466632551e-02
-1.201383855294640424e-01
-2.083793507501865427e-01
-2.920046891669424438e-01
-3.670703660399515789e-01
-4.283784736098217305e-01
-4.707158119441527400e-01
-4.893122973171523116e-01
-4.786450753192025287e-01
-4.291441027713059908e-01
-3.271177048576377477e-01
-1.560922167335741517e-01
5.578280394489835287e-02
2.312837578026533114e-01
3.367110893927323101e-01
3.833994380741920782e-01
3.816477400175554147e-01
3.421428694186606778e-01
2.760575131203266697e-01
1.971930830162332837e-01
1.210343948513359080e-01
5.944475430100178148e-02
1.884161176310148594e-02
1.063525346873005206e-03
-1.679021478984410454e-04
3.427999834649825966e-03
6.958370348497331867e-03
9.685559897769977986e-03
1.004228488448144843e-02
7.942730621165327784e-03
2.711458856673502893e-03
-4.757320279107128680e-03
-1.110215997797596443e-02
-1.534160793676759074e-02
-2.010880370355872318e-02
-2.925111315785445393e-02
-3.967467656165220291e-02
-4.392497739059185446e-02
-4.301640828969893748e-02
-3.965901756372038067e-02
-3.325267749071078582e-02
-2.677727619348092836e-02
-2.359388421552464574e-02
-2.222530189454337626e-02
-1.883620239315906414e-02
-1.222754566427905823e-02
-5.576792750475180818e-03
-2.690054859849273262e-03
-2.491351598880954098e-03
-1.438497763313538848e-03
1.683918383485843951e-03
6.752999066574890547e-03
1.379581102545982679e-02
2.290870433891464830e-02
3.246814786926412177e-02
4.043554436418805853e-02
4.844834754497840540e-02
5.878104516717228001e-02
6.880525987428738610e-02
7.432853982897018319e-02
7.378462405623797959e-02
6.606616708615897782e-02
5.033958330709117218e-02
2.893900716852000621e-02
5.515509657156164591e-03
-1.918648975327054418e-02
-4.575419848460746813e-02
-7.075852475485769344e-02
-8.453360041943377978e-02
-7.961320852151010374e-02
-5.613454015148339193e-02
-1.349794392542967222e-02
3.149348113918941372e-02
4.351625684972940805e-02
1.257206652901504164e-02
-4.746682914599027747e-02
-1.246442681250657658e-01
-2.081563105333301134e-01
-2.843695644926063082e-01
-3.400400126856976679e-01
-3.653426853764334958e-01
-3.502445495759828886e-01
-2.793383015582945883e-01
-1.321046706987890340e-01
6.311358508308381743e-02
2.232725218082680652e-01
3.107066179392942162e-01
3.406729380188548983e-01
3.290845525001130922e-01
2.887546918402004170e-01
2.323905871291929159e-01
1.720386780952111172e-01
1.173823092638863613e-01
7.428742168570171001e-02
4.676546549433479444e-02
4.101637526135087225e-02
5.125787333967016940e-02
5.675016882228679782e-02
4.821202571502545414e-02
2.915256353764743985e-02
2.906956018661125199e-03
-2.603281368922697944e-02
-5.173704941984444416e-02
-6.927682465805076739e-02
-7.752041240699779345e-02
-7.976488960828907737e-02
-7.946613648630687643e-02
-7.692591968499921939e-02
-6.939742633786766257e-02
-5.496464927465485872e-02
-3.624117672954915714e-02
-1.601363801468112108e-02
5.168777686573557822e-03
2.700193041475813446e-02
4.797683012997683294e-02
6.463612094640290573e-02
7.335549669961248520e-02
7.257551478404339340e-02
6.212951041933485741e-02
4.342217393852201152e-02
2.329680234263800664e-02
8.201043108912522972e-03
-3.102208078786279979e-03
-1.233398980147908282e-02
-1.928921048856233750e-02
-2.583735402020819610e-02
-3.280038065027057748e-02
-3.892414048339624261e-02
-4.390827925052318004e-02
-4.813984656496547027e-02
-4.983646537059752135e-02
-4.650978647530661786e-02
-4.123724404323353410e-02
-3.988523317598214463e-02
-4.378068003708055628e-02
-4.991931302677367344e-02
-5.503235891640419208e-02
-5.848798410739639714e-02
-6.038426932883506071e-02
-5.906606710113578018e-02
-5.212487259615730673e-02
-3.803337605474149674e-02
-1.629436006621619651e-02
1.410730143479668741e-02
4.789524794421370912e-02
7.175294549868296845e-02
8.079515185574778768e-02
8.015569709225763007e-02
7.401617232139545699e-02
6.495962730489651671e-02
5.404206932179735079e-02
4.095992031723124510e-02
2.663569429400514804e-02
1.300287861901918730e-02
1.474715172481301734e-03
-9.003307770779936728e-03
-1.923906060893514069e-02
-2.663779895008230869e-02
-2.872166078085604951e-02
-2.427221636761695001e-02
-1.304657120602465900e-02
2.987132163000070888e-03
2.132798256502309309e-02
3.987747267758070396e-02
5.488568118261416551e-02
6.187139755354657822e-02
5.709184957499805618e-02
3.748478500404014979e-02
7.906736416359423647e-03
-2.030308017042505367e-02
-4.208102238740198120e-02
-5.678790966361137171e-02
-6.387198729722844137e-02
-6.485431309087133500e-02
-6.029278060433981151e-02
-4.950310705998373778e-02
-3.501501389743959941e-02
-2.146983584631719302e-02
-1.130610539478411371e-02
-4.565510726233641854e-03
-1.166571214390385580e-04
4.417686504183273785e-03
1.140620095470456369e-02
2.048385883953547301e-02
2.976794553869598764e-02
3.921560853981309602e-02
4.949750381621279699e-02
5.934547613465802895e-02
6.455395556184699568e-02
6.059226139775546194e-02
4.584780265446150582e-02
2.083411638345420563e-02
-1.085159606312787253e-02
-4.017356596648462980e-02
-5.883375699973449058e-02
-6.674700231120270222e-02
-6.666760367761327688e-02
-5.840574101538218571e-02
-4.189032626874265863e-02
-1.948987365606705269e-02
4.886033588157993358e-03
2.737992503758833809e-02
4.484757264297980356e-02
5.514716903575083568e-02
5.636840824974201358e-02
4.776115445856493613e-02
3.147240553801734786e-02
1.164899908091082334e-02
-7.376953219049658082e-03
-2.362259985370214130e-02
-3.617042921812485545e-02
-4.388738579365622505e-02
-4.687412161300251456e-02
-4.651705575416274774e-02
-4.305167099543242420e-02
-3.568016713838595422e-02
-2.600318494545119513e-02
-1.467689312194665578e-02
2.667352394380077645e-04
1.803818197313730026e-02
3.409837111621046718e-02
4.385341210177792770e-02
4.602013386157982611e-02
4.228957841885305768e-02
3.600888434339546279e-02
2.948191059921648205e-02
2.134281340042725947e-02
1.046940944535183424e-02
-1.137639921087625194e-03
-1.168972372821149887e-02
-2.114301055088125408e-02
-2.780651231088332800e-02
-2.889672238207879190e-02
-2.392119811763519441e-02
-1.479619219490201087e-02
-3.604967684884291361e-03
7.852073200523314311e-03
1.547874242598039525e-02
1.378757354950015980e-02
4.107267641625580307e-04
-1.845160466139655897e-02
-3.193061337662776722e-02
-3.544274521265927680e-02
-3.093840527268482132e-02
-2.211728152110404438e-02
-1.138169370646411813e-02
2.812682376090144321e-04
1.205399025653248676e-02
2.368563600108418779e-02
3.420291719174381462e-02
4.239238774645102958e-02
4.721981406604257997e-02
4.787605811091159846e-02
4.532333971145331708e-02
4.044948013210036830e-02
3.332077577071612673e-02
2.424773735430688776e-02
1.233244275877354648e-02
-3.545257606648830138e-03
-2.273765567035498231e-02
-4.315713880740645880e-02
-6.018415776461814165e-02
-6.795080499320284295e-02
-6.313842963777986650e-02
-4.709677821957362898e-02
-2.665073987196347333e-02
-8.443818152452296083e-03
6.186623776839614806e-03
1.655788974578192158e-02
2.019617666364127706e-02
1.818069922959770351e-02
1.518235248358572841e-02
1.289844314117356491e-02
1.147912871141524259e-02
1.268877175983728657e-02
1.673375119040202558e-02
2.094428013832153740e-02
2.162989645670265054e-02
1.723640174019259660e-02
8.008748400323811856e-03
-5.734431563356814227e-03
-2.172839871324263455e-02
-3.702404169617889290e-02
-4.985651584953681992e-02
-5.820332646366148388e-02
-6.023877343167802212e-02
-5.405141754046412922e-02
-3.830343528664510722e-02
-1.757936895506513955e-02
1.638487084123490395e-04
1.379286311428851858e-02
2.690748536072509051e-02
3.969307868406662249e-02
4.941738150378204714e-02
5.373643489262756867e-02
5.233691290126370188e-02
4.794343364409223845e-02
4.303341566682419156e-02
3.693644925904301934e-02
2.939328161911866286e-02
2.135505353245007940e-02
1.314977583801146474e-02
5.988214292729839017e-03
1.304509928423435924e-03
-1.841657443007566411e-03
-5.163586991889622044e-03
-9.168442364442436904e-03
-1.256274988122115487e-02
-1.436695771554179213e-02
-1.643329677009171610e-02
-2.171167190362264035e-02
-3.154355001491374044e-02
-4.020556100236501867e-02
-4.029272205496427228e-02
-3.328588849531617655e-02
-2.378925978897352203e-02
-1.335605995663196113e-02
-1.906912306130296216e-03
9.743736767826719977e-03
1.982476876009312342e-02
2.619898324379574955e-02
2.751816388291575266e-02
2.359322106190760854e-02
1.253098267993334181e-02
-4.316798021240866000e-03
-1.998867667865767556e-02
-2.904563611516276095e-02
-3.011533418833603482e-02
-2.366487261420033295e-02
-1.092737045512805899e-02
5.889687789304015597e-03
2.482904447524954955e-02
4.458708576760944675e-02
6.085423077073781606e-02
6.745037977098926330e-02
6.045802554463105410e-02
4.277214478150437316e-02
2.330900513994767220e-02
5.368692111492437240e-03
-1.334347630593411480e-02
-3.446614762647103036e-02
-5.839850529359720543e-02
-8.304522569353636752e-02
-1.048906684290804858e-01
-1.183062658211758850e-01
-1.150604899288958788e-01
-8.887489539845327968e-02
-3.596308556360088698e-02
3.359109542869714166e-02
9.486655715852575221e-02
1.354692863178309226e-01
1.571282995435204222e-01
1.627292540924733244e-01
1.560743645612333863e-01
1.402390186641667424e-01
1.168341165404782611e-01
8.692500553435852928e-02
5.229866749740858661e-02
1.615542724489316823e-02
-1.944314304861130549e-02
-5.365370046215689470e-02
-8.620185313167014196e-02
-1.189489839656233949e-01
-1.549144614022804345e-01
-1.956466840478337521e-01
-2.380351923800843039e-01
-2.757926619229744136e-01
-3.019866763198850723e-01
-3.083118149802835384e-01
-2.830049852173644465e-01
-2.129723239309682659e-01
-8.795730847366237115e-02
6.705933467265498549e-02
1.926083040672629809e-01
2.646001121216175478e-01
2.953033339271428637e-01
2.968764486859579721e-01
2.789119075759611266e-01
2.479437597399770099e-01
2.091367507341930221e-01
1.655191555124905234e-01
1.186180305295359838e-01
7.146112408293674167e-02
2.819531572863460955e-02
-9.925404375618833430e-03
-4.246548656482332373e-02
-6.536081748207452080e-02
-7.638007561308374216e-02
-7.804736530604736156e-02
-7.189799300405171067e-02
-5.893186486219120779e-02
-4.303447385613988485e-02
-2.711577701341474911e-02
-1.192617333513291619e-02
-1.700866885644639753e-04
5.637224131970116833e-03
6.780922982853297004e-03
5.436159224158228741e-03
2.177316019445369247e-03
-2.871442135170853768e-03
-8.876620220482531534e-03
-1.495518232565551733e-02
-2.073284028716666783e-02
-2.558565023977893774e-02
-2.980939711683872756e-02
-3.445313756793579041e-02
-4.006716883390235018e-02
-4.898280900739784838e-02
-6.143774200546256448e-02
-7.109963650927915435e-02
-7.259190927511452451e-02
-6.548095870902870264e-02
-5.034082889934070326e-02
-2.774104124207591240e-02
-3.914545243936004386e-04
2.690436189413812629e-02
4.976605706046644678e-02
6.541615359695121534e-02
7.287285843516469463e-02
7.216840599224974562e-02
6.551032945505626259e-02
5.691082535740202980e-02
4.983464980922435589e-02
4.622056932899937937e-02
4.659969820221062514e-02
5.033431375091523829e-02
5.488030033524671919e-02
5.774273311085609955e-02
5.638416192137550575e-02
4.641860965267820965e-02
2.428021382239981332e-02
-9.418996822561054652e-03
-4.623113294931677220e-02
-7.210193582886827157e-02
-8.007629870130707206e-02
-7.323560120662656048e-02
-5.865516323683001021e-02
-4.286987460306725811e-02
-2.923695144787917879e-02
-2.076521063233024295e-02
-1.887981129308734587e-02
-2.284312719083987642e-02
-3.253866301226414348e-02
-4.711390683367803339e-02
-6.197545938479551153e-02
-6.947896092966830695e-02
-6.487156638088231730e-02
-4.988587333689088049e-02
-3.128097455781240349e-02
-1.436497442908080992e-02
6.325848903248349614e-04
1.460627687185790148e-02
2.784676976765524531e-02
4.006121570842374746e-02
4.970302275723076368e-02
5.744505544179959178e-02
6.440403552182882851e-02
6.861320433448703238e-02
6.931853611269891968e-02
6.632722584153789847e-02
5.826375000583544628e-02
4.456066822701110208e-02
2.567564584395105876e-02
5.397182270907765339e-03
-9.803772009762718939e-03
-1.683338410792699011e-02
-1.703816547114046093e-02
-1.139611029398174095e-02
-6.675321511825180881e-04
1.019607241875360865e-02
1.428377389639390316e-02
8.247833531072815486e-03
-5.903331801765363679e-03
-2.435945754434298838e-02
-4.241307209980123977e-02
-5.431812298487284640e-02
-5.807536388796728788e-02
-5.605162145700892662e-02
-5.040629991485938433e-02
-4.073832815759182574e-02
-2.804260611549256807e-02
-1.487416251896527680e-02
-8.054407035680725491e-04
1.549779143563838682e-02
3.333210021313544325e-02
5.138256735174212553e-02
6.790309241322270428e-02
7.855977373723074808e-02
7.790029010595289627e-02
6.481745588644588496e-02
4.228879121673218694e-02
1.345656314511504796e-02
-1.481812110129420573e-02
-3.456931873884933754e-02
-4.375513348481002013e-02
-4.299357083558505432e-02
-3.534526218180390061e-02
-2.558318553299369913e-02
-1.680184191101953203e-02
-1.032038919227567381e-02
-7.144650977469638002e-03
-8.585103074733958783e-03
-1.308020644334866034e-02
-1.741981304176863643e-02
-1.866662696835057894e-02
-1.542600275981319963e-02
-9.546058237088657361e-03
-3.399947194032987979e-03
1.502729709824172271e-03
5.465390805318873745e-03
1.005452820616121491e-02
1.416102821069160911e-02
1.543584600887554226e-02
1.395103022180653810e-02
9.323664288873313027e-03
3.395812118399312712e-05
-1.119603254108492152e-02
-1.927308051061289718e-02
-2.242055628215157762e-02
-2.147949280129470007e-02
-1.890900636996214676e-02
-1.649486649472574687e-02
-1.244311372858121663e-02
-4.996768615671922688e-03
4.564477595027642554e-03
1.469928548967872409e-02
2.417846419461902943e-02
3.136510666741711140e-02
3.384277084905364108e-02
3.024124738471503648e-02
2.499870515427340956e-02
2.182786078544250719e-02
1.892201455152428893e-02
1.495552001543575503e-02
1.036097540414530720e-02
5.977054487332067803e-03
2.150033552241669473e-03
-8.226900227034845449e-04
-2.209905168030623559e-03
-2.018047618872673837e-03
3.737678720970956034e-04
6.243680807575800219e-03
1.534270401299011634e-02
2.669974153045886339e-02
3.795012283234781153e-02
4.407038522912484768e-02
4.211541342152663736e-02
3.337348148487866845e-02
1.987254732735711793e-02
3.709783970560514687e-03
-1.473280216938605350e-02
-3.638502416309633697e-02
-5.862898917939647625e-02
-7.697819195238110590e-02
-8.781504771868911541e-02
-8.906156582496699281e-02
-8.279677129891094278e-02
-7.461149706537339998e-02
-6.778277795778143988e-02
-6.233413339259710750e-02
-5.893098200810076986e-02
-5.505243561014466075e-02
-4.367985005441456237e-02
-1.989558937511364325e-02
1.118557503667558239e-02
3.826659637253382318e-02
5.857581916709116848e-02
7.322089621642366430e-02
8.001211219671236496e-02
7.906879975402655858e-02
7.194392263101269391e-02
5.973018464924878534e-02
4.588950894596927066e-02
3.408969965103092470e-02
2.356862931995716559e-02
1.333543875989331301e-02
4.774708802629870456e-03
-1.829399156500229441e-03
-6.553250307552547713e-03
-9.785532431810168782e-03
-1.313433955777219657e-02
-1.692158719094971620e-02
-1.910747114710542593e-02
-1.713597356501089797e-02
-9.294327961096495588e-03
4.663434659117302560e-03
2.088907495716629814e-02
3.292080055780715470e-02
3.789954310000470672e-02
3.786311005841883764e-02
3.579089267016742626e-02
3.255707109038075836e-02
2.831734586540120974e-02
2.385370195339274815e-02
1.813213420497803569e-02
9.107421485710885667e-03
-4.082126515994320345e-03
-2.065523056660210216e-02
-3.774465339141419573e-02
-5.403299156718169294e-02
-6.669560777358934933e-02
-6.984356135736827231e-02
-6.260959269671428906e-02
-4.842368864605699208e-02
-3.105380551891888385e-02
-1.448918309651078470e-02
-1.613098776041759809e-03
6.690411506658389129e-03
1.107568192029046925e-02
1.282047301380974738e-02
1.252971488926035715e-02
1.121861812590844651e-02
1.168358967521983781e-02
1.507387906248409959e-02
1.881768326739267222e-02
2.198253218607127552e-02
2.747437857481393325e-02
3.493512361881979250e-02
3.998871933586772842e-02
4.023573633904713176e-02
3.454031997155562056e-02
2.268724943901032076e-02
7.968411825943896507e-03
-6.132865595407606396e-03
-1.905301102841740549e-02
-3.117578744004853575e-02
-4.216310192368268733e-02
-5.084490735139653161e-02
-5.656314861948587985e-02
-5.963587763621898408e-02
-6.153217249801452848e-02
-6.424793374309423211e-02
-6.789885550055817232e-02
-6.839305554829731848e-02
-5.848127290045455895e-02
-3.252334804179132094e-02
2.841336142505391897e-03
3.063641662662230924e-02
4.529772086624393040e-02
5.151460016723319324e-02
5.360046808686749764e-02
5.574329642382985783e-02
5.884115428956742527e-02
6.288377162874865534e-02
6.756004051452241255e-02
6.841228812652563884e-02
6.043662409911355199e-02
4.238126556939687817e-02
1.748839018192180350e-02
-5.585469038542688162e-03
-1.863655488680582978e-02
-2.060488464830428912e-02
-1.499715084471859444e-02
-5.783356956092015368e-03
4.045873940641373998e-03
1.153142524248095685e-02
1.442585407302377984e-02
1.300915123591394815e-02
8.232624250098618049e-03
-3.652876013148307743e-04
-1.211226286126398238e-02
-2.385578666184955468e-02
-3.283332139181587006e-02
-3.686845630864520051e-02
-3.559717998072348122e-02
-3.184918382396161735e-02
-2.714053242156182905e-02
-2.065606001866027858e-02
-1.280928446590789450e-02
-4.818831005732568049e-03
1.805161296636087877e-03
4.541777485146353092e-03
3.292878351279365789e-03
1.104812168211919375e-03
-1.505624606644627439e-03
-5.856117885827977036e-03
-1.112729873088541543e-02
-1.479380175266166615e-02
-1.493928119450680519e-02
-1.163958205790223237e-02
-6.357677967828243709e-03
-1.162766508345951461e-03
2.963578739027365912e-03
7.261891255637387479e-03
1.265585363108006484e-02
1.822013018021294284e-02
2.406114800368672202e-02
3.033075031103548563e-02
3.539555406047856234e-02
3.816288253841216421e-02
3.764165642993137079e-02
3.171060658370119384e-02
2.072931722973648389e-02
8.756823854903606624e-03
-1.620184989815157128e-03
-1.008989105118225302e-02
-1.647054494558734122e-02
-2.164448188226263461e-02
-2.636284474367471542e-02
-3.040263202906432621e-02
-3.202122539160036363e-02
-2.902413100047392461e-02
-2.256757522853430203e-02
-1.397301713845817105e-02
-1.830173219101682153e-03
1.336823922712128930e-02
2.843880851982940119e-02
4.114557105724974545e-02
4.932903447377390976e-02
5.069006345044244077e-02
4.506757298914675081e-02
3.202311550673671986e-02
9.437230813293208398e-03
-2.131547603884026768e-02
-5.331812336578668765e-02
-7.813595087863273170e-02
-9.030728672942259228e-02
-8.853144616407589151e-02
-7.337939461039204303e-02
-4.645285947826856277e-02
-1.568111753967821320e-02
6.662570996068193675e-03
1.596464501288866189e-02
1.403262261748525717e-02
5.024334677000880794e-03
-5.402601718385290422e-03
-1.353191933531905540e-02
-1.729785526598159179e-02
-1.727457520992906406e-02
-1.475466025380668678e-02
-7.476864796324598009e-03
9.165783164784637588e-03
3.295512064134580726e-02
5.393734612459209765e-02
6.697168878602946518e-02
7.223547356494398886e-02
7.156220484137301718e-02
6.759091651599791195e-02
6.110059662686195825e-02
5.265493894444223805e-02
4.338265448147799602e-02
3.419045736499373017e-02
2.443824696882896177e-02
1.207728779840307187e-02
-6.913186601697025521e-04
-8.142181136809464870e-03
-1.005932815358082794e-02
-1.111623961602671747e-02
-1.537016721981751197e-02
-2.441153366438575043e-02
-3.678936402528230898e-02
-4.982864973396698705e-02
-5.986260758539105331e-02
-6.175766858742617882e-02
-5.361715720307531907e-02
-3.762197783243492050e-02
-1.855773954794918273e-02
-3.568128736067522743e-03
5.231016952108935754e-03
1.037525003276742672e-02
1.162043279592742465e-02
7.332084380203377459e-03
-2.095434198888052914e-03
-1.456077552109910980e-02
-2.751228503858900443e-02
-3.759323548632557965e-02
-4.121610796317910080e-02
-3.645874217873509848e-02
-2.560200636949696781e-02
-1.415907494640215175e-02
-4.585131486458404043e-03
4.249290395142691322e-03
1.374102305208583369e-02
2.413220813488284322e-02
3.468346289489968037e-02
4.525764925506327307e-02
5.482857148918121593e-02
6.069415936724929100e-02
6.086355633738026183e-02
5.435686863502081634e-02
4.261051933754037013e-02
2.980311513003013058e-02
1.859413206762516174e-02
9.529623430822385666e-03
9.126277024692668396e-04
-1.085548817369320906e-02
-2.680319756291297748e-02
-4.354538136673813398e-02
-5.619195661901914968e-02
-6.193029372411515410e-02
-6.074164008820352040e-02
-5.402732159441393789e-02
-4.286604268644733651e-02
-2.839913992015950794e-02
-1.265205702126233345e-02
3.060196156846944990e-03
1.766242362347048359e-02
3.008191000781573060e-02
3.985824623663444810e-02
4.530987894615982892e-02
4.528973433286789807e-02
4.173298446063665457e-02
3.700778779203427876e-02
3.101445537338824721e-02
2.378595021296524975e-02
1.551364901926254036e-02
5.543227084888635581e-03
-4.007410058939628664e-03
-1.087242583537389312e-02
-1.492963221285911399e-02
-1.642408776852410240e-02
-1.606732572620495070e-02
-1.473772040021927715e-02
-1.406659751936414557e-02
-1.610119396377879958e-02
-2.200889763238480026e-02
-2.728457809541654996e-02
-2.547031555479246229e-02
-1.764430332013610173e-02
-7.519403899377128352e-03
2.132660707650880366e-03
8.633896973763727917e-03
1.077188300442607181e-02
8.554716484146972916e-03
3.238557995672320181e-03
-3.176389947891827478e-03
-8.461352953393893456e-03
-9.943901101622611149e-03
-6.100836611612723247e-03
1.218435756561570037e-03
8.297738444086976209e-03
1.380698756623901201e-02
1.861409401257931029e-02
2.172668542095480479e-02
2.113190274327496343e-02
1.721466779516559256e-02
1.211125988887492601e-02
6.358012979016397156e-03
-1.196512540176101168e-03
-1.101838188572651540e-02
-2.242625177674029829e-02
-3.289555857368745007e-02
-3.818735538534724638e-02
-3.590965480052107917e-02
-2.788393903341590541e-02
-1.831408486747473918e-02
-1.061230443415073742e-02
-5.726825100231766955e-03
-2.751639085133500678e-03
1.579841870901679129e-04
4.212909225378221219e-03
7.845829964323727118e-03
9.830265114638997437e-03
1.264490230672034657e-02
1.748967603995436187e-02
2.344538663942646872e-02
3.069375403551153486e-02
3.733249855704953712e-02
4.045389322967300055e-02
3.971723690125737033e-02
3.639302228431037789e-02
3.129579190531534688e-02
2.354067232226191020e-02
1.179818143760468126e-02
-1.961943423940799413e-03
-1.344906816315293886e-02
-2.158835086742907916e-02
-2.776372187534841690e-02
-3.195907965322465627e-02
-3.284571416708864655e-02
-3.098859937242943313e-02
-2.788483711490800931e-02
-2.287390073816705782e-02
-1.554934430875708033e-02
-6.308868096857081845e-03
5.591132549961030235e-03
1.722950381788720606e-02
2.363594098044640920e-02
2.470404429931959828e-02
2.185661641308871833e-02
1.572745230753850795e-02
6.139656931407967526e-03
-5.857925750503103178e-03
-1.643849406697444129e-02
-2.375359521071867749e-02
-2.660280100643165613e-02
-2.232366467064711424e-02
-1.131752496792399684e-02
-7.847414859729444359e-05
3.449344475676874647e-03
-1.089474085638615988e-03
-8.851765796433791467e-03
-1.551342598319789372e-02
-1.678545496840262718e-02
-1.196696585661856209e-02
-4.678577386760912095e-03
1.267831207155669217e-03
3.246894429766381505e-03
-2.428512288035243952e-04
-9.771621616012589329e-03
-2.182494955861937966e-02
-2.954160335251081876e-02
-2.946033907579318628e-02
-2.222349031858656884e-02
-9.737592093564961110e-03
5.645318842207742646e-03
2.133694344945660792e-02
3.669193140055402452e-02
5.183590378402159332e-02
6.342177296167138267e-02
6.598587230545853444e-02
5.711177178807926025e-02
4.157099819135643554e-02
2.648557573257170547e-02
1.529481133717454540e-02
9.234963855879418232e-03
7.583034312357772241e-03
8.470325639301848342e-03
8.145714032810563374e-03
3.434566938191227839e-03
-4.080499748671452542e-03
-1.257877885950348627e-02
-2.242617836132255321e-02
-3.278386605266146725e-02
-3.876314123913272153e-02
-3.667476793292109849e-02
-2.809650239328709970e-02
-1.605151451353639333e-02
-4.671465384000451741e-03
2.739508807372602241e-03
5.965260644735020587e-03
5.621679612201628887e-03
2.035085001341910369e-03
-4.393658831344687474e-03
-1.251264259558445939e-02
-2.105255580095933762e-02
-2.732543429306524829e-02
-2.793560472437756417e-02
-2.420253720435506378e-02
-1.976522057942344326e-02
-1.535072644990491050e-02
-1.140082441296782004e-02
-9.585857459835412514e-03
-9.183622471155908351e-03
-7.511656502101620933e-03
-4.352371670215168797e-03
-1.852651278582232233e-03
-2.834427900886006026e-03
-6.568053146832806242e-03
-7.082958218697599402e-03
-1.290704183259737403e-03
8.579858986503673124e-03
1.874592288142093444e-02
2.677074733533623546e-02
3.218923954249643116e-02
3.493026937445457142e-02
3.611148393932624157e-02
3.684087649348548321e-02
3.749533670313783679e-02
3.809916204554258251e-02
3.757108593378889055e-02
3.432235235431426584e-02
2.744943587308110861e-02
1.743232675316797389e-02
5.785123942208864403e-03
-5.433496337409752380e-03
-1.503601212171393198e-02
-2.224405511960696191e-02
-2.647339700412366242e-02
-2.832661640796380054e-02
-2.787515373585529310e-02
-2.528167165720032056e-02
-2.185545589826026758e-02
-1.762731218731275126e-02
-1.194746131890868195e-02
-6.202116900600867025e-03
-1.484134355092799583e-03
2.643613768334210443e-03
5.347350150901713714e-03
5.878460109716773276e-03
5.138786449890943298e-03
3.683167200136198190e-03
1.293001475411142531e-03
-1.855659842806147309e-03
-5.171216531250064953e-03
-8.148305885377951294e-03
-1.046149118419240943e-02
-1.332358583662713106e-02
-1.754818204089494960e-02
-2.053576520426081756e-02
-2.028036847576381377e-02
-1.695522734302351911e-02
-1.130030482047547982e-02
-6.180403229159005252e-03
-3.800226295785687908e-03
-4.722923825122760447e-03
-9.157225035000226415e-03
-1.466951798819262839e-02
-1.827633679228110944e-02
-1.806300684686527880e-02
-1.359312561640503396e-02
-6.599036985960697599e-03
1.449517640143854584e-03
1.110338213189687208e-02
2.273053072033756269e-02
3.405187462186316794e-02
4.137118824741575773e-02
4.299289986574836298e-02
4.052315803638473907e-02
3.517599164465009393e-02
2.765686154423983162e-02
2.011584128467873780e-02
1.443041692421324039e-02
1.165785232891532533e-02
1.123404195563267559e-02
1.162131169327393354e-02
1.276067333426587208e-02
1.428725268946224800e-02
1.525996608346892949e-02
1.429651156518523328e-02
1.053437511004677411e-02
6.050225873972370390e-03
2.774077466394636246e-03
-3.122827850877201925e-04
-5.085928067773862887e-03
-1.077077221966693532e-02
-1.546097463430697039e-02
-1.852286461903252662e-02
-2.023320016483134282e-02
-2.113855484342689467e-02
-2.099283833540859998e-02
-1.951651477531387777e-02
-1.737797772746575015e-02
-1.525943124441381249e-02
-1.273818097294288770e-02
-9.286122127000719789e-03
-5.398968149537113244e-03
-8.129245557055133145e-04
4.703466355507173943e-03
1.113186436311370750e-02
1.939393746288728751e-02
2.785235002787946404e-02
3.361935717109652139e-02
3.628259006295989769e-02
3.387732587987001692e-02
2.095643790668393069e-02
-5.728163096961082050e-03
-4.450066366573902921e-02
-9.041403473762298082e-02
-1.371900731044140564e-01
-1.791604245096528325e-01
-2.106617149212247353e-01
-2.240761024674367830e-01
-2.111203830106034851e-01
-1.636816223430688499e-01
-7.201204719757840766e-02
4.696460760306788579e-02
1.474504944261786910e-01
2.095994916862551072e-01
2.408054884439926602e-01
2.488333471670622077e-01
2.392791743455068842e-01
2.159505320241697779e-01
1.825819190104940593e-01
1.411724721644320724e-01
9.456835422651427292e-02
4.838322037560747330e-02
7.393443822381020464e-03
-2.716048389499362697e-02
-5.517515833616143395e-02
-7.487148780076693932e-02
-8.603334409231695734e-02
-9.216767912207941837e-02
-9.577110559416598945e-02
-9.699947975478753759e-02
-9.535629100176153117e-02
-8.924482804047133289e-02
-7.787011805352467286e-02
-6.226881254792478171e-02
-4.298425839206961030e-02
-2.243405962990103683e-02
-5.303066195973103573e-03
6.821964035002152024e-03
1.568937199222586454e-02
2.393415908396839126e-02
3.200406028466894204e-02
3.854008856901718766e-02
4.235635188744583945e-02
4.214309659715430312e-02
3.840445217096202790e-02
3.204476838638883190e-02
2.104980230977368527e-02
6.982889141283224639e-03
-3.213930147989650741e-03
-6.770760853749769465e-03
-5.381075577673635410e-03
-2.212860078033276542e-04
7.417231582360621356e-03
1.585709652380297777e-02
2.268593793486283275e-02
2.527965894945202394e-02
2.251600911943383090e-02
1.303192486185398777e-02
-5.276308607621954007e-03
-2.727768764643676708e-02
-4.021045119290549141e-02
-3.891872740815012499e-02
-2.824364130010279667e-02
-1.463327096850619048e-02
-1.628755179005412015e-03
9.963309402391226297e-03
1.824555987874105015e-02
2.043521223198078302e-02
1.524592997978968002e-02
4.213490238719225234e-03
-8.336230097966168193e-03
-1.732211956045864518e-02
-2.170825282352033953e-02
-2.490735236842931896e-02
-2.751332197874080052e-02
-2.647258449991764240e-02
-2.003426634515313026e-02
-9.077821366152042520e-03
3.556446107452946280e-03
1.367249816022348893e-02
1.803937487475598678e-02
1.802075870490456311e-02
1.500468777763947284e-02
8.765359049469787986e-03
2.540662134357927083e-03
-2.383903188311964697e-04
3.904073339405986481e-04
3.316140218882930851e-03
7.735143477849155957e-03
1.054557606754273624e-02
8.499991690796467048e-03
1.305877438297440001e-03
-1.066658315407539685e-02
-2.695268252042102436e-02
-4.612971206897673038e-02
-6.205191323298939188e-02
-6.645614184178476325e-02
-5.750875456682181391e-02
-3.913314262300763430e-02
-1.613534010254135537e-02
8.593970525604878452e-03
3.373456858485443521e-02
5.724237382461413309e-02
7.505276844675280723e-02
8.319485289078330792e-02
8.106820930125108182e-02
6.939834223431563809e-02
5.177073943549108381e-02
3.496538339108774818e-02
2.169593619358333586e-02
1.067486596579481084e-02
8.664077487070707614e-04
-7.589728166603942026e-03
-1.491302547582976090e-02
-2.189228517598709733e-02
-2.878108126334891909e-02
-3.560361557004562694e-02
-4.212461415040274354e-02
-4.802903166470230689e-02
-5.032496974204139772e-02
-4.496864608304766003e-02
-3.312683032089840801e-02
-1.816009956176948062e-02
-2.625340837339242960e-03
1.219550834584917469e-02
2.556316188860156130e-02
3.421496106776885510e-02
3.719165577204695816e-02
3.654116783592503692e-02
3.174411071656570854e-02
2.169190496388743311e-02
7.336985316298846350e-03
-8.343716456190733780e-03
-2.094244865838689601e-02
-2.889895565335384026e-02
-3.233536852657206001e-02
-2.898602639230864197e-02
-1.883172464710584915e-02
-5.581603516878403878e-03
7.219727636214986512e-03
1.710752494383141128e-02
2.443980620923260488e-02
3.137346156203840025e-02
3.828506682549216028e-02
4.431899021752801898e-02
4.884506834999065988e-02
5.072426147777445854e-02
4.848445245325812974e-02
4.209223689667435792e-02
3.401991087592019791e-02
2.552018496354263588e-02
1.302892258617197561e-02
-6.457633127317319831e-03
-3.091796181879224309e-02
-5.616292029447204209e-02
-7.771848664710381827e-02
-9.266596618371779337e-02
-1.024382383453878442e-01
-1.104810221529244352e-01
-1.177316171354525487e-01
-1.227502643480961192e-01
-1.262048357617535088e-01
-1.275083867775947954e-01
-1.196526577978166972e-01
-9.614360227022697436e-02
-5.310369561140406564e-02
1.559680570410425932e-02
9.636538539075854837e-02
1.554607525605329610e-01
1.831161795227383982e-01
1.897633174162655090e-01
1.798298054384608879e-01
1.562021136187573545e-01
1.242912980060237454e-01
8.839592237531400387e-02
5.169554801039660114e-02
1.893121208945690304e-02
-5.908904322518664098e-03
-2.200044645625696266e-02
-3.050004689119150195e-02
-3.302762512159174157e-02
-3.072120482642237346e-02
-2.505795640110555778e-02
-1.983017661592952757e-02
-1.903826104412392750e-02
-2.214022427367096785e-02
-2.489934323368140148e-02
-2.502792386074573563e-02
-2.325350753472397655e-02
-2.017652800060103918e-02
-1.672769691288822011e-02
-1.503130740912672451e-02
-1.505856611693083547e-02
-1.360601840954549918e-02
-8.638000274725915473e-03
-2.204890643689946979e-03
1.750543050373739272e-03
1.424899502491359590e-03
-1.653776653375598881e-03
-5.597729420907226680e-03
-9.287662793319492044e-03
-1.162643961325778366e-02
-1.132200539058184421e-02
-5.396377496331557395e-03
6.614080265166898467e-03
2.011088013627506874e-02
3.111629289906919088e-02
3.768043895261040388e-02
3.898824813486630181e-02
3.574388613973539935e-02
2.930664404239744295e-02
2.133285353967790884e-02
1.261403327441818455e-02
2.032735272788965819e-03
-1.120225445822688876e-02
-2.459795889470706848e-02
-3.550353049764243957e-02
-4.562307889800577831e-02
-5.786103925219517052e-02
-7.233009616831867494e-02
-8.679199113480211281e-02
-9.854214264753632935e-02
-1.053310606278659717e-01
-1.033341298704900796e-01
-8.814006671309326801e-02
-5.817058955800155640e-02
-1.263384367891654675e-02
3.927854531329121046e-02
7.895915615194380732e-02
1.011242294064301078e-01
1.111259195970492331e-01
1.112750588776375560e-01
1.025648872497815500e-01
8.770507500980470605e-02
6.883647096372175200e-02
4.704897330629449759e-02
2.506898494231735164e-02
5.834897315315343627e-03
-9.161910874692348605e-03
-2.067240003409022073e-02
-2.843728631276093780e-02
-3.046893109586905346e-02
-2.870400507782847055e-02
-2.703285072908084147e-02
-2.689745227967121552e-02
-2.815720619661989457e-02
-2.996776932749635469e-02
-3.095067190589564227e-02
-3.059155311062695601e-02
-2.965023256144110400e-02
-2.811759983512548966e-02
-2.454726518042452121e-02
-1.646097007077927318e-02
-2.412570485331471358e-03
1.532452037973866012e-02
3.352448592497092594e-02
5.114127439224189914e-02
6.774832575016416503e-02
8.241567320576002886e-02
9.334105263970139676e-02
9.691489748358075862e-02
9.001084388112995383e-02
7.252505945295036061e-02
5.129140562250867480e-02
3.594374337922919688e-02
2.905018489420472388e-02
3.045933907253462608e-02
3.914644780169956872e-02
5.032062258311454511e-02
5.995738635140521189e-02
6.583115277948263511e-02
6.485849432696924599e-02
5.435755377506568814e-02
3.444066678228306644e-02
5.165331750438678649e-03
-3.401994776116735314e-02
-8.187403468662422801e-02
-1.380842500242443760e-01
-2.029536074960223424e-01
-2.739779957163164248e-01
-3.457727654218382685e-01
-4.097529770095141854e-01
-4.526751149116364226e-01
-4.592264486532610102e-01
-4.155848906059405601e-01
-3.090535140547960857e-01
-1.250358195313752974e-01
1.010608814557706348e-01
2.822773044355094685e-01
3.857622771535907935e-01
4.291785992817477302e-01
4.265873299166257349e-01
3.917301933843606587e-01
3.377543865120131161e-01
2.763199054075719530e-01
2.144984009198265540e-01
1.557096587266102172e-01
1.037019681875947508e-01
6.142988573029420363e-02
3.073265445621343323e-02
9.327168099596636758e-03
-7.536987193189195744e-03
-2.068801266552500184e-02
-3.018846107037723506e-02
-3.714434287660679096e-02
-4.161250836236770473e-02
-4.267446724738088726e-02
-3.989087523048143874e-02
-3.435845604345327819e-02
-2.691520731885261100e-02
-1.840057431746936617e-02
-1.009687403518485724e-02
