5.467351278076758303e-03
-5.375284389690591219e-02
-8.635002992653437182e-02
-9.044474488252610134e-02
-7.393214799700179030e-02
-6.854014249360755595e-02
-9.458498110106741685e-02
-1.196810094646938022e-01
-1.112456595905114975e-01
-8.444181653878790605e-02
-5.236883716576334891e-02
-2.391040250656192856e-02
-3.571641798609358903e-02
-8.654628308078102239e-02
-1.218823603604189953e-01
-9.999463891804444282e-02
-4.597256586380149557e-02
-1.399440034617913803e-02
-1.178192759939397996e-02
-2.961400945978770460e-02
-7.066391592567902724e-02
-1.218239776560784138e-01
-1.427636295807216404e-01
-1.260232011024816634e-01
-1.178688116959667048e-01
-1.312541029316162122e-01
-1.362041257405716688e-01
-1.023256023862338382e-01
1.234983189474827409e-02
2.325604075835998041e-01
4.998383650609236617e-01
6.993304312120613986e-01
7.694296841972129153e-01
7.243973845192801519e-01
5.997556411123821096e-01
4.316788513305321873e-01
2.494300293971490889e-01
6.872005220817394011e-02
-1.002267794734033601e-01
-2.542558890129193450e-01
-3.942568556008031466e-01
-5.119614487826278371e-01
-5.924606741151623446e-01
-6.195711028573325230e-01
-5.786135154245234391e-01
-4.558619074368481239e-01
-2.338144901197417025e-01
5.491675198153991855e-02
3.107311612028380576e-01
4.775049584246551237e-01
5.672147513333971602e-01
5.940475838556851240e-01
5.644223407512483082e-01
4.883104765077539433e-01
3.792728680999827295e-01
2.493864568613055333e-01
1.100605767102648541e-01
-2.533924181558717958e-02
-1.474144280479565416e-01
-2.531071532273617142e-01
-3.465660689545789763e-01
-4.368235382999922090e-01
-5.217066460399529815e-01
-5.850265935057099576e-01
-6.171701771005568826e-01
-6.186141321051202846e-01
-5.934996869957412935e-01
-5.367089066005609199e-01
-4.314321606796723829e-01
-2.765183909974363030e-01
-8.481714865940817583e-02
1.113564117249017382e-01
2.757423708823545927e-01
4.019569435814760450e-01
4.658386214445577878e-01
4.411688817194570622e-01
3.628428749639126538e-01
2.812708449114648124e-01
2.100850117676629769e-01
1.414783069728711429e-01
7.616410320532145117e-02
2.758249802381708068e-02
2.897641634127687271e-03
-2.520123908071066413e-02
-8.421940335039644621e-02
-1.510621839451141979e-01
-2.055638249791705563e-01
-2.511901693470264818e-01
-2.539711835857457189e-01
-1.643499149231418266e-01
-6.781751957381714629e-03
1.374638659126135032e-01
2.352506986654485654e-01
3.028023154617032198e-01
3.515902518055322723e-01
3.832650459997468673e-01
3.935125877172168662e-01
3.772231490533238252e-01
3.414781669349812310e-01
3.000659194595258761e-01
2.577973408805403488e-01
2.147970885078657743e-01
1.711606141565858441e-01
1.216175993626496532e-01
5.927597932423920440e-02
-1.791426342848222164e-02
-1.083969544853475575e-01
-2.042745149264862670e-01
-2.973037513481148753e-01
-3.837713271157964789e-01
-4.579516934695468944e-01
-5.141781982110025240e-01
-5.470600297322329997e-01
-5.454394026468842860e-01
-4.928820078028270935e-01
-3.741108372615857824e-01
-2.054047849999738884e-01
-2.768160125815367217e-02
1.538585307367364430e-01
3.295280370399218950e-01
4.483747078475902592e-01
4.861377770219107441e-01
4.571597824914146457e-01
3.809357061063121108e-01
2.720454290966913269e-01
1.441764836854274590e-01
1.271118309335746155e-02
-1.034709740820692891e-01
-1.879881467095901593e-01
-2.324831480769203040e-01
-2.474260187698774094e-01
-2.650632988384578614e-01
-2.907687566775042365e-01
-2.987450117897058055e-01
-2.679890604004330767e-01
-1.799589205577388773e-01
-5.987441680849388270e-02
2.395558697789206687e-02
5.453001915075104955e-02
5.756497285576815670e-02
5.510332280673099770e-02
7.085627734807398159e-02
1.308718548662585468e-01
2.157681158392272258e-01
2.576365389409789319e-01
2.370876270804263830e-01
1.814454265989031423e-01
1.140316270524902587e-01
4.484068697600428893e-02
-2.796065336303989526e-02
-9.500465390750520434e-02
-1.401447409208842476e-01
-1.580981936949114597e-01
-1.446799561976500337e-01
-8.171394504794976532e-02
2.886886357020294197e-02
1.401155143130932423e-01
2.150952048316341902e-01
2.540565654174857801e-01
2.673237674511350082e-01
2.636402299006825878e-01
2.556153598873613375e-01
2.458283770384686595e-01
2.217739816371457895e-01
1.844315418732297429e-01
1.412028476614965722e-01
9.239245582704630477e-02
3.146875059207376868e-02
-5.108945463257476283e-02
-1.484443134929312180e-01
-2.472933211737264048e-01
-3.463297575032088793e-01
-4.451076451456388305e-01
-5.341822113281898821e-01
-6.025654871963728176e-01
-6.379800694334166744e-01
-6.232826876086734469e-01
-5.381699212092639906e-01
-3.561612610216657870e-01
-1.047125940749541462e-01
1.269760785439624784e-01
3.075064437846681265e-01
4.371126484622356867e-01
4.910002539297545487e-01
4.789948505301488968e-01
4.299158081440871415e-01
3.623926315128799258e-01
2.936911916557549129e-01
2.354155127983691698e-01
1.902340124798174437e-01
1.485648966008495109e-01
9.602282154512564727e-02
2.911828742370342268e-02
-4.420694338524976119e-02
-1.160044721436232773e-01
-1.787999269642667755e-01
-2.251975189581976733e-01
-2.495045904454882280e-01
-2.448992479023998914e-01
-2.028715701310810915e-01
-1.268676577185025578e-01
-3.347167547061160459e-02
6.809764158182882166e-02
1.601227830420619003e-01
2.149431972899943089e-01
2.290258666895142459e-01
2.157462874131495512e-01
1.860792760733923634e-01
1.494330803861081969e-01
1.138650523431352368e-01
8.287040215746487026e-02
5.606706302119188190e-02
2.990432138980042218e-02
-1.205614228024787238e-03
-4.222402024121178071e-02
-9.719778225540168237e-02
-1.632470753428265642e-01
-2.266948822004428155e-01
-2.697908666215628748e-01
-2.789382886372960835e-01
-2.627771756088713717e-01
-2.483611477019516955e-01
-2.407773092620237865e-01
-2.253078632750917798e-01
-1.884594406172948600e-01
-1.141182755134515225e-01
1.314405982652034309e-02
1.801905583585399484e-01
3.334522630404885279e-01
4.299969505874239317e-01
4.673875013690925173e-01
4.603984129619624333e-01
4.229513058027440930e-01
3.655254911417389341e-01
2.982997534489681968e-01
2.320843020843464666e-01
1.694107944700117552e-01
1.012891433203250424e-01
2.276084789630380967e-02
-6.877697986545121267e-02
-1.815850432244515700e-01
-3.160705066936215224e-01
-4.634906404524822832e-01
-6.147649548750724335e-01
-7.545180444538809317e-01
-8.598630654473133905e-01
-9.041410447935294137e-01
-8.573506428733719265e-01
-6.901477545457683771e-01
-4.176620932966412236e-01
-9.528020115447215221e-02
2.177862740713520096e-01
4.558082747453314765e-01
6.039553651562823422e-01
6.814694619748942195e-01
6.895296024668715607e-01
6.398860141952122937e-01
5.552481462380209898e-01
4.571030682256720379e-01
3.655496750635075509e-01
2.899968336183887385e-01
2.270296950032514027e-01
1.721534884538780119e-01
1.228693893850735380e-01
7.718940772956237040e-02
3.335947678557503460e-02
-1.015748083330369339e-02
-5.302466875911659994e-02
-9.170324562673734525e-02
-1.248992970606679770e-01
-1.553472748471315945e-01
-1.799427500311017725e-01
-1.905222323793516748e-01
-1.828781673174180999e-01
-1.574033498139588427e-01
-1.205082128542322162e-01
-8.780838959094790230e-02
-6.924317171762499334e-02
-5.765259266301095420e-02
-4.413911843839327803e-02
-2.680354847570875360e-02
-7.594102710121358561e-03
6.663326201964455374e-03
1.049399242450379556e-02
8.275152507737188259e-03
7.697726000097951382e-03
9.839691050455481175e-03
1.508732142974575016e-02
2.529684461623601596e-02
3.654330521720141473e-02
4.166667246384554713e-02
3.641019829773946281e-02
2.277574601286141281e-02
4.813284707709915983e-03
-1.236462139721101333e-02
-1.984125740974588062e-02
-1.293239826022421837e-02
4.676212651372101126e-03
2.553244344723065024e-02
4.103607984141414283e-02
4.371757722085378717e-02
3.267032515081918359e-02
1.311007323544300870e-02
-5.186952567996148261e-03
-1.111612484619545031e-02
-2.217748363885359633e-03
1.632806229716386726e-02
3.825464403543030190e-02
5.809384790224420003e-02
7.538015455741525761e-02
9.368864599381276914e-02
1.102449262678469044e-01
1.130738402292618128e-01
9.139013671223353286e-02
4.081118277636705538e-02
-3.615210868301761693e-02
-1.302736775606740394e-01
-2.322527465797779855e-01
-3.346208480993009826e-01
-4.281272936114109418e-01
-4.992484250105924670e-01
-5.289820970052349081e-01
-4.954258753260741277e-01
-4.004618628778368050e-01
-2.681767816719657360e-01
-9.260890113793851519e-02
1.039647477406656778e-01
2.415842844065769213e-01
2.954953173454418769e-01
2.933307127929716263e-01
2.576229693946995303e-01
2.095296167232663653e-01
1.708427729281305485e-01
1.640417379950124266e-01
2.103191372448753316e-01
2.934363398148242541e-01
3.586162021277108924e-01
3.825188139600843029e-01
3.740465894753733367e-01
3.413845727173480671e-01
2.922577427791906990e-01
2.314132441232052417e-01
1.624575382338046547e-01
8.989479755838319930e-02
1.514417624197722523e-02
-6.694450159256790100e-02
-1.602818709290597665e-01
-2.484065969314439015e-01
-3.077215888086820006e-01
-3.371569183794449476e-01
-3.413996686426382099e-01
-3.154265291728693410e-01
-2.537440317926081823e-01
-1.506853971203036546e-01
-2.711450675525841486e-02
6.792150522133122426e-02
1.148588141171044685e-01
1.237714075891987731e-01
1.010431094360787069e-01
5.605013843693519571e-02
4.227937038822265903e-03
-4.658306248985292358e-02
-1.000262328441999110e-01
-1.617754315179913416e-01
-2.293679706962220288e-01
-2.937354324762561086e-01
-3.425315139888001625e-01
-3.595242551974839884e-01
-3.286097802694206704e-01
-2.381811828466042502e-01
-7.885467799245268750e-02
1.171566408837676765e-01
2.756591892833717972e-01
3.665566779931015429e-01
4.037519158039735157e-01
4.010137114577786432e-01
3.706066867791166786e-01
3.203421694967577560e-01
2.565215277962869522e-01
1.881425198595252923e-01
1.246066519538055473e-01
7.151678285395561552e-02
2.768905884632829467e-02
-6.172724457354634292e-03
-2.577092565970773297e-02
-3.276873376946955185e-02
-3.146672307474993741e-02
-2.317071064612765546e-02
-8.602673695148298216e-03
8.657104023644564272e-03
2.469194593801624787e-02
3.847578780143730282e-02
4.930413274920361633e-02
5.372987093118254676e-02
4.682356300476220312e-02
3.000530949208744108e-02
9.911397229936891318e-03
-1.209541286815864550e-02
-3.861450835416238569e-02
-6.597060602715387745e-02
-8.538751292003235460e-02
-9.103008868833925571e-02
-9.151924245851555950e-02
-1.083091650563000885e-01
-1.504348183021031460e-01
-2.139178959307277972e-01
-2.956064071463228582e-01
-3.888653924742995205e-01
-4.757571170812310846e-01
-5.327202401641288887e-01
-5.375171169230302803e-01
-4.645075909073588249e-01
-3.221078983313992450e-01
-1.544570413217592753e-01
3.068201800408960900e-03
1.224518999728681085e-01
2.072410341408771339e-01
2.904493700700805370e-01
3.991177501755321377e-01
5.132690037020356533e-01
5.716909211646971078e-01
5.568922468504468037e-01
4.933338962096153191e-01
4.027791808495245762e-01
3.009379964284488729e-01
1.985446731258168895e-01
1.044473150360747810e-01
2.872284905310797457e-02
-1.905258778833982675e-02
-3.519284242591282780e-02
-2.582117801993545972e-02
-3.078372756491774831e-03
2.276882637374994661e-02
4.185729374327711722e-02
4.741748305330435731e-02
3.815973066565864213e-02
1.600267457604107046e-02
-1.390711550834126259e-02
-4.937655477679057242e-02
-9.078877923041608899e-02
-1.383944964572999536e-01
-1.898766579731034632e-01
-2.371595102829029966e-01
-2.726492835846534013e-01
-2.921069043646675745e-01
-2.905782467265733415e-01
-2.587210625589067559e-01
-1.923307376349380760e-01
-1.072314733199289244e-01
-3.121132098553501544e-02
1.042622304794066715e-02
4.175485224281294538e-03
-4.100308278880857721e-02
-1.005346510988575359e-01
-1.472403616578606689e-01
-1.600711771811183515e-01
-1.327064139605302895e-01
-6.293564674578504270e-02
4.983065145437855226e-02
1.975754527584133446e-01
3.505564420079828047e-01
4.631187329886620185e-01
5.194262956679213117e-01
5.271268408648284165e-01
4.904497396743617843e-01
4.127651587634699193e-01
2.987823499327363352e-01
1.619787868418685883e-01
2.060887085708991429e-02
-1.160495750799441228e-01
-2.457123691811149424e-01
-3.657228810064476199e-01
-4.687673795347284678e-01
-5.437161226800032443e-01
-5.843079283711145600e-01
-5.846241889197161257e-01
-5.300527903740474001e-01
-4.044035609167836443e-01
-1.918157402808705059e-01
7.350583775932958974e-02
2.997024553662779311e-01
4.462327077497533212e-01
5.270551242805594505e-01
5.545741905879760791e-01
5.329089579806089993e-01
4.594624210569662193e-01
3.459876133617224014e-01
2.111468843000557372e-01
6.599033691168271210e-02
-8.064519436929228069e-02
-2.202111896868543806e-01
-3.393244680637647614e-01
-4.256800967400072300e-01
-4.761051651149703079e-01
-4.968656136711914195e-01
-4.993766373753877885e-01
-4.783073867148131542e-01
-4.135326244453152444e-01
-2.847202664933473626e-01
-1.121709355142305464e-01
4.738914984257246166e-02
1.842758907009995617e-01
3.286575342524815091e-01
4.701661579256551371e-01
5.557205967579037509e-01
5.674331288950730245e-01
5.276824292473352163e-01
4.582588849576705314e-01
3.764565855342170142e-01
2.957629337299403360e-01
2.271617489427133207e-01
1.754700171705464717e-01
1.366218931031124573e-01
1.040106273139790732e-01
7.687045410075178664e-02
5.241018165136232532e-02
1.888773808544655375e-02
-3.178540442994032267e-02
-1.038913844880043347e-01
-1.953319168382214588e-01
-2.892643648239068277e-01
-3.720694149269708761e-01
-4.359934699191750362e-01
-4.690476256433914748e-01
-4.579576811782828383e-01
-3.872376713374677260e-01
-2.397531785337044252e-01
-4.462776963772163707e-02
1.006406949200380208e-01
1.292544885551196177e-01
5.564789981968774890e-02
-7.985604785639632830e-02
-2.434639122440238057e-01
-4.059877097025947901e-01
-5.360406335651320964e-01
-5.991525435402417221e-01
-5.558102465471764786e-01
-3.674133500123933360e-01
-4.051554410390710570e-02
3.362751399008654940e-01
6.534531488468700022e-01
8.683261965779460745e-01
9.707287345612062301e-01
9.415926482829810595e-01
7.963215627564137478e-01
5.809134657805417046e-01
3.381009683098081808e-01
9.412239830479343650e-02
-1.371941884282267266e-01
-3.349894025488656113e-01
-4.710186913311625312e-01
-5.523568262693770992e-01
-6.229733411549374100e-01
-6.861107196852680445e-01
-7.014130766607549194e-01
-6.295553371308817425e-01
-4.550156928232491627e-01
-2.008976454872530293e-01
7.330990799167695637e-02
3.143899472127378303e-01
4.926947624968748829e-01
5.792671830637529107e-01
5.860403983692661356e-01
5.431042925268984023e-01
4.538640114259382408e-01
3.321737382834262231e-01
2.200722945214716453e-01
1.618876445233986272e-01
1.484362980750599803e-01
1.343349572834349193e-01
1.114403390363211399e-01
9.360484351535686143e-02
7.530137285269070113e-02
3.910695982187699371e-02
-1.594243009196483901e-02
-8.240091088937476216e-02
-1.614809091654633710e-01
-2.479746794180926472e-01
-3.352201840387575293e-01
-4.212813395443136821e-01
-4.993584007994399387e-01
-5.569905833908508352e-01
-5.755730169594210910e-01
-5.293312439102789702e-01
-3.977382773151784123e-01
-1.857889392458125233e-01
8.771637481904775990e-02
3.767926637200302298e-01
5.970780292281752111e-01
7.009904198851142354e-01
6.966355568052317038e-01
6.046987667278517220e-01
4.502116025612079575e-01
2.627849331070080119e-01
6.645848648328776809e-02
-1.250192188726851339e-01
-3.000677336190205602e-01
-4.450411371313139353e-01
-5.434312877075346826e-01
-5.835287418709030893e-01
-5.689949542722019249e-01
-4.977112404917309885e-01
-3.493978781081359952e-01
-1.261279517448831156e-01
1.227708990552027618e-01
3.501844596469256832e-01
5.284898330866490967e-01
6.247154015265634630e-01
6.326011600036006710e-01
5.757642667236810841e-01
4.770818213981445899e-01
3.497772841362329355e-01
1.985452383755524908e-01
3.115548661912826908e-02
-1.435231437155040091e-01
-3.197179522432088694e-01
-4.859425822097177550e-01
-6.243952109456715194e-01
-7.188038917468466682e-01
-7.563648017760064013e-01
-7.203061281757789924e-01
-5.849011631897952368e-01
-3.407477300396581921e-01
-4.384543345793071728e-02
2.166561304630431062e-01
4.124726572219561405e-01
5.558885047957891068e-01
6.272083110291792885e-01
6.021103960880060946e-01
5.001327596158385846e-01
3.584476610637580829e-01
2.040692433781350901e-01
5.820687053803540872e-02
-6.280141084438020660e-02
-1.440629235008645814e-01
-1.819145508071465522e-01
-1.905172855399254461e-01
-1.756932635106678853e-01
-1.422641469644629897e-01
-1.113516471569744593e-01
-8.828306412944758597e-02
-5.497531309789803478e-02
-8.138136237865654932e-03
3.043511139218760264e-02
5.440739459065574435e-02
7.871051827494937592e-02
1.156388087262318759e-01
1.576884620160856620e-01
1.794705390795813538e-01
1.724870344075417061e-01
1.446220095357989011e-01
1.025956607578281249e-01
5.305845019389147238e-02
3.525514983739016887e-03
-3.649608861647019725e-02
-6.011500029471446988e-02
-7.237173149852479948e-02
-8.355358646182250992e-02
-9.505165928592253233e-02
-9.928740305007173472e-02
-9.213453496299965628e-02
-8.042695223456317044e-02
-6.897777345914728186e-02
-5.872973872254223793e-02
-5.227078181262552470e-02
-4.834506648960001235e-02
-4.312201631150937298e-02
-3.204895300758017068e-02
-1.005604846908469963e-02
2.686133500236111832e-02
8.054504236644041693e-02
1.453915889420131224e-01
1.991626302091481782e-01
2.160912922913592327e-01
1.923847812529690116e-01
1.391614479252920589e-01
6.615805685722207785e-02
-1.744481789399708604e-02
-1.019826637105265693e-01
-1.807414259419575231e-01
-2.474000573817889403e-01
-2.909855414114720373e-01
-2.999734336261986600e-01
-2.645223801299524946e-01
-1.919679848739667960e-01
-1.055192190867138974e-01
-2.502331666187104092e-02
3.158564615553633576e-02
5.286555487521815005e-02
3.470428875348369191e-02
-1.272541621312638094e-02
-6.566759601986933703e-02
-9.785054600188189400e-02
-8.283454053281152918e-02
4.426016121217360433e-04
1.360150880534501117e-01
2.555584351996996739e-01
3.065821125611525866e-01
2.917214185701605400e-01
2.326631591537531019e-01
1.491761373001883051e-01
6.034373465920529755e-02
-1.604480458606859575e-02
-6.304428142162450677e-02
-7.595706345766034540e-02
-6.315751833967168938e-02
-2.176477950714708620e-02
3.779211570612736604e-02
7.482134234112372551e-02
6.978896405328577357e-02
3.678837421662512625e-02
-4.059326837091041702e-03
-4.725901637353241425e-02
-9.921535886503052293e-02
-1.541742174789498820e-01
-1.970792751896679462e-01
-2.115906727127973008e-01
-1.775280960135958708e-01
-8.699183798250097188e-02
2.421014500761267674e-02
9.822236564569007677e-02
1.175860943556563953e-01
9.542402705736083290e-02
4.323865230313024555e-02
-2.582223661661068453e-02
-9.885292243090838815e-02
-1.607544461466799135e-01
-1.912091606586539538e-01
-1.740684847687363201e-01
-9.727188506594104667e-02
5.536368075833346392e-02
2.522459131187398396e-01
4.069162317893936787e-01
4.796326193765103607e-01
4.821748768157558818e-01
4.263894636590159770e-01
3.280989077219047534e-01
2.073889218863847472e-01
7.878745770930961623e-02
-4.867107822864984168e-02
-1.669100436390294484e-01
-2.720055334676826364e-01
-3.623441277951433559e-01
-4.317723246132459947e-01
-4.763038515926296679e-01
-4.925119335189551695e-01
-4.660858009709089034e-01
-3.821789421892901051e-01
-2.298583623484721505e-01
-4.147261792892725785e-02
1.041465182312525106e-01
1.737757273131036451e-01
1.843652347960318960e-01
1.563617757604846004e-01
1.121444526284272880e-01
8.108001872388745368e-02
7.291751322923439860e-02
6.569967957061975672e-02
5.332853931201164688e-02
5.049193613860251950e-02
6.968650811200828576e-02
1.339078716382791079e-01
2.362858675976676204e-01
3.172223875847425267e-01
3.465665752432732227e-01
3.344546230701677114e-01
2.891459028730459790e-01
2.176019427996806754e-01
1.269930833245430102e-01
2.769304662931807576e-02
-6.721943037270497467e-02
-1.478502808234067600e-01
-2.089097161806400815e-01
-2.456803239591842380e-01
-2.569261138130645716e-01
-2.475156973946311401e-01
-2.196114097659940256e-01
-1.680152856310090925e-01
-8.122312754807053947e-02
2.305783302695366133e-02
8.953231180176719761e-02
9.153962631989946697e-02
4.265665003404791461e-02
-3.926891617222579706e-02
-1.412293286180647534e-01
-2.484853562985430975e-01
-3.379783555260602035e-01
-3.806553203233394855e-01
-3.645669614366370270e-01
-2.988467555435718181e-01
-1.729626012513948985e-01
1.113280665467434108e-03
1.646814936284158037e-01
3.033636150002689824e-01
4.191709470164509121e-01
4.791410524210840127e-01
4.720189773670320221e-01
4.143350691256069140e-01
3.276439790023363829e-01
2.316620277169658126e-01
1.414504099574570573e-01
7.663306736745410797e-02
4.267026883827183814e-02
8.593986142214127266e-03
-6.219063244315138628e-02
-1.762875370539714048e-01
-3.172451645965173594e-01
-4.594100441405386537e-01
-5.778500776121427984e-01
-6.514412273375788098e-01
-6.579107695483170648e-01
-5.761073764803399389e-01
-4.149790648970634876e-01
-2.062871726658735694e-01
5.380917408231443433e-02
3.387517619438623617e-01
5.582331961152109390e-01
6.782976902776722827e-01
7.214896422279580834e-01
7.031793967131868550e-01
6.359076621452044442e-01
5.339929323869752054e-01
4.125620322869656409e-01
2.849883820679545154e-01
1.629425097564339009e-01
5.554837751785651062e-02
-3.288535344709058589e-02
-1.023968106072333517e-01
-1.605221639210851203e-01
-2.155355338048072500e-01
-2.682241797256906812e-01
-3.171560857574957648e-01
-3.614760756602395375e-01
-3.977780844854803544e-01
-4.185338560215338122e-01
-4.146838840661561387e-01
-3.777800339700608800e-01
-2.956387913023407754e-01
-1.500760361659830844e-01
5.542330799691207177e-02
2.528815023899947945e-01
3.598954512503251824e-01
3.605339355719375249e-01
2.789764115666331090e-01
1.383728436009262763e-01
-3.889209357723409644e-02
-2.265337892373118778e-01
-3.943718507780786253e-01
-5.158974141432784988e-01
-5.675671869684811854e-01
-5.206691483349803473e-01
-3.440870142685805155e-01
-7.322142552416296968e-02
1.935146557758399832e-01
3.973714405667206906e-01
5.160277314795393977e-01
5.499589476045315672e-01
5.233350026035038516e-01
4.565346956906846110e-01
3.677025665004944321e-01
2.740625653928263628e-01
1.898150119590120699e-01
1.240344596953207312e-01
7.684986242894695230e-02
4.802032617234912315e-02
3.398832869652018002e-02
1.938508311144721691e-02
-4.339973381649125939e-03
-3.450384097321571031e-02
-6.778347619540228686e-02
-1.009673854046834185e-01
-1.310507666673138560e-01
-1.555247069115117398e-01
-1.741153447651221930e-01
-1.888221793334103893e-01
-1.993867492795607932e-01
-2.032460838975798378e-01
-1.947078477958520126e-01
-1.766120829547421223e-01
-1.684577162441324438e-01
-1.807984547702635170e-01
-2.094483219313962863e-01
-2.445920857776613389e-01
-2.665759433651660459e-01
-2.518081589598306080e-01
-1.801550346316889428e-01
-3.369092470047255206e-02
1.579291253575952902e-01
3.139879751762783000e-01
3.981631727776762664e-01
4.234420221874054535e-01
4.036442820898248351e-01
3.523723342333867636e-01
2.832749082922554340e-01
2.054295501704117288e-01
1.218165165958500495e-01
3.857068563196825589e-02
-3.444909672374454890e-02
-9.160862667052152575e-02
-1.303615828298080870e-01
-1.514742711498063832e-01
-1.586667835587337594e-01
-1.532271162798138353e-01
-1.321637674136727780e-01
-9.595853323518112321e-02
-5.377043279870152154e-02
-1.722520786201517384e-02
4.443689628647390887e-03
9.278314849153921837e-03
6.811188183013239250e-04
-1.895713344129439787e-02
-4.345810459844028778e-02
-6.261439968937460021e-02
-7.198760632565802398e-02
-7.075865193000245579e-02
-5.661119414890581486e-02
-2.864341640469822425e-02
1.203596649951598277e-02
5.907512103354933125e-02
1.039174963869211044e-01
1.409132501502443346e-01
1.631365429572722292e-01
1.701074143277952477e-01
1.724734064944697387e-01
1.771461894392983571e-01
1.786026893700102813e-01
1.690760468377915937e-01
1.495356443295922100e-01
1.251860327638051884e-01
9.710986823856598837e-02
6.452233921067281053e-02
2.944787299092604602e-02
-4.215416286577018667e-03
-3.362448881978880033e-02
-6.229307189727592564e-02
-9.562494813729208176e-02
-1.314495927613770210e-01
-1.660888755370086567e-01
-1.938995847229781910e-01
-1.896509432640781923e-01
-1.526293673918366900e-01
-1.315163097718363705e-01
-1.496645227588885851e-01
-1.889241334865016941e-01
-2.293103040379057822e-01
-2.572853515863954832e-01
-2.539178408342754878e-01
-2.154799121384122496e-01
-1.658771238217715271e-01
-1.090245146673098353e-01
-2.763448473426266191e-02
9.394796340894301379e-02
2.424970886711135809e-01
3.660232141461051136e-01
4.224184686451810111e-01
3.921293401660328470e-01
2.794332687021932049e-01
1.155998291540110273e-01
-5.300066787171203719e-02
-2.002003517199161253e-01
-3.385062089880565561e-01
-4.704605853118775105e-01
-5.692491947599479518e-01
-6.139285375497213204e-01
-5.896307679519542377e-01
-4.580770147428512296e-01
-2.098805027873717477e-01
7.215735243378622321e-02
3.037777076328764814e-01
4.816563372649187436e-01
6.112600563467047721e-01
6.719908308683154585e-01
6.561699146471666744e-01
5.819218806470001226e-01
4.802952227260834372e-01
3.857742666854926950e-01
3.064776552244131702e-01
2.114311954073345712e-01
8.837620832660532388e-02
-4.310874001994664112e-02
-1.630886272831379713e-01
-2.558213191599443825e-01
-3.088470119590352447e-01
-3.104737288249954097e-01
-2.615391700916602225e-01
-1.825134032077012081e-01
-9.306440780933045165e-02
1.399275896346655057e-04
8.629022528926488800e-02
1.378968855292617146e-01
1.449279461428543414e-01
1.221762401590242020e-01
7.784805682111207992e-02
1.176966205887153977e-02
-7.119939567503387468e-02
-1.545908193156144139e-01
-2.227429929047212431e-01
-2.689649847822049855e-01
-2.818089104905660003e-01
-2.551800747064965069e-01
-2.070447903638818477e-01
-1.566548738146675834e-01
-1.070843414992273257e-01
-6.027187337083109164e-02
-1.798625283502134839e-02
2.810369752478903208e-02
8.264199327361466951e-02
1.372389845156040677e-01
1.860319044596583093e-01
2.272303384331471054e-01
2.583799189658457229e-01
2.798252710840065105e-01
2.854269675372373416e-01
2.651228641667005004e-01
2.247276067420431178e-01
1.757998075231598789e-01
1.226256119953204882e-01
6.782109222803321680e-02
9.910483718103924727e-03
-4.878485647953328952e-02
-1.046687641591895201e-01
-1.574569124117587982e-01
-2.009529972737215120e-01
-2.312895080133631764e-01
-2.492857834669471861e-01
-2.543999417127273399e-01
-2.454664449648635838e-01
-2.185308341057967119e-01
-1.633946869130873114e-01
-6.971569272501350334e-02
7.187538890458755603e-02
2.467150168035885383e-01
3.942085588305492827e-01
4.665061124718563601e-01
4.611129890219200500e-01
3.863506505693650173e-01
2.508261348827260373e-01
6.806149182612869497e-02
-1.452663832797021215e-01
-3.697826727559342941e-01
-5.818182835334884118e-01
-7.575665193581458956e-01
-8.724945313205159092e-01
-9.052598783590041220e-01
-8.430149445848107437e-01
-6.589868066368935740e-01
-3.610857022820781470e-01
-3.681664018348798639e-02
2.194889458418972650e-01
3.673641819065217584e-01
4.222838204020366026e-01
4.189011506651331151e-01
3.916980102701416167e-01
3.824937119173227873e-01
4.243145402929325294e-01
4.956498830295765767e-01
5.384653378955165381e-01
5.345268636316105049e-01
4.900495393507902087e-01
4.030032688301211641e-01
2.809095323152030477e-01
1.420312351498416170e-01
6.050569517653433572e-03
-1.108412663925796571e-01
-1.971245863567879508e-01
-2.433464388317712057e-01
-2.410949670324283034e-01
-1.843768296793771300e-01
-9.914160727875256929e-02
-3.823765293221493416e-02
-2.175490904957436133e-02
-4.110631061574955558e-02
-8.471742323948783238e-02
-1.361547841652027968e-01
-1.814215199631896425e-01
-2.103747237337114384e-01
-2.138706952254029459e-01
-1.812369469569356517e-01
-1.002595052291875150e-01
1.080688146623657794e-02
1.032518356958953137e-01
1.562655070631349119e-01
1.783931059548790055e-01
1.802592025851572632e-01
1.704050746724712906e-01
1.525229556418097043e-01
1.293794741379323543e-01
1.047044826450192895e-01
8.362550545774528887e-02
7.191229279923121165e-02
6.936389651908889120e-02
6.994194950355983598e-02
6.785098504043959866e-02
6.055433919576784507e-02
4.673321390861606001e-02
2.291983900981065664e-02
-1.251555923405635318e-02
-5.805541981913465988e-02
-1.078103818880649101e-01
-1.506116436350826426e-01
-1.755255757013408635e-01
-1.710582534593940995e-01
-1.245100275351055663e-01
-6.303310090974040270e-02
-5.100124172148472884e-02
-1.084236044215573652e-01
-2.126380076400190555e-01
-3.445403683879340595e-01
-4.821016699983612375e-01
-5.963370477132686753e-01
-6.610339140931338342e-01
-6.504396899733962956e-01
-5.321212555157286417e-01
-2.982288970989001031e-01
2.634554721597495708e-02
3.850432951476599475e-01
6.739574613267869108e-01
8.272235674547572248e-01
8.581705008926658884e-01
7.999954940389200075e-01
6.832203780119385783e-01
5.353845423092349343e-01
3.802601886397953823e-01
2.354135042965360691e-01
1.099396351811936234e-01
1.108361957550493132e-02
-5.006136629488219109e-02
-8.726048914697757952e-02
-1.413904025950073751e-01
-2.258463097382378271e-01
-3.224890652506723909e-01
-4.134460671379094343e-01
-4.849434289297598344e-01
-5.216075091810202791e-01
-5.072065045677722761e-01
-4.280955626722583451e-01
-2.934245642559780154e-01
-1.317726731700459009e-01
5.705586235977926080e-02
2.564577638624132017e-01
4.024844579678600875e-01
4.724001156017110237e-01
4.872845802858317699e-01
4.608949549772344279e-01
4.035218097834537554e-01
3.268452856551214980e-01
2.379943576770748581e-01
1.416945793182525226e-01
4.217473273471956940e-02
-5.729731323824815287e-02
-1.511667124020287800e-01
-2.310931088816785828e-01
-2.939101827893932373e-01
-3.410680355657313978e-01
-3.675553614201397257e-01
-3.662115860138583923e-01
-3.299532723444166815e-01
-2.483241467420378434e-01
-1.362642794033338545e-01
-3.222400116394755210e-02
5.486273205988718982e-02
1.445836401062722820e-01
2.601671331763182327e-01
3.867771633460406755e-01
4.655270869352461927e-01
4.711216565396910694e-01
4.178746589901531916e-01
3.216605802802079417e-01
1.966881812804210095e-01
5.576535666104081440e-02
-8.782915125321455463e-02
-2.221245557648314217e-01
-3.373861890702995470e-01
-4.227926170500988512e-01
-4.668360850184855027e-01
-4.732232410371423059e-01
-4.555800943490116439e-01
-4.048638830023023605e-01
-3.115092505044453342e-01
-1.851080017614280260e-01
-4.911671658265444329e-02
5.220131420821222390e-02
9.507911033208346629e-02
9.799354282449167231e-02
9.152332255574473219e-02
1.062376680483840818e-01
1.762305895510473119e-01
2.854903079482050132e-01
3.584285210640513197e-01
3.612507176407022125e-01
3.102422016631021795e-01
2.200449558428825836e-01
1.018684053399509792e-01
-3.225459457922152939e-02
-1.655893056979213240e-01
-2.774123077978385976e-01
-3.473128402991246255e-01
-3.543435321097395119e-01
-2.765958368178191851e-01
-1.307469678217626496e-01
1.029895064918836395e-02
9.769414135064269367e-02
1.392842666189417766e-01
1.528754641279207183e-01
1.552764648439712569e-01
1.605391994245298215e-01
1.670606786161271951e-01
1.666406441390885229e-01
1.589278354315252495e-01
1.503914588306865530e-01
1.524951735240447082e-01
1.605070419773294566e-01
1.502456435139083446e-01
1.179130325565492105e-01
7.704993679079104318e-02
3.844683475966647473e-02
1.056213232460877921e-02
-5.707986978240393167e-03
-1.422382183938940628e-02
-1.863734920454664101e-02
-2.084602571662980824e-02
-2.045530828946473187e-02
-1.836381596056747140e-02
-2.369618660173996444e-02
-4.420737568184709976e-02
-7.204454857457202877e-02
-9.682706138494356907e-02
-1.145764498211462035e-01
-1.243133790328841692e-01
-1.261552515289814935e-01
-1.179208560083034318e-01
-9.544659740588781749e-02
-6.078170481221722293e-02
-2.153385158834014712e-02
8.661990056438417795e-03
1.048701533656658767e-02
-2.426316912192967926e-02
-9.257593063666028077e-02
-1.826950880669126476e-01
-2.768123030873801960e-01
-3.567772810271361839e-01
-4.030378386439042449e-01
-4.157885815702036525e-01
-4.131909892239329363e-01
-3.897051102244781795e-01
-3.139711970979965350e-01
-1.490529003127982755e-01
8.713092349707013407e-02
3.154789284908062208e-01
4.774873247540557530e-01
5.453756702597747363e-01
5.285120750324678873e-01
4.644765604393806258e-01
3.837378257970623929e-01
3.106547644580689438e-01
2.627638341452716575e-01
2.372571720666308837e-01
2.138790261686892846e-01
1.816546941381663172e-01
1.420429962082297437e-01
9.803385033713547803e-02
5.222292760223000430e-02
1.137602142351039347e-02
-1.637813330104848780e-02
-3.465705909315508482e-02
-5.542079004333232833e-02
-8.553047222444806752e-02
-1.237218522534544590e-01
-1.645787747831233272e-01
-1.993403617415704931e-01
-2.183874233105418117e-01
-2.220008302514494825e-01
-2.169338140074464905e-01
-2.043211498638583534e-01
-1.828445868651676076e-01
-1.481385378376519624e-01
-9.699159837328483191e-02
-4.325669473003356663e-02
-4.887266144583355190e-03
2.346233655869554152e-02
5.462777212557174550e-02
8.802267613097805588e-02
1.175482578415435186e-01
1.369616889360601719e-01
1.505602823894448272e-01
1.685709545264375830e-01
1.934269867569478329e-01
2.180611056897739930e-01
2.301238780795435701e-01
2.277459426083106031e-01
2.189390567569158286e-01
2.078067916259796477e-01
1.899203834709225214e-01
1.569492869612762742e-01
1.056613930037594157e-01
3.536712040908859822e-02
-5.596943872584533852e-02
-1.686581924851515979e-01
-3.012799555826712883e-01
-4.485879581303456876e-01
-5.989406756896298312e-01
-7.353586576554377308e-01
-8.406470039883656709e-01
-8.990700211947824094e-01
-8.894486040441701435e-01
-7.840356251713489488e-01
-5.523781733022102847e-01
-2.061590851111696487e-01
1.635720646021741886e-01
4.703519943066806763e-01
6.846300632428117261e-01
7.958433095390224921e-01
8.164125439779266191e-01
7.741647129351080237e-01
6.900956374383317993e-01
5.835525419953406789e-01
4.697307112497376425e-01
3.538575346490272500e-01
2.391471662701431244e-01
1.417114975370241392e-01
7.307691560273496534e-02
2.379563324269762248e-02
-1.621447619322561456e-02
-5.252540469370401560e-02
-8.752007157909567903e-02
-1.197066459941338867e-01
-1.488162712305172164e-01
-1.740757068859673795e-01
-1.937865227695131087e-01
-2.043948036493270504e-01
-1.975767860445654389e-01
-1.683744958974849326e-01
-1.310455303743724431e-01
-1.045344330111120518e-01
-9.361574866462062106e-02
-9.641690761458365788e-02
-1.087594034608803523e-01
-1.272042224376034314e-01
-1.455253374640059771e-01
-1.534226547267764640e-01
-1.431157645662648470e-01
-1.056764802080941978e-01
-2.893834782487122309e-02
7.316101593868125363e-02
1.592120707504316168e-01
2.120915758892009950e-01
2.402300690184216159e-01
2.534995331966102272e-01
2.609773501854336653e-01
2.743346279845796931e-01
3.036951220686907593e-01
3.399802151461581157e-01
3.618966054381638209e-01
3.587539639582053574e-01
3.312450290875228465e-01
2.780217478527585717e-01
1.928292749332149447e-01
7.225835471176951519e-02
-8.006631099239311378e-02
-2.548245361323416835e-01
-4.392092195410164934e-01
-6.190815705750754017e-01
-7.798660239012938922e-01
-9.032664975620904313e-01
-9.668817245823581041e-01
-9.498369300796426495e-01
-8.260176498858001759e-01
-5.804624892125825886e-01
-2.650962051736066027e-01
2.586244955835912546e-02
2.482209993285016125e-01
4.104669936266814867e-01
5.070666276053527044e-01
5.270592329046436264e-01
4.779031522972199131e-01
3.673743965237515896e-01
2.282597997098090858e-01
1.097552689440609991e-01
4.614236693924975846e-02
4.029269716872188600e-02
6.125960905726139660e-02
9.417553845655055045e-02
1.394375070151199214e-01
1.817344787605856826e-01
2.102185385518706151e-01
2.290706309917457106e-01
2.349611581738019483e-01
2.164703734276886837e-01
1.770018719094600401e-01
1.330849875594638243e-01
9.969590617066070859e-02
9.265430259759052656e-02
1.120672642150244425e-01
1.299548291403976319e-01
1.290647478389197744e-01
1.161564498719250271e-01
1.030975147362563765e-01
9.680855759556501738e-02
9.616283510324478978e-02
9.920169225520207579e-02
9.805246877733012068e-02
7.764559381044003339e-02
3.502905561879827295e-02
-2.097143589498421529e-02
-8.227313739485823951e-02
-1.404619242835611626e-01
-1.988810952859131065e-01
-2.715475003242172058e-01
-3.544255848620976312e-01
-4.292288565670348000e-01
-4.780426499545859520e-01
-4.823655181637405698e-01
-4.335712575113866984e-01
-3.315006305376206885e-01
-1.662704027182874689e-01
2.460275477964722970e-02
1.513539359182169142e-01
1.892033079952966657e-01
1.584552757518018495e-01
6.464104684227060804e-02
-7.977977748948587855e-02
-2.557536354139368084e-01
-4.319770371380122764e-01
-5.650478672002611225e-01
-6.097475112356901539e-01
-5.462843867422779720e-01
-3.863723161425366426e-01
-1.307836379731650567e-01
1.827807667081692011e-01
4.728051728005422949e-01
6.843603818814620876e-01
7.813938295971266657e-01
7.657595338903522286e-01
6.729895189317844917e-01
5.358237513333741209e-01
3.858785275280763871e-01
2.495688514538354497e-01
1.459017320816557717e-01
9.256142355419293144e-02
7.976967617922493814e-02
6.447858018904717436e-02
3.035007978565487999e-02
-1.010902337739780915e-02
-4.877694065937455276e-02
-8.164757858364524168e-02
-1.059780226864321939e-01
-1.214146305694363548e-01
-1.271127546449108137e-01
-1.154803400116739820e-01
-7.788890725255677439e-02
-9.465212731815247915e-03
7.709899004196336947e-02
1.488156156009308173e-01
1.879511498473970532e-01
1.958722236598188782e-01
1.743512446237289737e-01
1.281385574958649742e-01
6.349856630526629075e-02
-1.727536188318280416e-02
-1.137234105253970007e-01
-2.212319580514814921e-01
-3.319396771018217063e-01
-4.359576479835585161e-01
-5.220955722482591987e-01
-5.835281210078757663e-01
-6.210709099257029076e-01
-6.337582389825140439e-01
-6.034891048768761257e-01
-5.104005406554316115e-01
-3.520465984649036040e-01
-1.564201555720161896e-01
2.674291413020668529e-02
1.833399138590111055e-01
3.427316765707829616e-01
5.403477597583623560e-01
7.502551856327535074e-01
8.861909897247216561e-01
9.153202426897322219e-01
8.591463106647377890e-01
7.393892565228369351e-01
5.786449520777465771e-01
3.946532786377391355e-01
2.005038791269985465e-01
1.118452283845025250e-02
-1.579182311989577037e-01
-2.904380952327119680e-01
-3.710499518938124575e-01
-3.945733133068808351e-01
-3.778959381035779663e-01
-3.454450677723707730e-01
-3.072370913233219980e-01
-2.629628220805758643e-01
-1.922874490836333772e-01
-9.047347444582004572e-02
-1.138169248123012747e-02
-4.696092671148616518e-05
-4.485445318783315427e-02
-1.138937276485241373e-01
-1.709417686616082621e-01
-2.182655418121058344e-01
-2.981694077808570986e-01
-4.048359149818058778e-01
-4.886213325825997100e-01
-4.945213487272880348e-01
-4.028091046973882872e-01
-2.713612708824907349e-01
-1.513955505380064903e-01
-1.782604477888341879e-02
1.631462352453813547e-01
3.649960102438672971e-01
5.383992267677734089e-01
6.486925914835557361e-01
6.778643226663779719e-01
6.323349802081521531e-01
5.115772689629768388e-01
3.205732976346278296e-01
9.472152576556805426e-02
-1.162414964864441902e-01
-2.671022707145999098e-01
-3.270563174737185497e-01
-2.816213377301233223e-01
-1.581424786083227008e-01
-1.396563906318058768e-02
9.479848245346737812e-02
1.208883594394537797e-01
5.222424979511874898e-02
-8.553041869918809326e-02
-2.583933345802008064e-01
-4.269303557843272534e-01
-5.458050884641458822e-01
-5.727839371631363585e-01
-4.686779726173373462e-01
-2.495737635222753936e-01
9.418090011696557406e-03
2.535111663081807687e-01
4.471652816820949061e-01
5.669979076006466112e-01
6.159637121685824779e-01
6.087767308223137608e-01
5.600827948133989542e-01
4.832579315454126334e-01
3.914330378141614997e-01
2.959932618584666386e-01
2.056209219587305514e-01
1.221917406609760309e-01
4.647795208599104361e-02
-2.009522350059142481e-02
-7.742840861695712840e-02
-1.254489012754886057e-01
-1.655578743192223090e-01
-1.987803352396173007e-01
-2.271065114995705625e-01
-2.544659347295825103e-01
-2.721790291236040327e-01
-2.671489102466375609e-01
-2.431314292030403723e-01
-2.112537203945446529e-01
-1.695605311941104365e-01
-1.126172869113741676e-01
-5.409623346047962023e-02
-8.759206082576895258e-03
2.352548348552894325e-02
4.175437705700262014e-02
4.151995746429455042e-02
2.817803150614122537e-02
9.188731813749070193e-03
-1.207965091503781542e-02
-3.003571982644774249e-02
-4.159747818121749957e-02
-4.631081139092319693e-02
-4.096444632002143454e-02
-2.677946391758930997e-02
-1.248826030279309891e-02
-4.537001508631652129e-03
-1.109244380263911187e-03
4.441846581913658915e-03
6.381270565193400413e-03
-1.039620572723146813e-02
-4.203097012564911000e-02
-7.031595804292861684e-02
-7.950766633008818363e-02
-5.407659910571032541e-02
2.373767013443553106e-02
1.361057640946382874e-01
2.111621391784471446e-01
2.024609736554599804e-01
1.219779012456232714e-01
-4.105313575836939954e-03
-1.500056393068772698e-01
-2.890290847502399729e-01
-3.939929574114162669e-01
-4.326041411767977407e-01
-3.755006887940150473e-01
-2.046265017697248001e-01
7.125253516962881672e-02
3.797122033522021267e-01
6.171103103280404234e-01
7.304463685018247610e-01
7.262469103312938490e-01
6.306418986086843592e-01
4.723899483617746697e-01
2.794151926635065619e-01
7.046944511319261362e-02
-1.430831436695249315e-01
-3.446782063380938177e-01
-5.112354379159582685e-01
-6.206857367759125443e-01
-6.702643519250934823e-01
-6.795073061282050908e-01
-6.507048464427577228e-01
-5.661170273137471343e-01
-4.101112286571142462e-01
-1.928112974564738236e-01
1.790897303931408141e-02
1.574151738468729245e-01
2.334231182360456125e-01
2.897139200706022044e-01
3.566382198548723736e-01
4.504184483202464118e-01
5.458359558704874992e-01
5.769325961767982625e-01
5.246649281558262157e-01
4.141048250110788143e-01
2.645976761167257996e-01
9.323535528011181461e-02
-8.166435424480128491e-02
-2.422707517479385231e-01
-3.732506317081785152e-01
-4.615058422853057229e-01
-4.988772168788802031e-01
-4.747684310790672435e-01
-3.664439899279893220e-01
-1.846552322237554611e-01
1.322493348761234755e-02
1.823921764667403855e-01
3.060823120252929574e-01
3.800837424690828859e-01
4.011608914246305724e-01
3.770069858907998950e-01
3.264998550783900777e-01
2.631171332479894653e-01
1.959776804496483893e-01
1.330518033232655772e-01
7.941044239993827469e-02
3.219093098465387881e-02
-1.473599837904097931e-02
-6.421330379265914601e-02
-1.162467749780869281e-01
-1.721963687768834350e-01
-2.287876981113282360e-01
-2.747098512671639070e-01
-3.011016731574424066e-01
-3.040790573747556014e-01
-2.833458503259170813e-01
-2.391527138818246023e-01
-1.656464659857141419e-01
-7.278926940698766945e-02
9.997104331486622586e-03
8.107200158594592143e-02
1.621363171277804271e-01
2.447543154086510575e-01
2.942727859635900223e-01
2.982716135793089252e-01
2.690189176102669721e-01
2.195640144848173547e-01
1.589487197985955391e-01
9.632193178889390806e-02
2.957127401835081548e-02
-5.742068984201256776e-02
-1.642514586542642430e-01
-2.749911322584888129e-01
-3.791280642861935557e-01
-4.741955442231401419e-01
-5.564828135601643799e-01
-6.074538376405285156e-01
-5.980499662431503216e-01
-4.986319578091564231e-01
-2.954465153043709935e-01
-9.327991074130972948e-03
2.930302808131916570e-01
5.253543461517214963e-01
6.518826613871686604e-01
6.799617906451597138e-01
6.218826435888725745e-01
5.045012696299566723e-01
3.577397050250793464e-01
2.065439264581335477e-01
7.180901860237316747e-02
-3.389497750539925691e-02
-9.754637697191106960e-02
-1.071770534615129611e-01
-7.950688227989607948e-02
-5.492749847935105012e-02
-5.487839789331705465e-02
-8.035736144075968090e-02
-1.252560743631354612e-01
-1.796669867635090345e-01
-2.357894396502858703e-01
-2.835485466621010531e-01
-3.096485559145570332e-01
-3.000934474129472451e-01
-2.400844070199530944e-01
-1.150887388704111003e-01
5.872003630066541247e-02
2.196438037303519719e-01
3.235458774842299712e-01
3.707583163172394336e-01
3.713727316231113518e-01
3.380018173435582751e-01
2.867144563674979829e-01
2.259465903695588307e-01
1.560784240830142833e-01
8.338290319340285750e-02
2.325051420420222101e-02
-1.104341667359734491e-02
-2.587952708143645419e-02
-4.403766334844422953e-02
-7.559407399976253439e-02
-1.174800233706121133e-01
-1.675435362576079834e-01
-2.240843830196889985e-01
-2.800682450409406887e-01
-3.211827018225631991e-01
-3.355147978504531836e-01
-3.159250757089700490e-01
-2.510501084752372880e-01
-1.242253286060014256e-01
4.561327039465273847e-02
1.907981635452753177e-01
2.678842029062987740e-01
2.801434665594287332e-01
2.410533105191104419e-01
1.654460801521875635e-01
6.761529574120808683e-02
-3.828254814872615597e-02
-1.361914997729989640e-01
-2.063634239662445469e-01
-2.249135523717329943e-01
-1.715146911900969073e-01
-6.847722482860432724e-02
1.685026192045718449e-02
5.082656660478795246e-02
4.548667468588636631e-02
1.630778113532430768e-02
-2.066882318121306128e-02
-4.644137085627458167e-02
-4.533205390659671152e-02
-5.791090735653487385e-03
8.516132468878336026e-02
2.016358966435440880e-01
2.746807764238130556e-01
2.828864090908731477e-01
2.548401486346948963e-01
2.076101577582517288e-01
1.471200647786547466e-01
7.796675868788073560e-02
2.261625325227272811e-03
-7.665835289444437872e-02
-1.539639060641162516e-01
-2.231865935321002414e-01
-2.744723469076710276e-01
-2.961199228446025344e-01
-2.735046459949567188e-01
-2.064814536636130349e-01
-1.190012701897999320e-01
-2.667175097691860605e-02
6.686006733477591057e-02
1.553356599938273408e-01
2.237832621396586286e-01
2.487472840817034070e-01
2.292061459203257601e-01
1.852628854323319085e-01
1.332254988856253208e-01
8.228043176566975092e-02
3.833676313411885778e-02
3.212781259712504597e-03
-2.808051228633601931e-02
-5.912103195308112541e-02
-8.841311323952778800e-02
-1.120220663693235197e-01
-1.341246901984083084e-01
-1.617169116246278404e-01
-1.853871241088864974e-01
-1.931276710028423382e-01
-1.833029920926565193e-01
-1.539023440246217178e-01
-9.360345266553653232e-02
-1.730557910074724537e-03
9.469010185727574913e-02
1.721770253931350081e-01
2.250145263611455504e-01
2.524258967406827758e-01
2.624438154111857213e-01
2.651381572396884767e-01
2.648398813189491441e-01
2.647949658915055293e-01
2.559881176079567000e-01
2.179455203707212907e-01
1.442643502036632386e-01
4.895605378270481700e-02
