-3.117734193801879883e-01
-2.938323020935058594e-01
-2.300019860267639160e-01
-2.188451886177062988e-01
-1.028298139572143555e-01
-1.228423118591308594e-01
-3.380701541900634766e-01
-2.209270596504211426e-01
-2.355029582977294922e-01
4.478316009044647217e-01
-3.012971878051757812e-01
-3.990760445594787598e-01
-1.996892094612121582e-01
-2.751628160476684570e-01
-3.047013878822326660e-01
-2.538519501686096191e-01
-2.894113063812255859e-01
-2.977501153945922852e-01
-2.523708343505859375e-01
-1.813028454780578613e-01
-2.901120781898498535e-01
-3.034388422966003418e-01
-2.157646417617797852e-01
-2.084030508995056152e-01
-2.360104322433471680e-01
-2.541450858116149902e-01
-2.557433843612670898e-01
-2.668501734733581543e-01
-2.459139823913574219e-01
7.268431782722473145e-01
-1.996190547943115234e-01
-2.999809384346008301e-01
-2.020329236984252930e-01
-2.308990359306335449e-01
-2.704482674598693848e-01
-2.617721557617187500e-01
-2.156111598014831543e-01
-1.607605218887329102e-01
-3.009799718856811523e-01
-2.099967002868652344e-01
-3.047679066658020020e-01
-9.790271520614624023e-02
-2.872281670570373535e-01
-2.732066512107849121e-01
-2.636455297470092773e-01
-3.150979876518249512e-01
-3.031774163246154785e-01
-2.679048776626586914e-01
-2.807643413543701172e-01
-3.001860976219177246e-01
-2.646856904029846191e-01
-2.738137245178222656e-01
-2.104167938232421875e-01
-2.753379344940185547e-01
-2.388620376586914062e-01
-2.716789841651916504e-01
-2.151051759719848633e-01
-2.765728235244750977e-01
-2.072479128837585449e-01
1.163550019264221191e-01
-3.344530463218688965e-01
-2.449495196342468262e-01
-2.581169009208679199e-01
-2.614197731018066406e-01
-2.778884768486022949e-01
-2.785897850990295410e-01
-2.474795579910278320e-01
-2.453167438507080078e-01
-1.977401375770568848e-01
-2.777076959609985352e-01
-3.336814045906066895e-01
-2.624415755271911621e-01
-2.929133176803588867e-01
-2.951860427856445312e-01
-2.680407762527465820e-01
-3.149734735488891602e-01
-3.601929545402526855e-01
-2.470067143440246582e-01
-3.058816790580749512e-01
2.079131007194519043e-01
-2.722647786140441895e-01
1.039271116256713867e+00
-2.450015544891357422e-01
-2.188234329223632812e-01
-1.015530228614807129e-01
-3.079516887664794922e-01
2.833515405654907227e-03
-2.287719845771789551e-01
-4.222860932350158691e-01
2.911114692687988281e-02
-3.018193244934082031e-01
2.456977367401123047e-01
-1.468062400817871094e-01
-3.128440976142883301e-01
-3.103657364845275879e-01
-1.644662618637084961e-01
-1.792685389518737793e-01
-2.873655557632446289e-01
-4.044932723045349121e-01
-2.352349758148193359e-01
-2.634280323982238770e-01
-2.855485677719116211e-01
-1.911000609397888184e-01
-2.963037490844726562e-01
-3.202374577522277832e-01
-3.127154707908630371e-01
-2.762383222579956055e-01
-2.506747841835021973e-01
-2.978444695472717285e-01
-2.537475228309631348e-01
-2.462790012359619141e-01
-2.751201391220092773e-01
-2.853416204452514648e-01
-3.274590373039245605e-01
-2.766743898391723633e-01
-2.855273485183715820e-01
-2.835502624511718750e-01
-3.034099340438842773e-01
-3.076432943344116211e-01
-1.254863739013671875e-01
-2.544245719909667969e-01
-1.617722511291503906e-01
-2.854200005531311035e-01
-2.964093685150146484e-01
-1.986321210861206055e-01
-2.207731008529663086e-01
-3.208160996437072754e-01
-2.874165177345275879e-01
-2.661635875701904297e-01
-2.297238111495971680e-01
-2.934175133705139160e-01
-2.422898411750793457e-01
-1.881685853004455566e-01
-2.931766510009765625e-01
-3.200957775115966797e-01
-3.061239123344421387e-01
-2.992131114006042480e-01
-2.925227284431457520e-01
-2.985404729843139648e-01
-2.416563034057617188e-01
-3.122625350952148438e-01
-2.494233250617980957e-01
-2.536771893501281738e-01
-2.980991601943969727e-01
-3.727458119392395020e-01
-2.865602374076843262e-01
-2.366906404495239258e-01
-2.553817033767700195e-01
-5.321726202964782715e-01
-2.669504284858703613e-01
-2.553555369377136230e-01
-2.351923584938049316e-01
-2.897587418556213379e-01
-2.506114840507507324e-01
-3.162994384765625000e-01
-2.832521796226501465e-01
-3.048360347747802734e-01
-2.895951867103576660e-01
-2.742048501968383789e-01
-3.256345987319946289e-01
-2.443773150444030762e-01
-3.027808070182800293e-01
-2.837515473365783691e-01
-3.305730223655700684e-01
-3.943031430244445801e-01
-3.094301819801330566e-01
-2.812308073043823242e-01
-2.826457023620605469e-01
-3.558719158172607422e-01
-3.130509257316589355e-01
-3.252183794975280762e-01
-3.045955896377563477e-01
-3.565802574157714844e-01
-3.038234710693359375e-01
-2.687265872955322266e-01
-2.615371346473693848e-01
-3.588380217552185059e-01
-3.219388127326965332e-01
-6.406570076942443848e-01
7.688611745834350586e-02
-2.507352232933044434e-01
-2.463152408599853516e-01
5.892667174339294434e-02
-2.150460481643676758e-01
-2.699323296546936035e-01
-2.546970248222351074e-01
-2.121643424034118652e-01
-2.384624481201171875e-01
-2.562132477760314941e-01
-2.200497984886169434e-01
-3.249094486236572266e-01
-3.011229038238525391e-01
-2.222122550010681152e-01
-2.119026184082031250e-01
-2.598235011100769043e-01
-2.461388111114501953e-01
-2.594985365867614746e-01
-2.566924095153808594e-01
-2.526187300682067871e-01
-1.929951310157775879e-01
-2.840436100959777832e-01
-2.500780820846557617e-01
1.006914377212524414e-01
-2.744045257568359375e-01
-2.114664316177368164e-01
-2.426868677139282227e-01
-2.210094332695007324e-01
-3.155381679534912109e-01
-2.861657738685607910e-01
-2.538913488388061523e-01
-2.184317111968994141e-01
-7.689633965492248535e-02
-2.514082789421081543e-01
-2.389975190162658691e-01
-2.749534249305725098e-01
-1.700388193130493164e-01
-3.359188437461853027e-01
-2.786535024642944336e-01
-3.045372366905212402e-01
-2.636209130287170410e-01
-3.104119896888732910e-01
-2.705122828483581543e-01
-2.608330845832824707e-01
-2.246850132942199707e-01
-2.858020663261413574e-01
-2.247855663299560547e-01
-2.541598677635192871e-01
-2.400730848312377930e-01
-1.767331957817077637e-01
-3.399571776390075684e-01
-2.686129808425903320e-01
-2.139806747436523438e-01
-3.322399258613586426e-01
-2.591897249221801758e-01
-2.373315691947937012e-01
-2.541815638542175293e-01
-4.115353226661682129e-01
-2.150975465774536133e-01
-1.394115388393402100e-01
-2.553955912590026855e-01
-1.923955678939819336e-01
-2.404797077178955078e-01
-3.146226406097412109e-01
-2.614156007766723633e-01
-2.848325371742248535e-01
-2.607023715972900391e-01
-2.734893560409545898e-01
-2.748543620109558105e-01
-2.642405033111572266e-01
-3.809180855751037598e-01
-2.532048821449279785e-01
-2.315489053726196289e-01
-2.417168617248535156e-01
-2.607678771018981934e-01
-2.453386783599853516e-01
-2.475096583366394043e-01
-2.449875473976135254e-01
-2.449582815170288086e-01
-2.557536363601684570e-01
-3.010404109954833984e-01
-2.064545750617980957e-01
-2.660586237907409668e-01
-2.046085596084594727e-01
-2.656049728393554688e-01
-2.683740854263305664e-01
-2.503399252891540527e-01
-3.110334873199462891e-01
-2.689269185066223145e-01
-3.169376850128173828e-01
-2.130000591278076172e-01
-2.661973237991333008e-01
-2.844502925872802734e-01
-1.507261991500854492e-01
-2.987145185470581055e-01
-2.808589339256286621e-01
-2.629031538963317871e-01
-2.508575320243835449e-01
-2.554044127464294434e-01
-2.568626999855041504e-01
-2.543323040008544922e-01
-2.917307615280151367e-01
-2.871367931365966797e-01
-2.389665246009826660e-01
-2.607679367065429688e-01
-2.657718658447265625e-01
-2.612093687057495117e-01
-2.819821834564208984e-01
-2.563334107398986816e-01
-2.627019286155700684e-01
-2.655029296875000000e-01
-2.814806699752807617e-01
-2.664241790771484375e-01
-2.606475353240966797e-01
-2.534047365188598633e-01
-2.632014751434326172e-01
-2.634663581848144531e-01
-7.643955945968627930e-02
-2.807961702346801758e-01
-2.952771782875061035e-01
-2.226886153221130371e-01
-2.710085511207580566e-01
-2.664672732353210449e-01
-2.607671022415161133e-01
-2.857347130775451660e-01
-5.470195412635803223e-02
-2.541500926017761230e-01
-2.681097984313964844e-01
-2.811561822891235352e-01
-2.474439144134521484e-01
-2.654709219932556152e-01
-3.465051651000976562e-01
-2.757581472396850586e-01
-2.300959229469299316e-01
-2.531508207321166992e-01
-2.846825718879699707e-01
-2.650351524353027344e-01
-2.814804315567016602e-01
-3.000340461730957031e-01
-2.751659154891967773e-01
-2.606214880943298340e-01
-2.367224693298339844e-01
-2.872930765151977539e-01
-2.760293483734130859e-01
-2.622785568237304688e-01
-2.892187833786010742e-01
-2.906943559646606445e-01
-2.658120989799499512e-01
-2.899948954582214355e-01
-4.485903978347778320e-01
-3.029354214668273926e-01
-2.616782188415527344e-01
-2.536486387252807617e-01
-2.281140089035034180e-01
-2.662532329559326172e-01
-2.337488532066345215e-01
-3.007920384407043457e-01
-2.271330952644348145e-01
-2.406383156776428223e-01
-2.535848617553710938e-01
-3.211083412170410156e-01
-3.417821526527404785e-01
-2.971572875976562500e-01
-2.701944112777709961e-01
-3.403627872467041016e-01
-2.537124752998352051e-01
-2.532441616058349609e-01
-2.885400652885437012e-01
-2.757808566093444824e-01
-2.671322226524353027e-01
-2.814466953277587891e-01
-2.814766764640808105e-01
-2.457712888717651367e-01
-2.588948011398315430e-01
-3.117712736129760742e-01
-2.281071543693542480e-01
-3.017022013664245605e-01
-2.606462240219116211e-01
-2.608042955398559570e-01
-2.704576849937438965e-01
-3.413020372390747070e-01
-2.854349613189697266e-01
-2.855528593063354492e-01
-2.907896041870117188e-01
-2.992588281631469727e-01
-2.121240496635437012e-01
-2.584220767021179199e-01
-2.936094403266906738e-01
-3.490820527076721191e-01
-2.648663520812988281e-01
-2.475524544715881348e-01
-2.531996369361877441e-01
-2.383108139038085938e-01
-2.414572238922119141e-01
-2.806451916694641113e-01
-3.024356365203857422e-01
-2.807337641716003418e-01
-2.576139569282531738e-01
-2.852709889411926270e-01
-2.571240067481994629e-01
-2.619363665580749512e-01
-2.611835002899169922e-01
-2.531318068504333496e-01
-2.501137256622314453e-01
-2.630333304405212402e-01
-2.600725293159484863e-01
-2.814782857894897461e-01
-2.763227224349975586e-01
-2.569231390953063965e-01
-3.463345170021057129e-01
-2.435692548751831055e-01
-3.363400697708129883e-01
-2.294098138809204102e-01
-2.699768543243408203e-01
-2.127490639686584473e-01
-2.830429077148437500e-01
-2.710246443748474121e-01
-2.399277687072753906e-01
-2.645817995071411133e-01
-2.153525948524475098e-01
-2.657105326652526855e-01
-2.952088117599487305e-01
-2.608140707015991211e-01
-3.003818988800048828e-01
-2.616727352142333984e-01
-2.451571226119995117e-01
-2.709423303604125977e-01
-1.940948963165283203e-01
-2.760042548179626465e-01
-2.761414051055908203e-01
-2.896089553833007812e-01
-3.340227603912353516e-01
-2.447049021720886230e-01
-3.121170401573181152e-01
-2.442459464073181152e-01
-2.522248029708862305e-01
-3.022138476371765137e-01
-2.716496586799621582e-01
-2.700995206832885742e-01
-3.076755404472351074e-01
-2.334646582603454590e-01
-2.726331949234008789e-01
-2.819591164588928223e-01
-2.680990695953369141e-01
-2.094948887825012207e-01
-2.630910277366638184e-01
-3.507097959518432617e-01
-1.776120662689208984e-01
-2.415416836738586426e-01
-2.734960913658142090e-01
-2.125718593597412109e-01
-2.274439334869384766e-01
-2.397366166114807129e-01
2.285509705543518066e-01
-2.755352258682250977e-01
-2.560891509056091309e-01
-2.455633282661437988e-01
-2.662628293037414551e-01
-2.750894427299499512e-01
-2.454786300659179688e-01
-2.905184030532836914e-01
-2.276550531387329102e-01
-2.706986665725708008e-01
-2.657691836357116699e-01
-2.492088079452514648e-01
-2.364158034324645996e-01
-2.675227522850036621e-01
-2.670776844024658203e-01
-2.891607880592346191e-01
-2.348856329917907715e-01
-2.537326812744140625e-01
-2.807120680809020996e-01
-2.768182158470153809e-01
-2.362629771232604980e-01
-2.209292054176330566e-01
-2.669201493263244629e-01
-2.337135076522827148e-01
-3.095661997795104980e-01
-2.589547038078308105e-01
-2.641569375991821289e-01
-2.313115000724792480e-01
-2.673825621604919434e-01
-2.606208324432373047e-01
-2.833090424537658691e-01
-2.938869595527648926e-01
-2.997856736183166504e-01
7.254546880722045898e-02
-2.896059155464172363e-01
-2.541613578796386719e-01
-3.113223910331726074e-01
-3.593664765357971191e-01
-2.858001589775085449e-01
-3.289479017257690430e-01
-3.292869329452514648e-01
-2.996785640716552734e-01
-2.857999801635742188e-01
-3.148907423019409180e-01
-2.906783223152160645e-01
-2.812528014183044434e-01
-2.820887565612792969e-01
-2.228661179542541504e-01
-3.350811600685119629e-01
-2.842139005661010742e-01
-2.609100341796875000e-01
-2.352862954139709473e-01
-2.491405606269836426e-01
-2.650542855262756348e-01
-2.639591097831726074e-01
-2.491413354873657227e-01
-2.896355390548706055e-01
-2.809305787086486816e-01
-2.647223472595214844e-01
-2.347822785377502441e-01
-2.735170722007751465e-01
-2.320687770843505859e-01
-2.600181698799133301e-01
-2.711395621299743652e-01
-2.647931575775146484e-01
-2.664359807968139648e-01
-2.245870232582092285e-01
-3.817562460899353027e-01
-2.936016917228698730e-01
-2.466214299201965332e-01
-2.765794396400451660e-01
-2.906811237335205078e-01
-2.706252336502075195e-01
-2.890812158584594727e-01
-2.808673381805419922e-01
-2.753528952598571777e-01
-3.766391873359680176e-01
-3.298401832580566406e-01
-2.697335481643676758e-01
-1.936302185058593750e-01
-2.761937975883483887e-01
-2.681831121444702148e-01
-2.816053628921508789e-01
-2.776296734809875488e-01
-2.814675569534301758e-01
-3.167074918746948242e-01
-3.094149827957153320e-01
-3.492454290390014648e-01
-2.367429137229919434e-01
-2.657670378684997559e-01
-2.069771289825439453e-01
-2.504276037216186523e-01
-2.838906645774841309e-01
-1.733238697052001953e-01
-3.009120821952819824e-01
-2.510398030281066895e-01
-2.852964401245117188e-01
-2.393547296524047852e-01
-2.733200788497924805e-01
-3.054562211036682129e-01
-2.871367931365966797e-01
-2.719771265983581543e-01
-2.724021673202514648e-01
-2.990009784698486328e-01
-3.300486207008361816e-01
-3.295166492462158203e-01
-4.515025019645690918e-01
-2.465075254440307617e-01
-2.698549032211303711e-01
-2.822868824005126953e-01
-2.183071374893188477e-01
-2.599685788154602051e-01
-2.944973707199096680e-01
-2.167611718177795410e-01
-2.550318837165832520e-01
-2.358466386795043945e-01
-2.699241042137145996e-01
-2.854316234588623047e-01
-3.042888641357421875e-01
-2.882418036460876465e-01
-3.157742023468017578e-01
-2.033066749572753906e-01
-2.812299728393554688e-01
-2.867528796195983887e-01
-2.817807197570800781e-01
-2.300705313682556152e-01
-3.023507595062255859e-01
-3.172959685325622559e-01
-2.824021577835083008e-01
-2.702650427818298340e-01
-2.986477017402648926e-01
-2.691832780838012695e-01
-2.606419920921325684e-01
-2.657718658447265625e-01
-2.813925147056579590e-01
-3.152438998222351074e-01
-2.668122053146362305e-01
-3.043480515480041504e-01
-2.773987054824829102e-01
-2.529701590538024902e-01
-2.738996744155883789e-01
-2.933082580566406250e-01
-2.818049192428588867e-01
-2.852432131767272949e-01
-2.674070596694946289e-01
-3.051617145538330078e-01
-2.658181190490722656e-01
-2.524370551109313965e-01
-2.392446994781494141e-01
-2.814736366271972656e-01
-2.648130059242248535e-01
-2.707769274711608887e-01
-2.380953431129455566e-01
-3.128144145011901855e-01
-2.817055583000183105e-01
-2.556051611900329590e-01
-2.688789367675781250e-01
-2.906951904296875000e-01
-2.674648761749267578e-01
-2.760753035545349121e-01
-2.811852693557739258e-01
-2.731573581695556641e-01
-2.705314755439758301e-01
-2.714006304740905762e-01
-2.817503809928894043e-01
-2.722671031951904297e-01
-2.478671669960021973e-01
-2.502167820930480957e-01
-2.584945559501647949e-01
-2.620307803153991699e-01
-3.528611063957214355e-01
-3.124614953994750977e-01
-2.647173404693603516e-01
-2.764831185340881348e-01
-2.606244087219238281e-01
-2.803681492805480957e-01
-2.905778884887695312e-01
-2.573694586753845215e-01
-2.758610248565673828e-01
-2.557460069656372070e-01
-2.722365856170654297e-01
-3.134725689888000488e-01
-2.490093111991882324e-01
-2.887451052665710449e-01
-2.691595554351806641e-01
-2.762259840965270996e-01
-2.681948542594909668e-01
-2.688731551170349121e-01
-2.629615068435668945e-01
-2.494314312934875488e-01
-2.724365592002868652e-01
-2.594510316848754883e-01
-2.799857258796691895e-01
-2.575336098670959473e-01
-2.497770190238952637e-01
-2.978180050849914551e-01
7.160713672637939453e-01
-2.357519865036010742e-01
-3.193685412406921387e-01
1.204040646553039551e-02
-2.148059606552124023e-01
-2.781375646591186523e-01
-1.569765806198120117e-01
-2.206003069877624512e-01
-2.802306413650512695e-01
-1.974191069602966309e-01
-2.720525264739990234e-01
-2.343195676803588867e-01
-2.399276494979858398e-01
-2.537193298339843750e-01
-2.031247019767761230e-01
-2.869366407394409180e-01
-2.194440960884094238e-01
-2.402511835098266602e-01
-1.996673345565795898e-01
-2.268900275230407715e-01
-2.667089104652404785e-01
-2.811722159385681152e-01
-2.366054654121398926e-01
-2.244684100151062012e-01
-2.621079087257385254e-01
-2.809683680534362793e-01
-2.765997648239135742e-01
-2.393482923507690430e-01
-2.389273047447204590e-01
-2.697460055351257324e-01
-3.713646531105041504e-01
-2.759230136871337891e-01
-2.471632957458496094e-01
-1.667082309722900391e-01
-1.987735629081726074e-01
-3.418498635292053223e-01
-2.400261163711547852e-01
-2.510532736778259277e-01
-2.603547573089599609e-01
-2.695328593254089355e-01
-2.810513973236083984e-01
-2.355456948280334473e-01
-2.642440199851989746e-01
-2.630478143692016602e-01
-2.657721638679504395e-01
-2.347828149795532227e-01
-2.945637106895446777e-01
-2.691879272460937500e-01
-2.204656600952148438e-01
-2.444908022880554199e-01
-2.638801336288452148e-01
-2.694775462150573730e-01
-3.333366513252258301e-01
-2.617205381393432617e-01
-2.823469042778015137e-01
-2.557458877563476562e-01
-2.916444540023803711e-01
-2.570519447326660156e-01
-3.802559375762939453e-01
-2.764250040054321289e-01
-2.855753302574157715e-01
-1.947824954986572266e-01
-3.416433930397033691e-01
-2.478254437446594238e-01
-2.814757227897644043e-01
-3.008271455764770508e-01
-2.906874418258666992e-01
-3.167228102684020996e-01
-2.869632244110107422e-01
-1.896468400955200195e-01
-2.771451473236083984e-01
-2.712562680244445801e-01
-2.596871852874755859e-01
-2.791628241539001465e-01
-2.980805635452270508e-01
-2.640852928161621094e-01
-2.657712101936340332e-01
-2.834237813949584961e-01
-1.587392091751098633e-01
-2.757196426391601562e-01
-4.126862287521362305e-01
-2.814816236495971680e-01
-2.757478952407836914e-01
-2.897345423698425293e-01
-2.469131946563720703e-01
-4.238575696945190430e-02
-2.762615084648132324e-01
-3.451970815658569336e-01
-2.797158360481262207e-01
-3.334292769432067871e-01
-2.769308090209960938e-01
-3.000445961952209473e-01
-2.871900796890258789e-01
-1.308867335319519043e-02
-2.564272284507751465e-01
-2.912825345993041992e-01
-2.423610091209411621e-01
-2.773742079734802246e-01
-2.815379500389099121e-01
-2.753139138221740723e-01
-2.606456875801086426e-01
-3.650190830230712891e-01
-2.789234519004821777e-01
-2.417275905609130859e-01
-2.186775207519531250e-01
-3.233270049095153809e-01
-2.414075732231140137e-01
-2.153014540672302246e-01
-2.548270225524902344e-01
-2.605723738670349121e-01
-2.878247499465942383e-01
-3.235974311828613281e-01
-3.194735646247863770e-01
-3.028381466865539551e-01
-3.061845898628234863e-01
-2.963246107101440430e-01
-2.877609729766845703e-01
-2.435412406921386719e-01
-2.684963345527648926e-01
-2.150469422340393066e-01
-2.667360305786132812e-01
8.795267343521118164e-01
-2.666611075401306152e-01
-2.597262859344482422e-01
-2.644798755645751953e-01
-2.485442757606506348e-01
-2.945434451103210449e-01
-2.870468497276306152e-01
-2.118000984191894531e-01
-2.754792571067810059e-01
-2.781680822372436523e-01
-3.242014050483703613e-01
-2.456126213073730469e-01
-2.897784113883972168e-01
-2.705073952674865723e-01
-2.897786498069763184e-01
-2.519098520278930664e-01
-2.776749134063720703e-01
-2.499713897705078125e-01
-2.774106860160827637e-01
-2.698548436164855957e-01
-2.897702455520629883e-01
-2.556643486022949219e-01
-2.843503355979919434e-01
-2.853799462318420410e-01
-2.684838175773620605e-01
-2.821539640426635742e-01
-2.710286974906921387e-01
-2.815372943878173828e-01
-2.627056241035461426e-01
-2.960216999053955078e-01
-2.337571382522583008e-01
-2.495801448822021484e-01
-3.129500150680541992e-01
-3.694087862968444824e-01
-2.799162864685058594e-01
-2.848969101905822754e-01
-3.153274059295654297e-01
-2.537622451782226562e-01
-2.377178668975830078e-01
-1.901805400848388672e-02
-2.320884466171264648e-01
-2.967113256454467773e-01
-2.522010207176208496e-01
-2.520636320114135742e-01
-2.469128370285034180e-01
-2.809681296348571777e-01
-2.787983417510986328e-01
-2.819863557815551758e-01
-2.372207641601562500e-01
-2.663903236389160156e-01
-2.739096879959106445e-01
-2.669719457626342773e-01
-2.250655293464660645e-01
-2.626617550849914551e-01
-2.985937595367431641e-01
-2.445167899131774902e-01
-2.418372035026550293e-01
-2.215155959129333496e-01
-4.622835516929626465e-01
-2.932726740837097168e-01
-2.722660899162292480e-01
-2.250899672508239746e-01
-2.536628246307373047e-01
-1.904661059379577637e-01
-2.309045791625976562e-01
-2.814812064170837402e-01
-2.502511143684387207e-01
-2.338526844978332520e-01
-2.254425287246704102e-01
-2.969315648078918457e-01
-2.254722118377685547e-01
-2.255743145942687988e-01
-2.646281719207763672e-01
-2.841414809226989746e-01
-2.794054150581359863e-01
-2.944682836532592773e-01
-2.535975575447082520e-01
-2.988895177841186523e-01
-2.513116002082824707e-01
-2.648113965988159180e-01
-2.707610130310058594e-01
-2.328687310218811035e-01
-2.606574892997741699e-01
-2.577981352806091309e-01
-2.320687770843505859e-01
-2.378306388854980469e-01
-1.740871667861938477e-01
-2.263554334640502930e-01
-2.144619822502136230e-01
-2.641855478286743164e-01
-2.772918343544006348e-01
-2.604089379310607910e-01
-2.299246788024902344e-01
-2.621381282806396484e-01
-2.883399724960327148e-01
-2.597861289978027344e-01
-2.200503945350646973e-01
-2.716590762138366699e-01
-2.416390180587768555e-01
-2.682911753654479980e-01
-2.173377871513366699e-01
-2.459191083908081055e-01
-2.338652014732360840e-01
-2.814815044403076172e-01
-2.802292704582214355e-01
-1.387366056442260742e-01
-2.855157852172851562e-01
-2.207789421081542969e-01
-2.329387068748474121e-01
-2.638081312179565430e-01
-2.287756800651550293e-01
-2.032999396324157715e-01
-2.906308770179748535e-01
-2.458767294883728027e-01
-2.580488920211791992e-01
-1.786111593246459961e-01
-2.744735479354858398e-01
-2.435978055000305176e-01
-3.139791488647460938e-01
-2.896349430084228516e-01
-2.363063693046569824e-01
-2.320612668991088867e-01
2.817181348800659180e-01
-2.407593727111816406e-01
-2.205435633659362793e-01
-2.757481336593627930e-01
-2.722297906875610352e-01
-2.153778076171875000e-01
-2.575635313987731934e-01
-2.613146305084228516e-01
-2.350278496742248535e-01
-2.362052202224731445e-01
-2.606413364410400391e-01
-2.814816832542419434e-01
-2.923631668090820312e-01
-3.099236488342285156e-01
-2.656487822532653809e-01
-2.404711246490478516e-01
-3.822157979011535645e-01
1.615872383117675781e-01
-2.058324813842773438e-01
-3.436521887779235840e-01
-2.072004079818725586e-01
-2.749562859535217285e-01
-2.415530681610107422e-01
-2.465955615043640137e-01
-2.973194122314453125e-01
-2.839747071266174316e-01
-3.395646810531616211e-01
-3.290614485740661621e-01
-2.430714368820190430e-01
-2.136030793190002441e-01
-2.807579636573791504e-01
-2.457354068756103516e-01
-3.020005822181701660e-01
-3.405497670173645020e-01
-3.272014856338500977e-01
-2.818027734756469727e-01
-3.039385676383972168e-01
-2.232092022895812988e-01
-2.939592003822326660e-01
-2.690408229827880859e-01
-1.285946667194366455e-01
-2.904772758483886719e-01
-2.347816824913024902e-01
-3.033269643783569336e-01
-2.352650165557861328e-01
-2.696145176887512207e-01
-2.607821822166442871e-01
-2.670212388038635254e-01
-2.096980810165405273e-01
-2.868044972419738770e-01
-2.691676020622253418e-01
-2.663711905479431152e-01
-2.655827403068542480e-01
-2.482250928878784180e-01
-2.535008192062377930e-01
-2.698071599006652832e-01
-2.307903766632080078e-01
-3.601710796356201172e-01
-2.586398720741271973e-01
-2.359133958816528320e-01
-1.297822296619415283e-01
-2.715684771537780762e-01
-2.616117596626281738e-01
-2.718257904052734375e-01
-2.208077907562255859e-01
-2.865952253341674805e-01
-2.640813589096069336e-01
-2.631899118423461914e-01
-2.556486129760742188e-01
-2.634299993515014648e-01
-2.325469851493835449e-01
-2.509012222290039062e-01
-2.634299993515014648e-01
-2.767074704170227051e-01
-2.634299993515014648e-01
-2.724480032920837402e-01
-2.634299993515014648e-01
-2.698939442634582520e-01
-2.690851092338562012e-01
-2.859381437301635742e-01
-2.360435724258422852e-01
-2.813245654106140137e-01
-2.358663678169250488e-01
-2.470126748085021973e-01
-2.727728486061096191e-01
-5.013841390609741211e-02
-2.813659906387329102e-01
-2.696552276611328125e-01
-2.555950284004211426e-01
-2.814786434173583984e-01
-1.861081719398498535e-01
-2.903926968574523926e-01
-2.668266296386718750e-01
-2.870818972587585449e-01
-2.897303104400634766e-01
2.145683765411376953e-02
-2.009241580963134766e-01
-1.090481579303741455e-01
-2.622552514076232910e-01
-2.194037437438964844e-01
-2.381465435028076172e-01
-2.422177195549011230e-01
-2.552735209465026855e-01
-2.644429206848144531e-01
-2.255880236625671387e-01
-1.191687583923339844e-01
-2.429146766662597656e-01
-2.425872087478637695e-01
9.078972935676574707e-01
-3.232222795486450195e-01
-2.523167133331298828e-01
-2.739760875701904297e-01
-2.606418728828430176e-01
-2.772673368453979492e-01
-3.133008480072021484e-01
-2.928737998008728027e-01
-2.213577032089233398e-01
-2.648648023605346680e-01
-2.332912683486938477e-01
-2.849293947219848633e-01
-2.723212838172912598e-01
-2.996634244918823242e-01
-1.193190813064575195e-01
-2.662255764007568359e-01
-2.543123960494995117e-01
-2.793007493019104004e-01
-2.698549628257751465e-01
-2.805502414703369141e-01
8.381797671318054199e-01
-2.946173548698425293e-01
-2.554908394813537598e-01
-2.909242510795593262e-01
-2.747864127159118652e-01
-2.857912778854370117e-01
-2.640956044197082520e-01
-3.222038149833679199e-01
-2.716793417930603027e-01
-2.852423191070556641e-01
-2.651078701019287109e-01
-2.416025996208190918e-01
-2.825903296470642090e-01
-2.707974314689636230e-01
-2.504908442497253418e-01
-2.714824080467224121e-01
-2.541450858116149902e-01
-2.793266177177429199e-01
-2.958619594573974609e-01
-2.574128508567810059e-01
-2.599558234214782715e-01
-2.666469812393188477e-01
-2.886686325073242188e-01
-2.900776267051696777e-01
-2.926347255706787109e-01
-2.880808115005493164e-01
-3.219974040985107422e-01
-2.341243028640747070e-01
-3.023125529289245605e-01
-2.133998870849609375e-01
-2.644633054733276367e-01
-2.814815044403076172e-01
-2.750568389892578125e-01
-3.208882212638854980e-01
-2.449315190315246582e-01
-2.657808065414428711e-01
-2.751085758209228516e-01
-2.699596881866455078e-01
-2.403780221939086914e-01
-2.715976238250732422e-01
-2.670903801918029785e-01
-2.798155546188354492e-01
-2.359658479690551758e-01
-2.472551465034484863e-01
-2.356016039848327637e-01
-3.070479035377502441e-01
-2.413934469223022461e-01
-2.415312528610229492e-01
-2.991357445716857910e-01
-2.712945938110351562e-01
-2.697042822837829590e-01
-3.099427819252014160e-01
-2.484664916992187500e-01
-2.896943092346191406e-01
-3.975148200988769531e-01
-2.416724562644958496e-01
-2.742180824279785156e-01
-2.803765535354614258e-01
-2.565625905990600586e-01
-2.348421812057495117e-01
-2.429296374320983887e-01
-2.714238166809082031e-01
-2.649407982826232910e-01
-2.347809672355651855e-01
-2.337566614151000977e-01
-1.981388926506042480e-01
-2.406669855117797852e-01
-2.284176945686340332e-01
-2.518711686134338379e-01
-2.680824398994445801e-01
-1.927794218063354492e-01
-2.675344347953796387e-01
-2.255704402923583984e-01
-2.345906496047973633e-01
-1.967694163322448730e-01
-2.621182203292846680e-01
-2.604448199272155762e-01
-2.464075684547424316e-01
-2.312239408493041992e-01
-3.085728883743286133e-01
-2.762214541435241699e-01
-2.757480144500732422e-01
-2.213923931121826172e-01
-2.646226882934570312e-01
-1.416952610015869141e-01
-2.571902275085449219e-01
-2.759174704551696777e-01
-2.690317630767822266e-01
-2.561573386192321777e-01
-2.679354548454284668e-01
-3.022821545600891113e-01
-2.708044052124023438e-01
-2.478426694869995117e-01
-2.130990624427795410e-01
-2.749854922294616699e-01
-2.541450858116149902e-01
-2.142210006713867188e-01
-2.328996062278747559e-01
-3.181728124618530273e-01
-2.824879288673400879e-01
-2.383494973182678223e-01
-2.610424160957336426e-01
-2.585753798484802246e-01
-3.079683780670166016e-01
-2.832196950912475586e-01
-1.760150790214538574e-01
-2.440469861030578613e-01
-2.714269757270812988e-01
-3.005181550979614258e-01
-2.949643135070800781e-01
-2.781990766525268555e-01
-2.517869472503662109e-01
-1.507569551467895508e-01
-2.849028110504150391e-01
-2.543978691101074219e-01
-2.654032111167907715e-01
-2.403160929679870605e-01
-2.380970716476440430e-01
-2.730849981307983398e-01
-2.409347295761108398e-01
-2.674298286437988281e-01
-2.625372409820556641e-01
-2.814810276031494141e-01
-2.772734761238098145e-01
-2.678291797637939453e-01
-3.014410138130187988e-01
-2.467812895774841309e-01
-2.793071866035461426e-01
-2.906782627105712891e-01
-2.814684510231018066e-01
-3.146945238113403320e-01
3.647352159023284912e-01
-2.617741227149963379e-01
-2.622507810592651367e-01
-2.805356383323669434e-01
-2.763196229934692383e-01
-1.930438876152038574e-01
-3.098061680793762207e-01
-2.821329832077026367e-01
-2.319504022598266602e-01
-2.374041080474853516e-01
-2.885367870330810547e-01
-2.554801106452941895e-01
-2.969022393226623535e-01
-2.215916514396667480e-01
-2.502881884574890137e-01
-2.771915793418884277e-01
-2.303986549377441406e-01
-1.791487932205200195e-01
-3.079873323440551758e-01
-2.961319088935852051e-01
-2.814279794692993164e-01
-2.702502608299255371e-01
-2.236080765724182129e-01
-2.657069563865661621e-01
-2.491415143013000488e-01
4.781536459922790527e-01
-1.706579923629760742e-01
-2.814817428588867188e-01
-2.814796566963195801e-01
-1.021113991737365723e-01
-2.766671180725097656e-01
-2.974870800971984863e-01
-2.657455801963806152e-01
-2.491611242294311523e-01
-3.249392509460449219e-01
-2.569471597671508789e-01
-2.656904458999633789e-01
-3.758573532104492188e-01
-2.824479937553405762e-01
-9.091535210609436035e-02
-2.588948011398315430e-01
3.324052095413208008e-01
-3.119907379150390625e-01
-2.606399655342102051e-01
-2.627117633819580078e-01
-2.704701423645019531e-01
-3.144240379333496094e-01
-3.878715038299560547e-01
-3.073207139968872070e-01
-3.001935482025146484e-01
-2.320588231086730957e-01
-2.754836678504943848e-01
-2.993900179862976074e-01
-2.519077062606811523e-01
-2.600171566009521484e-01
-2.484725117683410645e-01
-2.906953096389770508e-01
-3.247924447059631348e-01
-2.694414258003234863e-01
-2.443068027496337891e-01
-2.813428044319152832e-01
-2.414050102233886719e-01
-2.432227730751037598e-01
-2.619783878326416016e-01
-2.657722234725952148e-01
-2.606449127197265625e-01
-2.625086903572082520e-01
-2.369363307952880859e-01
-3.062573075294494629e-01
-1.288307905197143555e-01
-2.504961490631103516e-01
-2.910923361778259277e-01
-2.403222322463989258e-01
-2.623676657676696777e-01
-2.660244107246398926e-01
-2.683718800544738770e-01
-2.621255517005920410e-01
-2.972062826156616211e-01
-2.302509546279907227e-01
-2.947909832000732422e-01
-2.611289620399475098e-01
-2.754426598548889160e-01
-2.964191436767578125e-01
-2.877331376075744629e-01
-2.554970979690551758e-01
-2.950213551521301270e-01
-2.657857537269592285e-01
-2.709901928901672363e-01
-2.659835815429687500e-01
-2.504865527153015137e-01
-2.997242808341979980e-01
-2.449312806129455566e-01
-2.770111560821533203e-01
-2.223480939865112305e-01
-2.912475466728210449e-01
-2.348716855049133301e-01
-2.998651862144470215e-01
-2.715740799903869629e-01
-2.992803454399108887e-01
-2.491737604141235352e-01
-2.750343084335327148e-01
-2.815277576446533203e-01
-2.676402330398559570e-01
-2.754293680191040039e-01
-2.874563932418823242e-01
-3.061511516571044922e-01
-4.139577150344848633e-01
-2.471529841423034668e-01
-2.657665014266967773e-01
-3.288019895553588867e-01
-2.775453329086303711e-01
-2.642107605934143066e-01
-2.976703643798828125e-01
-2.842118144035339355e-01
-2.860817313194274902e-01
6.882005929946899414e-02
-3.004547357559204102e-01
-2.476194500923156738e-01
-2.662765979766845703e-01
1.069686174392700195e+00
-2.284405827522277832e-01
-2.171889543533325195e-01
-2.655379176139831543e-01
-2.445377111434936523e-01
-2.790232300758361816e-01
-2.422719597816467285e-01
-2.449405789375305176e-01
-2.556282281875610352e-01
-2.952079176902770996e-01
-3.094663023948669434e-01
-2.716490030288696289e-01
-2.332994341850280762e-01
-2.667181491851806641e-01
-2.615291476249694824e-01
-2.358769774436950684e-01
-9.855678677558898926e-02
-3.152043819427490234e-01
-2.632414102554321289e-01
-2.086313962936401367e-01
-2.422780990600585938e-01
-2.944512963294982910e-01
-2.328643798828125000e-01
-2.606602907180786133e-01
-2.731703519821166992e-01
-2.605333328247070312e-01
-2.726163864135742188e-01
-2.805575728416442871e-01
-2.277861237525939941e-01
-2.831088304519653320e-01
-2.140046954154968262e-01
-2.399280071258544922e-01
-2.321485877037048340e-01
-9.539282321929931641e-02
-2.747832536697387695e-01
-2.683560848236083984e-01
-1.960644721984863281e-01
-2.929329872131347656e-01
-2.515537142753601074e-01
-2.746663093566894531e-01
-2.313141226768493652e-01
-2.831243872642517090e-01
-2.739108800888061523e-01
-2.870566844940185547e-01
-2.694403529167175293e-01
-2.569699883460998535e-01
-3.097957968711853027e-01
-2.720217108726501465e-01
-2.570920586585998535e-01
-2.736895680427551270e-01
-2.421190142631530762e-01
-2.814309000968933105e-01
-2.813223004341125488e-01
-2.691150307655334473e-01
-2.229346036911010742e-01
-2.814801335334777832e-01
-2.776942849159240723e-01
-2.052615284919738770e-01
-3.055402636528015137e-01
-3.375034928321838379e-01
-2.721326351165771484e-01
-2.208012938499450684e-01
-2.438401579856872559e-01
-3.919214010238647461e-02
-2.517555356025695801e-01
-2.449360489845275879e-01
-2.655227780342102051e-01
-2.659695744514465332e-01
-2.746791839599609375e-01
-3.305982947349548340e-01
-2.764889597892761230e-01
-2.661713361740112305e-01
-1.991795897483825684e-01
-7.072344422340393066e-02
-2.365877032279968262e-01
-2.109544277191162109e-01
-2.514079213142395020e-01
-2.357016205787658691e-01
-2.545644640922546387e-01
-2.699029445648193359e-01
-2.533255815505981445e-01
-9.142249822616577148e-03
-2.631832957267761230e-01
-2.513689398765563965e-01
-3.224544525146484375e-01
-2.765085101127624512e-01
-2.684159874916076660e-01
-2.642495632171630859e-01
-3.369333148002624512e-01
-2.813013792037963867e-01
-2.281426787376403809e-01
-2.398953437805175781e-01
-2.602126598358154297e-01
-2.599805593490600586e-01
-2.642359733581542969e-01
-2.847321033477783203e-01
-2.214902639389038086e-01
-3.692448139190673828e-01
-2.596725225448608398e-01
-2.835145592689514160e-01
-2.980340123176574707e-01
-2.550557255744934082e-01
-2.608025074005126953e-01
-2.620328664779663086e-01
-2.777028083801269531e-01
-2.813219428062438965e-01
-2.664123773574829102e-01
-2.477816343307495117e-01
-2.364431023597717285e-01
-2.574412822723388672e-01
-2.683409452438354492e-01
-2.722193598747253418e-01
-2.456249594688415527e-01
-2.906582951545715332e-01
-2.917607426643371582e-01
-2.655429840087890625e-01
-2.657483220100402832e-01
-2.664881944656372070e-01
-2.541460394859313965e-01
-2.397642135620117188e-01
-2.774254083633422852e-01
-1.918009519577026367e-01
-2.452652454376220703e-01
-2.970235943794250488e-01
-2.646785974502563477e-01
-2.628234028816223145e-01
-2.514502406120300293e-01
-2.775472998619079590e-01
-2.782883644104003906e-01
-4.476608633995056152e-01
-2.723065614700317383e-01
-2.906939983367919922e-01
-2.195283174514770508e-01
-2.758321762084960938e-01
-2.410528063774108887e-01
-1.261414885520935059e-01
-2.214819192886352539e-01
-2.628185153007507324e-01
-2.696892023086547852e-01
-2.039299011230468750e-01
-2.890075445175170898e-01
-2.657935023307800293e-01
-2.876131534576416016e-01
-2.769809961318969727e-01
-2.192593216896057129e-01
-1.627649664878845215e-01
-2.274827361106872559e-01
-1.675783991813659668e-01
-2.189196348190307617e-01
-1.681334376335144043e-01
-2.395792007446289062e-01
-2.702388763427734375e-01
-2.576336264610290527e-01
-2.583380937576293945e-01
-2.317131757736206055e-01
-2.491413354873657227e-01
-2.118017673492431641e-01
-6.093448400497436523e-02
-2.807978987693786621e-01
-2.947217226028442383e-01
-2.759537100791931152e-01
-3.040552139282226562e-01
-2.906736135482788086e-01
-2.651891708374023438e-01
-2.721461653709411621e-01
-3.383936285972595215e-01
-2.426225543022155762e-01
-2.129465937614440918e-01
-2.911865115165710449e-01
-2.600129842758178711e-01
-2.463436126708984375e-01
-2.814767360687255859e-01
-2.571176290512084961e-01
-3.135550022125244141e-01
-4.157235026359558105e-01
-2.324242591857910156e-01
-2.243386507034301758e-01
-2.529792189598083496e-01
-2.821698188781738281e-01
-2.706120610237121582e-01
-2.721766233444213867e-01
-2.678108811378479004e-01
-2.659786939620971680e-01
-3.617295026779174805e-01
-2.661917209625244141e-01
-2.657753229141235352e-01
-2.528080344200134277e-01
-2.873932123184204102e-01
-2.563383579254150391e-01
-3.264279961585998535e-01
-2.585467696189880371e-01
-2.205645442008972168e-01
-2.953927516937255859e-01
-2.487893700599670410e-01
-6.910273432731628418e-02
-2.662938833236694336e-01
-2.799093127250671387e-01
-2.509921193122863770e-01
-2.832070589065551758e-01
-2.634296417236328125e-01
-2.867520451545715332e-01
-2.839260101318359375e-01
-1.146839261054992676e-01
-2.731008529663085938e-01
-2.599771022796630859e-01
-3.078818917274475098e-01
-2.671177387237548828e-01
-2.203452587127685547e-01
-2.763297557830810547e-01
-2.047780752182006836e-01
-2.203303575515747070e-01
-2.819657325744628906e-01
-3.206679821014404297e-01
-2.819864153861999512e-01
-2.616905570030212402e-01
-2.753279209136962891e-01
-2.698481678962707520e-01
-3.058650493621826172e-01
-2.798690795898437500e-01
-6.343245506286621094e-03
-2.669508457183837891e-01
-2.938622236251831055e-01
-2.857965230941772461e-01
-3.621533513069152832e-01
-2.657719254493713379e-01
-2.061074972152709961e-01
-2.999197840690612793e-01
-2.442627549171447754e-01
-2.359933853149414062e-01
-2.362886071205139160e-01
-2.649594545364379883e-01
-2.318404912948608398e-01
-2.683564424514770508e-01
-2.721552252769470215e-01
-2.723731994628906250e-01
-3.307890892028808594e-01
-2.168571949005126953e-01
-3.241534829139709473e-01
-2.220596075057983398e-01
-2.932425141334533691e-01
-3.205623626708984375e-01
-2.959072589874267578e-01
-2.170298695564270020e-01
-2.542228698730468750e-01
-2.562316060066223145e-01
-2.692523002624511719e-01
-2.728196978569030762e-01
-2.887006402015686035e-01
-2.542287707328796387e-01
-2.663099765777587891e-01
-2.840644717216491699e-01
-3.029737472534179688e-01
-2.399837374687194824e-01
-2.842909693717956543e-01
-2.749178409576416016e-01
-2.560628056526184082e-01
-2.652117609977722168e-01
-2.413207888603210449e-01
-3.030967116355895996e-01
-2.664020061492919922e-01
-2.452114820480346680e-01
-2.920207381248474121e-01
-2.556636333465576172e-01
-2.904407978057861328e-01
-2.763313055038452148e-01
-2.919043898582458496e-01
-2.706168293952941895e-01
-2.612546086311340332e-01
-2.514739036560058594e-01
-2.904857993125915527e-01
-2.876659035682678223e-01
-2.508404254913330078e-01
-2.967562079429626465e-01
-2.738270759582519531e-01
-2.946917414665222168e-01
-2.449570894241333008e-01
-3.174290657043457031e-01
-2.901347875595092773e-01
-2.328445911407470703e-01
-1.420357823371887207e-01
-2.567948102951049805e-01
-2.771056294441223145e-01
-2.445739507675170898e-01
-2.535765767097473145e-01
-2.721269726753234863e-01
-2.050932049751281738e-01
-2.412631511688232422e-01
-2.829968929290771484e-01
-2.876698374748229980e-01
-2.722836136817932129e-01
-2.579274773597717285e-01
-2.764442563056945801e-01
-2.428457140922546387e-01
-1.629508733749389648e-01
-2.665392756462097168e-01
-2.412871718406677246e-01
-2.606215476989746094e-01
-2.412779331207275391e-01
-2.451254725456237793e-01
-2.430647611618041992e-01
-2.473207116127014160e-01
-2.750894427299499512e-01
-2.385663390159606934e-01
-2.125647068023681641e-01
-3.520237803459167480e-01
-2.705081701278686523e-01
-2.857739925384521484e-01
-2.412857413291931152e-01
-2.658682465553283691e-01
-3.183443546295166016e-01
-2.897400856018066406e-01
-2.352693676948547363e-01
-2.820222973823547363e-01
-2.714731693267822266e-01
-3.030405640602111816e-01
-2.853166460990905762e-01
-2.776840329170227051e-01
-2.414803504943847656e-01
-2.606413960456848145e-01
-2.179740667343139648e-01
-2.976411581039428711e-01
-2.422064542770385742e-01
-2.457662820816040039e-01
-2.727482318878173828e-01
-2.696779370307922363e-01
-2.581737041473388672e-01
-3.269611001014709473e-01
-2.329726219177246094e-01
-2.121230959892272949e-01
-2.889972329139709473e-01
-2.775472402572631836e-01
-2.449562549591064453e-01
-2.635295391082763672e-01
-2.856717705726623535e-01
-2.776430249214172363e-01
-2.650824189186096191e-01
-2.810461521148681641e-01
-2.765862941741943359e-01
-2.657707333564758301e-01
-1.713953018188476562e-01
-1.857710480690002441e-01
-2.251669168472290039e-01
-2.451512217521667480e-01
-2.740570902824401855e-01
-2.371221184730529785e-01
-2.862383127212524414e-01
-2.615919709205627441e-01
-2.277570366859436035e-01
-2.398792505264282227e-01
-2.549557685852050781e-01
-2.611621022224426270e-01
-2.549019455909729004e-01
-3.466860055923461914e-01
-2.636293172836303711e-01
-2.453359961509704590e-01
-2.449291944503784180e-01
-2.363106012344360352e-01
-2.546344995498657227e-01
-2.319956421852111816e-01
-2.520636916160583496e-01
-2.491788864135742188e-01
-2.806341052055358887e-01
-1.968073844909667969e-01
-2.657718062400817871e-01
-2.428779602050781250e-01
-2.455862164497375488e-01
-2.906343340873718262e-01
-2.611711621284484863e-01
-2.411738038063049316e-01
-2.823536992073059082e-01
-2.364366054534912109e-01
-2.782767415046691895e-01
-2.500408887863159180e-01
-2.400647401809692383e-01
-2.556065917015075684e-01
-2.459030151367187500e-01
-2.449632287025451660e-01
4.638299345970153809e-02
-2.769827246665954590e-01
-2.662792801856994629e-01
-1.944975852966308594e-01
-2.996240258216857910e-01
-1.920539140701293945e-02
-2.964406013488769531e-01
-1.064078807830810547e-01
-2.616353034973144531e-01
-9.141859412193298340e-02
-2.344132661819458008e-01
-2.710521221160888672e-01
-2.512871026992797852e-01
-2.829705476760864258e-01
-2.500696778297424316e-01
-2.800825238227844238e-01
-3.181588649749755859e-01
-2.350791692733764648e-01
-2.906847596168518066e-01
-2.911001443862915039e-01
-2.506542801856994629e-01
-2.362754344940185547e-01
-3.760123252868652344e-01
-1.671387553215026855e-01
-2.436994910240173340e-01
-3.122926354408264160e-01
-2.968696355819702148e-01
-2.814816832542419434e-01
-2.650048732757568359e-01
-2.642233967781066895e-01
-2.695474624633789062e-01
-2.604155540466308594e-01
-2.841550707817077637e-01
-2.901912331581115723e-01
-2.606275081634521484e-01
-2.686277627944946289e-01
-3.114189505577087402e-01
-2.339394688606262207e-01
-2.963849902153015137e-01
-2.565838098526000977e-01
-3.075058460235595703e-01
-2.520452737808227539e-01
-2.449713349342346191e-01
-2.711013555526733398e-01
-2.698907256126403809e-01
-2.810603976249694824e-01
-2.814775705337524414e-01
-2.557181715965270996e-01
-2.214121222496032715e-01
-2.757397294044494629e-01
-3.005332350730895996e-01
-2.733190059661865234e-01
-3.537250757217407227e-01
-2.518318891525268555e-01
-3.534790277481079102e-01
-2.514567971229553223e-01
-2.814880013465881348e-01
-2.657327651977539062e-01
-2.732458114624023438e-01
-2.742397189140319824e-01
-2.661717534065246582e-01
-2.781097292900085449e-01
-2.259316444396972656e-01
-2.783691883087158203e-01
-2.176550030708312988e-01
-2.526168823242187500e-01
-2.449241280555725098e-01
-2.837985754013061523e-01
-2.284647822380065918e-01
-2.658058404922485352e-01
-2.660318017005920410e-01
-2.510792613029479980e-01
-2.732247710227966309e-01
-2.661938071250915527e-01
-2.814813256263732910e-01
-2.444796562194824219e-01
-1.411656737327575684e-01
-3.091629147529602051e-01
-3.054421544075012207e-01
-2.037236094474792480e-01
-3.313566446304321289e-01
-2.779857516288757324e-01
-2.935474514961242676e-01
-2.839936017990112305e-01
-3.556924462318420410e-01
-2.763044238090515137e-01
-2.449319362640380859e-01
-2.719210982322692871e-01
-2.530489563941955566e-01
-2.749865055084228516e-01
-2.767571806907653809e-01
-3.559038043022155762e-01
-2.774861454963684082e-01
-3.123347163200378418e-01
-2.657669186592102051e-01
-2.318467497825622559e-01
-2.657858133316040039e-01
-2.536818981170654297e-01
-2.543401122093200684e-01
-2.699922323226928711e-01
-2.906953096389770508e-01
-1.472012996673583984e-01
-2.460377812385559082e-01
-4.261339902877807617e-01
-2.347816824913024902e-01
-2.491452693939208984e-01
-2.910521030426025391e-01
-2.570630311965942383e-01
-2.766625881195068359e-01
-2.897102236747741699e-01
-2.654229998588562012e-01
-2.814816832542419434e-01
-3.410066962242126465e-01
-2.924378514289855957e-01
-2.657805085182189941e-01
-2.585420012474060059e-01
-2.981756329536437988e-01
-2.506268024444580078e-01
-2.651077508926391602e-01
-2.496668696403503418e-01
-2.661297917366027832e-01
-2.705914974212646484e-01
-2.666991949081420898e-01
-3.205726742744445801e-01
-2.838056683540344238e-01
-2.964453101158142090e-01
-2.789685130119323730e-01
-2.653197050094604492e-01
-2.781108617782592773e-01
-2.657860517501831055e-01
-2.803485989570617676e-01
-2.736380696296691895e-01
-2.740441560745239258e-01
-1.929454803466796875e-01
-2.591366767883300781e-01
-2.657696008682250977e-01
-2.516574263572692871e-01
-2.540300488471984863e-01
-2.816910743713378906e-01
-2.499712109565734863e-01
-2.501152157783508301e-01
-2.464049458503723145e-01
-3.408496975898742676e-01
-2.624762654304504395e-01
-2.837812900543212891e-01
-2.851794362068176270e-01
-3.190146684646606445e-01
-2.345297336578369141e-01
-2.764306664466857910e-01
-2.451318502426147461e-01
-2.839447855949401855e-01
-2.634206414222717285e-01
-2.195484638214111328e-01
-3.022154569625854492e-01
-2.328929305076599121e-01
-2.332330942153930664e-01
-2.680004835128784180e-01
-2.678942084312438965e-01
-2.327543497085571289e-01
-2.219864130020141602e-01
-2.353308796882629395e-01
-2.612966299057006836e-01
-2.682737708091735840e-01
-2.749348878860473633e-01
-2.812375426292419434e-01
-2.414163351058959961e-01
-2.699588537216186523e-01
-2.161505818367004395e-01
-2.698570489883422852e-01
-2.460518479347229004e-01
-2.449314594268798828e-01
-2.698549032211303711e-01
-2.409009337425231934e-01
-2.121347188949584961e-01
