-3.035578540451094182e-03
-2.810017591277227597e-02
-4.854773001780156999e-02
-5.744990738342502928e-02
-5.368378987364950949e-02
-4.246440758177461028e-02
-2.902278234022000886e-02
-1.849117953657058652e-02
-1.285000686505592161e-02
-9.700945992118559930e-03
-6.398489367763241994e-03
2.715311803673628281e-03
1.969569805514358868e-02
3.475730270576554704e-02
4.217691338941411544e-02
4.466262912891579007e-02
4.392212020222141522e-02
4.208479794229506160e-02
4.280894666943040050e-02
4.691434620287864010e-02
5.124543644883401694e-02
5.382376488392338898e-02
5.471651253493196865e-02
4.923127317567192740e-02
2.963139914076963130e-02
-4.299459526558730912e-03
-4.708902103292923053e-02
-9.377187314001315943e-02
-1.391002654722367504e-01
-1.756360558098899738e-01
-1.954968583839902241e-01
-1.944955456728039711e-01
-1.711181555188107106e-01
-1.180050643332254123e-01
-2.458114226060027080e-02
9.290519009122354122e-02
1.948518651246843592e-01
2.635558657229988277e-01
3.042662803891342804e-01
3.221539739358561527e-01
3.184297105440415110e-01
2.952320051957808000e-01
2.587568228625787281e-01
2.126811777701467787e-01
1.571078490972109276e-01
9.178814274578667165e-02
1.585239699118381682e-02
-6.643226936680188266e-02
-1.505815177483942613e-01
-2.408052818859740263e-01
-3.377309443196959138e-01
-4.348073619215713226e-01
-5.249106381446994041e-01
-5.986580583473424255e-01
-6.421541993679168447e-01
-6.366266351867126971e-01
-5.588668419773323848e-01
-3.816367635072093201e-01
-1.021614892663055413e-01
1.958603810541822421e-01
3.969664981085687105e-01
4.749039762939938347e-01
4.610434290466239871e-01
3.846756017250270721e-01
2.771227105155597004e-01
1.691609403095958863e-01
8.392932762546960468e-02
3.206530862637228807e-02
1.673101048430912507e-02
4.545010681012355558e-02
1.328016111007188360e-01
2.541437742514546794e-01
3.419682142323128837e-01
3.674550147020535507e-01
3.462133256716070084e-01
2.941927807857079857e-01
2.236228464427923168e-01
1.453728606286516511e-01
6.732572724222359029e-02
-8.628576595534585836e-03
-8.727365603830340712e-02
-1.689870547804797063e-01
-2.479192677359969843e-01
-3.214430807849855132e-01
-3.860209560727627665e-01
-4.330661194241797185e-01
-4.507704058752741161e-01
-4.247382243632316645e-01
-3.387871041240194669e-01
-1.942195480283573361e-01
-3.642562807297552996e-02
8.006403412726081914e-02
1.428855848919436955e-01
1.648823543999170804e-01
1.579140760676656652e-01
1.354183867823488263e-01
1.100328107995129368e-01
9.083688744140624993e-02
8.540685133552519681e-02
8.911169502195052938e-02
9.054115196041997993e-02
9.052906371902313953e-02
8.894542499954367909e-02
7.778363228809262453e-02
5.844135825265736606e-02
4.039304041981667259e-02
2.894964616221989626e-02
2.212242346184787808e-02
1.574663237799924301e-02
9.081393192858777663e-03
3.829483646885329003e-03
1.844485018377976099e-03
4.343800283606424895e-03
1.057202512374037957e-02
1.703458753393509786e-02
2.219426018099188158e-02
2.825169943873078945e-02
3.359615726456824381e-02
3.518441408450903585e-02
3.377379171865221852e-02
3.039676100657502308e-02
2.845373501296882823e-02
3.357015600684461892e-02
4.761038057810799279e-02
6.638850707914295546e-02
8.536524306884772650e-02
1.008879461639785313e-01
1.058232369782052679e-01
9.461458687231392994e-02
6.567046292414986663e-02
1.690947393846979618e-02
-5.031295455977272124e-02
-1.255625053057356499e-01
-1.978645654201797444e-01
-2.641436920400432875e-01
-3.243439019572993409e-01
-3.766681803341454526e-01
-4.167097872696998162e-01
-4.348429646578088614e-01
-4.162006749681978479e-01
-3.456378143736792419e-01
-2.099653246160965436e-01
-9.560392595974645524e-03
1.972455750452028478e-01
3.232480372441874916e-01
3.458200696646773764e-01
2.943798705303988794e-01
1.968411203092224615e-01
7.324998224589686358e-02
-5.731378620164750970e-02
-1.719193325351624502e-01
-2.447008167804353429e-01
-2.532950755230504725e-01
-1.800762261618464311e-01
-1.210309310954760242e-02
2.022448812541156882e-01
3.660137664780553357e-01
4.467074626445928787e-01
4.671098802702952635e-01
4.453181272089738463e-01
3.957733720128874255e-01
3.317185666070375794e-01
2.607971672314714495e-01
1.861903543388897520e-01
1.114984102710855074e-01
3.974758308730572814e-02
-2.690733296311354633e-02
-8.832710403035629043e-02
-1.461819339725341504e-01
-1.987381502899677188e-01
-2.425752383579893867e-01
-2.780443572973813060e-01
-3.071506212402048130e-01
-3.293107973477953920e-01
-3.410847541870989375e-01
-3.360269891756132998e-01
-3.047669474704741699e-01
-2.352193171995841936e-01
-1.137717754948630866e-01
3.570012927679432763e-02
1.524983757973293885e-01
2.135914531768633717e-01
2.328438308053308037e-01
2.233647380798497173e-01
1.974445993099404328e-01
1.648841418635695610e-01
1.312569948304167511e-01
9.974609305823875505e-02
7.307311895521459433e-02
5.135530200991200722e-02
3.024075879001323838e-02
7.430880235189033997e-03
-1.308209291035105325e-02
-2.670221528158010435e-02
-3.130957672686000837e-02
-2.624750688630633072e-02
-1.199311393302015041e-02
9.492307888736228882e-03
3.120422442550145961e-02
4.279435706314604210e-02
4.075972339263258387e-02
2.731638582642200927e-02
3.874772306088333351e-03
-2.643317287397838750e-02
-5.950305301797139540e-02
-9.207226553226516286e-02
-1.218032822232520268e-01
-1.501497211927873832e-01
-1.765179771936263298e-01
-1.960708509597978710e-01
-2.079355455868378277e-01
-2.080943451671207756e-01
-1.897912583027676903e-01
-1.471224206335713380e-01
-6.233939932070201029e-02
5.643826588822327406e-02
1.620042781419463729e-01
2.319616597152653892e-01
2.755732963249673539e-01
3.007360751830521761e-01
3.102776149187911336e-01
3.057107849185607962e-01
2.862204695833994172e-01
2.489295374188415511e-01
1.951589707079493530e-01
1.311988216164749199e-01
6.436787917876274356e-02
-1.343206832681784202e-03
-6.536069808151308280e-02
-1.258369082394679983e-01
-1.865637854260661088e-01
-2.555348393678997798e-01
-3.310795259508855226e-01
-4.041532135842444973e-01
-4.615150278109961257e-01
-4.852803031860933869e-01
-4.589452254911320361e-01
-3.691658747389743866e-01
-2.009446576822890573e-01
1.237341902723643888e-02
1.861125992589366951e-01
2.866472244797608759e-01
3.325907210926439816e-01
3.415185456999378921e-01
3.246481599483200808e-01
2.875815987930216977e-01
2.363491789191286274e-01
1.775209163347578889e-01
1.175542789912878971e-01
6.374817933730358988e-02
2.342369437837019119e-02
3.963490250390912933e-04
-1.103673628147992282e-02
-1.970510931242535485e-02
-2.603631856252845017e-02
-2.720844451066036992e-02
-2.289633302641991275e-02
-1.378650562416382924e-02
-3.055540493944065156e-03
4.631775942002995874e-03
6.892234799078512247e-03
4.596971872469789167e-03
-1.061630298654856960e-03
-8.646111880081115350e-03
-1.643284815185962547e-02
-2.445774654654901334e-02
-3.236647761049484678e-02
-3.851372189620519415e-02
-4.111358956738853099e-02
-4.137810483145167029e-02
-4.203798657870146810e-02
-4.159976438104351359e-02
-3.748429481153961462e-02
-3.066214160111610521e-02
-2.465034042336187309e-02
-2.104022851807853603e-02
-1.690513085872747193e-02
-1.110638831791762628e-02
-6.303462886045980637e-03
-2.973069156526757760e-03
4.782881007255063849e-04
4.827077219286509020e-03
8.944009898315546242e-03
1.354300381400762483e-02
2.067038813379812323e-02
2.719024951376868698e-02
2.997323717803900001e-02
3.070833758425303359e-02
3.076097991383341251e-02
2.888596913377022846e-02
2.246334797148626800e-02
8.868025427508665487e-03
-1.082480044434577446e-02
-3.022602701496096556e-02
-4.287678105756875108e-02
-4.700662798175334056e-02
-4.421958270549229686e-02
-3.746455434461965633e-02
-3.035286701023283754e-02
-2.431493366963028910e-02
-1.869517746686306242e-02
-1.381477400863498177e-02
-8.919194035957110633e-03
-2.219936476794376595e-03
5.734123584039122444e-03
1.442206208341685614e-02
2.430618374272053295e-02
3.360840428657434903e-02
3.935532862520712410e-02
4.058174850948447626e-02
3.646928014463916845e-02
2.722559362519771237e-02
1.700470400533668838e-02
9.230130425161730059e-03
4.970480234291844816e-03
4.567221972482353974e-03
7.953005415609001177e-03
1.534810173831863307e-02
2.445391437510579732e-02
2.928486721168933535e-02
2.580238042133154233e-02
1.600025909645151276e-02
3.124553320152243657e-03
-8.949844877621794884e-03
-1.469489495196745280e-02
-1.338999257345722081e-02
-8.306881595700187429e-03
-4.946760152286456581e-03
-8.685150889066113253e-03
-1.784264246410088156e-02
-2.728905105341295975e-02
-3.422608123385384449e-02
-3.674456650311296729e-02
-3.350912177784070439e-02
-2.442773049537347307e-02
-1.122862633766999116e-02
1.258913516275985463e-03
9.350196957757517247e-03
1.314482916723919322e-02
1.316663573526150738e-02
1.084846436843891690e-02
8.503724058778644110e-03
6.177973339622907720e-03
3.163991610211079261e-03
-7.805143402147762203e-04
-7.272275554934006653e-03
-1.813571577791741468e-02
-3.204486051015979081e-02
-4.460000787795055655e-02
-5.181032609454764432e-02
-5.165223514483998496e-02
-4.291427035411286839e-02
-2.623113121361300704e-02
-4.335351087224477949e-03
1.901210996815024673e-02
3.907294064023950075e-02
5.356909087134759800e-02
6.330163187683232606e-02
6.956003269327640237e-02
7.278938147793226343e-02
7.092482554134178774e-02
6.302938723967882462e-02
5.144194615020018096e-02
3.821941949185044679e-02
2.536324866473676359e-02
1.442632202924534063e-02
6.159669789088256103e-03
4.841522012485159621e-04
-5.158899717743985550e-03
-1.282091814428033133e-02
-2.161263900545239841e-02
-2.973826911376980381e-02
-3.584299195813520772e-02
-3.992080017337309300e-02
-4.297770257156625917e-02
-4.599756976940816422e-02
-4.979739233131105780e-02
-5.706591123608369814e-02
-7.241379918910754998e-02
-9.250866541277764921e-02
-1.080468775676082377e-01
-1.150901747951308673e-01
-1.102674286578141788e-01
-8.767818392036688668e-02
-4.593348534802990657e-02
9.452122400382624925e-03
5.771866625834938536e-02
7.990902254384731063e-02
8.739582052575527171e-02
9.315979781745310773e-02
9.431784879668644872e-02
9.296797289015298893e-02
9.104819675205814977e-02
8.298304164353567658e-02
6.921040347628157341e-02
5.417958441706820227e-02
3.909423999877788963e-02
2.752163252186074632e-02
2.103280439908856644e-02
1.497894469531632460e-02
4.895995372439227236e-03
-6.231573349797661122e-03
-1.121110961817084820e-02
-1.156023113341794403e-02
-1.254611170930242624e-02
-1.325921974993705087e-02
-1.502990626004807248e-02
-2.161546000974756687e-02
-3.155673737829237102e-02
-4.178696785632167454e-02
-4.990614614134279703e-02
-5.387934448231702922e-02
-5.399378027242313083e-02
-5.113001161761795282e-02
-4.292244461865451360e-02
-2.577471457579736530e-02
1.054301704427089252e-03
3.620195865333844520e-02
7.830685220666651347e-02
1.191241012568849816e-01
1.435270159013264657e-01
1.445811511183857367e-01
1.245365542603683179e-01
9.070851982591632279e-02
5.277402229975389908e-02
1.767399297430726976e-02
-9.613528421889245418e-03
-2.657589333836445425e-02
-3.626307297713089739e-02
-4.407398952499204381e-02
-4.822082089474185457e-02
-3.953439848547517232e-02
-2.047548299843664904e-02
-9.498571560782452516e-03
-1.795101666887878242e-02
-4.133021791733835354e-02
-7.389256375300733148e-02
-1.170392625497343742e-01
-1.677068468224255371e-01
-2.118377179837792612e-01
-2.370431349476857519e-01
-2.369363011886230497e-01
-2.004840778192960027e-01
-1.094745438044477936e-01
1.370585369250927783e-02
1.017937608809187933e-01
1.284785791742541206e-01
1.091297220397062645e-01
6.008085667391796503e-02
-1.094318789953065141e-03
-5.878700193032045107e-02
-9.883188196485567789e-02
-1.083708770767486534e-01
-7.347037381772900111e-02
2.153931367154280144e-02
1.517627414316172763e-01
2.516070470776023971e-01
2.943014222615810138e-01
2.914984267312753508e-01
2.542198134919779196e-01
1.938672505335709284e-01
1.219691962069255620e-01
5.026272734300425010e-02
-1.050593170809998277e-02
-5.409761155033658564e-02
-7.690830175061084961e-02
-8.000709242065767723e-02
-7.171188819199958431e-02
-5.983772837233608533e-02
-4.822523264324900250e-02
-3.902648968896304388e-02
-3.086957130391035017e-02
-2.127397809523650513e-02
-1.183564319777846013e-02
-3.687167806575719284e-03
3.296381184047791901e-03
6.653222045480985600e-03
4.019912986489390661e-03
-4.931115629030544470e-03
-1.645743714487728215e-02
-2.421563836366636552e-02
-2.642507028508277872e-02
-2.655785697206286544e-02
-2.868149366485062135e-02
-3.175404541028575833e-02
-3.112685947111424808e-02
-2.453762696741941182e-02
-1.260415852560337405e-02
1.288548190197670584e-03
1.262235715487216615e-02
2.059355915689254149e-02
2.809575962706038765e-02
3.437652852821858340e-02
3.341032906392756713e-02
2.265344413498677004e-02
6.313617449100757985e-03
-9.391483836202842161e-03
-1.978771031727602839e-02
-2.282719162637873028e-02
-2.104664256785293910e-02
-2.151990170213303327e-02
-2.763022492189060042e-02
-3.668423478999870840e-02
-4.754622874592025900e-02
-5.940086701276085790e-02
-6.675659825962947103e-02
-6.659384801392610742e-02
-6.104576103954673094e-02
-5.134534124725650267e-02
-3.711974989207800224e-02
-1.976886478390476806e-02
-2.030306753056453084e-03
1.740884323555429852e-02
4.454857213490510948e-02
8.502106430695105521e-02
1.339350114094020605e-01
1.732876495859408117e-01
1.913794206052463753e-01
1.921046608689049029e-01
1.807718008526931763e-01
1.606775679129757439e-01
1.362377547317376869e-01
1.086006678510680473e-01
7.564419806876966634e-02
3.475211157726296879e-02
-1.520272426700483917e-02
-7.254214410906995036e-02
-1.340162590591964520e-01
-1.968115067817214903e-01
-2.576863798046657439e-01
-3.119197527097129496e-01
-3.549686435493548675e-01
-3.810223099467578978e-01
-3.814149553050305563e-01
-3.532610645081710188e-01
-2.983497845456982711e-01
-2.146388427164416801e-01
-9.792290602276169931e-02
6.688792525767142672e-02
2.601637911296896810e-01
4.115534699553433651e-01
4.882866929039912929e-01
5.031419063600842678e-01
4.705083830712202819e-01
4.038913922193139161e-01
3.178410182218763258e-01
2.263463639652558146e-01
1.400498716246685038e-01
6.532535549854236179e-02
3.460377217042825276e-03
-4.690765352738053562e-02
-8.531457282192392300e-02
-1.135992159527194900e-01
-1.385772403751700244e-01
-1.611055145477445216e-01
-1.793220335274838262e-01
-1.980427122026169329e-01
-2.195946432430411766e-01
-2.388961032924079853e-01
-2.485402435129185350e-01
-2.380262595533298720e-01
-1.944526137611202188e-01
-1.043421817794145112e-01
1.208628015760532595e-02
9.634873168461174919e-02
1.233936044845958258e-01
1.075939678214053591e-01
6.824757676394896388e-02
1.740442280468584152e-02
-4.486972705453558946e-02
-1.129972211112027086e-01
-1.738202819487261463e-01
-2.118016924959602587e-01
-2.057891320113831857e-01
-1.310839027244500021e-01
1.068859010469941362e-02
1.640708964753969101e-01
2.730011916151959261e-01
3.287396018424776911e-01
3.407915420865630374e-01
3.195337282699310388e-01
2.762022042610970396e-01
2.172948084872525776e-01
1.505805137981205966e-01
8.750671401852180842e-02
3.549222339584053032e-02
-2.433249004776837088e-03
-2.455537026234715786e-02
-3.639176599252062771e-02
-4.791669981558779184e-02
-6.309234870735408451e-02
-7.925031772985829948e-02
-9.277493906765142684e-02
-1.037984354451239877e-01
-1.144618227235411900e-01
-1.231181121724260058e-01
-1.243800499126846704e-01
-1.163149941354223449e-01
-9.839986143269488506e-02
-7.434517985584136734e-02
-5.690289601996153385e-02
-5.092754088188975597e-02
-4.701009705014610324e-02
-3.307234509696400926e-02
-9.919065766409634888e-03
9.432536276480708165e-03
1.639941135217765772e-02
1.168362031411939936e-02
1.128060960540806790e-03
-6.756560841597420222e-03
2.363742110385633199e-03
2.623839021292800888e-02
4.107928859437563057e-02
4.065418965146098962e-02
3.513903977093585373e-02
2.723031886724142786e-02
1.418515961198238591e-02
-1.824710668799299149e-03
-1.583583209286058141e-02
-2.573482849256754357e-02
-2.998299089257296102e-02
-2.451545204775123360e-02
-2.289178447676975571e-03
3.615446490439380711e-02
7.825443292839581733e-02
1.173285694363055826e-01
1.530985444239058857e-01
1.773843633541731246e-01
1.841428399117818748e-01
1.758120734290931908e-01
1.568933456814065874e-01
1.318760031656045495e-01
1.029670668436910297e-01
6.938824428897295837e-02
2.938682836128859652e-02
-1.446935280757369324e-02
-5.712539650577218991e-02
-9.799931578959800160e-02
-1.397335782692085970e-01
-1.850298400986955805e-01
-2.323606175704132082e-01
-2.738884862352531369e-01
-3.026825022247843222e-01
-3.149412605776242269e-01
-3.033214862243138188e-01
-2.562980766259542742e-01
-1.588874150882051139e-01
-2.868039974063412226e-02
7.646287563353407202e-02
1.289283218287549659e-01
1.391694406602754230e-01
1.202447640155497322e-01
8.274025244813007496e-02
3.373450234106050577e-02
-2.212920294125340914e-02
-7.830580336733887481e-02
-1.208026560233166624e-01
-1.295558794860313945e-01
-7.824152107026463576e-02
2.366157122239116728e-02
1.176038795002196935e-01
1.737492623334849218e-01
2.007484448980758063e-01
2.073812491065034347e-01
2.005220585516293563e-01
1.854159190749672392e-01
1.635116051001900828e-01
1.349270609184077541e-01
1.033332933678386412e-01
7.122909795921485154e-02
4.073054522228000685e-02
1.526842177390500509e-02
-4.898231162056539481e-03
-2.056576581995094022e-02
-3.136257481692500404e-02
-3.792889821626867219e-02
-4.106022406999298990e-02
-4.048955312731952749e-02
-3.747816144858445719e-02
-3.444551235957793445e-02
-3.226828697114925842e-02
-3.067482633248255069e-02
-2.982382129236731821e-02
-2.785767401922109240e-02
-2.219203503129052804e-02
-1.355335028180514566e-02
-4.486387023143638582e-03
2.051458841464234156e-03
5.468464841833184029e-03
6.190066524329569490e-03
4.233895417979983630e-03
1.261347421795869402e-03
-2.450036439120288796e-03
-7.464249405833770293e-03
-1.429208201758515664e-02
-1.901981626844561485e-02
-1.580726576448150678e-02
-7.310534056795689288e-03
1.972553756660406360e-03
1.250443490499273010e-02
2.476739669069689953e-02
3.528150420627342021e-02
4.002638270283617045e-02
3.830122365077531094e-02
2.763590444437263871e-02
2.569663187974317343e-03
-3.766875452393567136e-02
-8.431892361147944048e-02
-1.231921085856437365e-01
-1.434956796989831362e-01
-1.514497663693719354e-01
-1.667743067089739184e-01
-1.946044289937831906e-01
-2.269577238217477533e-01
-2.556968336052163893e-01
-2.653668363105267103e-01
-2.371753964765443146e-01
-1.581735352144561790e-01
-1.970032400987432875e-02
1.511382134333059124e-01
2.897495223102315443e-01
3.661216681766464309e-01
3.894551397019785921e-01
3.713975180473288451e-01
3.262554847770802735e-01
2.670903932279263815e-01
2.043048789222463857e-01
1.472991244655200149e-01
1.002764264435784952e-01
6.418525013324238859e-02
3.700755029320944300e-02
1.629571733089888591e-02
2.761856530685675992e-03
-3.895705483102050726e-03
-8.110509833274680280e-03
-1.505219268538796756e-02
-2.752942363647577217e-02
-4.983338423224395464e-02
-8.520336927086243073e-02
-1.275832604701882256e-01
-1.648004327663094015e-01
-1.904342580370082250e-01
-2.032045490867380455e-01
-2.044687183709021083e-01
-2.011886229830041617e-01
-1.954930799688668897e-01
-1.781767659708202445e-01
-1.371986267087643707e-01
-6.998315768816137927e-02
2.923655231082666287e-03
5.304930020598251639e-02
7.653639038667556238e-02
8.679975748935966906e-02
9.651184267518292392e-02
1.149470506873722236e-01
1.313848186306348642e-01
1.232026255427214889e-01
9.165062671678844697e-02
5.281218887890420932e-02
1.571849766009536173e-02
-8.653416992606721356e-03
-1.380085135407971633e-02
-9.353693163194454208e-03
-3.357389796588282870e-03
4.220573039798877768e-03
1.356396977727900716e-02
2.713181451804750483e-02
4.141524061795612971e-02
4.234601358992690079e-02
2.729293813739741559e-02
8.192804154224551244e-03
-6.953720414524862392e-03
-1.643229832919842343e-02
-1.938813457041640639e-02
-1.223979377344461272e-02
8.390370865525076383e-03
3.511163657059688387e-02
5.090207873183028031e-02
5.014097640382921689e-02
4.152099767649216483e-02
3.209894745889908807e-02
2.159371763092395036e-02
8.081738518480562072e-03
-5.335408199088231829e-03
-1.651954742713007684e-02
-2.914307719179611011e-02
-4.485621466808863145e-02
-5.680745475817799289e-02
-6.057057109493941410e-02
-6.241912458493154015e-02
-6.438449108369764806e-02
-5.920093413679901329e-02
-4.543264981097314137e-02
-3.055071049423515803e-02
-2.252096283464836632e-02
-2.537561365593003077e-02
-3.556534454583906019e-02
-4.783482787059255975e-02
-6.036110203342870406e-02
-6.713809803496434414e-02
-5.931679740821823449e-02
-3.376827725310625750e-02
9.119133954824554245e-03
6.284849083071143705e-02
1.112993973899629313e-01
1.441742706721847456e-01
1.631334791213693292e-01
1.700186264307425588e-01
1.636682272345706957e-01
1.450146624139005691e-01
1.176990790772549367e-01
8.471332174889939504e-02
4.820274102795198828e-02
1.136737123698971716e-02
-2.358838509655182547e-02
-5.418310324173127024e-02
-7.692868696216728641e-02
-9.236769286129464795e-02
-1.026972240492832478e-01
-1.073957368248210781e-01
-1.077725294592920824e-01
-1.078194196233008828e-01
-1.098561661991733079e-01
-1.156109517754305149e-01
-1.242326457334396450e-01
-1.304805984221922288e-01
-1.286225904217779548e-01
-1.160506913357031017e-01
-9.496675547414128171e-02
-6.767873596053824992e-02
-3.016112483916070369e-02
3.008922697417856784e-02
1.070582191121204479e-01
1.684768012612807009e-01
2.009528766047037063e-01
2.119822714591595991e-01
2.061575345008253013e-01
1.869186044880146169e-01
1.571230220588951954e-01
1.184191586268174834e-01
7.555687922940054757e-02
3.723608093373582950e-02
7.296547787554640008e-03
-1.670431169891972017e-02
-3.538440464154493648e-02
-4.779139717733445203e-02
-5.539679348686336879e-02
-5.789053228904027237e-02
-5.434997535479716563e-02
-4.880501356108624816e-02
-4.247515509961465735e-02
-3.312037905290231982e-02
-2.623448834279690223e-02
-3.101889693430479392e-02
-4.939900257438137321e-02
-7.642346708026281910e-02
-1.059506391139167919e-01
-1.346986413502511970e-01
-1.615072166766417239e-01
-1.823576149408052127e-01
-1.886787427474149459e-01
-1.698496120875299942e-01
-1.214552536536093186e-01
-4.635663997630967009e-02
3.851793333454022611e-02
1.019771339404625526e-01
1.326565070421776849e-01
1.420941104007841238e-01
1.419705591219222185e-01
1.398567626497169702e-01
1.401597459141888380e-01
1.487867200646058319e-01
1.614896113080763196e-01
1.594625012048384027e-01
1.353491589492372693e-01
9.880096565988903679e-02
6.218667231388452094e-02
3.111405645224702560e-02
4.365502508548290556e-03
-1.828754936920286289e-02
-3.454473137032036678e-02
-4.227615186394714786e-02
-4.212782055554938759e-02
-3.649272396840004540e-02
-2.859647636627251494e-02
-2.001193771265249652e-02
-9.121318804044670908e-03
3.073376628778670683e-03
1.347401856183599519e-02
1.942778553816532083e-02
1.838576134946845464e-02
9.835028465157397842e-03
-3.897099503509702037e-03
-2.025697346999379839e-02
-3.765409606009505888e-02
-5.298069664370717857e-02
-6.384380147986250253e-02
-6.887034776531818225e-02
-6.449104089162673026e-02
-5.625091392468556384e-02
-5.574020594009613389e-02
-6.032135828686994994e-02
-5.987733888241261737e-02
-4.672539077876369101e-02
-2.649214024853003072e-02
-1.721840731639689287e-02
-2.351964841900838071e-02
-3.606090813486802216e-02
-4.403828587097337321e-02
-4.204884729721319186e-02
-3.261242422411442243e-02
-2.225777367241916355e-02
-1.581942659823263458e-02
-1.434333275949217432e-02
-1.917677716692393203e-02
-2.733834228465053737e-02
-3.245878307175946442e-02
-3.085414147519980471e-02
-2.121472746299231035e-02
-2.999455540580507271e-03
1.676321122063934715e-02
2.210485376005140445e-02
9.378992644731232869e-03
-7.813969072825558554e-03
-1.385758988963728053e-02
-1.760328760895619321e-03
2.934530693450750072e-02
8.208546566461089045e-02
1.443632712944845908e-01
1.872109923521286523e-01
1.994119472627756406e-01
1.883725934854754702e-01
1.614768337012838506e-01
1.251423422885311609e-01
8.518087541062185908e-02
4.572955976033347275e-02
7.739202046124635942e-03
-2.735862466243436236e-02
-5.678304510433331009e-02
-7.893514611811115744e-02
-9.308371662741603270e-02
-1.002875441100615217e-01
-1.024111623895450768e-01
-9.897235804925941238e-02
-8.885181758536618568e-02
-7.295846750633637467e-02
-5.284793602557089076e-02
-2.765124659284871195e-02
6.507628019496482230e-04
2.457083628341102249e-02
3.978840512360180826e-02
4.600837727390893334e-02
4.569597169442793372e-02
4.386839948397075473e-02
4.557889895561844512e-02
5.357817922266856075e-02
6.535554450687362793e-02
7.356636964822131641e-02
7.136207576700895339e-02
5.853688410563146621e-02
4.117873941377999530e-02
2.664211829551126759e-02
1.789085150924235590e-02
1.221910553624055464e-02
4.662174881865521411e-03
-7.687779981656060746e-03
-2.317294268592578338e-02
-3.756700972585608894e-02
-4.654838752271497904e-02
-4.809804520486456181e-02
-4.289479594560764719e-02
-3.733764498321605341e-02
-4.233007215445933058e-02
-6.146557171855516338e-02
-9.130296573792950898e-02
-1.281653289422215736e-01
-1.690970803518918320e-01
-2.097349409415029675e-01
-2.416645089134552282e-01
-2.542532701471018619e-01
-2.337877859101793743e-01
-1.656504970983771474e-01
-4.301527326147686070e-02
1.003184171670627317e-01
1.988209712797492645e-01
2.284586809712818023e-01
2.052675279242647810e-01
1.481995860960797773e-01
7.703924165557296533e-02
1.026209092282234087e-02
-3.627088386606014403e-02
-5.018265694962451007e-02
-3.557948363703140882e-02
-1.202996012425355116e-02
1.397523633170061341e-02
5.096327325064769348e-02
9.279315847238467363e-02
1.173677337344771476e-01
1.197832488525883698e-01
1.123543667313054717e-01
1.067142823515991740e-01
1.115322142085692497e-01
1.214951349201427028e-01
1.211784339291524515e-01
1.075803831625822965e-01
8.808547603306393636e-02
6.889432000989498261e-02
4.848484766534764956e-02
1.920445955805927252e-02
-1.876127528469425862e-02
-5.939409362479464161e-02
-9.973790302861651469e-02
-1.397939908007805043e-01
-1.783193142748982218e-01
-2.099681431469750947e-01
-2.265131322613154752e-01
-2.206586962341848257e-01
-1.877452840259946631e-01
-1.218386208637749768e-01
-3.242949633083309219e-02
5.029709811902612765e-02
1.089223426844010412e-01
1.436836790108445006e-01
1.564875769968685215e-01
1.522439737797554316e-01
1.398786150690964902e-01
1.260776390448876960e-01
1.119007616015288281e-01
9.629634823708774216e-02
7.850806155933948149e-02
5.672152338592693910e-02
2.980619104187834725e-02
-4.865741499270916093e-04
-3.309413501535304197e-02
-6.682634492080652411e-02
-9.831604832018904505e-02
-1.250137535430115299e-01
-1.456577970043687054e-01
-1.587411686038400493e-01
-1.603902655238325092e-01
-1.466567071868377647e-01
-1.190962321814809655e-01
-8.145872324434128009e-02
-4.045502026300927534e-02
-6.213919593185122589e-03
2.127361260946372679e-02
4.315438787630849343e-02
5.278840045235157208e-02
5.301301361232305109e-02
5.344876686934114940e-02
5.686758157406398423e-02
6.162845841207556519e-02
6.704544829023911801e-02
7.378496587391444872e-02
8.422446619358854580e-02
9.590315405836787044e-02
1.018708993318250267e-01
1.032368635236058096e-01
1.046296756634666481e-01
1.101899576630945982e-01
1.257415283427462116e-01
1.501305515700998017e-01
1.703800400192012066e-01
1.712527030334083933e-01
1.459106291539402356e-01
9.630700007233981841e-02
2.946744239095484136e-02
-4.726987811167229769e-02
-1.291072366951455663e-01
-2.140423546775190589e-01
-2.991946017923024503e-01
-3.800463125293594979e-01
-4.503343571212475860e-01
-5.005159049746582545e-01
-5.197280288329092501e-01
-4.950413742964770991e-01
-4.145374688971720234e-01
-2.711279329700622132e-01
-5.881860685203935124e-02
1.832810219624566583e-01
3.727271850953245425e-01
4.798007522416661841e-01
5.231157937112596024e-01
5.178604594753353219e-01
4.776596074193326658e-01
4.150813709676646757e-01
3.398710784401099416e-01
2.587741889680768015e-01
1.735285754894987376e-01
8.292803395257095089e-02
-9.049952325162565273e-03
-9.408511563224909724e-02
-1.653746855122083248e-01
-2.192427861740565975e-01
-2.573666016891281716e-01
-2.831278882970047484e-01
-2.949952378502751493e-01
-2.866979081355700565e-01
-2.537519508808729896e-01
-1.942630484225715826e-01
-1.152216628298111251e-01
-3.260515052360183491e-02
5.236153566715566476e-02
1.326185021791499163e-01
1.834764966825994381e-01
1.996186092698459813e-01
1.885878319277161375e-01
1.532712747692629718e-01
9.946999489456045951e-02
3.732563292788457915e-02
-2.692651136862431877e-02
-9.018747041624977645e-02
-1.451535735745482503e-01
-1.834006066437816052e-01
-1.967176142143541862e-01
-1.786901740844215880e-01
-1.288015707244886676e-01
-4.668959615736180402e-02
5.082500169829701903e-02
1.259329111815467028e-01
1.645592331567294897e-01
1.773228890888315368e-01
1.720953744005898067e-01
1.542970871213922845e-01
1.292141197603918212e-01
1.007999960449335458e-01
7.391225631761669246e-02
5.308558566692445774e-02
4.003047553506612621e-02
3.648524409451665840e-02
4.111266288911695488e-02
4.745691515796104931e-02
4.969014287923702311e-02
4.671132980985141792e-02
3.891373283505573932e-02
2.456062426279002897e-02
2.501228868140997763e-03
-2.683476569831970068e-02
-6.121993403352912061e-02
-9.428301603331055991e-02
-1.190351992783452717e-01
-1.343180380970999122e-01
-1.457112989395681346e-01
-1.603795238337147322e-01
-1.799979439591012642e-01
-2.000001847286824730e-01
-2.125836029543100858e-01
-2.089837603348381756e-01
-1.824705642055642063e-01
-1.288843344515084588e-01
-4.322656127591167907e-02
6.037314046560543490e-02
1.414957407671220968e-01
1.783675709665024922e-01
1.779486036710256347e-01
1.533123164200609900e-01
1.171444327855090117e-01
7.892806404587124347e-02
4.849705217492418508e-02
3.457780637832499893e-02
4.187824759572323502e-02
6.408029634043005407e-02
8.759650958366343998e-02
1.021481099951056098e-01
9.717024793186847254e-02
7.333818068271184820e-02
4.343907540757672298e-02
1.461613791623230484e-02
-1.091431804720552519e-02
-3.196262195235926445e-02
-5.147413610172239112e-02
-6.946097480434615390e-02
-8.023695197295745152e-02
-8.282225848947877278e-02
-8.131084244646463732e-02
-7.581910903744869257e-02
-6.156797955286196639e-02
-3.539988945788685032e-02
-3.801613918948138632e-04
3.427927584994851923e-02
6.018433488643330775e-02
7.362402219726436881e-02
7.478179923304434373e-02
6.792448253590424589e-02
5.784398945841946749e-02
4.621172168376320305e-02
3.270693197117541945e-02
1.823546549085518914e-02
5.193734243092626088e-03
-5.537006563607090384e-03
-1.448087322847234695e-02
-2.118977506182178477e-02
-2.486074100012350407e-02
-2.671138457552096196e-02
-2.894548969365461771e-02
-3.151650104389262103e-02
-3.393789776044522921e-02
-3.661415240931047144e-02
-4.094647340466439633e-02
-4.732272291317783652e-02
-5.219558814883749204e-02
-5.135960410394883879e-02
-4.402022019921714852e-02
-3.424265172107331112e-02
-2.566370372922058968e-02
-1.854144962452996398e-02
-1.195030400663461140e-02
-4.751200347446016964e-03
4.013689978260932302e-03
1.675214691545618556e-02
3.719414553992662215e-02
6.103810261798879588e-02
7.599623419301959615e-02
7.971886589368595843e-02
7.764944658813692502e-02
7.136486661784718910e-02
6.113037552865056151e-02
4.716669605936558290e-02
2.847164689108509436e-02
4.544671964886660281e-03
-2.210831976509403454e-02
-4.678820736916740330e-02
-6.529027471506812508e-02
-7.667153163612111522e-02
-8.366216255006155011e-02
-8.701969707886325622e-02
-8.485423810470248129e-02
-7.701804777357852683e-02
-6.621131927655450611e-02
-5.652234254197370522e-02
-4.787771027852613659e-02
-3.605033522406007884e-02
-1.821452763850529843e-02
6.278745819155560730e-03
3.849207046950341854e-02
7.447187296248086730e-02
1.031977849413119597e-01
1.178580202071848881e-01
1.188386164238884324e-01
1.110045909334935743e-01
9.943158877969450471e-02
8.537840193685225509e-02
6.911092014956810026e-02
5.166762161800354108e-02
3.408293293231630383e-02
1.692746854927836692e-02
1.033819874352219156e-03
-1.561321078177300460e-02
-3.723283233933313147e-02
-6.252365959076566782e-02
-8.589932183507914543e-02
-1.037805551169533880e-01
-1.155255248202941287e-01
-1.219447752549083219e-01
-1.234295140295923188e-01
-1.193035763790316894e-01
-1.073749517667506037e-01
-8.356236427395311028e-02
-4.463031575858713434e-02
2.472702405197201546e-03
4.169771212803116689e-02
6.645933454625854719e-02
8.088912061002470621e-02
8.838261717604184442e-02
9.046970560360871605e-02
8.854243273397763292e-02
8.356525783344986857e-02
7.706537498014659482e-02
6.983205440406012321e-02
6.145313250862598220e-02
5.375664594362709880e-02
4.578775719476347456e-02
3.406358846335535984e-02
2.092679298830491322e-02
1.144990678428287056e-02
7.687555918741196398e-03
9.845812238124545049e-03
1.902892045634032095e-02
3.329180221699444553e-02
4.451409029286472474e-02
4.518370803229854182e-02
3.262779388455448043e-02
6.848011091590524430e-03
-2.790170271946269820e-02
-6.324153019910484785e-02
-9.557761505699700899e-02
-1.259013997302494692e-01
-1.523342258307117392e-01
-1.700807678560835590e-01
-1.779063283863889511e-01
-1.783333538038557042e-01
-1.691199731744375545e-01
-1.449123733458758390e-01
-1.012480400378930750e-01
-3.206977765333880737e-02
4.879759632395001823e-02
1.075520651951941270e-01
1.334463017773963589e-01
1.369854838937036023e-01
1.269298620919753762e-01
1.106027844788377429e-01
9.524028412523022347e-02
8.515964715359147785e-02
7.679288013336403595e-02
6.411977256380231582e-02
4.892442823213737080e-02
3.642874465044398935e-02
2.642713024286056506e-02
1.639813456397095845e-02
6.241621183610351897e-03
-2.735246532952482698e-03
-9.460914173627786583e-03
-1.459521490791411240e-02
-1.771209330729163478e-02
-1.597448995305452563e-02
-1.043615457163927368e-02
-5.943125042448425474e-03
-5.282736385222015427e-03
-9.397202227578695805e-03
-1.726011957525704424e-02
-2.476363571872048502e-02
-2.895653300101015681e-02
-3.048218109732353520e-02
-3.115050132462570884e-02
-3.141427030320844555e-02
-3.205092694412244730e-02
-3.408719961855011249e-02
-3.581569608680980343e-02
-3.552884937905263080e-02
-3.271598876671540784e-02
-2.277374769019432921e-02
-1.886678794779582998e-03
2.370724895071335894e-02
4.589500439954213168e-02
6.183102410247905134e-02
7.001429018824228967e-02
7.097468686758953704e-02
6.517334700600242725e-02
5.260941769327088374e-02
3.631896015579795522e-02
1.785181857038202827e-02
-2.176011253917584706e-03
-2.117603724642138155e-02
-3.706857205762270624e-02
-4.873206730117093932e-02
-5.698996112907916967e-02
-6.331610772971892065e-02
-6.764725034577663554e-02
-6.873014226976904839e-02
-6.501911517330249968e-02
-5.582169946845740027e-02
-3.922249967694044215e-02
-1.353071032138635985e-02
1.832069281742656694e-02
5.014753148655202997e-02
7.475307864985270001e-02
8.784104889067316513e-02
9.120571346386492639e-02
8.805793677236269101e-02
7.755566697213737981e-02
5.632903206071797342e-02
2.676890728555144511e-02
-3.570577134461512796e-03
-3.005191377167722167e-02
-4.987502405156674784e-02
-6.039053241441498521e-02
-6.290687832541530522e-02
-6.050962685416677589e-02
-5.350181214230227689e-02
-4.219183851878545444e-02
-2.698407389925833871e-02
-8.151279817891361398e-03
1.351441357872442198e-02
3.820305410073217972e-02
6.224993130428983085e-02
7.709316395294976698e-02
7.722128782451484486e-02
6.237359198009354011e-02
3.670822611704673000e-02
9.677489353117270723e-03
-1.265236219246218194e-02
-2.999170242536831898e-02
-3.939802989653710952e-02
-3.714504213530911425e-02
-2.436692584135211059e-02
-7.856055568361840907e-03
3.746577803865534968e-03
5.677733016576439785e-03
-6.286542427143596533e-04
-1.115100733243123282e-02
-2.502963859730062204e-02
-4.195433905040703987e-02
-5.750818018734308451e-02
-6.602679741970610139e-02
-6.575396130703292652e-02
-5.959488888266530060e-02
-5.225929332517158243e-02
-4.751834825749622071e-02
-4.530590989737351415e-02
-4.219421152604728442e-02
-3.441642620154542614e-02
-2.058992319716764288e-02
-2.245184493406106666e-03
1.853022231017653620e-02
3.818042276229882681e-02
5.267365388811263288e-02
6.304758061180867901e-02
7.441575755310271545e-02
8.581218430110783280e-02
8.880994632457443749e-02
8.053206796024459102e-02
6.546023858152513752e-02
4.860022649201350964e-02
3.427926034382484249e-02
2.584101124635512434e-02
2.542670869728761926e-02
3.123337634151611419e-02
3.863409342813438341e-02
4.570095235589392846e-02
5.415489208746187416e-02
6.394503915064847499e-02
7.167973137856198385e-02
7.550781914285623064e-02
7.273773971387836879e-02
5.880966712243583527e-02
3.159907289827693089e-02
-5.639299251614200356e-03
-4.520180951770544353e-02
-8.092850799806365625e-02
-1.104964259990207087e-01
-1.335697929714418364e-01
-1.494024225154438890e-01
-1.602073189609830584e-01
-1.717041199491964598e-01
-1.832811795238956099e-01
-1.859107411848609503e-01
-1.684212085706411344e-01
-1.216018324643446391e-01
-3.868692103075394711e-02
5.871199036003831029e-02
1.222316791100360178e-01
1.329051613397526088e-01
1.021710384432591434e-01
4.523537418716395281e-02
-2.137852873814611449e-02
-8.536888251688391771e-02
-1.385455955242965165e-01
-1.708251779173555474e-01
-1.694522408028381333e-01
-1.220252662718909059e-01
-1.741179291371859963e-02
1.185260636435583326e-01
2.248130502782662021e-01
2.803220276993662052e-01
2.998553831239097467e-01
2.950510030159824715e-01
2.761223115901647041e-01
2.489183095722066474e-01
2.159293337884000685e-01
1.793177364453532041e-01
1.390223819362104152e-01
9.209946334167493087e-02
3.509563124786570232e-02
-3.188199214368345191e-02
-1.068285387105482320e-01
-1.848510248010204471e-01
-2.547943552292883385e-01
-3.068304468577631172e-01
-3.391817551907499451e-01
-3.541057478455885699e-01
-3.500453750145235410e-01
-3.238276007446508897e-01
-2.714744129030952635e-01
-1.838086249536274031e-01
-4.743087001680786063e-02
1.142029772758148959e-01
2.389050751015432961e-01
3.027720742647609375e-01
3.206933995626362055e-01
3.082750441223989224e-01
2.791079811506052555e-01
2.407077899731266957e-01
1.939523658791467153e-01
1.397526219145321380e-01
8.392104190881813364e-02
3.255935183737761196e-02
-9.914365775038569417e-03
-4.430713644117035416e-02
-7.810009739304198118e-02
-1.156890092491227040e-01
-1.556965222677178795e-01
-1.964653794347258620e-01
-2.382684340286708724e-01
-2.794613597894419765e-01
-3.131713413208002117e-01
-3.292622661320894206e-01
-3.125759622028723705e-01
-2.440719201613220923e-01
-1.061957961507913051e-01
7.436330162148505063e-02
2.288123921828167373e-01
3.306569655601371283e-01
3.878819327218875901e-01
4.009921960348939995e-01
3.760354575129686849e-01
3.239901043017322513e-01
2.535154644007382996e-01
1.731311772676612515e-01
9.394882010019896257e-02
2.701772745546537902e-02
-2.178526166278854648e-02
-5.424350879413562809e-02
-7.764145050645085422e-02
-9.742031303424350530e-02
-1.163376301259769069e-01
-1.382731126745623540e-01
-1.640797816060512171e-01
-1.900007693697454147e-01
-2.094820500682010589e-01
-2.160590529393682790e-01
-2.064518222778605749e-01
-1.761650267552575255e-01
-1.171279812556409866e-01
-3.663321605004206394e-02
3.660224151230928591e-02
8.307954179951078377e-02
1.034094533709208757e-01
1.053794332859027127e-01
9.644363335705313789e-02
8.041261302481350626e-02
5.986360618067532169e-02
4.084323153151165481e-02
3.115127488333542527e-02
3.686142085037835692e-02
6.342959367846034979e-02
1.024817989673680318e-01
1.334149361959535152e-01
1.497553823670462469e-01
1.563645197885073779e-01
1.546952913778239236e-01
1.413851893045598995e-01
1.141687726208896470e-01
7.588433509977521307e-02
2.793801642140433111e-02
-3.047324599175216600e-02
-9.751474987412353523e-02
-1.672967016624006542e-01
-2.293975745107405539e-01
-2.701467237217809458e-01
-2.738437787023497161e-01
-2.501243876816365841e-01
-2.360608064061031908e-01
-2.469853944315336391e-01
-2.747138768820254207e-01
-3.042774448202712478e-01
-3.142867149767539781e-01
-2.817573724915675704e-01
-1.832821210491544783e-01
-3.620588588361731835e-03
2.121876974234082613e-01
3.729804923449282494e-01
4.469691392168236299e-01
4.536252123744101694e-01
4.107988422305705600e-01
3.366305884303973373e-01
2.479837585024822766e-01
1.590320829114924006e-01
8.141559844861168127e-02
2.124181556234697177e-02
-2.077391718350241751e-02
-4.325214095902065597e-02
-4.211531303907159463e-02
-2.166617904999044997e-02
3.778590228351488833e-03
2.241894272185557951e-02
2.656913892604435140e-02
1.631282810603962991e-02
-1.662385392903758738e-03
-2.391448603692177682e-02
-4.902317130112747445e-02
-7.288031009643254621e-02
-8.876438648249396213e-02
-9.315147987624448900e-02
-8.937648597846725718e-02
-8.283771289433650153e-02
-7.597626770391510687e-02
-6.641484646974726846e-02
-4.889143810325324857e-02
-2.422023527905765167e-02
2.669435610516534413e-04
2.116429274650000886e-02
4.035490002248277863e-02
5.905622220614978324e-02
7.447975349334556849e-02
8.272815634522909245e-02
8.293780538217551679e-02
7.382329678905695525e-02
5.192449694058492993e-02
1.840932830905537068e-02
-2.166457786704157132e-02
-6.726923532360629121e-02
-1.173638550274260922e-01
-1.654351187829264103e-01
-2.053800156058820103e-01
-2.340551464682232297e-01
-2.474893668868224372e-01
-2.412347642550350668e-01
-2.118214344315438591e-01
-1.567578175722985356e-01
-7.277749101752642447e-02
2.817755138546591820e-02
1.166129275196404746e-01
1.823337049039511493e-01
2.361841156048218315e-01
2.850871097313002478e-01
3.235253654311349147e-01
3.386606449213467873e-01
3.214977784224162805e-01
2.676376692191152484e-01
1.892392998812251759e-01
1.126116725724281148e-01
4.965648248471856568e-02
-1.212116797771195520e-03
-4.181465912664760615e-02
-7.350719676740309627e-02
-9.732680334870551231e-02
-1.122903531645486064e-01
-1.169356963816628181e-01
-1.148023589726209215e-01
-1.099451332047584051e-01
-1.007626864373740161e-01
-8.676992948628294011e-02
-7.108178508260984407e-02
-5.570940141626155861e-02
-4.198642499423386326e-02
-3.122999873796714065e-02
-2.296790299984657890e-02
-1.472621145256639529e-02
-4.152383786337557510e-03
8.662592946521840281e-03
1.908971072484786854e-02
2.200844808141829562e-02
1.664358396628569381e-02
3.672007979139543452e-03
-1.592236104165945659e-02
-3.777160509814961320e-02
-5.398765445342427333e-02
-5.593160955670192086e-02
-4.924473680296323486e-02
-5.338935047164451025e-02
-7.292538581646733353e-02
-9.690984821481497813e-02
-1.160308647020506373e-01
-1.236878831520980965e-01
-1.111667045400257514e-01
-7.771170930338229532e-02
-3.741257362779525780e-02
2.260721960260775668e-03
4.926851335759867279e-02
9.971004133583497020e-02
1.263157193998057093e-01
1.213455805759914019e-01
1.043960288004259079e-01
8.518754359772431894e-02
6.767054805967886999e-02
6.293525363720740839e-02
7.381319237154300439e-02
8.593483059450057748e-02
8.809348314441231564e-02
8.095149785028474265e-02
6.432706368140563014e-02
3.565198401076177803e-02
-8.684960606359240845e-04
-3.233335170668311803e-02
-5.216160133493941142e-02
-6.517239801286196788e-02
-6.908656592819768794e-02
-5.257741376090932506e-02
-1.900699759468884101e-02
1.148699163948123381e-02
2.735994232488293126e-02
3.305136817261845189e-02
3.178922583473374475e-02
2.220028619303024767e-02
7.561270777959266595e-03
-7.365108279343338810e-03
-1.957556456010266580e-02
-2.571147838986352976e-02
-2.407634020178292533e-02
-1.785724751627500856e-02
-1.209006869660277789e-02
-8.298709100255308863e-03
-6.300930121201264895e-03
-5.703282938774799707e-03
-6.843696238487524675e-03
-1.058748671107669244e-02
-1.409152820790341050e-02
-1.467311851075793656e-02
-1.370689984680167894e-02
-6.892395765807282117e-03
1.528009573740274699e-02
4.673887936211328781e-02
6.959791597849765421e-02
7.611468245689692602e-02
6.822523922968140586e-02
4.998213965696079314e-02
2.485270948908023178e-02
-3.485964999745787708e-03
-3.053992402319067115e-02
-5.335115104494159849e-02
-7.037843942184066059e-02
-8.062025561505894999e-02
-8.193788325992659716e-02
-7.183692364672125685e-02
-5.273769476460125200e-02
-3.010969626819955114e-02
-4.699619231296038244e-03
2.618974763758825930e-02
6.027914521820457172e-02
9.204730264454220878e-02
1.149238208133135930e-01
1.242501564658051172e-01
1.254723908030966617e-01
1.220700035911750497e-01
1.111563351512113579e-01
9.522005700351399149e-02
8.440110341578373199e-02
8.206332659044215938e-02
7.053557143434673049e-02
3.037444761759559159e-02
-4.268533106936199528e-02
-1.408575452981677412e-01
-2.485801321904566319e-01
-3.498585595170264906e-01
-4.307295739044367799e-01
-4.788335175093246798e-01
-4.811065673977949486e-01
-4.195264054253721175e-01
-2.721650558967096400e-01
-6.977308544949620273e-02
1.009776369665942863e-01
1.998068681980209038e-01
2.336916094256936138e-01
2.210752421347075281e-01
1.928564656439005487e-01
1.687333640968168569e-01
1.592952097570821679e-01
1.684541783584983243e-01
1.900001291457959485e-01
2.135506637089569781e-01
2.260699222335387504e-01
2.246781460904560823e-01
2.130991823114256889e-01
1.845145261669423054e-01
1.311505476445072593e-01
6.299874060030084821e-02
2.713054854354333273e-03
-3.804831056954421920e-02
-6.281631467994361340e-02
-7.263417088678496281e-02
-6.798416975374454996e-02
-6.005563480709015522e-02
-6.199033080485752412e-02
-7.670171465919728426e-02
-9.419078616832293749e-02
-1.012021221642413343e-01
-9.516733278331090951e-02
-8.719732265673797722e-02
-8.869085844931530460e-02
-9.940237477309589453e-02
-1.097143835639358134e-01
-1.107566309035268454e-01
-1.024399254832074890e-01
-8.795094002302836222e-02
-6.865403213102985736e-02
-4.491169338090870988e-02
-1.688872665319718011e-02
1.042714360567484518e-02
3.310894287782793766e-02
6.231787577242725584e-02
1.129950440626480562e-01
1.782184900837429642e-01
2.328717031709235386e-01
2.584464605617728394e-01
2.523161963916066286e-01
2.183057615133538187e-01
1.550340713251510683e-01
6.332877228477437614e-02
-3.935107902599124102e-02
-1.285500172476084502e-01
-1.904214692119339802e-01
-2.267560589114575031e-01
-2.513218651632991296e-01
-2.795886342854368434e-01
-3.083686727554914020e-01
-3.128585437612299569e-01
-2.764073949082624382e-01
-2.078077001494331999e-01
-1.281319555531206800e-01
-5.153651966293597980e-02
