-3.035363554954528809e-01
-2.972313165664672852e-01
-1.915327906608581543e-01
-2.519289851188659668e-01
-3.573583364486694336e-01
-3.224397897720336914e-01
-3.420638442039489746e-01
-3.111866116523742676e-01
-2.797615528106689453e-02
-2.957328557968139648e-01
-6.351888179779052734e-02
-4.103720784187316895e-01
1.401214599609375000e-01
-3.969159722328186035e-01
-3.644228577613830566e-01
-2.557130455970764160e-01
-3.098596930503845215e-01
-4.184121489524841309e-01
-3.747966885566711426e-01
-3.311119675636291504e-01
-1.713435053825378418e-01
-3.006122708320617676e-01
-3.175735473632812500e-01
-2.226081490516662598e-02
-3.573743700981140137e-01
-3.234513401985168457e-01
-2.916086316108703613e-01
-2.814544439315795898e-01
-3.645148873329162598e-01
-3.221575617790222168e-01
-2.083282470703125000e-01
-3.818988800048828125e-01
-2.552415728569030762e-01
-3.291969299316406250e-01
-3.792402148246765137e-01
1.258455038070678711e+00
-1.646085977554321289e-01
-3.775910139083862305e-01
-2.743584513664245605e-01
-3.127254843711853027e-01
-2.979963421821594238e-01
-2.568134069442749023e-01
-2.850614190101623535e-01
-2.658786773681640625e-01
-3.957326412200927734e-01
-2.930895686149597168e-01
-3.265467286109924316e-01
-2.263448238372802734e-01
3.705890178680419922e-01
-3.624336123466491699e-01
-1.482951045036315918e-01
-3.247524499893188477e-01
-3.178653120994567871e-01
-3.015715479850769043e-01
2.246437370777130127e-01
-3.370244503021240234e-01
-3.055984377861022949e-01
-3.625912666320800781e-01
2.059482932090759277e-01
-1.391269564628601074e-01
1.835596114397048950e-01
-2.674195766448974609e-01
-3.178809881210327148e-01
-1.796107888221740723e-01
-1.136548519134521484e-01
-3.242900371551513672e-01
-2.527216672897338867e-01
-3.144603371620178223e-01
-2.322550415992736816e-01
-3.544046282768249512e-01
-3.398481607437133789e-01
1.337774693965911865e-01
-2.385973930358886719e-03
-3.725376129150390625e-01
7.700920104980468750e-04
-2.396610379219055176e-01
-2.084673643112182617e-01
-3.120574951171875000e-01
-3.303802609443664551e-01
-2.952759265899658203e-01
-2.655476927757263184e-01
-3.238999843597412109e-01
-3.433699011802673340e-01
-2.329528331756591797e-01
9.567145705223083496e-01
-3.153130412101745605e-01
5.421153306961059570e-01
-3.184897303581237793e-01
-3.347551226615905762e-01
-3.722202181816101074e-01
-9.777274727821350098e-02
-4.063472747802734375e-01
-2.810193896293640137e-01
-2.023063898086547852e-01
-2.184084057807922363e-01
4.670497775077819824e-02
-5.397030711174011230e-02
-3.532287478446960449e-01
-1.402541995048522949e-02
-2.884722352027893066e-01
-2.022576332092285156e-01
-3.975307941436767578e-01
-3.470756411552429199e-01
-2.497440576553344727e-01
-1.623075008392333984e-01
-3.281064033508300781e-01
-2.959380149841308594e-01
-3.835768699645996094e-01
4.434249997138977051e-01
-2.914032936096191406e-01
-3.854484558105468750e-01
-2.541910409927368164e-01
-2.604705691337585449e-01
-3.475650548934936523e-01
-3.386297821998596191e-01
-2.160180807113647461e-01
-2.631611227989196777e-01
-2.765852808952331543e-01
-4.487141966819763184e-01
1.532134413719177246e-01
-3.368847370147705078e-01
-3.505548238754272461e-01
-2.488092184066772461e-01
-2.631390094757080078e-01
-8.711841702461242676e-02
-3.366926908493041992e-01
-3.441110253334045410e-01
-3.700127601623535156e-01
-2.902172207832336426e-01
-4.286823272705078125e-01
8.013612031936645508e-01
-3.110080361366271973e-01
-4.518884420394897461e-02
-4.248453378677368164e-01
-2.035753726959228516e-01
-2.163994908332824707e-01
-1.600134968757629395e-01
-3.130621314048767090e-01
-4.583529829978942871e-01
-3.072580695152282715e-01
-3.907395005226135254e-01
-3.769735693931579590e-01
-3.140439987182617188e-01
-4.460209608078002930e-01
-9.703850746154785156e-02
-3.635370731353759766e-01
-1.325414180755615234e-01
-3.482307791709899902e-01
-3.370477557182312012e-01
-3.226300477981567383e-01
2.919108867645263672e-01
-3.380984663963317871e-01
-2.540768980979919434e-01
-3.565126657485961914e-01
-3.555727005004882812e-01
-4.156279563903808594e-01
3.133585453033447266e-01
-4.316412806510925293e-01
-2.145706415176391602e-01
-3.533314466476440430e-01
-2.056584358215332031e-01
-3.246634006500244141e-01
-2.504699826240539551e-01
-3.272598385810852051e-01
-1.956719160079956055e-01
-3.434261083602905273e-01
-2.197612524032592773e-01
-2.795041203498840332e-01
-2.152640819549560547e-01
-3.014321923255920410e-01
5.743827223777770996e-01
-2.594920396804809570e-01
-1.759479641914367676e-01
-2.756752967834472656e-01
-2.410409450531005859e-01
-2.885401248931884766e-01
-3.157890439033508301e-01
-3.219813704490661621e-01
-3.241099119186401367e-01
-4.345192909240722656e-01
5.085310339927673340e-01
-2.450574636459350586e-01
-2.427099943161010742e-01
-3.338251709938049316e-01
-4.632502794265747070e-01
-3.874173760414123535e-01
-2.397872209548950195e-01
-2.727710604667663574e-01
-2.108383774757385254e-01
-3.686897158622741699e-01
-3.642541766166687012e-01
-2.021169066429138184e-01
6.400804519653320312e-01
-3.299095630645751953e-01
-1.950349807739257812e-01
-3.894113898277282715e-01
-2.481509447097778320e-01
-3.338027000427246094e-01
-3.842681050300598145e-01
-3.336395025253295898e-01
-3.181950449943542480e-01
-3.309276103973388672e-01
-4.083331823348999023e-01
1.221980333328247070e+00
-6.704798340797424316e-02
-2.406342029571533203e-01
-2.538689374923706055e-01
-3.209391832351684570e-01
-2.584718465805053711e-01
-3.074066042900085449e-01
-3.297023177146911621e-01
-3.470535874366760254e-01
-2.952203750610351562e-01
-3.247364163398742676e-01
-2.919222116470336914e-01
-3.527661561965942383e-01
-2.146378755569458008e-01
-2.502101063728332520e-01
-6.896275281906127930e-02
-3.477532267570495605e-01
-3.662824034690856934e-01
-2.527421712875366211e-01
-3.096704483032226562e-01
-3.938962817192077637e-01
-3.493201732635498047e-01
-3.616226315498352051e-01
-3.338120579719543457e-01
-4.276521801948547363e-01
-1.933657526969909668e-01
-3.135211467742919922e-01
-3.170667290687561035e-01
-3.872168660163879395e-01
-2.295374870300292969e-01
-2.833337783813476562e-01
-2.369784712791442871e-01
-2.747519612312316895e-01
-2.974995970726013184e-01
-4.302421808242797852e-01
-2.370620965957641602e-01
-3.363338112831115723e-01
1.486321538686752319e-01
-3.667789697647094727e-01
-2.795501947402954102e-01
-2.616267800331115723e-01
-2.584382891654968262e-01
-2.970102429389953613e-01
-4.753664135932922363e-02
-3.475723266601562500e-01
-1.369544863700866699e-02
-5.102764368057250977e-01
-2.444674372673034668e-01
-5.186232924461364746e-02
-3.308827877044677734e-01
-3.633434176445007324e-01
-4.112145304679870605e-01
-2.623923420906066895e-01
-3.433080315589904785e-01
-3.607901930809020996e-01
-2.565614581108093262e-01
-2.613958716392517090e-01
-2.991329431533813477e-01
-3.424129486083984375e-01
-3.571377992630004883e-01
6.369186639785766602e-01
-3.088331818580627441e-01
-3.548181653022766113e-01
-3.333092331886291504e-01
-3.265887498855590820e-01
-3.010239005088806152e-01
-2.427232861518859863e-01
-2.379750609397888184e-01
-1.473625302314758301e-01
-2.919436693191528320e-01
-4.052311182022094727e-01
-4.150717258453369141e-01
-4.049959778785705566e-02
-3.687858581542968750e-02
-2.606188058853149414e-01
-2.285090088844299316e-01
-3.581515550613403320e-01
-3.235329389572143555e-01
-3.192510604858398438e-01
-1.808080077171325684e-01
-4.182276725769042969e-01
-3.233713507652282715e-01
-2.954615354537963867e-01
-2.938336730003356934e-01
1.003313958644866943e-01
-2.593657374382019043e-02
-3.792058825492858887e-01
-1.802915930747985840e-01
-2.850098609924316406e-01
-2.451584935188293457e-01
-3.197176456451416016e-01
-2.480739951133728027e-01
-3.359833955764770508e-01
-2.383534908294677734e-01
-4.463098049163818359e-01
-1.541299223899841309e-01
6.632721424102783203e-02
1.412231475114822388e-01
-3.553848266601562500e-01
-2.553054690361022949e-01
-3.623667955398559570e-01
-2.817028760910034180e-01
-3.264348506927490234e-01
-2.477202415466308594e-01
-3.970816135406494141e-01
-3.704876303672790527e-01
-3.283937573432922363e-01
-2.260463237762451172e-01
1.430013328790664673e-01
-1.429637074470520020e-01
-3.100044727325439453e-01
-1.728031039237976074e-01
-3.313848972320556641e-01
-1.721216440200805664e-01
-3.737365603446960449e-01
-2.834954857826232910e-01
-3.739879131317138672e-01
-2.671120762825012207e-01
-3.616285324096679688e-01
-2.188624143600463867e-01
-5.478858947753906250e-01
-3.800235986709594727e-01
-3.069926500320434570e-01
-2.627905607223510742e-01
-4.426920413970947266e-01
1.401398330926895142e-01
-2.815819382667541504e-01
-2.909747362136840820e-01
-3.287076354026794434e-01
-3.286270499229431152e-01
-3.244065642356872559e-01
-1.562679409980773926e-01
-1.812974810600280762e-01
3.119124174118041992e-01
-3.367483615875244141e-01
-3.099412322044372559e-01
-4.092923402786254883e-01
-3.438387513160705566e-01
-2.980422973632812500e-01
-3.374849557876586914e-01
-2.867066264152526855e-01
-3.924362063407897949e-01
-4.163244962692260742e-01
-3.305988907814025879e-01
-1.944749951362609863e-01
-2.801996469497680664e-01
-3.027493953704833984e-01
-2.841964960098266602e-01
-2.899862527847290039e-01
-2.888781428337097168e-01
-4.005919694900512695e-01
-3.286855220794677734e-01
-3.647232055664062500e-01
-4.363658428192138672e-01
-3.129864335060119629e-01
-2.791554331779479980e-01
-3.445833325386047363e-01
-9.707719087600708008e-02
-2.990122437477111816e-01
-2.379773259162902832e-01
-2.473225593566894531e-01
-3.799349665641784668e-01
-3.106748461723327637e-01
-3.194969296455383301e-01
-3.452973365783691406e-01
-4.231324791908264160e-01
-3.096131682395935059e-01
-2.855343222618103027e-01
-5.431694388389587402e-01
7.359012961387634277e-02
-2.705786824226379395e-01
-2.809507846832275391e-01
-4.014355540275573730e-01
-3.653526306152343750e-01
-3.563678264617919922e-01
-3.324478864669799805e-01
-3.116697669029235840e-01
-3.455669283866882324e-01
-3.703209161758422852e-01
-3.602917790412902832e-01
-3.047029972076416016e-01
-5.799204111099243164e-02
-4.026857018470764160e-01
-2.616612315177917480e-01
-3.141049146652221680e-01
-1.998506188392639160e-01
-2.796573042869567871e-01
-2.910370230674743652e-01
-3.548150062561035156e-01
-2.785647511482238770e-01
-3.428205847740173340e-01
-3.102794289588928223e-01
-2.627088427543640137e-01
-2.132289409637451172e-01
-3.451721668243408203e-01
-3.008796572685241699e-01
-3.089260458946228027e-01
-2.958808541297912598e-01
-2.828280329704284668e-01
-3.607838153839111328e-01
-3.070914745330810547e-01
-2.950424551963806152e-01
-2.521680593490600586e-01
-2.902998328208923340e-01
2.101597934961318970e-01
-1.200783252716064453e-01
-3.472474813461303711e-01
-3.281484842300415039e-01
-3.771114945411682129e-01
8.306024670600891113e-01
-3.144618272781372070e-01
1.230101883411407471e-01
-3.171957135200500488e-01
-2.261297702789306641e-01
-4.621974825859069824e-01
-2.179297208786010742e-01
-4.260351061820983887e-01
-1.503137350082397461e-01
-3.065187931060791016e-01
-3.279595971107482910e-01
-3.063987493515014648e-01
-1.833482384681701660e-01
-3.547019362449645996e-01
-2.984100580215454102e-01
-3.020167350769042969e-01
-3.458687067031860352e-01
-3.211520314216613770e-01
-3.761627674102783203e-01
-4.922414422035217285e-01
-1.605858206748962402e-01
-3.375599980354309082e-01
-2.252418398857116699e-01
-3.898116946220397949e-01
-3.201991915702819824e-01
-3.262183070182800293e-01
-3.096061944961547852e-01
-3.257781267166137695e-01
-2.562139034271240234e-01
-2.882684469223022461e-01
-1.800472140312194824e-01
-1.915371417999267578e-01
-2.261978983879089355e-01
-3.254581689834594727e-01
-2.591864466667175293e-01
-3.261857628822326660e-01
4.059005677700042725e-01
-3.331195116043090820e-01
-1.389977633953094482e-01
-3.605898618698120117e-01
-2.871764302253723145e-01
-2.936756610870361328e-01
-3.083586692810058594e-01
-4.006873965263366699e-01
3.176868557929992676e-01
-3.424192070960998535e-01
-3.156353235244750977e-01
-3.071520328521728516e-01
-2.587218284606933594e-01
-2.501372098922729492e-01
-3.570889830589294434e-01
-4.225785732269287109e-01
-2.021864652633666992e-01
-3.696758151054382324e-01
-2.019092440605163574e-01
-3.619470596313476562e-01
-2.796748876571655273e-01
-2.946385741233825684e-01
-2.975780367851257324e-01
-3.631654381752014160e-01
-2.078459858894348145e-01
-3.130879998207092285e-01
-2.372037768363952637e-01
-2.583778500556945801e-01
-3.198950290679931641e-01
-3.204459547996520996e-01
-3.210057616233825684e-01
-4.993168711662292480e-01
-1.466968655586242676e-01
-3.215136528015136719e-01
-1.921074986457824707e-01
-2.625489830970764160e-01
-2.664868235588073730e-01
-3.080562353134155273e-01
-3.073134422302246094e-01
-2.934127449989318848e-01
-3.440214991569519043e-01
-3.044179081916809082e-01
-2.453152537345886230e-01
-2.348163723945617676e-01
-1.759669184684753418e-01
-3.863164186477661133e-01
2.160529047250747681e-01
-3.311384320259094238e-01
-3.926591873168945312e-01
-2.358132600784301758e-01
-2.203142642974853516e-01
3.710630834102630615e-01
2.004314810037612915e-01
-3.005359768867492676e-01
-1.923739314079284668e-01
-3.278424143791198730e-01
1.250011920928955078e-01
-3.094450831413269043e-01
-4.459196329116821289e-02
-2.929145693778991699e-01
-2.310197949409484863e-01
-3.211206793785095215e-01
-2.368760704994201660e-01
-2.914756536483764648e-01
-2.252600193023681641e-01
-3.319488167762756348e-01
-2.430194616317749023e-01
-2.874159216880798340e-01
-2.918875217437744141e-02
-4.553805589675903320e-01
-1.941315531730651855e-01
-3.024032115936279297e-01
-2.359811067581176758e-01
-3.219494223594665527e-01
-2.966570258140563965e-01
-2.633592486381530762e-01
-2.145290374755859375e-01
-2.743445038795471191e-01
-3.294537067413330078e-01
3.321526646614074707e-01
9.188983440399169922e-01
-3.368665575981140137e-01
5.988258719444274902e-01
-3.892281651496887207e-01
-2.727693319320678711e-01
-3.062008619308471680e-01
-3.501818180084228516e-01
-2.944425940513610840e-01
-2.664895057678222656e-01
-3.065937161445617676e-01
-2.973077893257141113e-01
-5.122560858726501465e-01
5.212858319282531738e-02
-3.222886323928833008e-01
-3.636443018913269043e-01
-3.046121001243591309e-01
-2.138922810554504395e-01
-3.002121448516845703e-01
7.113698720932006836e-01
-3.350427150726318359e-01
-1.644191145896911621e-01
-3.882524967193603516e-01
-1.974714398384094238e-01
3.047947883605957031e-01
9.200415015220642090e-02
-3.442225456237792969e-01
-3.276024460792541504e-01
-3.936824202537536621e-01
-3.473070859909057617e-01
-3.579989075660705566e-01
-3.193668127059936523e-01
-2.930055260658264160e-01
-2.545633316040039062e-01
-2.754148840904235840e-01
-2.793966531753540039e-01
-3.737166523933410645e-01
9.963885545730590820e-01
-3.250048160552978516e-01
-2.743053436279296875e-01
-2.829174399375915527e-01
-2.741068601608276367e-01
-3.796309232711791992e-01
-2.588768601417541504e-01
-2.766504287719726562e-01
-3.088293671607971191e-01
-2.929274439811706543e-01
-3.106186389923095703e-01
-5.256738662719726562e-01
2.877710461616516113e-01
-3.558524250984191895e-01
-3.558768630027770996e-01
-3.581212162971496582e-01
-8.649438619613647461e-02
-3.503188490867614746e-01
-3.085414171218872070e-01
-3.442009091377258301e-01
-3.101494908332824707e-01
-2.860367894172668457e-01
-3.605940341949462891e-01
-5.826802849769592285e-01
9.043573737144470215e-01
-3.402077555656433105e-01
-4.155359268188476562e-01
-3.026343584060668945e-01
-3.218618631362915039e-01
-3.345478773117065430e-01
-2.446457743644714355e-01
-3.327198028564453125e-01
-2.063857913017272949e-01
-1.568626761436462402e-01
6.574932336807250977e-01
2.973584532737731934e-01
7.325212955474853516e-01
-2.769616246223449707e-01
-1.135959029197692871e-01
-3.040380477905273438e-01
-2.496495246887207031e-01
-3.678904175758361816e-01
-2.611347436904907227e-01
-3.928877115249633789e-01
-3.017972111701965332e-01
-3.785657882690429688e-01
-3.017128705978393555e-01
-2.041974663734436035e-01
-1.952785849571228027e-01
-3.391491174697875977e-01
-2.735649347305297852e-01
-3.542211651802062988e-01
-3.110782504081726074e-01
-2.827327847480773926e-01
-2.866141796112060547e-01
-3.156308531761169434e-01
-3.044260144233703613e-01
-2.709161639213562012e-01
-2.976482510566711426e-01
1.247591227293014526e-01
1.707604080438613892e-01
-3.377209901809692383e-01
-3.552740216255187988e-01
-2.926443815231323242e-01
-3.098610639572143555e-01
-3.734774589538574219e-01
-2.927452921867370605e-01
-3.895843029022216797e-01
-4.231491684913635254e-01
-3.691473603248596191e-01
-2.911551594734191895e-01
-3.094159364700317383e-01
9.232461452484130859e-04
-2.809988260269165039e-01
-3.213400244712829590e-01
-2.830480933189392090e-01
3.959786295890808105e-01
-3.871432542800903320e-01
-3.036187887191772461e-01
-3.247089982032775879e-01
-2.926605343818664551e-01
-3.711543679237365723e-01
-2.457091212272644043e-01
-2.133341431617736816e-01
4.003712236881256104e-01
-3.839263916015625000e-01
-1.865878105163574219e-01
-3.054492473602294922e-01
-3.596991896629333496e-01
-4.356825351715087891e-01
-2.393889427185058594e-01
-4.210720658302307129e-01
-3.394098877906799316e-01
-3.489830493927001953e-01
-3.495507836341857910e-01
-4.085755944252014160e-01
7.351949810981750488e-02
-4.927749037742614746e-01
-2.839007377624511719e-01
-3.526604771614074707e-01
-3.224003314971923828e-01
-3.282466530799865723e-01
-2.804805636405944824e-01
-3.111662268638610840e-01
-2.482714056968688965e-01
-3.099709749221801758e-01
-2.558392882347106934e-01
1.919944584369659424e-01
-3.078685402870178223e-01
-3.307319879531860352e-01
-1.567428708076477051e-01
-3.842154741287231445e-01
-3.379753232002258301e-01
-2.772145271301269531e-01
-2.665339112281799316e-01
-2.740173935890197754e-01
-2.944061160087585449e-01
-3.160395026206970215e-01
-3.409798145294189453e-01
-4.680526852607727051e-01
8.200982213020324707e-02
-3.405758738517761230e-01
-5.468729138374328613e-02
-3.142721652984619141e-01
-2.802459597587585449e-01
-2.825175523757934570e-01
-7.190284132957458496e-02
-3.495939970016479492e-01
-2.800300717353820801e-01
-2.783744931221008301e-01
-3.072211146354675293e-01
1.059687137603759766e-01
-1.099013090133666992e-01
-3.317479491233825684e-01
-2.353702783584594727e-01
-2.770037651062011719e-01
-3.189088702201843262e-01
-2.650541067123413086e-01
-2.880681157112121582e-01
-3.152977228164672852e-01
-1.724356412887573242e-01
-4.661621451377868652e-01
-1.876744031906127930e-01
2.085074782371520996e-02
-1.093728244304656982e-01
-3.195875287055969238e-01
-3.451482653617858887e-01
-3.603254556655883789e-01
-3.456775546073913574e-01
-3.208780884742736816e-01
-3.310568928718566895e-01
-2.790518999099731445e-01
-2.490451335906982422e-01
-2.909773588180541992e-01
-3.165051341056823730e-01
9.843617677688598633e-03
6.295976042747497559e-02
-3.956025838851928711e-01
9.905341267585754395e-01
-3.272165060043334961e-01
-3.422021865844726562e-01
-3.895019292831420898e-01
-1.264372467994689941e-01
-3.314108848571777344e-01
-4.107596278190612793e-01
-3.198978304862976074e-01
-2.741363644599914551e-01
7.261183261871337891e-01
-3.272078037261962891e-01
-2.899409532546997070e-01
-2.922097444534301758e-01
-3.527364730834960938e-01
-3.123295903205871582e-01
-3.029097318649291992e-01
-3.333440423011779785e-01
-2.937331199645996094e-01
-2.670761346817016602e-01
-3.207983970642089844e-01
-3.067850470542907715e-01
-4.217412471771240234e-01
6.369227170944213867e-01
-4.171954393386840820e-01
-2.825078964233398438e-01
-3.644340038299560547e-01
-3.191337585449218750e-01
-2.976320981979370117e-01
-3.003883957862854004e-01
-2.766975760459899902e-01
-3.799502849578857422e-01
-3.241187334060668945e-01
-3.320907354354858398e-01
-1.307186484336853027e-01
-5.883046984672546387e-02
-3.867051601409912109e-01
-1.510269641876220703e-01
-2.771973609924316406e-01
-3.028558492660522461e-01
-3.509981036186218262e-01
-2.508115172386169434e-01
-3.507434129714965820e-01
-3.334061503410339355e-01
-2.989493608474731445e-01
-2.305183410644531250e-01
-3.783611655235290527e-01
4.377926886081695557e-01
-3.763898611068725586e-01
-4.016606211662292480e-01
-3.674041628837585449e-01
-4.303994774818420410e-02
-4.058421254158020020e-01
-2.674384713172912598e-01
-3.654843568801879883e-01
-2.431527972221374512e-01
-3.089807629585266113e-01
-2.948336601257324219e-01
9.487836360931396484e-01
2.384492754936218262e-02
-3.603568077087402344e-01
-1.458985805511474609e-01
-3.006744980812072754e-01
-3.251258730888366699e-01
-3.931879997253417969e-01
-3.960461616516113281e-01
-4.086334109306335449e-01
-1.480965614318847656e-01
-2.555705904960632324e-01
-3.632124662399291992e-01
-3.366232514381408691e-01
-2.228853106498718262e-02
-3.296360373497009277e-01
-2.781299948692321777e-01
-3.109800219535827637e-01
-4.776359796524047852e-01
-3.061521053314208984e-01
-3.178362846374511719e-01
-3.653898835182189941e-01
-2.724370360374450684e-01
-4.236881732940673828e-01
-2.645402550697326660e-01
-3.026256561279296875e-01
-5.437758564949035645e-02
-2.290588021278381348e-01
-2.668968439102172852e-01
-3.083944320678710938e-01
-2.970387339591979980e-01
-3.303606510162353516e-01
-1.666545867919921875e-01
-2.807882428169250488e-01
-2.862375974655151367e-01
-3.457320332527160645e-01
-3.597916364669799805e-01
-4.406011700630187988e-01
-1.479286551475524902e-01
-3.888573050498962402e-01
-1.563441753387451172e-02
-3.703918457031250000e-01
-2.305973768234252930e-01
-3.215519785881042480e-01
1.321505010128021240e-01
-2.148202657699584961e-01
-2.846816778182983398e-01
-3.348629474639892578e-01
-3.667998313903808594e-01
7.383882999420166016e-01
-1.942605376243591309e-01
-3.346613049507141113e-01
-3.544810414314270020e-01
-4.103142023086547852e-01
-3.378087282180786133e-01
-3.295890092849731445e-01
-3.051868677139282227e-01
-4.035099744796752930e-01
-2.922084927558898926e-01
-3.497262597084045410e-01
-1.376946866512298584e-01
-5.446103215217590332e-01
-1.495616436004638672e-01
-3.328910470008850098e-01
-3.388110399246215820e-01
-2.683963179588317871e-01
-2.904536724090576172e-01
-3.351914286613464355e-01
-2.387939691543579102e-01
-3.137291669845581055e-01
-2.190931439399719238e-01
-2.941778898239135742e-01
-2.857391834259033203e-01
-4.374655485153198242e-01
-2.039049863815307617e-01
-3.363452553749084473e-01
-2.729477882385253906e-01
-3.935688734054565430e-01
-3.122536540031433105e-01
-3.420919775962829590e-01
-2.466577291488647461e-01
-3.649301528930664062e-01
-3.400892019271850586e-01
-3.521936535835266113e-01
-3.685591816902160645e-01
-3.009028434753417969e-01
-1.506105661392211914e-01
-3.501828312873840332e-01
-1.738112568855285645e-01
-3.318346142768859863e-01
-2.592704892158508301e-01
-3.413276076316833496e-01
-2.567524313926696777e-01
-3.325950503349304199e-01
-2.545088529586791992e-01
-2.495893239974975586e-01
-3.279951214790344238e-01
-4.206733703613281250e-01
4.701456725597381592e-01
-4.295540452003479004e-01
-2.674124836921691895e-01
-3.964152336120605469e-01
-2.827092409133911133e-01
-3.098027706146240234e-01
-2.195282578468322754e-01
-2.872740030288696289e-01
-3.152745366096496582e-01
-2.981249094009399414e-01
-2.394094467163085938e-01
-2.310234904289245605e-01
-1.958796381950378418e-01
-3.295964002609252930e-01
3.026103973388671875e-01
-2.407598495483398438e-01
-2.353053689002990723e-01
-3.110733032226562500e-01
-3.213357329368591309e-01
-4.275341033935546875e-01
-3.167138695716857910e-01
-2.907354831695556641e-01
-3.018613457679748535e-01
-4.276047348976135254e-01
