-1.662452733846661590e-02
-1.295189386552769162e-01
-2.395473122176415837e-01
-3.374143865617528215e-01
-4.235867507455065017e-01
-5.114010132269412034e-01
-6.067618847626602419e-01
-6.952131587027103876e-01
-7.566126072128902535e-01
-7.753336244202431171e-01
-7.302564236816073695e-01
-6.378698716509298983e-01
-5.612878973286627993e-01
-5.193645705992540051e-01
-4.725740550128798012e-01
-3.800944176717175327e-01
-2.474200944814508030e-01
-1.160429402714228536e-01
1.184771455571309584e-02
1.343619065332418150e-01
2.038905073284556502e-01
2.200194004095819555e-01
2.409183580367518507e-01
2.700358382024167225e-01
2.459144304458221186e-01
1.569431137538887522e-01
4.364263776685382845e-02
-5.877642547316021260e-02
-1.044056517027367181e-01
-5.262671176000430218e-02
6.957060577052190387e-02
1.812826871134063378e-01
2.432312891314102610e-01
2.819827547488591435e-01
3.409895395266810958e-01
4.055045724189066947e-01
4.099333595131697816e-01
3.420847048433542925e-01
2.312182141756175258e-01
9.559729088898763494e-02
-4.964057087757164921e-02
-1.891780225922347625e-01
-3.044338272044823657e-01
-3.752438673527808133e-01
-3.838372536701575855e-01
-3.139543112047428197e-01
-1.509335595365720040e-01
7.275258753285411550e-02
2.791062169043583840e-01
4.356074676580014016e-01
5.461742680088418345e-01
6.046249844305795484e-01
6.131900505563498971e-01
5.836246840509581313e-01
5.234398400938496954e-01
4.345059678066941489e-01
3.170951792607549224e-01
1.730083223164606276e-01
6.654645591795682602e-03
-1.727608517934594023e-01
-3.563327686267445671e-01
-5.421874607123017276e-01
-7.264433126241870431e-01
-8.985917941838077461e-01
-1.044429654529148932e+00
-1.143432817816204761e+00
-1.176484168112874151e+00
-1.127203971543445649e+00
-9.737559428842752496e-01
-7.046232802632692582e-01
-3.446148467041413865e-01
3.847046177596381844e-02
3.555479069847765627e-01
5.600792480283877106e-01
6.650481662490823620e-01
6.855300816940942399e-01
6.475338674387778326e-01
5.969683947381020372e-01
5.385969020419372200e-01
4.465939911673662555e-01
3.318860565633503512e-01
2.340084781552200788e-01
1.567384867508073987e-01
6.450561748445189647e-02
-4.759477267054099126e-02
-1.608337358301371867e-01
-2.677137526672429546e-01
-3.499897111360885660e-01
-3.815741216620103238e-01
-3.289080154122249189e-01
-2.017819969982588280e-01
-6.469649846675361304e-02
6.305500824047476083e-02
2.103827056813098173e-01
3.673576698914670646e-01
4.797797614658139143e-01
5.240459103066954505e-01
5.126435736859993320e-01
4.604200227573975734e-01
3.804607583411210858e-01
2.841515714905111234e-01
1.840445172517868599e-01
9.125264101158030161e-02
1.335649329566900717e-02
-4.913870596808105062e-02
-9.898275833207860475e-02
-1.368352358038474326e-01
-1.576367114621337051e-01
-1.583000788823503702e-01
-1.455051410869852568e-01
-1.237617120256495479e-01
-9.467926023462742979e-02
-6.187884232425944209e-02
-2.927561652419017127e-02
-7.343690089104265573e-04
2.206781420003581934e-02
3.896701094861704934e-02
4.748028580100096402e-02
4.409403436531784265e-02
2.321844840591126904e-02
-2.152645560691487242e-02
-8.878596125090469637e-02
-1.737280527061651203e-01
-2.734265390336469981e-01
-3.811226674970397688e-01
-4.806699595918891843e-01
-5.486262067704412715e-01
-5.637907703464343223e-01
-5.130388465695291389e-01
-3.832365912511571104e-01
-1.824401139593879728e-01
1.785407727689225857e-02
1.424343938519010144e-01
1.922308749829044205e-01
2.074532609098534153e-01
2.221055589834927124e-01
2.350649963087582117e-01
2.135767033072302756e-01
1.561149348010574256e-01
9.193136442057776858e-02
5.049551995841254637e-02
6.178459274960292069e-02
1.511782089603671553e-01
2.844572952413769729e-01
3.723036122132671877e-01
3.803014849007897435e-01
3.291859541814816659e-01
2.393364521719909821e-01
1.283946623165040102e-01
1.266503542690378126e-02
-9.219135080235990598e-02
-1.746243241840852445e-01
-2.271175544062162821e-01
-2.432446736186629488e-01
-2.154816987355759883e-01
-1.568284076233183444e-01
-1.060921246614557334e-01
-8.071218170197150266e-02
-6.698350771630340317e-02
-4.153411084640563911e-02
1.432019386732111960e-02
1.091854512400746574e-01
2.301922310749486833e-01
3.263378786123466990e-01
3.591266319118571193e-01
3.353394643901396743e-01
2.706944919657494064e-01
1.793695172710734753e-01
8.100475159589388963e-02
-9.557258092439364222e-03
-9.599460397326597949e-02
-1.922252360607281663e-01
-2.988291691884565338e-01
-4.079863951070738515e-01
-5.115819448806547820e-01
-5.927874991456389964e-01
-6.235159442203555002e-01
-5.755617656777449742e-01
-4.298520360405158613e-01
-2.152383538558672593e-01
3.909952995811549065e-04
2.032230234466838592e-01
3.889517158604244296e-01
5.149649455289390110e-01
5.707994173693494711e-01
5.709636724931692608e-01
5.244083256348034405e-01
4.416417374862164902e-01
3.375520426313474154e-01
2.284550051790326386e-01
1.280851968442517641e-01
4.148577710099291688e-02
-3.916305456684068820e-02
-1.199086090401736138e-01
-1.995937089907652562e-01
-2.746480806569984168e-01
-3.404378011637013701e-01
-3.928330934259623430e-01
-4.252186526798222843e-01
-4.274924937971853467e-01
-3.886607238749731352e-01
-2.975311123790022605e-01
-1.389625025183167939e-01
5.286975778748026489e-02
1.931350451938817492e-01
2.533914565521305784e-01
2.575737655252410274e-01
2.246301456151932607e-01
1.667244389548402927e-01
9.873923040494073100e-02
4.309854515263214503e-02
1.373505724923814765e-02
1.179679981944934189e-02
3.016628488142009124e-02
5.390158647393236691e-02
7.068401905927004791e-02
7.817978752940296649e-02
8.148876144263707266e-02
8.635736694109431844e-02
9.106487982753330712e-02
9.096608503498497533e-02
8.766226915869163028e-02
8.537051455805752531e-02
8.479710146397929915e-02
8.529092311320121689e-02
8.494490336027063493e-02
7.864986293200654233e-02
6.503395396899497305e-02
4.915575559636242708e-02
3.513899531759481776e-02
2.353836307794946944e-02
1.400194962488413020e-02
5.985288124107604468e-03
-2.084437949793710443e-03
-1.314895943856157767e-02
-3.090821419061970388e-02
-5.470706873085086352e-02
-7.849969843291892957e-02
-9.996342630106147542e-02
-1.324859634022256538e-01
-1.924600535055812633e-01
-2.760766605693383835e-01
-3.705747008894128558e-01
-4.632325676917434243e-01
-5.360350334581336362e-01
-5.705604155544542477e-01
-5.516302339965163393e-01
-4.648692737277680398e-01
-2.924816310129070285e-01
-5.776098817010046765e-02
1.743083017929018541e-01
3.619405604283408295e-01
4.802769047131150160e-01
5.267431051718809432e-01
5.217993341165357846e-01
4.786258522639011970e-01
4.088057195481103467e-01
3.247773375550703223e-01
2.374359999796023801e-01
1.576696142637231401e-01
9.341718395237906536e-02
4.840385282361446551e-02
2.303119636665046377e-02
8.218540567412911668e-03
-1.020834944699911331e-02
-3.448120258671465155e-02
-5.692143304418405270e-02
-7.299088271621301249e-02
-8.089504908787251147e-02
-7.892281991102306771e-02
-6.621766450874871923e-02
-4.218397744961366325e-02
-1.335317746503796033e-02
6.229851655677950961e-03
9.521213963389514590e-03
-1.070293324135267177e-03
-1.887948736670264430e-02
-3.623387762880360408e-02
-4.838939567015907578e-02
-5.336847613918724309e-02
-5.295652454356720301e-02
-5.165363102930121270e-02
-5.095038964254046399e-02
-4.773009364284201000e-02
-4.005612539130797012e-02
-2.950556028005280745e-02
-1.625446539906221996e-02
5.126442635941170535e-04
2.071003977641387023e-02
4.432938792120810767e-02
7.033375973174971207e-02
9.843011604992918384e-02
1.291345393946632392e-01
1.590972586919499610e-01
1.809273613195870878e-01
1.872925873190309232e-01
1.725475629078581929e-01
1.317914106027360810e-01
6.134385765372987742e-02
-2.923353473247670281e-02
-1.203456192185625578e-01
-2.029185663932851491e-01
-2.751049653284949326e-01
-3.348458577742076114e-01
-3.781365246291849558e-01
-3.996450266807803908e-01
-3.967017334681222640e-01
-3.647448141465208238e-01
-2.951487200681243706e-01
-1.761241822828402970e-01
6.516412665140219884e-03
2.180387592154782728e-01
3.792094687904384309e-01
4.629225462035301275e-01
4.876345115976025713e-01
4.698730959780692551e-01
4.210856435803339015e-01
3.471293737958868753e-01
2.527170737019525104e-01
1.426108949189606734e-01
2.304559212159614998e-02
-9.967902557913230210e-02
-2.205443627996605538e-01
-3.232647375345691354e-01
-3.791312930871290621e-01
-3.705908935524933612e-01
-3.172793042663424878e-01
-2.645704979082578734e-01
-2.322650405422513054e-01
-2.148075990049702066e-01
-2.055106222568328644e-01
-1.929422275809643539e-01
-1.612207229362827288e-01
-9.053319644433081848e-02
4.065960399143236231e-02
2.064087857513136059e-01
3.327483425172149678e-01
3.886670721272216245e-01
3.882509718381627062e-01
3.479647933188996234e-01
2.857655675847098897e-01
2.161764147586377471e-01
1.466074326845741571e-01
8.149257374915688801e-02
2.466211171999784305e-02
-2.289721340239284780e-02
-6.134604444940662538e-02
-8.796134028215149558e-02
-9.738626943932299218e-02
-8.783746389754246153e-02
-6.667811714218498109e-02
-4.493746907364047638e-02
-2.590192116057273009e-02
-6.409037214480240233e-03
1.377094038587210398e-02
2.964345170784797590e-02
3.739404898676128297e-02
3.567946722002077881e-02
2.293333480995117871e-02
3.535404324432748699e-03
-1.495249604018871262e-02
-3.134454754976174345e-02
-4.767860659439762672e-02
-6.502861053583591788e-02
-8.349716606894697080e-02
-1.001834380095997373e-01
-1.103937792947847218e-01
-1.125270511087641673e-01
-1.068819069411156980e-01
-9.285050654737728171e-02
-6.796680198119346705e-02
-3.493067688810148202e-02
-5.176448953328880408e-03
1.583230944583264785e-02
3.013471852310063356e-02
3.915770794482340694e-02
4.397679623931448345e-02
4.408675917463251298e-02
4.001582526542468710e-02
3.630009709189310763e-02
3.487047595647092130e-02
3.319389191893206553e-02
3.077745947030237350e-02
3.018199970524092224e-02
3.404925392958515346e-02
4.335585886822061752e-02
5.759343389259805046e-02
7.601262270516934150e-02
1.001420711746986714e-01
1.302940563941997754e-01
1.581267633302445297e-01
1.747157335365195630e-01
1.763486769297400725e-01
1.567718251756024250e-01
1.112315262829721291e-01
5.095717102983839120e-02
-5.128562333316703803e-03
-5.374027974323509343e-02
-9.896788736934516995e-02
-1.405708321249474479e-01
-1.827467720979958354e-01
-2.294167358532466228e-01
-2.789131853776614656e-01
-3.279042703658696101e-01
-3.677097303944787399e-01
-3.869340133657275249e-01
-3.779864555241940205e-01
-3.459288337499850652e-01
-3.028244703961664452e-01
-2.419565820204171991e-01
-1.432372701985743235e-01
1.015419728131065208e-02
1.925748821002978006e-01
3.355050210132110577e-01
4.104862648554360449e-01
4.330765052667954196e-01
4.180596705334211349e-01
3.779452077977600855e-01
3.236162693011265801e-01
2.614789402704361665e-01
1.961100927158385687e-01
1.326659007679403257e-01
7.519707540665894474e-02
2.953899112162363880e-02
3.182162664747932579e-04
-1.589690270022398738e-02
-2.420712728728338647e-02
-2.647431162253893050e-02
-1.974227408055329730e-02
2.489019660603442041e-03
3.227681053889511903e-02
4.753365386478696636e-02
4.089343043546156409e-02
2.025126029814443979e-02
-6.727915584900677481e-03
-3.489138676672619288e-02
-6.365508602654801340e-02
-9.255859149363757088e-02
-1.196670907754239371e-01
-1.466447936512955685e-01
-1.752235554210787027e-01
-2.009651339199973186e-01
-2.209186183041510210e-01
-2.382643135376165677e-01
-2.525165367880225498e-01
-2.560895172783751450e-01
-2.364748742883885924e-01
-1.738579593336902207e-01
-6.933975818095984567e-02
3.065236274834701180e-02
8.624352036383375886e-02
1.000628903421004884e-01
9.283882812204377610e-02
8.438114677733148106e-02
8.803226748163286985e-02
9.882734491703898394e-02
1.013290041116584050e-01
1.012312167722839440e-01
1.160837836499412357e-01
1.533746399414926131e-01
2.050020079438424347e-01
2.528998722048070857e-01
2.827723998075379330e-01
2.847915504045587798e-01
2.614598676158073065e-01
2.230056603242890900e-01
1.729166478710016108e-01
1.126872543568711166e-01
4.570916423405549378e-02
-2.576766380154515979e-02
-1.012094088527940167e-01
-1.788792795144322767e-01
-2.570661306236718957e-01
-3.342181465618285774e-01
-4.025332840121429445e-01
-4.505091329691421898e-01
-4.669777110479403914e-01
-4.390457639941844903e-01
-3.529826247827962948e-01
-2.255157033500358732e-01
-1.022611039205543332e-01
5.884160619321111146e-03
1.189197862680015511e-01
2.536477690166343280e-01
3.881831861958812691e-01
4.640830800572629533e-01
4.643459358361797240e-01
4.098055724236753239e-01
3.183417964465866667e-01
2.036609056136162443e-01
7.700153781123614261e-02
-4.814699818685478500e-02
-1.574795473842587057e-01
-2.385624314931694967e-01
-2.815283534093382944e-01
-2.722838460368777191e-01
-2.110160441307231127e-01
-1.218176224104957767e-01
-1.341248385812646160e-02
9.998203217097006990e-02
1.844966825313721359e-01
2.396551100840106086e-01
2.862231758276591043e-01
3.161398841770984847e-01
3.010501974175350814e-01
2.353894847610255858e-01
1.314236355724789362e-01
7.702091310475070451e-04
-1.389181496930758375e-01
-2.696873351880941239e-01
-3.788010505216409807e-01
-4.521535082585969034e-01
-4.701629720151005998e-01
-4.116334483034956304e-01
-2.573707106453123061e-01
-4.753021773222154689e-02
1.206007306034036497e-01
2.081818354862619846e-01
2.374201216221135669e-01
2.241914478364279151e-01
1.680952178367956518e-01
7.768937985539693669e-02
-1.840043628363793177e-02
-9.170715998189127305e-02
-1.217208848038655311e-01
-9.034358999569627735e-02
-1.366342636317824377e-03
9.277468515394755866e-02
1.345234981746773473e-01
1.143139964388282248e-01
5.535741298166626384e-02
-1.753101784478564018e-02
-9.640412290072494783e-02
-1.847658044559488122e-01
-2.718833387221168407e-01
-3.312243977398515171e-01
-3.310141853039822446e-01
-2.378317578215161932e-01
-4.448394683243008657e-02
1.842372934167877396e-01
3.565970663083282699e-01
4.476085311781987652e-01
4.821568172938722752e-01
4.776344346961128862e-01
4.388537751190654257e-01
3.784717131325964212e-01
3.219453949060712694e-01
2.697486909533552413e-01
1.907564369865443199e-01
7.110705480294053638e-02
-7.876307224296184850e-02
-2.435870896909347882e-01
-4.051962571798251589e-01
-5.397435757330373285e-01
-6.204693657165151199e-01
-6.255551055178197872e-01
-5.361825120650323129e-01
-3.690875425180680236e-01
-1.821252781503993057e-01
-2.204445459819002681e-02
8.385419809608923858e-02
1.356995163175808150e-01
1.674454074004654847e-01
1.854495894894004349e-01
1.606977476458115173e-01
1.008149349294757274e-01
4.845106740423552050e-02
4.390049090695481021e-02
8.317300250811135442e-02
1.221300655843345906e-01
1.416328062091817552e-01
1.527710963601212057e-01
1.587897424513591282e-01
1.416385867928817710e-01
1.061986402553520142e-01
6.405188475589795871e-02
9.976186725447366843e-03
-4.273555615873794039e-02
-8.009823234097017408e-02
-1.057263226762315822e-01
-1.277005343794448966e-01
-1.491467865005437765e-01
-1.676209009437446551e-01
-1.725747950065072145e-01
-1.438210197603847496e-01
-6.337247498821041436e-02
6.904763323004931008e-02
2.151765893155181131e-01
3.192200086993324248e-01
3.590713713426658127e-01
3.420955074617406666e-01
2.817479416671376247e-01
1.922575203965072310e-01
8.779307497388835757e-02
-2.287847420589259051e-02
-1.376791373963200948e-01
-2.509896454236997254e-01
-3.519584646876800504e-01
-4.268046643676708940e-01
-4.605513245695500579e-01
-4.412845209263820401e-01
-3.586651662414931385e-01
-1.961597204647778647e-01
2.963630618340820644e-02
2.520543409822058600e-01
4.249660640021704072e-01
5.371568638568248177e-01
5.826415182890181121e-01
5.641173496846606517e-01
4.906564141847772342e-01
3.718433403988924968e-01
2.185827865353868749e-01
4.346248205124575437e-02
-1.398831979765593203e-01
-3.224467282837505944e-01
-4.980024974621078404e-01
-6.552769211432655228e-01
-7.780293240337247118e-01
-8.500258328342613634e-01
-8.541449521191980532e-01
-7.613896423451975704e-01
-5.399754458231836862e-01
-1.968421704736324218e-01
1.791725960511066362e-01
4.766842324607084014e-01
6.679827114668661636e-01
7.811525673408269421e-01
8.275325379359709244e-01
8.035294731350898223e-01
7.140252106049397307e-01
5.748777118806605024e-01
4.055599166108645459e-01
2.225918326885251430e-01
3.702717996796978106e-02
-1.450939223372495757e-01
-3.130988011113640113e-01
-4.476052690034948434e-01
-5.338938332203887471e-01
-5.694025630302981256e-01
-5.594011292023328696e-01
-5.015410645539678525e-01
-3.814093329745587013e-01
-2.190732391190394202e-01
-7.338782282592154482e-02
3.480098869067153183e-02
1.228747001845273690e-01
2.068699955206699526e-01
2.818351615798291854e-01
3.236305283653890807e-01
3.316386552310511271e-01
3.211442987354149459e-01
2.961846784209709038e-01
2.605058622553361181e-01
2.230512065509124842e-01
1.864791043597890663e-01
1.459490153976046589e-01
9.797747104533108264e-02
4.442526449488069101e-02
-1.085404758082724949e-02
-6.871780612291145118e-02
-1.287367127297459057e-01
-1.861301522778679163e-01
-2.387576010547778071e-01
-2.834886441203436358e-01
-3.168752242215729376e-01
-3.381680729692310705e-01
-3.433474140781982986e-01
-3.244298899367449307e-01
-2.698754176049016906e-01
-1.680369167946897946e-01
-1.412903558075291263e-02
1.590180763149604826e-01
2.865586964178951646e-01
3.423440744711285233e-01
3.395826517031546588e-01
2.939645676210008163e-01
2.213608223628543703e-01
1.348346139475350980e-01
4.315287796738795367e-02
-4.810294040360650614e-02
-1.334997648781947044e-01
-2.039602165005291734e-01
-2.519437915277889517e-01
-2.723818933450360968e-01
-2.487040755715454188e-01
-1.515274615220472687e-01
-2.755306207535758445e-03
1.190284061210937216e-01
1.818492022521455420e-01
2.025759279744444308e-01
1.963877576219286436e-01
1.749074057338734778e-01
1.480261643060686860e-01
1.266571948312397999e-01
1.213539187611659131e-01
1.257676356601934720e-01
1.169577424206615784e-01
8.697844867637381794e-02
4.319261541737483973e-02
-6.533455459036816015e-03
-5.474589790588033078e-02
-9.764986919086376949e-02
-1.328643448737977795e-01
-1.553658449692325583e-01
-1.569792669974497679e-01
-1.277679253167809392e-01
-6.056891385151966928e-02
1.884697630300208315e-02
6.083701492176659537e-02
5.429581917833385674e-02
1.643327546029286351e-02
-3.961820579074326609e-02
-1.015173837669415546e-01
-1.579481811772220634e-01
-2.025324634503163079e-01
-2.323686903416056215e-01
-2.344101855702039605e-01
-1.858325608542069074e-01
-6.286748179978579598e-02
1.034686476156959634e-01
2.260352675800262612e-01
2.722109926274694502e-01
2.612572061579584992e-01
2.074242904906462848e-01
1.265181517301605940e-01
3.527026072354782354e-02
-5.156607046187235144e-02
-1.169618388421052729e-01
-1.410618401468518301e-01
-1.077556683106997704e-01
-4.829855329276731835e-03
1.345864751682852301e-01
2.332698338516173420e-01
2.632923572343545127e-01
2.411307124697357196e-01
1.791021400397994068e-01
8.951523731714521037e-02
-1.458871129828563304e-02
-1.204064818383460550e-01
-2.146859579591275102e-01
-2.842089738227503992e-01
-3.172536891487496291e-01
-2.986303232598935264e-01
-2.375540739082491470e-01
-1.783359936755133102e-01
-1.410905162733765705e-01
-1.089157124538583932e-01
-5.889709549679977146e-02
3.244108664410448595e-02
1.451889553874519678e-01
2.166262515322456561e-01
2.285318141492922450e-01
2.052402336682351836e-01
1.679868460529102825e-01
1.324490600969344123e-01
1.000566045312161478e-01
5.600691045445094218e-02
-4.354902820562042698e-03
-6.847122382036527344e-02
-1.228913627257211816e-01
-1.542971880748913449e-01
-1.578928712096491771e-01
-1.410438658132676937e-01
-1.026544577179921147e-01
-3.117543780478150214e-02
6.373145160820786748e-02
1.532749316808924012e-01
2.203175096819756928e-01
2.575308433227472271e-01
2.674297893130518355e-01
2.592920044746588326e-01
2.356621150302639078e-01
1.985641337361068737e-01
1.543765127744661791e-01
1.110016730429009696e-01
7.362750798370970573e-02
4.329967056030753492e-02
1.606337762788863366e-02
-1.654410231849001017e-02
-5.492774052138823387e-02
-9.544658382257616147e-02
-1.432392984953252402e-01
-1.991073482020590535e-01
-2.560434680231058469e-01
-3.095339969576140216e-01
-3.573798124279824462e-01
-3.918095889538738552e-01
-3.942002335105797006e-01
-3.446830856092136797e-01
-2.323723510333407516e-01
-6.481376869171515120e-02
1.040346676334279602e-01
2.038582137931971294e-01
2.207215631457044303e-01
1.772341369057654492e-01
9.225390448731066173e-02
-1.280416004956616560e-02
-1.169814138150138405e-01
-2.057125192540750769e-01
-2.649467026792666768e-01
-2.757551760454692857e-01
-2.154759748773957539e-01
-6.285469017263158042e-02
1.394602529548023273e-01
2.912523817054992747e-01
3.573303660130224824e-01
3.614317261568786299e-01
3.233335338874782083e-01
2.612533162174048851e-01
1.936785129429937358e-01
1.363588374238369760e-01
1.021155539307100485e-01
9.044415978120859401e-02
8.328629981039889496e-02
7.282946770090727162e-02
6.352729507297184830e-02
5.584903457636020835e-02
5.160463326700361064e-02
5.456949855618088707e-02
6.225658607286006091e-02
6.661163035688257017e-02
6.150854442323415439e-02
4.613555457847964836e-02
2.292044772663918636e-02
-8.458383756265539649e-03
-4.915445886863707703e-02
-9.606944745802731278e-02
-1.449713658481884826e-01
-1.927694754616481598e-01
-2.350363390204319725e-01
-2.679504568886063032e-01
-2.890042589052621569e-01
-2.928627515543558157e-01
-2.754374846220695727e-01
-2.399415086786142182e-01
-1.914132873925304956e-01
-1.286204831569632556e-01
-4.447222028490348950e-02
7.150016441583725846e-02
2.038507267417344060e-01
3.018165647476165891e-01
3.396008251137786482e-01
3.316411283892916062e-01
2.945939975438434666e-01
2.401588314494748078e-01
1.768871701339047586e-01
1.093043353480645935e-01
4.254919958862785762e-02
-2.028778292178250175e-02
-7.847259377977248984e-02
-1.301140789416964372e-01
-1.749871215338487107e-01
-2.128887433129763862e-01
-2.402312790253385288e-01
-2.569215708924194597e-01
-2.671900804531947005e-01
-2.684639840086985307e-01
-2.528524631591018146e-01
-2.119280823830627658e-01
-1.328897875580719035e-01
-5.567174309302253335e-03
1.448054660935642890e-01
2.664636968675132001e-01
3.380037869771030934e-01
3.649120755436013885e-01
3.550537828857392997e-01
3.215521922938769372e-01
2.783965480313138063e-01
2.346675766077007674e-01
1.925539173555663730e-01
1.501647756988886417e-01
1.065481596407273079e-01
6.182240179527044577e-02
1.459344759968469324e-02
-3.771162037793844568e-02
-9.218217045774040885e-02
-1.446165731614197369e-01
-1.970930018329549727e-01
-2.546045782880856923e-01
-3.219043265893901662e-01
-3.948056322236280224e-01
-4.614028577869929704e-01
-5.095819339104515899e-01
-5.250553250544762740e-01
-4.907261334928652019e-01
-3.858612544955244417e-01
-1.867699472125562143e-01
7.085172015127613743e-02
2.869087651692155960e-01
4.156732437812289405e-01
4.742418618551347276e-01
4.829748454179898509e-01
4.599824246612824741e-01
4.193462495508768484e-01
3.668829888033329212e-01
3.054453757399654412e-01
2.415887254431390851e-01
1.765308669575305356e-01
1.052618205072228391e-01
3.245784505988721230e-02
-2.675401329592319577e-02
-6.530088536735816074e-02
-8.464205331636054375e-02
-8.209060170498069797e-02
-6.251560751260046289e-02
-4.430245760889090639e-02
-3.516665094408476244e-02
-3.111592126399766178e-02
-3.110460642451186308e-02
-3.962842105796473419e-02
-6.571267125292741540e-02
-1.129980944360725603e-01
-1.733179103128340837e-01
-2.334352081998863626e-01
-2.828873494465696803e-01
-3.123001995919668095e-01
-3.112085110642014985e-01
-2.687132549631942036e-01
-1.887159681064780048e-01
-9.115575552940835546e-02
8.713238592936127166e-03
1.021393635549510404e-01
1.935212643423407652e-01
2.753076046098271168e-01
3.176814190677874628e-01
3.180951798030230426e-01
2.951695002691678282e-01
2.586031213621196589e-01
2.137650286756449525e-01
1.664006117661679940e-01
1.219540482057924896e-01
8.450100033555794921e-02
5.867708748362118060e-02
3.617753696554423110e-02
-3.529386300488480260e-03
-6.198836238525406994e-02
-1.206267385067958109e-01
-1.566982605993897937e-01
-1.483297291995580025e-01
-1.088180724250175091e-01
-8.994062344134666487e-02
-1.137280626835082825e-01
-1.727072409878941950e-01
-2.596028122277708738e-01
-3.479163099259618419e-01
-4.000842012697907735e-01
-3.832860997295052807e-01
-2.824090107856164211e-01
-1.297339421351315358e-01
2.583434012640459590e-02
1.764955037870246102e-01
3.451202095737590514e-01
5.275167617448236479e-01
6.608797668016903604e-01
6.850301183132347926e-01
5.932290465982370531e-01
4.089464052657341697e-01
1.634597179029567138e-01
-1.104160695383353957e-01
-3.838552603683300091e-01
-6.297378899139223218e-01
-8.163349016467593700e-01
-9.112066517998177462e-01
-8.896689670167333697e-01
-7.560913935702078259e-01
-5.284761009801105525e-01
-2.179642952654678167e-01
1.209850489247813465e-01
4.192664823737716207e-01
6.371001275391853236e-01
7.401530256982278289e-01
7.272922004785353778e-01
6.270327055533618799e-01
4.735819330686751316e-01
3.049449157076211669e-01
1.573737482761521922e-01
4.386826333470617012e-02
-5.177123099774484649e-02
-1.290872044492122062e-01
-1.780466592940276316e-01
-2.084429357283118234e-01
-2.258131431500415565e-01
-2.188455133049092560e-01
-1.656124446512945436e-01
-7.171977777969792966e-02
1.807452464697593270e-02
8.731653864897281903e-02
1.568390577037822309e-01
2.238984090096347579e-01
2.554660169098129097e-01
2.390808062056533623e-01
1.880567724894217085e-01
1.226074857906979537e-01
6.297809809150921312e-02
1.649081776968659707e-02
-1.339606999027001533e-02
-3.150425895921806635e-02
-5.850449708835856605e-02
-1.041668881492428811e-01
-1.592375840219716066e-01
-2.083781088224337386e-01
-2.402504932341144317e-01
-2.474596712330773551e-01
-2.287866058431418936e-01
-1.939757421625795675e-01
-1.418204148487509364e-01
-6.119742805007927916e-02
3.529998376738689020e-02
1.172671432126567159e-01
1.693294639635435361e-01
1.937018427658608877e-01
1.971731475575671244e-01
1.843403370824911458e-01
1.579724435247631398e-01
1.196723172655023842e-01
6.819339955208417181e-02
5.294114291024418911e-03
-6.070914068452767931e-02
-1.225885569843779416e-01
-1.724316735863364869e-01
-1.952205935188668362e-01
-1.776009549627774742e-01
-1.297472401714110934e-01
-8.352203460141829905e-02
-5.459565635437405723e-02
-3.523807737271444224e-02
-1.314150272966636487e-02
2.021898985719568567e-02
6.850628209355334730e-02
1.403809059865462061e-01
2.514606985548270557e-01
3.748184782414658023e-01
4.414213003112820166e-01
4.284709193208988132e-01
3.583834546336821525e-01
2.447136517743463135e-01
8.958083605871627886e-02
-1.010429062068288891e-01
-3.121763209379478377e-01
-5.269631618667889317e-01
-7.288989853739246128e-01
-8.970411492645100626e-01
-1.006841014320299710e+00
-1.030762619467548546e+00
-9.343003700242645815e-01
-6.774703389663521147e-01
-2.770599372336034483e-01
1.610901192300129015e-01
5.214609346757050901e-01
7.444373970580702160e-01
8.387543559276484650e-01
8.377708000224952656e-01
7.665250699955533653e-01
6.516553158484065245e-01
5.209202216412407438e-01
3.897280795800142084e-01
2.607308905994649151e-01
1.448461489437805616e-01
5.014197835701698219e-02
-2.935800660279556593e-02
-9.565141501831593562e-02
-1.458248139631589668e-01
-1.791090420435025310e-01
-1.958350592326671968e-01
-1.988579707218104675e-01
-1.902579601957632149e-01
-1.648876554738029077e-01
-1.128474104826268920e-01
-4.171255663569259364e-02
2.207273655387032713e-02
6.818299898469225295e-02
1.025668841100879636e-01
1.282355631966107801e-01
1.462893814056403230e-01
1.571365345416065318e-01
1.585337359104815880e-01
1.475779178357667365e-01
1.230020285168887673e-01
8.201837468774128559e-02
2.493261270996618983e-02
-3.916492344579297624e-02
-1.028600802486037413e-01
-1.664696927068873844e-01
-2.304063041148979585e-01
-2.901698411670942668e-01
-3.383522494165058792e-01
-3.685647119551111461e-01
-3.755843056565431604e-01
-3.546576045125733323e-01
-2.984239540317890071e-01
-1.941797740685880513e-01
-2.618209307147508630e-02
1.778236659439474676e-01
3.458465894212691127e-01
4.478616790115679258e-01
4.942570455409059371e-01
4.959565475722671479e-01
4.651579457549766539e-01
4.117069806685852984e-01
3.413275056397469531e-01
2.570101413394937917e-01
1.615543049338733772e-01
5.667120534643309976e-02
-5.752877194004785838e-02
-1.856064086014923842e-01
-3.334409978772340244e-01
-4.952005563086731010e-01
-6.558323808711328251e-01
-7.998961082258274624e-01
-9.114857474530856374e-01
-9.713017866952267099e-01
-9.521832075320129096e-01
-8.218491323634085077e-01
-5.682877252013345259e-01
-1.971941784215137383e-01
2.510781919262447537e-01
6.585531529532894224e-01
9.269400451637969107e-01
1.052794067258928878e+00
1.065615617180966979e+00
9.977394176382803348e-01
8.824059127644814371e-01
7.411020284743377040e-01
5.857495993708387028e-01
4.223700853572627256e-01
2.518059134379385666e-01
7.438908926628082230e-02
-1.022256512615897367e-01
-2.598249651907201807e-01
-3.865660204672016764e-01
-4.844384741987480814e-01
-5.557674882128399441e-01
-5.962084037805628345e-01
-5.964740398305413693e-01
-5.465539543445300241e-01
-4.390587986559578715e-01
-2.864269053084585459e-01
-1.154906626036895090e-01
7.000984856237292553e-02
2.516210864711629358e-01
3.775358379649005891e-01
4.326176353059620894e-01
4.370463120591965289e-01
4.054750866120080954e-01
3.466866461341848171e-01
2.682196879450098881e-01
1.751889317879422592e-01
7.042522322861614892e-02
-4.335151407402403068e-02
-1.635335995278925092e-01
-2.838197070751134476e-01
-3.948694860922984939e-01
-4.903695307001464943e-01
-5.628985913334300095e-01
-5.981901799715942936e-01
-5.791808142002694559e-01
-4.899109656498088494e-01
-3.130054066901009069e-01
-8.501663082675267602e-02
1.085957522683760612e-01
2.449599119712540518e-01
3.524883726500213088e-01
4.570853035621174065e-01
5.507669229341731754e-01
5.911531231666957709e-01
5.706102638206631550e-01
5.074244862517682808e-01
4.117699571505595291e-01
2.974205681074918450e-01
1.799537306780699397e-01
6.895678147427565519e-02
-3.235438551467938184e-02
-1.245568994416940967e-01
-2.068111240011677732e-01
-2.755024934709102702e-01
-3.271241886858579084e-01
-3.572498082002044661e-01
-3.576881839977519295e-01
-3.359533445150876818e-01
-3.167341120326604975e-01
-3.094668120057468830e-01
-3.092280893443490886e-01
-3.076060479854698104e-01
-2.919527688211610017e-01
-2.454648490217323231e-01
-1.459187920944322314e-01
2.917829837357033274e-02
2.496319544584795769e-01
4.280567632854077598e-01
5.218774324336218351e-01
5.458366846465873001e-01
5.204847595246546721e-01
4.632086688191840995e-01
3.869314828343494161e-01
3.014841426762568388e-01
2.111360524606165079e-01
1.158117848346771339e-01
1.769019462062260822e-02
-7.770820958938556844e-02
-1.601741291555909275e-01
-2.198035217550798059e-01
-2.556864292139446326e-01
-2.772872564754487179e-01
-2.968595485397856892e-01
-3.155457449419497573e-01
-3.241165029027428535e-01
-3.173131297385878291e-01
-2.965299654913943206e-01
-2.570209703096674736e-01
-1.859816750011374920e-01
-6.799238472825590296e-02
7.374677054870927562e-02
1.784924866491138795e-01
2.274018041124417355e-01
2.370703442630840985e-01
2.202796690003203106e-01
1.876771771183337878e-01
1.476116244937090427e-01
1.084074728844411084e-01
7.701330645573278844e-02
5.772036404107165619e-02
5.536114365333238974e-02
7.522977071162445517e-02
1.063303652551049472e-01
1.237679586857319547e-01
1.187673913711267959e-01
9.942947492512438368e-02
7.470818189126975095e-02
5.150848887399772646e-02
3.309589051062870185e-02
1.855128442722113122e-02
5.702865071100893940e-03
-1.015011815218239827e-02
-3.403887863754503917e-02
-6.595245844537642177e-02
-1.027390823429725486e-01
-1.421501017115037180e-01
-1.841913170240910280e-01
-2.285945093975191578e-01
-2.729544486019787608e-01
-3.118863357267305236e-01
-3.349856945644909545e-01
-3.342448517338395542e-01
-3.077928111715426684e-01
-2.511123952632187128e-01
-1.565148725865471990e-01
-1.089404213889710871e-02
1.587894802568238228e-01
2.806727591149903445e-01
3.295335969469797011e-01
3.253570558378880984e-01
2.881234761047277715e-01
2.353230417272394459e-01
1.799727173638764888e-01
1.371436218713873445e-01
1.241770742951296136e-01
1.408718849420543262e-01
1.611361811144344236e-01
1.578994282617208200e-01
1.245190704222154110e-01
7.108009836287886019e-02
1.096401299048609980e-02
-4.477629712741651447e-02
-9.032822222072317553e-02
-1.272229919326902381e-01
-1.571391304932449329e-01
-1.782654517699589491e-01
-1.878451107959206445e-01
-1.794774015563693204e-01
-1.432188546166261178e-01
-6.927747477949855459e-02
2.620179130815291843e-02
1.015223231936189519e-01
1.420608854277533584e-01
1.589422828271414290e-01
1.591084415558740583e-01
1.469009282022908369e-01
1.211144884289814816e-01
7.491056076931852659e-02
5.400187974598652518e-03
-8.332763784204012814e-02
-1.758840030738460791e-01
-2.547696303086894876e-01
-3.107930356934750504e-01
-3.339453583912633805e-01
-3.139356482488518396e-01
-2.421609369870151296e-01
-1.264267051996119107e-01
1.535495308886852123e-02
1.614205544944944670e-01
2.723436051657068813e-01
3.315129256818508119e-01
3.482095905875041142e-01
3.274341680231235285e-01
2.745898450893327070e-01
2.000812112282413235e-01
1.158180208912076986e-01
2.903725518108265027e-02
-5.722466040068144300e-02
-1.427561228343837418e-01
-2.253724274287036977e-01
-2.980503915653874847e-01
-3.543877694012199098e-01
-3.881866127910291175e-01
-3.886450572025116901e-01
-3.425355440269359786e-01
-2.397662127200017035e-01
-7.518543506194849679e-02
1.175909401874357108e-01
2.692445181337443927e-01
3.531973111098650753e-01
3.844881410431305602e-01
3.788571356368723997e-01
3.510571087186452610e-01
3.098508103991129414e-01
2.591828152475104119e-01
2.017397298442786535e-01
1.401893701403676140e-01
7.629230691534126529e-02
9.400263708333404800e-03
-5.977885321002335273e-02
-1.295555900389076531e-01
-1.994233402757582263e-01
-2.664495928442905393e-01
-3.256922045459333392e-01
-3.744863434480144027e-01
-4.100298453527893017e-01
-4.206674515959431537e-01
-3.863672306833007553e-01
-2.908357051865066434e-01
-1.226669445593224633e-01
8.530539015914588574e-02
2.583967987738289840e-01
3.684809251811097530e-01
4.240966134959622269e-01
4.297491976736549923e-01
3.978200368732526804e-01
3.434441875711612968e-01
2.782481821065787564e-01
2.099721492410832058e-01
1.420172401533858486e-01
7.508433630338864906e-02
1.079026060665471895e-02
-4.582384710615829831e-02
-8.978075369668332695e-02
-1.172396090685642045e-01
-1.238303480398799949e-01
-1.050616024907529145e-01
-5.257758858183834288e-02
3.566141418200606539e-02
1.406195560829554547e-01
2.306243675397957604e-01
2.813536714818399287e-01
2.855978669221627131e-01
2.426546045443632171e-01
1.558374529864144098e-01
3.489260455832206287e-02
-1.139089939780374150e-01
-2.871106675876117786e-01
-4.785791493598685609e-01
-6.751497077662563795e-01
-8.539570321420837384e-01
-9.900680432162752842e-01
-1.058714403050083686e+00
-1.028319510251086255e+00
-8.829446428474541086e-01
-6.271188711651545233e-01
-2.868333296598060134e-01
7.588470657072421410e-02
3.931621396697549953e-01
6.220113542855959521e-01
7.632648032738684751e-01
8.312561257513545465e-01
8.302662135824905310e-01
7.699361490913751993e-01
6.631760913999580342e-01
5.318457466419233004e-01
4.027439341544454265e-01
3.001525553197548213e-01
2.268483145051960470e-01
1.639956368171250900e-01
1.136976118880283215e-01
9.097502926770004161e-02
8.787181001568250549e-02
8.470904011222082919e-02
7.333406915351101119e-02
5.358851210501850565e-02
2.328685799773259901e-02
-1.620988092250345153e-02
-5.790591881033382848e-02
-9.965267214265044471e-02
-1.352469558617173107e-01
-1.596613302974874971e-01
-1.868919727575044654e-01
-2.235047679531816378e-01
-2.593738633789340886e-01
-2.879832994317641504e-01
-3.064474251028359020e-01
-3.053407283948338935e-01
-2.688740968070567616e-01
-2.030250237597291396e-01
-1.384778815268558061e-01
-8.015342705606119666e-02
-1.259038676545026422e-02
6.996958306522520210e-02
1.807674588541677563e-01
3.018280692840268342e-01
3.721885350240610180e-01
3.678321859257928650e-01
3.041413036574189266e-01
2.005945619350632536e-01
7.975428035417264638e-02
-4.042480287447480780e-02
-1.466008970411945833e-01
-2.246224091100212650e-01
-2.802067295309560446e-01
-3.374739474790438010e-01
-3.941362245324572244e-01
-4.330584770084657809e-01
-4.447362598675502765e-01
-4.409967365418411833e-01
-4.557197423104473732e-01
-4.869178328299874625e-01
-4.924472592570910412e-01
-4.297047978337077967e-01
-2.811814958229862382e-01
-5.211729874879878627e-02
2.434699532741079198e-01
5.367555088849633727e-01
7.316734844234185076e-01
8.047520489208177530e-01
7.892167257262072688e-01
7.203177044847745014e-01
6.252137918007883988e-01
5.209940113927602479e-01
4.161067887524929620e-01
3.128144070973136737e-01
2.090242307277122846e-01
1.016543044473091489e-01
-2.642349067852184374e-04
-7.770316398542678749e-02
-1.240809541556310014e-01
-1.440313825437783968e-01
-1.423467145175958126e-01
-1.248392785507479036e-01
-9.632785710882972585e-02
-6.223229728729107874e-02
-3.214146839770271741e-02
-1.472139136503062412e-02
-1.381291541397491190e-02
-3.112661372420777450e-02
-6.330204522754925844e-02
-1.026328312282515920e-01
-1.441815841168221923e-01
-1.836900716193301808e-01
-2.180070681102933006e-01
-2.489831289104585954e-01
-2.804529980287226443e-01
-3.104804086697260379e-01
-3.300758997790434468e-01
-3.271348349418667367e-01
-2.871539064927192131e-01
-1.947468098239937273e-01
-7.665899703603698545e-02
1.575381858643393196e-03
2.148045625003829756e-02
8.104473454500903118e-03
-1.119064637732118672e-02
-7.644772713743905324e-03
2.795675011373524588e-02
7.100670726455915460e-02
1.008671421858488154e-01
1.328298410582891831e-01
1.951461188573069827e-01
3.093202685189651580e-01
4.447468060614636620e-01
5.238121234794899106e-01
5.211955397870975393e-01
4.599128116209081352e-01
3.571895102184837190e-01
2.255650932876814285e-01
8.066782649624580637e-02
-6.038518583134942774e-02
-1.862506806444463869e-01
-2.851393945182219003e-01
-3.424015324186187592e-01
-3.457842368190083282e-01
-2.874900950658466070e-01
-1.963349668528081571e-01
-1.263457649971263252e-01
-8.986107931430549478e-02
-6.660909466060199735e-02
-3.001523919001987048e-02
2.313429551683127833e-02
4.678765455482815361e-02
9.622424752946362458e-03
-6.485618068198076291e-02
-1.361440683278170027e-01
-1.694366986171081668e-01
-1.754987562013347879e-01
-2.050206927436883653e-01
-2.581503614563847027e-01
-2.900495823234892634e-01
-2.588077044201187449e-01
-1.481061745416554776e-01
-5.827309448164590643e-03
1.031420496002109777e-01
1.712429719760821256e-01
2.273169523136321091e-01
2.908470355541561969e-01
3.660345039616775820e-01
4.246877940242038685e-01
4.153979789774140396e-01
3.282736446980543676e-01
1.822027610305313183e-01
-2.420069635810040420e-03
-1.932853462633136732e-01
-3.549499034703766376e-01
-4.567496642747894131e-01
-4.761931758967649642e-01
-3.850959289496254101e-01
-1.812700727188857330e-01
7.446989940558162990e-02
2.957356178691996629e-01
4.154841131039128110e-01
4.180475757250654012e-01
3.277955463983937001e-01
1.737079375356935795e-01
-1.374765119993223705e-02
-2.020191634957002047e-01
-3.596398602979924419e-01
-4.562002146740594677e-01
-4.626341568547664429e-01
-3.542621924305181524e-01
-1.415684123014288587e-01
9.319587027871965856e-02
2.612241456102334380e-01
3.499841320964136582e-01
3.831469880828204388e-01
3.738896995466093887e-01
3.343049409959544249e-01
2.810089150750885167e-01
2.291837282285585642e-01
1.848674579915988436e-01
1.467888328113116370e-01
1.133544449039124158e-01
8.503726535499425698e-02
6.306268752836327596e-02
5.088072347573190102e-02
5.042475258779877817e-02
5.351687456106097446e-02
4.836687051024592815e-02
2.798636606620648337e-02
-6.658019417196819889e-03
-5.116205929070393593e-02
-1.063095114614189679e-01
-1.716726485683330583e-01
-2.423806444837864893e-01
-3.102537416066152298e-01
-3.637090273297224341e-01
-3.930600967736410656e-01
-3.870592955249902989e-01
-3.382832351278913796e-01
-2.466137751179319215e-01
-1.351080282192904380e-01
-4.834463897509262698e-02
6.321723322246491222e-03
4.755444917591358789e-02
8.024001158987477400e-02
1.099291697319063343e-01
1.513404532583017825e-01
1.996505250201346116e-01
2.262275749912643907e-01
2.196537555376866790e-01
1.860351895208945672e-01
1.316133707902344407e-01
6.406935320704094938e-02
-5.534384086694221078e-03
-6.476334135736103170e-02
-1.032983612855902789e-01
-1.134517353498153969e-01
-8.826728875422090725e-02
-2.167946270107826839e-02
5.598262226311911949e-02
8.651013079230961134e-02
5.624204960941500686e-02
-1.313797906777741317e-02
-1.052832101462561343e-01
-2.092917957210760349e-01
-3.127119616533182156e-01
-3.979337312459678144e-01
-4.465414946799803886e-01
-4.389980739273384169e-01
-3.528599222419632753e-01
-1.634441670032121818e-01
1.034666193224100111e-01
3.530889931289797334e-01
5.202341653888572504e-01
6.035290053736276361e-01
6.206126211668092640e-01
5.903537874783476580e-01
5.277074823793205249e-01
4.432796394806550189e-01
3.460097219222620923e-01
2.416864748420307629e-01
1.324327215010281666e-01
2.067193414401961513e-02
-8.226507976945457434e-02
-1.625993799259313755e-01
-2.188826028347603814e-01
-2.579825765573560692e-01
-2.923930881601529697e-01
-3.309789999919939829e-01
-3.691166962268085383e-01
-3.956849520814320620e-01
-3.987537580781357338e-01
-3.680950850556073406e-01
-2.935899680489755248e-01
-1.599138382168859007e-01
7.203716433565984095e-03
1.375719662137590560e-01
2.065292867078252770e-01
2.299278795611663095e-01
2.159153308391601467e-01
1.739225622652658676e-01
1.168565301511577670e-01
5.424179441676091340e-02
-7.013194079308934792e-03
-5.790081037674561781e-02
-9.044977382909076546e-02
-9.967404759342485265e-02
-7.614518292121860710e-02
-2.448364132145515806e-02
3.259582492114311558e-02
7.402075594691999438e-02
8.591367186233732356e-02
7.433158555259139488e-02
5.082124276301117072e-02
2.161366185474601978e-02
-4.302929057906841256e-03
-1.891718653912482714e-02
-1.502965205795107548e-02
1.400726315842834580e-02
5.717032072171575330e-02
8.647681198937656744e-02
9.250684265276190588e-02
8.281431958332059751e-02
6.129871395858988575e-02
2.879165295416774573e-02
-1.171681816846299046e-02
-5.279759936209107302e-02
-8.680648270531225730e-02
-1.088964105361226592e-01
-1.118416700831012106e-01
-8.505452400557891868e-02
-3.409746363921715984e-02
2.272351812200675697e-02
8.037771179779981678e-02
1.375100644265819516e-01
1.844626084534715937e-01
2.112667275599593997e-01
2.132611557264924573e-01
1.909405953521275123e-01
1.499172537615095502e-01
9.918392835731046353e-02
4.354868603914976988e-02
-1.516867015185690767e-02
-7.625731654391849912e-02
-1.415922031256281466e-01
-2.090130283292640501e-01
-2.722748307424039949e-01
-3.304384334450480298e-01
-3.856245976271647224e-01
-4.339411507081928354e-01
-4.623483992009228549e-01
-4.522540203844385154e-01
-3.867113793238047825e-01
-2.598504020837312800e-01
-7.105209959279479293e-02
1.453848338592240996e-01
3.193380801362838417e-01
4.306448798265211098e-01
4.932126180130108062e-01
5.085732773994992018e-01
4.863658949136663856e-01
4.395927984982709313e-01
3.755285015382702207e-01
2.984898598781432488e-01
2.147119175352798781e-01
1.335746973965842854e-01
5.808979148908238049e-02
-1.658239615030561442e-02
-9.510751727436900227e-02
-1.809395267548010444e-01
-2.724659092617153222e-01
-3.601238226639910112e-01
-4.330490743882399185e-01
-4.837835999261777542e-01
-5.057353552360493998e-01
-4.890529117295489558e-01
-4.221957903861033312e-01
-2.941418576532452422e-01
-9.076077875574729836e-02
1.508374725287925378e-01
3.404045500898837395e-01
4.472289277138645769e-01
4.961115888635875826e-01
5.053412766085960683e-01
4.864897297673050902e-01
4.460094865951435561e-01
3.864626317943183897e-01
3.095580874529034743e-01
2.212247204849449589e-01
1.279172964618234820e-01
2.899190090636783942e-02
-7.330574546716077389e-02
-1.684444028301321228e-01
-2.517230318982022763e-01
-3.240526847398770283e-01
-3.833674247934134582e-01
-4.263371866011865241e-01
-4.511875510425674696e-01
-4.550246563483427709e-01
-4.291901818319330819e-01
-3.627189866105243188e-01
-2.455276591924121510e-01
-6.639502441655242837e-02
1.419806847296854191e-01
3.023522883495082247e-01
3.828887117307873122e-01
4.009091300244588818e-01
3.755067553882777687e-01
3.215482498270681444e-01
2.511336658340605488e-01
1.747001648357680570e-01
1.014612761363349880e-01
3.922784373939459945e-02
-4.196619271640453577e-03
-1.964175572974121570e-02
-1.932420266067666828e-02
-3.448952688153024415e-02
-7.247955250595132515e-02
-1.237797741564635179e-01
-1.834623405896309845e-01
-2.443698834277270304e-01
-2.964594258533470028e-01
-3.279290805370782547e-01
-3.248451898715004060e-01
-2.729008690242918367e-01
-1.693339457616405697e-01
-2.273764195996926668e-02
1.331788826270656756e-01
2.410502499740034832e-01
2.834705115104800832e-01
2.816165861723953778e-01
2.511187777584255598e-01
2.009209915228656329e-01
1.398105781396605241e-01
7.736391983735120548e-02
2.162130126566432983e-02
-2.084909163369136342e-02
-4.342048654804182145e-02
-4.044852129117855466e-02
-1.722937017280821645e-02
9.238981982985481484e-03
3.003130702425976101e-02
4.906161416119058510e-02
7.014634035569257409e-02
9.264446165137650568e-02
1.137729431586737144e-01
1.289992357801212908e-01
1.330616317434914764e-01
1.240834336782129926e-01
1.024188801276356003e-01
6.724506263009416562e-02
2.058829016639294324e-02
-3.173869886073926033e-02
-8.646253703005822577e-02
-1.415015377831568555e-01
-1.930519534924475811e-01
-2.399216213620535276e-01
-2.806234008232749710e-01
-3.060567833088845280e-01
-3.069223202650307458e-01
-2.817437297898213178e-01
-2.335035980255875665e-01
-1.646237502371692418e-01
-6.944922848352838574e-02
4.137158289213385687e-02
1.323288443664747682e-01
1.879306523897725234e-01
2.136200634141581789e-01
2.139535063083398969e-01
1.955791648180567610e-01
1.669294709873178073e-01
1.345904884221683084e-01
1.023482514350837480e-01
7.370028313856337443e-02
5.413425766441926773e-02
4.578585908846407454e-02
