3.574689627644959955e-02
1.874878426688731531e-02
7.934704234211789609e-03
1.603711524676698641e-05
-5.142708321058134247e-03
-3.484363014363694999e-03
1.169540077413100398e-03
1.813252248860086624e-04
-1.073475731305659903e-02
-3.303322942815519608e-02
-6.676711178471261832e-02
-1.083296829003373707e-01
-1.519971681765362459e-01
-1.965910003722341204e-01
-2.486142748829544558e-01
-3.113529796442161546e-01
-3.761387559190457197e-01
-4.313787917721935150e-01
-4.646751946370284991e-01
-4.662965925095832187e-01
-4.350645542549125278e-01
-3.652793802982755023e-01
-2.393955387079995112e-01
-7.864756053707259997e-02
5.509380098064650677e-02
1.558195621302321254e-01
2.292041586226375438e-01
2.369314985748788294e-01
1.808256824455307110e-01
9.623762394612479787e-02
6.571312913098717456e-03
-6.575718579532770225e-02
-9.571620288444124269e-02
-5.584914362993501774e-02
5.876740160178692274e-02
1.908619489212067255e-01
2.706134664974797488e-01
2.926734998408051514e-01
2.907975459512038841e-01
2.931190831311936140e-01
2.996378574782888604e-01
2.852702599430668728e-01
2.405620632799652658e-01
1.797372193025045806e-01
1.184021031265143492e-01
6.244795748023311555e-02
1.068423841052890122e-02
-3.849178717643447767e-02
-8.104538777748973577e-02
-1.109600843461108766e-01
-1.268023741969491192e-01
-1.312102626315276299e-01
-1.288826584225075955e-01
-1.219408425774022309e-01
-1.106779277137681095e-01
-9.687420894836587526e-02
-8.274258159882628971e-02
-6.997952723514516693e-02
-5.932245039560732347e-02
-4.981749737661207017e-02
-4.048172161001127589e-02
-3.247180030801459505e-02
-2.759047506184832133e-02
-2.586817953538615017e-02
-2.528763661699362508e-02
-2.387204501775897630e-02
-2.024590800091808848e-02
-1.437232324907974576e-02
-8.557224261565972434e-03
-3.156589922454823040e-03
3.969307420823364047e-03
1.124793904660341057e-02
1.423036473921210354e-02
1.035896880468304034e-02
3.643919864916318058e-04
-1.228037905351363895e-02
-2.421641809347149094e-02
-3.290849450356572725e-02
-3.770058275917283902e-02
-3.825577251794848310e-02
-3.280004650406668359e-02
-1.999905375551572564e-02
1.550591288501832160e-04
2.231106754274501947e-02
3.891611150360910210e-02
4.622246541052002500e-02
4.414100367408117787e-02
3.478939872078457701e-02
1.756251279727431142e-02
-5.673683882232103889e-03
-2.463609641463821928e-02
-2.978822629744679734e-02
-2.027105105810733665e-02
-4.927822269114217127e-04
2.745638824922663410e-02
5.630178367065950817e-02
7.359772897202918052e-02
7.722240003283031839e-02
6.918661179319283983e-02
5.110594426782163330e-02
2.894541892919756665e-02
6.522360308244766133e-03
-1.547613811183696370e-02
-3.477395576496701557e-02
-4.820738130222149836e-02
-5.278176380089251440e-02
-4.611523476466236615e-02
-3.109915294170478850e-02
-1.561305762750772944e-02
-4.215655628922331324e-03
2.738332454387008060e-03
5.498081179975734117e-03
6.055769008016020916e-03
6.555914316227055318e-03
6.493946464652036038e-03
3.741134949969908852e-03
-2.871628813880866549e-03
-1.124123427715941100e-02
-1.795189013994275343e-02
-2.015997339867618698e-02
-1.657882142755912058e-02
-9.581363131501150973e-03
-2.056802500004711615e-03
4.919808644477854237e-03
1.163789494386655889e-02
1.871214935628295883e-02
2.622083455489879547e-02
3.412640473769868593e-02
3.994301212478581359e-02
3.894315680887647235e-02
2.676069966634951267e-02
7.535297272289349750e-03
-7.457970230041823662e-03
-1.611981121104484257e-02
-2.245742313752691760e-02
-2.666782617069256289e-02
-2.683159036331323605e-02
-2.155873470907504127e-02
-1.263610406765892230e-02
-3.444435763449690650e-03
4.437897170365055072e-03
9.182135856959450573e-03
8.645672270541287369e-03
4.103867364663194364e-03
-1.226661380370825749e-03
-5.159074664573349081e-03
-6.531859216327741413e-03
-5.221168267915472783e-03
1.283980802198477454e-04
1.056872721039213425e-02
2.226579476201180977e-02
2.987263425760709051e-02
2.966003023723897195e-02
1.983887251541210928e-02
5.316214655061470007e-04
-2.406030431028799779e-02
-4.423555097244843970e-02
-5.431609747732606824e-02
-5.636169954417828698e-02
-5.369590485283216863e-02
-4.801181251463462751e-02
-3.947500102041815589e-02
-2.782580354115015905e-02
-1.398017533489425736e-02
-4.386527811974126265e-04
9.903960449574689823e-03
1.508579551036043180e-02
1.646952147557485119e-02
1.688656688242674148e-02
1.736409572353148772e-02
1.840700830072699093e-02
1.976960852135621963e-02
2.081764904051449511e-02
2.135156383970614191e-02
2.187416486691572126e-02
2.369990382546812921e-02
2.691660509037063082e-02
2.997815037043424433e-02
3.078510575513655756e-02
2.913637244784501867e-02
2.682998547400713973e-02
2.399502885683690162e-02
2.020427416354986586e-02
1.645150995022744839e-02
1.401045229770490723e-02
1.282069786164953540e-02
1.067339082723715686e-02
7.445760291353158665e-03
6.280734358394421402e-03
6.856903435333132520e-03
5.029280896988872623e-03
-8.829693292446158873e-04
-1.038944334026182387e-02
-2.285017492712887455e-02
-3.556363111311156011e-02
-4.519129067912883158e-02
-5.001478161087394986e-02
-4.973664377085725008e-02
-4.568682126705420760e-02
-3.910255079156664537e-02
-3.046514337312492687e-02
-2.099900395525722621e-02
-1.337959414495800033e-02
-9.385648131747506909e-03
-7.090569689363482656e-03
-4.693127641624784616e-03
-2.748107314805196301e-03
-1.132911152361009560e-03
6.473087013430930611e-04
1.833695125664445199e-03
1.951308529103117778e-03
2.256751335823536930e-03
4.268734624564788499e-03
8.676396708749766623e-03
1.499492806345364970e-02
2.007584693995638492e-02
2.043530202609766810e-02
1.545271202653045357e-02
6.826748343806234021e-03
-1.036557316178623664e-03
-2.607870824324755137e-03
4.108181408680989036e-03
1.782461125541733027e-02
3.553212380920692942e-02
5.182522408276764997e-02
6.120207550760930343e-02
6.043228376093448539e-02
5.135012199736178895e-02
3.966737572955138236e-02
2.838580924210552456e-02
1.783037857020610545e-02
6.894329283016753518e-03
-5.050355444569923705e-03
-1.631241919244036734e-02
-2.658150732443376879e-02
-3.607284867842702747e-02
-4.406082774062640428e-02
-5.181769979518978386e-02
-6.225217476757812646e-02
-7.393170610926687314e-02
-8.015805661327664311e-02
-7.651741488924865275e-02
-6.367326264988767970e-02
-4.377212644962395760e-02
-1.885387839488132655e-02
7.412049661394555858e-03
3.030865104030211823e-02
4.614663881727856104e-02
5.212367360755086609e-02
4.771425492283352943e-02
3.572997944903494316e-02
2.112387831058238838e-02
9.555613315421380982e-03
4.283582332571245904e-03
4.640766428455754544e-03
8.737583138305974467e-03
1.529380022149239363e-02
2.339750654116461853e-02
3.237871492885271291e-02
4.136933100515272077e-02
4.878352351483566940e-02
5.197047390909191600e-02
4.792819908225647019e-02
3.766768666206739280e-02
2.656368673909966643e-02
1.713146815464189343e-02
7.394926358873718519e-03
-5.807426904199760286e-03
-2.456544261477223295e-02
-4.980100646413050669e-02
-8.084322002553688546e-02
-1.136376452919874158e-01
-1.430515508215273457e-01
-1.641878815017486226e-01
-1.724374120410011868e-01
-1.620936559341064065e-01
-1.253585980237348074e-01
-5.496072383001664868e-02
3.369343382078442140e-02
1.052634606083337476e-01
1.482704194854671809e-01
1.716794334419686208e-01
1.778506139154381049e-01
1.638940427670889932e-01
1.324299209166553970e-01
9.211234663587060389e-02
5.072193452767742583e-02
1.169614058415880883e-02
-2.430341468661850746e-02
-5.622274113362988462e-02
-8.205429967133703872e-02
-9.881625687078299247e-02
-1.050223319850257936e-01
-1.001385635424128229e-01
-8.629022685734637210e-02
-6.788551193990652322e-02
-4.416490799788878874e-02
-1.350882953042470240e-02
1.909452310347320089e-02
4.796878532322624428e-02
7.212003653830019456e-02
9.068881586832322483e-02
1.020041401088560284e-01
1.070004169706991054e-01
1.090610249593200881e-01
1.107049230927508732e-01
1.104551139043031954e-01
1.075571772983051622e-01
1.037787628677210028e-01
9.879096329024517065e-02
9.435896421011687185e-02
9.522019437433480726e-02
1.005733010947058859e-01
1.029691181723997317e-01
9.438047274078090187e-02
7.208078969765238653e-02
3.750867730228226588e-02
-8.644362271014623123e-03
-6.550004491914371285e-02
-1.310394047528215256e-01
-2.035541856248246351e-01
-2.824522271288806285e-01
-3.680244486205369037e-01
-4.523410582346029107e-01
-5.153432474046039102e-01
-5.353391238105105199e-01
-4.932566785893345296e-01
-3.697886393874557642e-01
-1.954883729688954852e-01
-5.106461602570558367e-02
3.843090952441194363e-02
1.027205085682496299e-01
1.598498060569958634e-01
2.164276016780544709e-01
2.872049962115323374e-01
3.650442299919000044e-01
4.095741583891947535e-01
4.072877165095808993e-01
3.733535938456898906e-01
3.178699624129359691e-01
2.476874731526348405e-01
1.713856768356392668e-01
9.635687537700646232e-02
2.862254664130823439e-02
-2.481995739218554459e-02
-6.024241583602626959e-02
-7.808408221560034224e-02
-8.185676263097714511e-02
-7.646963673729562094e-02
-6.335943401834398525e-02
-4.384499225828254743e-02
-2.240489671437276287e-02
-3.580663342145091327e-03
1.005666624865684047e-02
1.758107017546430700e-02
1.760535204637609513e-02
1.032688454848765952e-02
-2.154431674320111956e-03
-1.794595335757570576e-02
-3.100496802160598170e-02
-3.554654594481805596e-02
-3.377065660883794146e-02
-3.026395601909803029e-02
-2.365234273765676187e-02
-7.396861602123501467e-03
2.054339667532998834e-02
5.400646761381591721e-02
8.528726719321516603e-02
1.050495002046233362e-01
1.042495052734671579e-01
8.355644246387296248e-02
4.802693536241341155e-02
-2.141402989054477790e-03
-7.071909210995797057e-02
-1.590792352584563807e-01
-2.577035147627681488e-01
-3.506023366255607288e-01
-4.279081242551590059e-01
-4.804682527849944429e-01
-4.922734283639788599e-01
-4.486704461280814349e-01
-3.386737103987140785e-01
-1.485158045076042099e-01
8.792470601490919024e-02
2.869686600291641021e-01
4.138966501681373145e-01
4.803070004434789597e-01
4.944983934485779886e-01
4.652516335569081285e-01
4.028466173045034959e-01
3.194794250775348510e-01
2.307817873200531111e-01
1.485184184972592192e-01
7.545014411443476399e-02
1.242377935765390067e-02
-3.786244382172906930e-02
-7.424587297641581374e-02
-9.812171146708223435e-02
-1.131965643315998027e-01
-1.227135667973809213e-01
-1.270703491709131439e-01
-1.267741852015171200e-01
-1.217933120870507702e-01
-1.093108361120017635e-01
-8.789242705100165642e-02
-5.977606727814270549e-02
-2.646154370892567914e-02
8.599113193604533689e-03
3.602623727453886648e-02
4.954933272562702523e-02
4.996296687682665050e-02
4.128495736677861155e-02
2.606019823611637268e-02
4.078197866209707680e-03
-2.248755353346006472e-02
-4.770039487938638328e-02
-6.588639269593955794e-02
-7.374535873372510542e-02
-6.890932359462562107e-02
-5.295687682183261580e-02
-3.299528621271086842e-02
-1.568558176252025926e-02
-2.049080039495150638e-03
9.192190364931730057e-03
1.771912477135787964e-02
2.363857941625722645e-02
2.767586530377775730e-02
3.024077553266099616e-02
3.086457437809039459e-02
2.931320447708680998e-02
2.614898727924152427e-02
2.123372712988748703e-02
1.557464487781907991e-02
1.116959862745216074e-02
8.582370423874155149e-03
7.201753607723021186e-03
6.310907167251173129e-03
6.398582933587448549e-03
7.951782930124485366e-03
1.006771809651088243e-02
1.239081345358750488e-02
1.576051638693057311e-02
2.043018321871383283e-02
2.520628232244866498e-02
2.760873724291619535e-02
2.556026461669683864e-02
1.838058164919684559e-02
4.718089676014957518e-03
-1.584920294181671463e-02
-4.037299229381736965e-02
-6.529260143723218668e-02
-8.578373713847123327e-02
-9.292299168554114808e-02
-7.807726684020777075e-02
-3.727283590245928507e-02
1.679575468487043421e-02
5.778856902192081035e-02
7.493299561966873523e-02
7.253807518749628980e-02
5.511073615786183516e-02
2.834911372557301357e-02
-1.015079891881511681e-03
-2.847282867327521894e-02
-5.130428441573799819e-02
-6.588732499693571165e-02
-6.750942814460833552e-02
-5.245394349772614789e-02
-2.525761065867927063e-02
3.719474660016613803e-03
2.886368568920234801e-02
4.796258528071500882e-02
5.914261717251303313e-02
6.298805782069048786e-02
6.211017494998616328e-02
5.938096160441815041e-02
5.657100588908241245e-02
5.243720188704355939e-02
4.465966949744722830e-02
3.198491611898307552e-02
1.512282673866444278e-02
-2.064407338922334516e-03
-1.606114544310833364e-02
-2.741862344741390067e-02
-3.983619468978089745e-02
-5.659326671200760883e-02
-7.717228826273461739e-02
-9.748191458114806307e-02
-1.125332668756395260e-01
-1.176661164585720148e-01
-1.073964459140235445e-01
-7.598978227263365748e-02
-3.041631558977132485e-02
1.091047185318474132e-02
3.906232210028001695e-02
5.451368954180520199e-02
5.836886282383046964e-02
5.269351920630331587e-02
3.922525489161930723e-02
1.764343978409988953e-02
-5.917382654614418772e-03
-1.840389130426217310e-02
-1.385454162317138575e-02
7.241772701345511667e-03
3.984555076793637463e-02
7.371696485061064730e-02
1.013127422551462209e-01
1.183468080312149728e-01
1.223671080177492210e-01
1.147736115081597064e-01
1.003017040012575134e-01
8.399335548458485012e-02
6.902270272087994429e-02
5.673841601656808009e-02
4.372849123797939441e-02
2.354854794270898333e-02
-4.372102436311685672e-03
-3.574753084558428273e-02
-6.839337707727942417e-02
-1.016063216254136231e-01
-1.339841883999258187e-01
-1.640315885489387615e-01
-1.906363186125954734e-01
-2.108496362746438979e-01
-2.189891762070609038e-01
-2.081542794844298272e-01
-1.723677087584428169e-01
-1.064494093462002855e-01
-2.180870248727409533e-02
5.120847621882543277e-02
9.889014187651745669e-02
1.273845146163159747e-01
1.434898963012689599e-01
1.501426605081389587e-01
1.483792319162522966e-01
1.403763184878094039e-01
1.258533408178660884e-01
1.050907771003137259e-01
8.136659494005132887e-02
5.546059399065254858e-02
2.911641757063706398e-02
5.577227267910255318e-03
-1.752572981043286349e-02
-4.440894859496780783e-02
-7.248869981392906670e-02
-9.295030820405694727e-02
-1.004471329366369292e-01
-9.617516016300101112e-02
-8.332317569096464593e-02
-6.448415167495163969e-02
-4.176325442175662234e-02
-1.763087489758013993e-02
1.991874183582301085e-03
1.078263369199062606e-02
1.012427421618167407e-02
4.741842670128398537e-03
-1.287212021945772708e-03
-4.911943426653204298e-03
-6.763289901679686231e-03
-9.346896453647474123e-03
-1.202302498048048868e-02
-9.927851551206153327e-03
1.088825593969740876e-03
2.460751681245859288e-02
5.628369423636259833e-02
8.073942715817004900e-02
9.231722894225639908e-02
9.873870190431055516e-02
1.047766040904742346e-01
1.093040468952129196e-01
1.109681708899800390e-01
1.078606362037877187e-01
9.484638939080426712e-02
6.755813357626382076e-02
2.900552821073369009e-02
-1.576168732603102501e-02
-6.093870496518809243e-02
-9.552924242145145739e-02
-1.138300251806874108e-01
-1.181921293992887895e-01
-1.122768607808467128e-01
-9.878823838312617012e-02
-7.934183826128282657e-02
-5.870449900128667936e-02
-4.451554524792344231e-02
-4.045789015510260767e-02
-4.426555609909568756e-02
-5.107302050837293078e-02
-5.615957424720158242e-02
-5.577588984716266851e-02
-4.812745918944748985e-02
-3.504791388284945325e-02
-1.906158759087486429e-02
-4.155599844140990887e-04
2.026576584891689667e-02
4.004534341045112855e-02
5.573667395851071571e-02
6.552369939277820354e-02
6.700361017671561947e-02
5.967085930437961150e-02
4.751701190326563379e-02
3.570895944093954028e-02
2.776505423151679960e-02
2.538453770343805996e-02
2.887295585029703987e-02
3.656129095242944410e-02
4.557227643986534044e-02
5.303196461217665747e-02
5.594869159745572557e-02
5.203876063299495841e-02
4.187961418464571789e-02
2.736458525375583262e-02
1.165002740166029907e-02
-3.013388893690303709e-03
-1.653257623669857762e-02
-2.595227218013789611e-02
-2.700666389532414835e-02
-1.954365599065417680e-02
-9.326254738627557522e-03
-1.185777005790832062e-03
3.986873032370205627e-03
6.874518771801930994e-03
9.769304256549213653e-03
1.457580695751749429e-02
1.721971362648975004e-02
9.027121378755425390e-03
-1.121705257639375210e-02
-3.885130699895077144e-02
-7.019563006289865348e-02
-1.010368028077404667e-01
-1.270579235433384191e-01
-1.450663200758340876e-01
-1.512685589764817817e-01
-1.391120255798589944e-01
-1.014867505455326058e-01
-3.431101729893201724e-02
4.333240738854245849e-02
9.478064242179397303e-02
1.082120611638603125e-01
9.031814590014633493e-02
4.803557622170900876e-02
-7.175776109337339559e-03
-6.392531245850671673e-02
-1.132279154908687885e-01
-1.471220642780746435e-01
-1.580383348031239310e-01
-1.327874322041825983e-01
-5.180612544224223043e-02
6.661220999466212211e-02
1.681532490071558916e-01
2.322536911296497752e-01
2.662867326804982948e-01
2.743410029649860360e-01
2.605385931064185256e-01
2.299216078153578646e-01
1.887764539708431666e-01
1.430411332616935982e-01
9.783257891249472205e-02
5.670889287843522419e-02
1.716807749092539442e-02
-2.582404358990042850e-02
-7.013106976896335554e-02
-1.114142342849427647e-01
-1.495305409074221548e-01
-1.856975924396593591e-01
-2.187018653901921239e-01
-2.420291039792008547e-01
-2.504723938495839741e-01
-2.438926327446752917e-01
-2.203892630846179812e-01
-1.748102761040159769e-01
-9.965195440540661198e-02
-7.288517149985025700e-03
6.688649172981364632e-02
1.077718558096753543e-01
1.247283301135533040e-01
1.286084567919150989e-01
1.260276923656100667e-01
1.194198932684281955e-01
1.102671183422927331e-01
1.002430368623280221e-01
8.976961197619842681e-02
7.702987350004329714e-02
5.962099444262333736e-02
3.971794977955612344e-02
2.279056729512020721e-02
9.061553218757078393e-03
-4.818762432906379019e-03
-2.029301047393909999e-02
-3.477749287211627516e-02
-4.342232134630498452e-02
-4.595706006094699148e-02
-4.559808096450351789e-02
-4.376497049674941964e-02
-3.870563833077333982e-02
-2.732580008076216510e-02
-1.189309751657641537e-02
1.208103005344063601e-03
9.240858920990694531e-03
1.331118984046821691e-02
1.480309981042892548e-02
1.312852526693492755e-02
7.354274413340676844e-03
-1.098967495221856751e-03
-8.845490511495348804e-03
-1.299685161782757579e-02
-1.262377474246171097e-02
-8.037921513535550844e-03
-2.124816039305844027e-03
1.455671373686766822e-03
2.536677189214641120e-03
3.413160623671030337e-03
7.301756764939928632e-03
1.534473991148685261e-02
2.500426137634772367e-02
3.240674824671448823e-02
3.369535849475211592e-02
2.818550036569038644e-02
1.924941080353750542e-02
9.674118128676549230e-03
5.683732729262432927e-05
-1.076243986007520588e-02
-2.382442592036012122e-02
-3.787724502232334145e-02
-5.095383999282774440e-02
-6.080350584637164713e-02
-6.419283329618787060e-02
-5.788059988987580978e-02
-4.150920877285725619e-02
-1.811608073704800217e-02
7.907339153039127586e-03
3.151273181009737329e-02
4.854441183959474354e-02
5.715523877411397835e-02
5.722164793681044220e-02
5.028752411811934775e-02
3.802246086689475835e-02
2.105212612727536126e-02
5.137830796121695826e-04
-2.058750093170565176e-02
-3.919592817915004690e-02
-5.262243990057033360e-02
-5.780587046056251399e-02
-5.392716592070709303e-02
-4.253711463993935238e-02
-2.654154482508156235e-02
-8.327498750354997772e-03
1.096780340114018350e-02
3.043014256356009126e-02
4.820367689458848054e-02
5.998335863379038180e-02
6.120475780408361766e-02
5.200839954833967604e-02
3.741635253287105278e-02
2.328602277570279017e-02
1.401321481962819471e-02
8.158611708959529613e-03
8.180706162101271470e-04
-9.344828230458322033e-03
-2.083320249700394006e-02
-3.094298447122393811e-02
-3.729751952897358835e-02
-3.924091612639457605e-02
-3.844125664903118300e-02
-3.644224462097950257e-02
-3.253184740749846815e-02
-2.511942458782549792e-02
-1.190788270061954313e-02
5.917578709178391086e-03
2.190269370696896339e-02
3.059608481955150214e-02
3.111767629248305550e-02
2.488875898949690496e-02
1.425010012090589806e-02
1.788252980381063381e-03
-1.063196436717680354e-02
-2.061499621646797203e-02
-2.563981021839125199e-02
-2.522116725403108009e-02
-2.061944592852228003e-02
-1.284521975259298419e-02
-1.815408458805601926e-03
1.265379825340601748e-02
2.876776250892968539e-02
4.289521335834771409e-02
5.207774479438426890e-02
5.445490675512074108e-02
5.035388160930440171e-02
4.179969294503749211e-02
2.968692640758078746e-02
1.605373233103199460e-02
3.881469599223064202e-03
-4.300334669404844330e-03
-6.459370029808503624e-03
-5.166943313797553276e-03
-4.160003752376491629e-03
-3.374445681151644859e-03
-1.834867703753448320e-03
4.094294608296879939e-04
2.553135504191120925e-03
3.149407842749480345e-03
6.586853797311952724e-04
-4.284606602457937535e-03
-9.274979110911086774e-03
-1.337030788417823898e-02
-1.714434009686977706e-02
-2.183585709534429861e-02
-2.890522705082031879e-02
-3.940636407418260378e-02
-5.438138510819469362e-02
-7.333454236680167493e-02
-9.270002926149112366e-02
-1.066538799917507718e-01
-1.089666625096611802e-01
-9.543145603464622817e-02
-6.334716020885468313e-02
-1.974434892677359721e-02
1.990118455039373985e-02
5.064220065057795789e-02
7.396103458474458103e-02
8.908018156319200131e-02
9.606998805491455407e-02
9.580646438776020679e-02
8.997234293316933029e-02
7.961291117150139096e-02
6.462390247160806900e-02
4.565303980056886063e-02
2.504804830249970221e-02
6.993435521507030371e-03
-4.753419794275647037e-03
-1.010648260613866006e-02
-1.166724413005375272e-02
-1.265213068829865520e-02
-1.545442655482688263e-02
-2.020350565092962278e-02
-2.551320507454536007e-02
-3.074451042343709362e-02
-3.566240379015214040e-02
-3.693363913819171229e-02
-2.826667466875843610e-02
-1.051601570059052665e-02
5.264610070699416236e-03
1.182788918980751981e-02
1.052650809189279238e-02
4.505463962315620768e-03
-3.241549860624642117e-03
-1.055328635304481240e-02
-1.781905326694182418e-02
-2.584011363582649004e-02
-3.189226072443923643e-02
-3.080612660601029021e-02
-1.939858682010888943e-02
-6.521604572789392595e-04
1.771383891783372480e-02
3.045175073829331155e-02
3.616080887983964126e-02
3.564216191513948362e-02
3.146362045023445853e-02
2.599283401859207518e-02
2.035155761992679668e-02
1.413485779882321138e-02
6.394704395298095659e-03
-1.091512845963148485e-03
-3.650943124956331550e-03
5.193767097770394386e-04
9.552838795518065612e-03
2.193300887575793182e-02
3.717365371371913335e-02
5.571876861049405993e-02
7.656535744457867998e-02
9.614424314854144726e-02
1.105955567106000209e-01
1.172588695952943572e-01
1.160919897340477597e-01
1.067614596248352560e-01
8.667166708892820592e-02
5.605324952587480147e-02
1.724299420539438313e-02
-2.843806220605444093e-02
-7.863590899030824255e-02
-1.309535189576110370e-01
-1.828507549785383934e-01
-2.290966465523351925e-01
-2.624888788944826912e-01
-2.755149202734015756e-01
-2.604776907821221843e-01
-2.098985645599895644e-01
-1.150299148210997546e-01
9.339380436756659909e-04
8.066252057274342357e-02
1.021561701848893583e-01
7.890569137652135578e-02
2.498608673388195978e-02
-4.465958344983674694e-02
-1.166494448546606666e-01
-1.776675411755951339e-01
-2.134846430045001797e-01
-2.116702915318618983e-01
-1.587961253957732577e-01
-3.646048219280772357e-02
1.299642432707987516e-01
2.646752957750129198e-01
3.341284330340003050e-01
3.516854857124210865e-01
3.312637044185906543e-01
2.862608190918167206e-01
2.284744702968239671e-01
1.675680788413396183e-01
1.110185126547824641e-01
6.298188086225937898e-02
2.360499733460455149e-02
-9.575439605969758572e-03
-3.793582083820608297e-02
-5.926389304008675835e-02
-7.081988568504191117e-02
-7.300296594886541979e-02
-6.856443555189802030e-02
-6.188551633962981191e-02
-5.572289365810048634e-02
-4.844407977251787012e-02
-3.839963753391192891e-02
-2.751621588047942213e-02
-2.047020833497573827e-02
-2.124892822636459747e-02
-2.840264404428810563e-02
-3.719108940371611272e-02
-4.628691693239193883e-02
-5.608290723323046401e-02
-6.568668577143171872e-02
-7.495984321239966552e-02
-8.376278365821626659e-02
-8.880203197130683013e-02
-8.597334431913139507e-02
-7.426100399033520871e-02
-5.267957974815770661e-02
-1.713662911989036544e-02
2.750613462440763130e-02
6.532328249992290503e-02
8.959746477173627377e-02
1.029462421242415548e-01
1.071222060814630839e-01
1.041596769459723487e-01
9.609190050788748994e-02
8.355541402537579321e-02
6.925034358317809502e-02
5.821949274635061095e-02
5.126526203471180876e-02
4.511854741635751981e-02
3.655239121140469588e-02
2.472178119908921903e-02
1.183435946945356719e-02
-1.186088379625624412e-03
-1.460717520547026582e-02
-2.670047196634818543e-02
-3.609610625194686895e-02
-4.245232304990044503e-02
-4.426653207774960963e-02
-3.915437652755614922e-02
-2.486178761660381639e-02
1.135519611659262934e-03
3.187197441437969458e-02
4.784924651962353670e-02
3.672834922420720183e-02
6.298135870018515409e-04
-5.251659414294403139e-02
-1.130996803329322731e-01
-1.719631513266366707e-01
-2.218041569270424729e-01
-2.524635207637281886e-01
-2.479680249051107732e-01
-1.910370407411972060e-01
-6.583596048524206767e-02
9.793421285388340114e-02
2.220394182600138322e-01
2.691651118258330255e-01
2.521052603668301195e-01
1.895665953684145255e-01
9.819419225452286071e-02
-7.756004326664393822e-03
-1.109268803423085203e-01
-1.905160856482964182e-01
-2.259416510918049181e-01
-1.966559068623509599e-01
-8.553055795779956894e-02
7.204771448779326293e-02
1.940797853414426566e-01
2.463174821434358785e-01
2.400819899911209587e-01
1.883171001941277289e-01
1.078863990974837650e-01
1.635980950579683096e-02
-7.026375354250548322e-02
-1.371753785107280577e-01
-1.710623180464642124e-01
-1.586312677969011764e-01
-8.465649228059533848e-02
2.480685954964028522e-02
1.001856924516200259e-01
1.139785552360631227e-01
7.944666776029474242e-02
1.074561684660401903e-02
-7.452683884570021622e-02
-1.607109252978396741e-01
-2.335113659764889993e-01
-2.781447453871268571e-01
-2.795593052339490625e-01
-2.221402266450940854e-01
-9.083095464319167200e-02
8.606891190353042898e-02
2.372338018636211687e-01
3.333971922503497498e-01
3.862505393200522663e-01
4.051726048309294281e-01
3.971628282298159118e-01
3.687145943261190273e-01
3.259940043746533123e-01
2.713584293394973868e-01
2.043999931752515098e-01
1.256242056809829255e-01
3.701215184063795516e-02
-5.747850813376283174e-02
-1.536197572678091872e-01
-2.497349628761557638e-01
-3.432281673212430051e-01
-4.275300226141877102e-01
-4.959403101656732482e-01
-5.452859131547498350e-01
-5.710169862916224526e-01
-5.625138120975444744e-01
-5.048183511433154136e-01
-3.800966464106591558e-01
-1.692406951114040492e-01
9.040820218931082397e-02
3.061337704968477569e-01
4.407778455457108668e-01
5.103082753041817687e-01
5.296317692846941316e-01
5.130831572579993560e-01
4.730168000764648495e-01
4.177599042341303415e-01
3.513270954486233943e-01
2.761395424043907587e-01
1.937959095269444765e-01
1.040256495746385013e-01
1.213844608129155747e-02
-7.234160408105699824e-02
-1.500687302326978445e-01
-2.260629788707278764e-01
-3.017580494461880591e-01
-3.765635142673710578e-01
-4.455532692805945216e-01
-4.987286301870927918e-01
-5.209865328241320981e-01
-4.954542201194202522e-01
-4.050161621291521463e-01
-2.290218920618113108e-01
8.409242770053629301e-04
1.952397889043884782e-01
3.141831751848781495e-01
3.712033991381952780e-01
3.808976656108263859e-01
3.581200628664850116e-01
3.161978648215181265e-01
2.645314325829241642e-01
2.092526870857155386e-01
1.547919546928551160e-01
1.046445973896546477e-01
6.034674449536373692e-02
2.300082133336939227e-02
-7.692064881244565361e-03
-3.587777284202037925e-02
-6.369168043496249709e-02
-8.888595606894895973e-02
-1.082829163609627665e-01
-1.196204718359955010e-01
-1.218188224763922245e-01
-1.157871094131336376e-01
-1.041486847748633593e-01
-8.747119568681442636e-02
-6.545372015855061010e-02
-4.119163271907168994e-02
-1.919004930317437865e-02
-1.277974676432744100e-03
1.228752719474744681e-02
2.269484623033338200e-02
3.172915949785072576e-02
3.914833286584533389e-02
4.578420654578263527e-02
5.322689131990552408e-02
6.045137131829933508e-02
6.508005144182807400e-02
6.494084907554226183e-02
6.075330688129965129e-02
5.507606678496518998e-02
4.692581030326736097e-02
3.489473995940430007e-02
1.979708490670346877e-02
1.701557739840894520e-03
-1.909958688330828935e-02
-4.110371585802222172e-02
-6.335854041921248903e-02
-8.362014655090259374e-02
-9.643523939267788225e-02
-1.001958128250216434e-01
-9.871102736786245557e-02
-9.334746333362797799e-02
-8.042678341467390801e-02
-5.479598530200856243e-02
-1.524796392972781710e-02
2.739985559661798839e-02
5.432359270930099682e-02
5.993753534353214729e-02
5.308534147465644726e-02
4.149690189594595902e-02
2.613078688791928283e-02
5.232660472770565840e-03
-1.587431837361458209e-02
-2.873992360989448616e-02
-3.177772516864978830e-02
-2.631459792083624613e-02
-1.379254813038993839e-02
3.007505685474674579e-03
2.082923158237470415e-02
3.679543635630390386e-02
4.780648839054540272e-02
5.045082755032418570e-02
4.474990751146361995e-02
3.474608079067824373e-02
2.403073494729930648e-02
1.392254216750084782e-02
5.553647960398424947e-03
-2.757988533343899706e-04
-4.590699436764357488e-03
-7.880255777828431077e-03
-9.338396726134543663e-03
-9.802693460869045528e-03
-1.055748953027991870e-02
-1.210559601005320451e-02
-1.545495666477411309e-02
-2.130606670272909564e-02
-2.635030062243366722e-02
-2.477014366702139092e-02
-1.567249259415902374e-02
-1.482217012787954806e-03
1.595763905185211551e-02
3.375903879036341176e-02
4.933875761435600055e-02
6.263796672186285053e-02
7.298917862964070247e-02
7.633586449117296668e-02
6.802874060241610732e-02
4.643462812505488868e-02
1.603653394661010492e-02
-1.548397352319046127e-02
-4.485692794219209301e-02
-7.286971771932088116e-02
-9.747938102058467669e-02
-1.131435248645700498e-01
-1.173234063756152940e-01
-1.106144267510783680e-01
-9.375248103151309631e-02
-6.650886758989360548e-02
-2.591656846546502857e-02
3.164793585248298902e-02
9.702567969960826377e-02
1.492724095557782793e-01
1.786423435678894667e-01
1.856299752570744754e-01
1.702138192505870951e-01
1.352557483646102954e-01
8.900522158535263684e-02
4.072631747409628106e-02
-5.849228637315667841e-03
-4.640156575011745999e-02
-6.952405308355241731e-02
-6.520339062867293312e-02
-4.287081961565624572e-02
-2.700441257752754509e-02
-2.912500743072323622e-02
-4.653191869998901664e-02
-7.437558099410233881e-02
-1.083172854670650387e-01
-1.443065130742439695e-01
-1.764970801593835348e-01
-1.973568986067632258e-01
-1.975078233714616105e-01
-1.652846271443110804e-01
-8.603531359804797440e-02
2.090863098247210117e-02
9.737202434843887644e-02
1.190663054291782874e-01
9.868023505448626775e-02
4.793037314244225772e-02
-2.070048379026593471e-02
-9.264939220008058807e-02
-1.539172880647471930e-01
-1.922696446795754410e-01
-1.945143735470964697e-01
-1.456491131588951993e-01
-3.232934886014529607e-02
1.160895633178021386e-01
2.320419951299378392e-01
2.905661050034663573e-01
3.042122986998963552e-01
2.842262652508713572e-01
2.417761374480515146e-01
1.870580290067918039e-01
1.298463791504923803e-01
7.771908995081112936e-02
3.606376427880261110e-02
7.740219106548673969e-03
-9.555674321061455312e-03
-1.891055222852415160e-02
-2.038429247634256439e-02
-1.527116006350980569e-02
-7.296421078399832616e-03
1.147980845167671793e-03
1.127953706994475752e-02
2.317331342258823271e-02
3.310175669916499974e-02
3.708997402394330345e-02
3.316103296082419105e-02
2.324747604386099425e-02
1.323391378129607290e-02
4.743836030730586018e-03
-1.329530827631282899e-02
-5.306512049463174563e-02
-1.138923057362063590e-01
-1.884071767133814190e-01
-2.672804966126037796e-01
-3.365812326888194539e-01
-3.816983739753844196e-01
-3.908051867215857622e-01
-3.515754049646768187e-01
-2.521114004389991003e-01
-8.527159707759486562e-02
1.149952998708622387e-01
2.782450760807076429e-01
3.763499820561534426e-01
4.220676827114301366e-01
4.283374956167797509e-01
4.074306606703956835e-01
3.699687872172364167e-01
3.227849531692586482e-01
2.663534118122521388e-01
1.980397561958904540e-01
1.176512810952173721e-01
2.650685535766428291e-02
-7.171207912281868380e-02
-1.696093553711079949e-01
-2.591667154511083648e-01
-3.347679936274121637e-01
-3.948298461463796150e-01
-4.399975707846047190e-01
-4.692357322599388647e-01
-4.782230899816541925e-01
-4.590971498715145094e-01
-4.004619097524561577e-01
-2.904947478752889500e-01
-1.163482355493683090e-01
9.163483687299286973e-02
2.575028076404643484e-01
3.516026794695062963e-01
3.909391256438988771e-01
3.913673849898038348e-01
3.657526968250379151e-01
3.238825675826823014e-01
2.726045873105116812e-01
2.159892622878110124e-01
1.571547403735889525e-01
9.871039472614148713e-02
4.173963817369245183e-02
-8.868715870791849323e-03
-4.444627119310526342e-02
-6.316479503066335655e-02
-6.875085559552820968e-02
-6.391803177352201049e-02
-5.136794886255026393e-02
-3.507141187810680627e-02
-1.889479247318330557e-02
-6.061377259949407223e-03
7.497992054442716159e-04
2.510180611336600143e-03
1.710345558868616583e-03
-7.567887007744328320e-04
-3.918533499685097204e-03
-9.290065925078295345e-03
-2.006254640139635420e-02
-3.528635237557740945e-02
-5.107285818008694411e-02
-6.423205163285876373e-02
-7.298680180347910662e-02
-7.920737123595243678e-02
-8.729793513654950099e-02
-1.009947157955009972e-01
-1.211077213431176886e-01
-1.397706690664677065e-01
-1.446714076789637482e-01
-1.288939221576941574e-01
-8.717429097119333559e-02
-1.075601582351030927e-02
8.588318481838987106e-02
1.629256868812828107e-01
2.041403484798128831e-01
2.153666502839743924e-01
2.003059515274063784e-01
1.655142567596209757e-01
1.196484868594176326e-01
6.973757255885899842e-02
2.249524467452559962e-02
-1.792363440728875559e-02
-4.993691001305444743e-02
-7.186235960592408933e-02
-8.478874922534232472e-02
-9.139644472792479712e-02
-9.348530323125903152e-02
-9.311461407524149192e-02
-8.999916258326334795e-02
-7.875535412570507099e-02
-5.297120441425824666e-02
-1.662510359886365877e-02
1.740882746400795530e-02
4.266078133188809518e-02
5.877634922496716846e-02
6.609009866817683321e-02
6.639564229107747240e-02
6.133438604403308736e-02
5.226547084320631170e-02
4.187057932013013573e-02
3.056807623289480719e-02
1.408331034186545427e-02
-1.067993673498920590e-02
-3.735577163135794798e-02
-5.392202123600617347e-02
-5.593815145494434454e-02
-4.826684318513257965e-02
-3.727743409441507116e-02
-2.600660310465096811e-02
-1.573106704642107667e-02
-7.203445251532751385e-03
-1.239469976450638649e-03
1.805466457706968609e-03
3.700328467900421657e-03
5.613310963826813327e-03
8.416147146330217599e-03
1.336172687746282894e-02
2.058099991674001289e-02
2.964996976338205720e-02
4.031412681882654697e-02
5.230385298256740034e-02
6.350324631767056971e-02
6.987064975807585898e-02
6.863726470154678239e-02
5.902778362184192551e-02
3.908533177459228014e-02
7.284597514735527933e-03
-2.932017399167334906e-02
-5.870369918994253200e-02
-7.721762891166250586e-02
-8.700855203267274240e-02
-8.830625274849117357e-02
-8.263652721763513342e-02
-7.460820156009512205e-02
-6.698599910023349258e-02
-5.931494433648688142e-02
-5.131458590213128224e-02
-4.339493807284203197e-02
-3.518980511014283691e-02
-2.598310416701008624e-02
-1.526728301673768544e-02
-2.114520667198268797e-03
1.336428249266163014e-02
3.015050958662612857e-02
4.756714040994267784e-02
6.291409812719366001e-02
7.078343433639044946e-02
6.844685815506532101e-02
5.863625789719717485e-02
4.582146598622861139e-02
3.500093169412800409e-02
3.045058775579013999e-02
3.306012574610023985e-02
4.157008991706396400e-02
5.326899125752668218e-02
6.475271292587647665e-02
7.466952440873049490e-02
8.320247081673533274e-02
8.825388357929664362e-02
8.542617756329147494e-02
7.074824055569066406e-02
4.269788025223137523e-02
4.196921219429239694e-03
-3.697258554447283019e-02
-7.186443926143883110e-02
-9.725893103688790231e-02
-1.149579075069031148e-01
-1.279224434652049547e-01
-1.370949015574326746e-01
-1.392821198896650736e-01
-1.327534454050030843e-01
-1.191480634819283013e-01
-9.956372589322974587e-02
-7.414224298785290768e-02
-4.391815333258506510e-02
-1.144677272334266617e-02
1.925719082737813170e-02
4.471287980394067496e-02
6.398001028744966512e-02
7.691751331091696564e-02
8.474481056796655254e-02
8.952986683955660441e-02
9.013513915196715021e-02
8.362540688426547963e-02
6.877357299884900854e-02
4.737793944496128395e-02
2.221006058265804356e-02
-1.870932220922490435e-03
-1.759652681036479385e-02
-2.356669640415825703e-02
-2.288020577132045263e-02
-1.747543227421789747e-02
-9.291366116250620796e-03
6.449091408119106764e-04
1.080167296131625057e-02
1.782900100620867304e-02
1.905968765010421576e-02
1.203722506471270604e-02
-4.667076828863871672e-03
-2.550542915751159365e-02
-4.100496095225882737e-02
-4.803087855592234195e-02
-4.861124810683714603e-02
-4.453484734201235834e-02
-3.746737593957204238e-02
-2.941549477415574335e-02
-2.172540910979075396e-02
-1.522931528959475811e-02
-1.088094094083595295e-02
-9.935242315318695144e-03
-1.074099963867423263e-02
-7.690091540347496375e-03
2.650659928412050018e-03
1.938146246976922560e-02
3.967778884667191169e-02
5.979757549157318358e-02
7.457885152755126812e-02
7.972142067659618303e-02
7.429776405758156677e-02
6.023834895705013071e-02
4.113055415501798429e-02
1.939230030035088426e-02
-4.168072907991803369e-03
-2.561285006830381350e-02
-3.966949014745860258e-02
-4.639064823140203603e-02
-4.635806588932396555e-02
-3.800670093564244983e-02
-2.296302925599742056e-02
-6.653553278153493712e-03
4.910899894555681953e-03
1.001849342995073458e-02
1.116899473809735560e-02
1.038324902312743638e-02
6.680251914127365714e-03
-1.523127429981609767e-04
-5.681481053504656813e-03
-8.039292193605041686e-03
-9.672297158080751453e-03
-1.159908236343880697e-02
-1.452754108044418228e-02
-1.986856016383481416e-02
-2.723243245370332230e-02
-3.388817249595383468e-02
-3.732658909606435121e-02
-3.578576245545838502e-02
-2.599918201279168006e-02
-8.073965529293982563e-03
1.028336018990827667e-02
2.334639059983906195e-02
3.159388842987435192e-02
3.653192929898740199e-02
3.923497748609518221e-02
4.030536780961691684e-02
3.911697958850042511e-02
3.406499400708492414e-02
2.456050972976936420e-02
1.398152229036095547e-02
8.116042355913901177e-03
8.740184991333506404e-03
1.377132126235546677e-02
2.026855520634592706e-02
2.453348505108066124e-02
2.449345463983250079e-02
2.101941769200299515e-02
1.549766395813408602e-02
8.059161487222365333e-03
-3.037689962165097696e-03
-1.966873848387969831e-02
-3.989758392084518518e-02
-6.079271093257723746e-02
-7.952672410040137474e-02
-9.188300815367277108e-02
-9.627628274076915904e-02
-9.270495373722065224e-02
-8.148269537180713451e-02
-6.422834298985434509e-02
-4.322072895639714196e-02
-2.125306448619328561e-02
-6.284174378540143685e-05
2.066088416017295565e-02
4.067635979082143832e-02
5.833219239661473904e-02
7.398029341544551385e-02
8.760026489916628023e-02
9.549965096926381347e-02
9.528482502531940290e-02
8.699126781397249764e-02
7.042197011964290709e-02
4.852333375246994929e-02
2.639617443375373573e-02
5.514928538170232007e-03
-1.457817860083937371e-02
-3.244051577399505171e-02
-4.445383391902980874e-02
-4.798590495506552256e-02
-4.561278057661778684e-02
-4.064707756819184448e-02
-3.352302191372752427e-02
-2.555736025931278424e-02
-1.791389273054042747e-02
-1.023320522147470879e-02
-2.639988489506451229e-03
4.152221852976396323e-03
9.878543389477238701e-03
1.534812619292867837e-02
2.140808240445938107e-02
2.731218906164787838e-02
3.163789895840306982e-02
3.400558791966453581e-02
3.387294873021184927e-02
2.863266101930353469e-02
1.673330650089165095e-02
9.886881387532625055e-04
-1.441695621781807074e-02
-2.734090508536820771e-02
-3.664455668485940010e-02
-4.176307552070523260e-02
-4.486763054500898101e-02
-4.747660634316845651e-02
-4.921112291177738574e-02
-5.013329790437053013e-02
-4.875273359333822526e-02
-4.449498250235409125e-02
-3.895467743556527140e-02
-3.263580919748181042e-02
-2.571280193698548960e-02
-1.880043162543771490e-02
-1.152153196071527622e-02
-2.693506114075617033e-03
8.812608932368327930e-03
2.224762612594016753e-02
3.397478614576835559e-02
4.259473171375080525e-02
5.054229344363902338e-02
5.900802276115364731e-02
6.738973936429594469e-02
7.412354210667299048e-02
7.587421483551673451e-02
7.033913260949629931e-02
5.968860270618472214e-02
4.898771415121602052e-02
4.172366071501282941e-02
3.954823880783649853e-02
4.290027664516550543e-02
5.097344185097348740e-02
6.210390676455254666e-02
7.279187252344186676e-02
8.053919496987667348e-02
8.433751863329869147e-02
8.090192058392477181e-02
6.617740255305000485e-02
3.892473892482542497e-02
-7.660014184775292001e-04
-5.236843450245125264e-02
-1.084793676357641429e-01
-1.581166297902414919e-01
-1.985022684426890338e-01
-2.313952730659949997e-01
-2.584023737216710748e-01
-2.812496943311023623e-01
-2.984080323544145985e-01
-3.049437385069490025e-01
-2.946658625623962968e-01
-2.604435851069797914e-01
-1.902372493603870229e-01
-6.724303697538180913e-02
8.695115884481233182e-02
2.110101825332851011e-01
2.805140391581525949e-01
3.087459357222867573e-01
3.071568239591140892e-01
2.844776677726292835e-01
2.494732548500777636e-01
2.102756723677103035e-01
1.706570658563821286e-01
1.313537393658520402e-01
9.330110537122245085e-02
5.656591488209142954e-02
2.257384585164018409e-02
-4.703107729189590427e-03
-2.385387972745033405e-02
-3.618895880081672567e-02
-4.323780837461640991e-02
-4.653455986365236108e-02
-4.713319229914517128e-02
-4.603015002511042647e-02
-4.460655690903568560e-02
-4.189079467771304743e-02
-3.532844292269284037e-02
-2.522050059084346429e-02
-1.337694323610537014e-02
-2.101755461678967915e-03
6.788905108389855711e-03
1.458827401511640816e-02
2.172203430021207166e-02
2.603866124845938268e-02
2.587410267809355652e-02
1.928937406904775165e-02
3.956982846232405711e-03
-2.121646159388148808e-02
-5.597396470481248720e-02
-9.729633627551244335e-02
-1.375430337922727286e-01
-1.677118735838130925e-01
-1.827258596423523007e-01
-1.808898039675914116e-01
-1.576881225952124210e-01
-1.040530251429911124e-01
-1.250918987060845033e-02
9.306240176335302261e-02
1.637701828911630186e-01
1.847936056242454606e-01
1.707261116184752014e-01
1.337362566370652872e-01
8.719382743813661185e-02
4.300788199734047190e-02
4.223217358286972603e-03
-2.884347394136821049e-02
-5.037293268612268171e-02
-5.809419422665036692e-02
-5.974121538506130952e-02
-5.977564192102083340e-02
-5.639463604004024688e-02
-4.632030851937089799e-02
-2.404490228642478661e-02
1.696190268841867022e-02
6.841019780390303340e-02
1.066405448251929178e-01
1.225266278270260023e-01
1.210823207935881052e-01
1.080304240152479278e-01
8.912805304800186512e-02
6.923261264725415198e-02
5.396748028731009061e-02
4.493535878940129596e-02
3.953243749894180814e-02
3.687462927644847427e-02
3.268649219835485092e-02
1.767922735167652692e-02
-1.305705312562007066e-02
-5.828335927776623349e-02
-1.143808290193740751e-01
-1.757129305437016009e-01
-2.342759049573415742e-01
-2.822879625857906971e-01
-3.123373566705700544e-01
-3.140802530814100213e-01
-2.749631603592786466e-01
-1.848243282808743615e-01
-3.725094468877214460e-02
1.375478085210644907e-01
2.752494746196595399e-01
3.516589654844982094e-01
3.797625569688905522e-01
3.698404737078336835e-01
3.330410982378126383e-01
2.821171885865704221e-01
2.272408938023940950e-01
1.747874544677155417e-01
1.262715083766005608e-01
7.918464428168095481e-02
2.947720792286031427e-02
-2.711963414260541716e-02
-9.322618788114568622e-02
-1.689838221780945726e-01
-2.492444700258729662e-01
-3.269440513251531399e-01
-3.998710598420871509e-01
-4.656468000114403760e-01
-5.149699837226570098e-01
-5.343670724302197472e-01
-5.060068281483853792e-01
-4.063079050310733353e-01
-2.124183227019336984e-01
3.809374156280535134e-02
2.495088692775616068e-01
3.821554343926007458e-01
4.511241115000447222e-01
4.688740873889858385e-01
4.471152289766168186e-01
3.986495521665543440e-01
3.361493653552614091e-01
2.692492116693028237e-01
2.022888070605150801e-01
1.360196341776857831e-01
7.250123634010111062e-02
1.818475733273040851e-02
-1.964467027178904562e-02
-4.023394703377319859e-02
-4.875685427891492812e-02
-5.097121383222259078e-02
-5.073332467735176127e-02
-4.936498150199199186e-02
-4.638118745212020666e-02
-4.118719709542873614e-02
-3.377310288567828001e-02
-2.438312999310152107e-02
-1.527124209773069417e-02
-9.225014623583785434e-03
-6.723571319276660033e-03
-6.775830869076307494e-03
-8.418925564345893647e-03
-1.204429799920996372e-02
-1.974544334601845835e-02
-3.327443503687641663e-02
-5.016710637962774888e-02
-6.493531843636277112e-02
-7.356865314677418777e-02
-7.237644335026288678e-02
-5.773406108734627229e-02
-3.937543989390524662e-02
-3.750019041448306167e-02
-5.805641073586577383e-02
-9.597949837074327972e-02
-1.469678307496228020e-01
-2.045560950182421789e-01
-2.607349345830186071e-01
-3.060275555994150798e-01
-3.290824956261432788e-01
-3.164859416519962276e-01
-2.471619471812846192e-01
-9.342623004578008705e-02
1.137428573238247059e-01
2.837519884257939662e-01
3.785091820831467668e-01
4.121115170144551976e-01
3.985426964981276798e-01
3.532833752784578230e-01
2.904260646946767999e-01
2.197997127047685295e-01
1.478325709092596085e-01
7.937904220783129072e-02
2.029677854128109082e-02
-2.464146053305339701e-02
-5.449696837665643501e-02
-7.070081526563157248e-02
-7.575038542665704644e-02
-7.224639111049363516e-02
-6.326196574954923157e-02
-5.257544804579329656e-02
-4.288537230558712304e-02
-3.419046046483070755e-02
-2.562114197268564042e-02
-1.681515950029063844e-02
-6.240990163273462538e-03
6.859946677138272983e-03
2.042447891512545050e-02
3.286975620138408993e-02
4.455730271754167887e-02
5.700484982049040111e-02
7.154638413784429607e-02
8.631613942420002239e-02
9.688244462567366377e-02
9.935275448330534165e-02
9.155276919117324996e-02
7.000867330252516507e-02
2.786954930714734963e-02
-4.047355037330870042e-02
-1.307552078389697114e-01
-2.314917757797431141e-01
-3.376644803698687913e-01
-4.482496754126666927e-01
-5.596395871881203465e-01
-6.676325114322697596e-01
-7.646742625037723506e-01
-8.377553958403852752e-01
-8.692980093121797092e-01
-8.365672029729261938e-01
-7.126609157212194789e-01
-4.688074959342053427e-01
-1.228340695117490916e-01
