-4.545399546623229980e-02
-3.377190232276916504e-01
-1.504330635070800781e-01
-2.436434626579284668e-01
-2.477048039436340332e-01
-2.342718243598937988e-01
-2.994033098220825195e-01
-2.802383303642272949e-01
-2.646037340164184570e-01
-3.544427156448364258e-01
-3.143829107284545898e-01
-2.748989462852478027e-01
-9.791874885559082031e-02
-3.410539031028747559e-01
-2.618959546089172363e-01
-2.493048310279846191e-01
-2.771092653274536133e-01
-2.316658496856689453e-01
-2.936843633651733398e-01
-2.208442687988281250e-01
-2.710379958152770996e-01
-2.870417833328247070e-01
-2.232663631439208984e-01
-4.474225044250488281e-01
-4.491192102432250977e-02
-3.085927963256835938e-01
-2.647879123687744141e-01
-2.493048310279846191e-01
-2.738315463066101074e-01
-2.641574740409851074e-01
-2.963769435882568359e-01
-2.914792299270629883e-01
-2.433912158012390137e-01
-2.724500894546508789e-01
-2.943712472915649414e-01
-3.545330166816711426e-01
-2.647317051887512207e-01
-2.203397750854492188e-01
-2.926041483879089355e-01
-2.249590158462524414e-01
-2.655557990074157715e-01
-2.415871024131774902e-01
-2.495377063751220703e-01
-2.387633919715881348e-01
-2.777777314186096191e-01
-2.902298569679260254e-01
-2.442322969436645508e-01
-1.129785776138305664e-01
-2.020849585533142090e-01
-2.771388292312622070e-01
-3.224433660507202148e-01
-2.579026818275451660e-01
-2.801344990730285645e-01
-2.917162775993347168e-01
-2.970306873321533203e-01
-2.781122922897338867e-01
-3.151673078536987305e-01
-2.366992831230163574e-01
-3.004081249237060547e-01
6.528913974761962891e-01
-1.927763819694519043e-01
-2.766678333282470703e-01
-2.391140460968017578e-01
-2.649915218353271484e-01
-2.275391221046447754e-01
-2.696683406829833984e-01
-2.534866333007812500e-01
-2.430408000946044922e-01
-2.361222505569458008e-01
-2.044107317924499512e-01
-2.391948699951171875e-01
-2.634568214416503906e-01
-1.976127028465270996e-01
-2.970727682113647461e-01
-1.675468087196350098e-01
-2.906368374824523926e-01
-2.870110273361206055e-01
-2.771093249320983887e-01
-2.874562144279479980e-01
-3.004584312438964844e-01
-2.669808864593505859e-01
-2.598264217376708984e-01
-2.709430456161499023e-01
7.193356752395629883e-01
-1.640116572380065918e-01
-3.042978048324584961e-01
-1.809167861938476562e-01
-2.924390435218811035e-01
-2.694005966186523438e-01
-2.979933023452758789e-01
-2.844873666763305664e-01
-2.771094441413879395e-01
-2.697522640228271484e-01
-3.152545094490051270e-01
-2.321067452430725098e-01
4.777649939060211182e-01
-1.523730754852294922e-01
-3.107110857963562012e-01
-2.193693518638610840e-01
-2.782050967216491699e-01
-2.713170647621154785e-01
-2.467757463455200195e-01
-2.324045896530151367e-01
-2.989197373390197754e-01
-2.249816656112670898e-01
-2.948522567749023438e-01
-2.361017465591430664e-01
-2.401213645935058594e-01
-2.496492266654968262e-01
-2.619232535362243652e-01
-2.599884271621704102e-01
-2.065071463584899902e-01
-2.913060188293457031e-01
-2.943814992904663086e-01
-2.306882143020629883e-01
-2.451548576354980469e-01
-2.525550723075866699e-01
-2.213255763053894043e-01
-2.054994702339172363e-01
-2.650939226150512695e-01
-2.678242325782775879e-01
-2.582923769950866699e-01
-2.903635501861572266e-01
-3.476178646087646484e-01
-3.098348379135131836e-01
-2.914755940437316895e-01
-2.943712472915649414e-01
-3.466002941131591797e-01
-2.520959973335266113e-01
-2.742990851402282715e-01
-2.884849309921264648e-01
9.025489091873168945e-01
-2.074630856513977051e-01
-2.293143272399902344e-01
-2.572147846221923828e-01
-2.448810338973999023e-01
-2.924285531044006348e-01
-2.851840257644653320e-01
-2.943712472915649414e-01
-2.798833250999450684e-01
-2.743966579437255859e-01
-2.813798189163208008e-01
-3.010149002075195312e-01
-4.081072807312011719e-01
-2.567611336708068848e-01
-3.132464885711669922e-01
-2.791987657546997070e-01
-2.844822406768798828e-01
-3.326914906501770020e-01
-2.764046192169189453e-01
-2.943712472915649414e-01
-2.451503276824951172e-01
-2.934886813163757324e-01
-2.475428581237792969e-01
-2.522065639495849609e-01
-3.438888192176818848e-01
-1.313861012458801270e-01
-2.654141187667846680e-01
-2.435629963874816895e-01
-2.369172573089599609e-01
-2.814334630966186523e-01
-2.604135274887084961e-01
-2.689813375473022461e-01
-2.435230612754821777e-01
-2.705059051513671875e-01
-2.239555716514587402e-01
-2.038524746894836426e-01
-6.262362003326416016e-03
-1.996788978576660156e-01
-2.094774246215820312e-01
-2.461895346641540527e-01
-2.425830960273742676e-01
-2.527278065681457520e-01
-2.702402472496032715e-01
-2.933750748634338379e-01
-2.655580043792724609e-01
-2.943646907806396484e-01
-2.293710708618164062e-01
-3.484629392623901367e-01
-4.714781641960144043e-01
-2.588137388229370117e-01
-2.262039184570312500e-01
-1.952313184738159180e-01
-2.381897568702697754e-01
-3.057468533515930176e-01
-2.793067097663879395e-01
-3.199322819709777832e-01
-3.086591362953186035e-01
-2.678894400596618652e-01
-2.664107680320739746e-01
-2.523311972618103027e-01
3.639004528522491455e-01
-3.311522006988525391e-01
-1.920436620712280273e-01
-2.663171887397766113e-01
-2.693287134170532227e-01
-3.213171362876892090e-01
-2.677423357963562012e-01
-2.710844874382019043e-01
-2.879450321197509766e-01
-2.460730075836181641e-01
-2.400912642478942871e-01
-2.517303228378295898e-01
-3.927202224731445312e-01
-3.246779441833496094e-01
-2.472038865089416504e-01
-3.071398735046386719e-01
-3.081406950950622559e-01
-4.578619599342346191e-01
-2.503957152366638184e-01
-2.943894267082214355e-01
-2.972612380981445312e-01
-3.108631968498229980e-01
-2.688839435577392578e-01
-2.451596260070800781e-01
5.387034416198730469e-01
-3.675093650817871094e-01
-2.762125730514526367e-01
-2.660297751426696777e-01
-2.356624603271484375e-01
-2.750151157379150391e-01
-2.415651679039001465e-01
-3.178401589393615723e-01
-2.585245370864868164e-01
-3.056551218032836914e-01
-2.649303674697875977e-01
-2.686141729354858398e-01
-3.584429025650024414e-01
-3.602488040924072266e-01
-2.665669918060302734e-01
-2.699882388114929199e-01
-2.771092653274536133e-01
-2.988758683204650879e-01
-2.406358718872070312e-01
-3.036611080169677734e-01
-2.229651808738708496e-01
-3.135175108909606934e-01
-2.620531320571899414e-01
-2.685838937759399414e-01
1.207039594650268555e+00
-2.354792952537536621e-01
-2.626444101333618164e-01
-2.238391041755676270e-01
-2.725300192832946777e-01
-2.307351231575012207e-01
-2.313890457153320312e-01
-2.428361773490905762e-01
-2.368542551994323730e-01
-2.326345443725585938e-01
3.756927847862243652e-01
-3.172008395195007324e-01
-3.321330547332763672e-01
-1.619775295257568359e-01
-3.053223490715026855e-01
-2.801356315612792969e-01
-2.937132716178894043e-01
-2.786604166030883789e-01
-2.924420237541198730e-01
-2.774474024772644043e-01
-2.800968289375305176e-01
-2.864494323730468750e-01
-2.876542210578918457e-01
-2.776585221290588379e-01
-2.627302408218383789e-01
-2.008940577507019043e-01
-2.946895956993103027e-01
-2.943712472915649414e-01
-3.044043183326721191e-01
-2.769187092781066895e-01
-2.767397165298461914e-01
-2.963837385177612305e-01
-2.943710684776306152e-01
-2.727617621421813965e-01
-2.740220427513122559e-01
-2.962742447853088379e-01
-3.347789049148559570e-01
-1.985700726509094238e-01
-2.647468447685241699e-01
-2.487201094627380371e-01
-2.943673133850097656e-01
-2.379669547080993652e-01
-2.943712472915649414e-01
-3.043450117111206055e-01
-2.943685650825500488e-01
-2.786569595336914062e-01
-2.771093249320983887e-01
-2.802709937095642090e-01
-2.883195281028747559e-01
-2.603014707565307617e-01
-2.752900123596191406e-01
-2.634380459785461426e-01
-2.897291779518127441e-01
-2.452128529548645020e-01
-2.676540017127990723e-01
-2.943711876869201660e-01
-2.943712472915649414e-01
-2.786613702774047852e-01
-2.693126797676086426e-01
-2.951763868331909180e-01
-2.654963731765747070e-02
-2.381438612937927246e-01
-2.786613106727600098e-01
-2.680112123489379883e-01
-3.037025928497314453e-01
-2.404717803001403809e-01
-2.635471224784851074e-01
-2.728230953216552734e-01
-2.754495143890380859e-01
-2.790147662162780762e-01
-2.875701785087585449e-01
-2.461948990821838379e-01
-2.855089902877807617e-01
-2.258878946304321289e-01
-2.943816184997558594e-01
-2.784108519554138184e-01
-2.867995500564575195e-01
-2.545638084411621094e-01
-2.259066104888916016e-01
-2.400912642478942871e-01
-2.412005662918090820e-01
-2.297477126121520996e-01
-2.673627734184265137e-01
-2.344671487808227539e-01
-3.275888562202453613e-01
-2.097272872924804688e-01
-2.943750619888305664e-01
-2.224525213241577148e-01
-2.355961799621582031e-01
-2.488854527473449707e-01
-2.667753100395202637e-01
-2.771062850952148438e-01
-2.417724728584289551e-01
-2.746294140815734863e-01
-2.540640830993652344e-01
-2.266964912414550781e-01
-3.362202048301696777e-01
-2.660251259803771973e-01
-2.525102496147155762e-01
-2.619187235832214355e-01
-2.436727881431579590e-01
-2.554225325584411621e-01
-2.135023474693298340e-01
-2.793623208999633789e-01
-2.101876735687255859e-01
-2.412022352218627930e-01
-2.258678078651428223e-01
-2.204817533493041992e-01
-3.230245113372802734e-01
-2.108922600746154785e-01
-2.938734889030456543e-01
-1.807776689529418945e-01
-2.013853192329406738e-01
-2.391425967216491699e-01
-2.574208974838256836e-01
-3.038208484649658203e-01
-2.752333283424377441e-01
-2.820523977279663086e-01
-2.884848117828369141e-01
-2.375625371932983398e-01
-2.826719284057617188e-01
-1.842405796051025391e-01
-2.716545462608337402e-01
-2.368540763854980469e-01
-2.842400670051574707e-01
-2.454417347908020020e-01
-2.842613458633422852e-01
-2.523376941680908203e-01
-2.659730911254882812e-01
-2.373358607292175293e-01
-2.855225205421447754e-01
-2.865557670593261719e-01
-3.008867502212524414e-01
-2.017453312873840332e-01
-2.790800333023071289e-01
-2.521121501922607422e-01
-2.943744659423828125e-01
-2.488473057746887207e-01
-2.861927151679992676e-01
-2.613993287086486816e-01
-2.535592913627624512e-01
-2.871124148368835449e-01
-3.248125314712524414e-01
-2.392613291740417480e-01
-2.727386355400085449e-01
-2.079577445983886719e-01
-2.833633422851562500e-01
-2.346461415290832520e-01
-2.465924620628356934e-01
-2.153549790382385254e-01
-3.093832135200500488e-01
-2.514669299125671387e-01
-3.291717767715454102e-01
-3.037658929824829102e-01
-2.602896690368652344e-01
-2.639114856719970703e-01
-3.866196870803833008e-01
-7.181096076965332031e-02
-3.475099802017211914e-01
-2.786624431610107422e-01
-2.796835303306579590e-01
-2.932285070419311523e-01
-2.771093845367431641e-01
-2.933368086814880371e-01
-2.702053189277648926e-01
-2.943695783615112305e-01
-2.669012546539306641e-01
-2.783530950546264648e-01
-2.345535755157470703e-01
1.046642959117889404e-01
-3.576551675796508789e-01
-2.389203310012817383e-01
-2.835782170295715332e-01
-2.372000217437744141e-01
-2.781056165695190430e-01
-2.939413189888000488e-01
-2.678966522216796875e-01
-2.943707704544067383e-01
-2.786614894866943359e-01
-2.786614298820495605e-01
2.360975742340087891e-01
-1.036581993103027344e-01
-2.735524773597717285e-01
-2.380266189575195312e-01
-2.943711876869201660e-01
-2.841479778289794922e-01
-2.842600345611572266e-01
-2.903535962104797363e-01
-2.724130153656005859e-01
-3.011932373046875000e-01
-2.788506150245666504e-01
-2.508568763732910156e-01
-1.876673698425292969e-01
-2.488493323326110840e-01
-3.006175756454467773e-01
-2.151660323143005371e-01
-2.550044655799865723e-01
-2.882322072982788086e-01
-2.672913074493408203e-01
-2.943711876869201660e-01
-2.997326254844665527e-01
-2.843681573867797852e-01
-2.895015478134155273e-01
-2.724891901016235352e-01
-7.584175467491149902e-02
1.254245489835739136e-01
-3.085486292839050293e-01
-2.955990433692932129e-01
-2.882748842239379883e-01
-2.806752324104309082e-01
-3.095759749412536621e-01
-2.916575074195861816e-01
-3.096135258674621582e-01
-2.943712472915649414e-01
-2.650713324546813965e-01
-2.715401053428649902e-01
-3.900019526481628418e-01
-6.174167990684509277e-02
-3.289536833763122559e-01
-2.176471352577209473e-01
-2.748144268989562988e-01
-2.786613702774047852e-01
-2.600160241127014160e-01
-2.943718433380126953e-01
-2.959244251251220703e-01
-2.665666937828063965e-01
-2.966464757919311523e-01
-2.784204483032226562e-01
-3.334368467330932617e-01
-1.085304021835327148e-01
-2.803415060043334961e-01
-2.366222143173217773e-01
-3.030354976654052734e-01
-2.850623726844787598e-01
-2.940549254417419434e-01
-2.881789207458496094e-01
-2.514662146568298340e-01
-2.941941618919372559e-01
-2.840281128883361816e-01
-3.097695112228393555e-01
-3.770254254341125488e-01
-1.216591596603393555e-01
-3.125547766685485840e-01
-2.994549274444580078e-01
-2.747728228569030762e-01
-2.867679595947265625e-01
-2.980493307113647461e-01
-2.552582025527954102e-01
-2.188596129417419434e-01
-2.483605742454528809e-01
-2.785490155220031738e-01
-2.579995393753051758e-01
-2.556138634681701660e-01
-1.571795344352722168e-01
-2.792565226554870605e-01
-2.450138330459594727e-01
-2.943712472915649414e-01
-2.578235268592834473e-01
-2.841737866401672363e-01
-2.702780961990356445e-01
-2.642329931259155273e-01
-2.602355480194091797e-01
-2.628865838050842285e-01
-2.942761182785034180e-01
-4.081181287765502930e-01
-2.559545040130615234e-01
-2.681648731231689453e-01
-2.955647110939025879e-01
-2.943711876869201660e-01
-2.943712472915649414e-01
-2.543155550956726074e-01
-2.943712472915649414e-01
-2.977461814880371094e-01
-2.745047211647033691e-01
-2.815501689910888672e-01
-2.710514068603515625e-01
-2.997757196426391602e-01
-2.851384282112121582e-01
-2.389624118804931641e-01
-3.150634765625000000e-01
-2.664515376091003418e-01
-2.710846066474914551e-01
-2.361018061637878418e-01
-2.943712472915649414e-01
-2.697266936302185059e-01
-2.943712472915649414e-01
-2.338755130767822266e-01
-2.801357507705688477e-01
-1.812611222267150879e-01
-2.865144014358520508e-01
-2.925540208816528320e-01
-2.801380753517150879e-01
-2.884728908538818359e-01
-2.811590433120727539e-01
-2.776466012001037598e-01
-2.943712472915649414e-01
-2.606804370880126953e-01
-2.786613702774047852e-01
-2.397947907447814941e-01
-2.801357507705688477e-01
4.482805728912353516e-03
-2.523041367530822754e-01
-3.622847199440002441e-01
-2.965279221534729004e-01
-2.741404175758361816e-01
-2.884851694107055664e-01
-2.631281614303588867e-01
-2.644334435462951660e-01
-2.773265242576599121e-01
-2.398372292518615723e-01
-2.411235570907592773e-01
-2.266572713851928711e-01
-2.961070537567138672e-01
-2.549676299095153809e-01
-2.637529969215393066e-01
-2.943712472915649414e-01
-2.830346822738647461e-01
-2.853298783302307129e-01
-2.518643736839294434e-01
-2.697924971580505371e-01
-2.548642158508300781e-01
-2.924303412437438965e-01
-2.661148309707641602e-01
-2.619097828865051270e-01
-4.025391936302185059e-01
-2.461194396018981934e-01
-2.964954376220703125e-01
-2.943712472915649414e-01
-2.943689227104187012e-01
-2.901097536087036133e-01
-2.316983342170715332e-01
-2.977263331413269043e-01
-2.361017465591430664e-01
-3.522781729698181152e-01
-1.978690028190612793e-01
-3.702101111412048340e-01
-1.334392726421356201e-01
-3.068084120750427246e-01
-1.878252029418945312e-01
-3.506212234497070312e-01
-2.433426976203918457e-01
-3.034108877182006836e-01
-2.357572317123413086e-01
-2.731497287750244141e-01
-2.289772033691406250e-01
-3.043148517608642578e-01
-2.341491580009460449e-01
-2.933613657951354980e-01
-2.856659293174743652e-01
-3.251703381538391113e-01
-2.534076571464538574e-01
-3.394331336021423340e-01
-2.353404164314270020e-01
-3.037030696868896484e-01
-2.003130912780761719e-01
-2.791726589202880859e-01
-2.143030762672424316e-01
-2.655557990074157715e-01
-2.484800815582275391e-01
-2.804305553436279297e-01
-2.968776226043701172e-01
-2.618772983551025391e-01
-2.756304740905761719e-01
-2.536228895187377930e-01
-2.502500414848327637e-01
-2.831506133079528809e-01
-2.943496108055114746e-01
-2.943708300590515137e-01
-2.278591990470886230e-01
-2.832289338111877441e-01
-2.359429001808166504e-01
-2.851576209068298340e-01
-1.105315089225769043e-01
-1.268389821052551270e-01
-2.480628490447998047e-01
-2.663937211036682129e-01
-2.955646514892578125e-01
-2.715094089508056641e-01
-2.528257369995117188e-01
-2.463043928146362305e-01
-2.346273064613342285e-01
-2.095275521278381348e-01
-2.492698431015014648e-01
-2.883421182632446289e-01
-5.177065730094909668e-02
-2.874970436096191406e-01
-2.739499211311340332e-01
-2.943712472915649414e-01
-2.790705561637878418e-01
-2.389694452285766602e-01
-2.402249574661254883e-01
-2.712826132774353027e-01
-2.776621580123901367e-01
-2.591429352760314941e-01
-3.038133382797241211e-01
-2.258584499359130859e-01
-1.188559234142303467e-01
-2.135743498802185059e-01
-2.779026031494140625e-01
-3.057312369346618652e-01
-2.881198525428771973e-01
-2.884958982467651367e-01
-2.881377339363098145e-01
-2.742549777030944824e-01
-2.884849309921264648e-01
-2.949804663658142090e-01
-2.860105633735656738e-01
-3.026441335678100586e-01
-2.716452479362487793e-01
-2.533298730850219727e-01
-3.014675378799438477e-01
-2.993748784065246582e-01
-3.057292699813842773e-01
-3.005684018135070801e-01
-2.990133762359619141e-01
-2.943712472915649414e-01
-2.447031736373901367e-01
-2.750381231307983398e-01
-2.401322722434997559e-01
-2.101463675498962402e-01
-3.111144304275512695e-01
-4.103785753250122070e-02
-2.285146117210388184e-01
-2.965917587280273438e-01
-2.490334510803222656e-01
-2.116267085075378418e-01
-2.767292261123657227e-01
-2.345225811004638672e-01
-2.577498555183410645e-01
-2.678953409194946289e-01
-2.884721755981445312e-01
-2.284407615661621094e-01
-2.884230613708496094e-01
-2.550786733627319336e-01
-2.493048906326293945e-01
-2.670493721961975098e-01
-2.729499340057373047e-01
-2.751806974411010742e-01
-2.638889551162719727e-01
-2.463306784629821777e-01
-2.502292394638061523e-01
-2.792478203773498535e-01
-2.841197252273559570e-01
-2.757586836814880371e-01
-2.452408671379089355e-01
-3.089677691459655762e-01
-2.493067383766174316e-01
-2.943712472915649414e-01
-2.792497873306274414e-01
-1.688855886459350586e-01
-2.336052060127258301e-01
-2.881431579589843750e-01
-2.817312479019165039e-01
-2.392778396606445312e-01
-2.846769094467163086e-01
-2.542948722839355469e-01
-4.577857851982116699e-01
-7.893845438957214355e-02
-3.096625804901123047e-01
-2.769864201545715332e-01
-2.883388400077819824e-01
-2.493198513984680176e-01
-2.114822268486022949e-01
-2.751973867416381836e-01
-2.389065623283386230e-01
-2.877646088600158691e-01
-2.370536923408508301e-01
-2.618411779403686523e-01
-2.574216127395629883e-01
-3.487107753753662109e-01
-2.484080791473388672e-01
-2.837622165679931641e-01
-2.502436637878417969e-01
-3.169047236442565918e-01
-2.527635097503662109e-01
-3.072079420089721680e-01
-2.512928247451782227e-01
-2.432327866554260254e-01
-2.946040630340576172e-01
-2.820488810539245605e-01
-3.417987823486328125e-01
9.521725773811340332e-02
-2.418153882026672363e-01
-2.409675121307373047e-01
-2.270918488502502441e-01
-2.742490172386169434e-01
-2.557699680328369141e-01
-2.431820034980773926e-01
-2.803685665130615234e-01
-2.235562801361083984e-01
-2.421524524688720703e-01
-2.182238101959228516e-01
-2.534903287887573242e-01
-1.839681267738342285e-01
-2.943893671035766602e-01
-2.792389392852783203e-01
-2.884849905967712402e-01
-2.568701505661010742e-01
-2.606243491172790527e-01
-2.779057025909423828e-01
-2.883720397949218750e-01
-3.005598187446594238e-01
-2.792141437530517578e-01
-2.378256320953369141e-01
-2.765268087387084961e-01
-1.932216286659240723e-01
-2.930220961570739746e-01
-2.637630701065063477e-01
-3.050815463066101074e-01
-2.532342076301574707e-01
-2.343384623527526855e-01
-3.915811777114868164e-01
-2.528110742568969727e-01
-2.411627173423767090e-01
-2.665373086929321289e-01
-3.009913563728332520e-01
4.816825389862060547e-01
-2.523311972618103027e-01
-2.943711876869201660e-01
-2.953400611877441406e-01
-2.869477868080139160e-01
-2.792291641235351562e-01
-2.465230822563171387e-01
-2.846510410308837891e-01
-2.943450212478637695e-01
-2.802927494049072266e-01
-2.771072387695312500e-01
-2.943713068962097168e-01
-3.003529310226440430e-01
-2.801356911659240723e-01
-2.943712472915649414e-01
-2.914816737174987793e-01
-2.763628363609313965e-01
-2.770917415618896484e-01
-2.442502379417419434e-01
-2.600705623626708984e-01
-2.834880352020263672e-01
-2.678763866424560547e-01
-2.395247817039489746e-01
-2.943712472915649414e-01
-2.851126790046691895e-01
-2.230601906776428223e-01
-2.819014787673950195e-01
-2.775590419769287109e-01
-2.566609382629394531e-01
-2.567577958106994629e-01
-2.030649781227111816e-01
-2.709221243858337402e-01
-2.675186991691589355e-01
-2.922559380531311035e-01
-2.771105170249938965e-01
-2.693134546279907227e-01
9.187746047973632812e-02
-2.304769158363342285e-01
-2.234848141670227051e-01
-2.852455377578735352e-01
-2.489472627639770508e-01
-2.669583559036254883e-01
-2.164890766143798828e-01
-2.864945530891418457e-01
-2.336984276771545410e-01
-2.723825573921203613e-01
-2.493049502372741699e-01
-2.937380075454711914e-01
-2.639122605323791504e-01
-2.143496870994567871e-01
-2.257772684097290039e-01
-2.802368402481079102e-01
-2.884848117828369141e-01
-2.848088145256042480e-01
-3.162072300910949707e-01
-2.707998752593994141e-01
-2.767526507377624512e-01
-2.495377659797668457e-01
-2.512891888618469238e-01
-2.900140881538391113e-01
-2.023152709007263184e-01
-3.180526494979858398e-01
-2.952895164489746094e-01
-3.037780523300170898e-01
-2.607026696205139160e-01
-2.918771505355834961e-01
-2.758638262748718262e-01
-2.427754402160644531e-01
-2.689616084098815918e-01
-2.530742287635803223e-01
-2.305915951728820801e-01
-2.514584064483642578e-01
-1.592984199523925781e-01
-2.802538275718688965e-01
-2.786132097244262695e-01
-2.631904482841491699e-01
-3.018062710762023926e-01
-2.450670003890991211e-01
-2.366434931755065918e-01
-2.702656984329223633e-01
-2.884584069252014160e-01
-2.611764669418334961e-01
-2.557535767555236816e-01
-3.426728844642639160e-01
-1.207335591316223145e-01
-2.547886371612548828e-01
-2.778107523918151855e-01
-2.331070303916931152e-01
-3.084772825241088867e-01
-1.619643568992614746e-01
-2.704461812973022461e-01
-2.655147314071655273e-01
-2.851576805114746094e-01
-2.533639073371887207e-01
-2.924420833587646484e-01
-2.915101051330566406e-01
-2.804061770439147949e-01
-2.053460478782653809e-01
-2.666057348251342773e-01
-2.801358699798583984e-01
-3.057469725608825684e-01
-2.464501857757568359e-01
-2.770899534225463867e-01
-2.419886589050292969e-01
-2.244045734405517578e-01
-2.880864739418029785e-01
-2.781028151512145996e-01
-2.535895705223083496e-01
7.681752443313598633e-01
-2.197260856628417969e-01
-2.441157102584838867e-01
-2.801357507705688477e-01
-2.771092653274536133e-01
-2.759040594100952148e-01
-2.993778586387634277e-01
-2.742494940757751465e-01
-2.516805529594421387e-01
-2.868939042091369629e-01
-2.803989052772521973e-01
-2.401052117347717285e-01
-8.565360307693481445e-02
-2.681885361671447754e-01
-2.563059329986572266e-01
-2.651200294494628906e-01
-3.079090118408203125e-01
-3.400352597236633301e-01
-2.884544134140014648e-01
-2.710083723068237305e-01
-2.400912642478942871e-01
-2.599194645881652832e-01
-2.238599061965942383e-01
-3.012293577194213867e-01
-2.413123250007629395e-01
-2.068008184432983398e-01
-2.634328007698059082e-01
-2.616341710090637207e-01
-2.838609814643859863e-01
-2.884202003479003906e-01
-2.679916620254516602e-01
-2.773420810699462891e-01
-2.876240611076354980e-01
-2.438945174217224121e-01
-2.883726358413696289e-01
-2.403337359428405762e-01
-5.061352252960205078e-02
-2.297084331512451172e-01
-2.663889527320861816e-01
-2.821102142333984375e-01
-2.616573572158813477e-01
-2.430911064147949219e-01
-3.099626302719116211e-01
-2.542402744293212891e-01
-2.610049247741699219e-01
-2.559613585472106934e-01
-2.782025933265686035e-01
-2.720027565956115723e-01
-2.127642631530761719e-01
-2.318312525749206543e-01
-3.034629821777343750e-01
-2.827628254890441895e-01
-2.846412062644958496e-01
-1.794313192367553711e-01
-2.945261001586914062e-01
-2.842605113983154297e-01
-2.473075985908508301e-01
-2.381622195243835449e-01
-2.669996023178100586e-01
-2.397155761718750000e-01
-2.717380523681640625e-01
-2.748761177062988281e-01
-2.808879613876342773e-01
-2.778900861740112305e-01
-2.762060761451721191e-01
-2.265736460685729980e-01
-2.503685355186462402e-01
-2.808166146278381348e-01
-2.606166005134582520e-01
-3.187987804412841797e-01
-2.765061259269714355e-01
-2.630499601364135742e-01
3.297156989574432373e-01
-2.644107341766357422e-01
-2.546157240867614746e-01
-2.453234791755676270e-01
-3.131741285324096680e-01
-2.245686054229736328e-01
-2.326982617378234863e-01
-2.642136216163635254e-01
-2.771570086479187012e-01
-2.761376500129699707e-01
-2.591487169265747070e-01
-2.573542594909667969e-01
-4.202559590339660645e-02
-2.775934338569641113e-01
-2.779043316841125488e-01
-2.523322105407714844e-01
-2.665666937828063965e-01
-2.681493163108825684e-01
-2.493088841438293457e-01
-2.943705916404724121e-01
-2.370358109474182129e-01
-2.943712472915649414e-01
-2.389621734619140625e-01
-2.690052390098571777e-01
-3.503565788269042969e-01
-2.068306207656860352e-01
-2.884280085563659668e-01
-2.697932124137878418e-01
-2.649356722831726074e-01
-2.710844874382019043e-01
-2.942789196968078613e-01
-2.483597993850708008e-01
-2.752924561500549316e-01
-2.978127598762512207e-01
-2.606796622276306152e-01
-2.771093845367431641e-01
2.853000760078430176e-01
-2.364926338195800781e-01
-2.653947472572326660e-01
-2.916583418846130371e-01
-2.392628788948059082e-01
-2.943712472915649414e-01
-2.781563401222229004e-01
-2.943712472915649414e-01
-2.771093845367431641e-01
-2.943712472915649414e-01
-2.611093521118164062e-01
-2.493200302124023438e-01
-2.239093780517578125e-01
-2.496183514595031738e-01
-3.017827868461608887e-01
-2.801357507705688477e-01
-2.840184569358825684e-01
-3.027304410934448242e-01
-2.607738375663757324e-01
-2.943712472915649414e-01
-3.055903911590576172e-01
-2.727739214897155762e-01
-2.635458707809448242e-01
-2.100998163223266602e-01
-2.463660836219787598e-01
-2.558708786964416504e-01
-3.056611418724060059e-01
-2.888304591178894043e-01
-5.709108710289001465e-01
-2.741770744323730469e-01
-2.467738986015319824e-01
-3.093551993370056152e-01
-2.635503411293029785e-01
-2.801347374916076660e-01
-2.267754077911376953e-01
-2.896784543991088867e-01
7.128334045410156250e-01
-3.118290901184082031e-01
-2.793055176734924316e-01
-2.865558266639709473e-01
-2.576319575309753418e-01
-2.769636511802673340e-01
-2.549135684967041016e-01
-2.503503561019897461e-01
-2.504661679267883301e-01
-2.496182918548583984e-01
-2.400937676429748535e-01
-2.985231876373291016e-01
-2.523923516273498535e-01
-2.371746897697448730e-01
-2.709487080574035645e-01
-2.974786758422851562e-01
-3.104766607284545898e-01
-2.631043195724487305e-01
-2.772144675254821777e-01
-2.282449007034301758e-01
-2.680904865264892578e-01
-2.494922280311584473e-01
-2.493047714233398438e-01
-2.249590158462524414e-01
-6.976255774497985840e-02
-3.144422173500061035e-01
-2.701741456985473633e-01
-2.832286357879638672e-01
-2.736880183219909668e-01
-2.391399145126342773e-01
-2.779989242553710938e-01
-2.763100862503051758e-01
-2.849093675613403320e-01
-2.943712472915649414e-01
-2.436572909355163574e-01
-2.246822714805603027e-01
-2.802734971046447754e-01
-3.334173560142517090e-01
-2.842608690261840820e-01
-2.675188779830932617e-01
-2.686703801155090332e-01
-3.193604350090026855e-01
-2.943684458732604980e-01
-2.773141860961914062e-01
-2.806181311607360840e-01
-2.642861008644104004e-01
-2.747905850410461426e-01
-2.657808065414428711e-01
-1.188327968120574951e-01
-3.155617117881774902e-01
-2.735547423362731934e-01
-2.078914046287536621e-01
-2.513548731803894043e-01
-2.493644952774047852e-01
-2.598424553871154785e-01
-2.367016673088073730e-01
-2.618692517280578613e-01
-2.227658629417419434e-01
-2.865527272224426270e-01
-2.083210349082946777e-01
-2.130749225616455078e-01
-3.229433298110961914e-01
-2.870310544967651367e-01
-2.939527034759521484e-01
-2.659668326377868652e-01
-2.454202771186828613e-01
-2.624630331993103027e-01
-2.780581712722778320e-01
-2.835147380828857422e-01
-2.679106593132019043e-01
-2.400346994400024414e-01
-2.898095846176147461e-01
3.727287650108337402e-01
-3.034633398056030273e-01
-2.728874683380126953e-01
-2.341576218605041504e-01
-2.569478154182434082e-01
-2.090421319007873535e-01
-2.295457720756530762e-01
-2.225701808929443359e-01
-2.411112785339355469e-01
-2.652601599693298340e-01
-2.265535593032836914e-01
-2.244057655334472656e-01
-2.136162519454956055e-01
-6.799396872520446777e-02
-2.958353757858276367e-01
-2.648064494132995605e-01
-2.623150348663330078e-01
-2.805156111717224121e-01
-2.515714764595031738e-01
-2.768582105636596680e-01
-2.224522829055786133e-01
-2.393380403518676758e-01
-2.669119834899902344e-01
-2.523311972618103027e-01
-2.422595024108886719e-01
-2.166048288345336914e-01
-2.909289002418518066e-01
-2.314674854278564453e-01
-2.801355719566345215e-01
-3.277478218078613281e-01
-2.832286357879638672e-01
-2.630599737167358398e-01
-3.059188723564147949e-01
-2.449025511741638184e-01
-2.244371771812438965e-01
-2.411290407180786133e-01
-2.721433639526367188e-01
-2.400099635124206543e-01
-2.492408156394958496e-01
-2.276105284690856934e-01
-2.556337118148803711e-01
-2.388618588447570801e-01
-2.498909235000610352e-01
-2.662786245346069336e-01
-2.614174485206604004e-01
-2.322131395339965820e-01
-2.786613702774047852e-01
-2.116957306861877441e-01
-2.480381727218627930e-01
-1.874145269393920898e-01
-3.355637192726135254e-01
-2.481439709663391113e-01
-2.347818613052368164e-01
-2.766008973121643066e-01
-2.443459033966064453e-01
-2.411237955093383789e-01
-2.764611840248107910e-01
-2.505362033843994141e-01
-2.741712927818298340e-01
-2.972021102905273438e-01
-9.920719265937805176e-02
-2.293610572814941406e-01
-3.220165967941284180e-01
-2.757087349891662598e-01
-2.707829475402832031e-01
-2.368544936180114746e-01
-2.299904823303222656e-01
-2.340567111968994141e-01
-2.338272929191589355e-01
-2.254128456115722656e-01
-2.896852493286132812e-01
-2.263994812965393066e-01
-2.059869170188903809e-01
-3.333729505538940430e-01
-2.940399646759033203e-01
-2.689941525459289551e-01
-2.815414071083068848e-01
-2.933332324028015137e-01
-2.792098522186279297e-01
-2.441248893737792969e-01
-2.931208014488220215e-01
-2.958258986473083496e-01
-2.730917930603027344e-01
-2.771084308624267578e-01
-2.717314362525939941e-01
-2.737641334533691406e-01
-3.019768595695495605e-01
-2.760133147239685059e-01
-3.152858018875122070e-01
-3.619945645332336426e-01
-2.685484290122985840e-01
-2.195923924446105957e-01
-2.262327075004577637e-01
-2.633290886878967285e-01
-2.421407103538513184e-01
-2.847177386283874512e-01
-1.507344841957092285e-01
-3.482096791267395020e-01
-3.447033762931823730e-01
-2.767322659492492676e-01
-2.780246734619140625e-01
-2.737175822257995605e-01
-2.394244670867919922e-01
-2.513204813003540039e-01
-2.855931520462036133e-01
-2.368542551994323730e-01
-2.670147418975830078e-01
-2.821893095970153809e-01
-2.272974848747253418e-01
-3.327493071556091309e-01
-2.804410457611083984e-01
-2.260978221893310547e-01
-2.943712472915649414e-01
-2.410838603973388672e-01
-2.259476184844970703e-01
-2.536143064498901367e-01
-2.431805133819580078e-01
-2.515086531639099121e-01
-2.852435708045959473e-01
-3.836771845817565918e-01
4.158467054367065430e-02
-3.384464383125305176e-01
-2.570466995239257812e-01
-2.674520015716552734e-01
-2.669988274574279785e-01
-2.732972502708435059e-01
-2.669990658760070801e-01
-2.801370620727539062e-01
-2.504938840866088867e-01
-2.943711876869201660e-01
-2.719854712486267090e-01
-2.948101758956909180e-01
-2.575906515121459961e-01
-3.187758326530456543e-01
-2.838825583457946777e-01
-2.803015708923339844e-01
-2.349933981895446777e-01
-2.739967107772827148e-01
-2.566491961479187012e-01
-2.801358699798583984e-01
-2.619628906250000000e-01
-2.955512404441833496e-01
-2.884543538093566895e-01
-2.801357507705688477e-01
-2.023743987083435059e-01
5.315452814102172852e-03
-2.461688518524169922e-01
-2.805608510971069336e-01
-2.931971549987792969e-01
-2.429707050323486328e-01
-2.874767184257507324e-01
-2.751718163490295410e-01
-2.512652873992919922e-01
-3.112608790397644043e-01
-2.828625440597534180e-01
-2.555639147758483887e-01
1.075965166091918945e+00
-2.290391921997070312e-01
-3.044113516807556152e-01
-2.297856211662292480e-01
-2.680819630622863770e-01
-3.388262987136840820e-01
-2.911728024482727051e-01
-3.051313161849975586e-01
-2.650223970413208008e-01
-2.943712472915649414e-01
-2.943712472915649414e-01
-2.943712472915649414e-01
-3.811847567558288574e-01
-2.162891626358032227e-02
-4.187411665916442871e-01
-2.235676646232604980e-01
-2.943712472915649414e-01
-2.914224863052368164e-01
-2.473371624946594238e-01
-2.996693849563598633e-01
-3.056557178497314453e-01
-2.943712472915649414e-01
-2.943740487098693848e-01
-2.943712472915649414e-01
-3.128962516784667969e-01
-2.438886165618896484e-01
-2.786558270454406738e-01
-2.504104375839233398e-01
-1.899040937423706055e-01
-2.268881797790527344e-01
-2.443038821220397949e-01
-2.155987620353698730e-01
-3.110593557357788086e-01
-2.203025817871093750e-01
-2.872205972671508789e-01
-2.600702643394470215e-01
-2.085925936698913574e-01
-2.363756895065307617e-01
-3.063433170318603516e-01
-2.786634564399719238e-01
-2.656760215759277344e-01
-2.683427333831787109e-01
-2.573524117469787598e-01
-2.588012218475341797e-01
-2.591855525970458984e-01
-2.454818487167358398e-01
-2.258960008621215820e-01
-2.390109896659851074e-01
-2.044141292572021484e-01
-2.715085148811340332e-01
-2.544812560081481934e-01
-2.316749691963195801e-01
-2.404158115386962891e-01
-2.872405052185058594e-01
-2.803405523300170898e-01
-2.397141456604003906e-01
-3.322378993034362793e-01
-2.665879726409912109e-01
-2.607257962226867676e-01
-2.759485244750976562e-01
-3.337130546569824219e-01
-1.197145879268646240e-01
-2.519063353538513184e-01
-2.233077287673950195e-01
-2.498669028282165527e-01
-2.816728353500366211e-01
-2.828720808029174805e-01
-2.900195121765136719e-01
-2.851095795631408691e-01
-3.137345314025878906e-01
-2.943711876869201660e-01
-2.589323520660400391e-01
-3.175236582756042480e-01
-1.122103631496429443e-01
-2.512789964675903320e-01
-2.993749380111694336e-01
-2.851576805114746094e-01
-2.932108640670776367e-01
-2.851577401161193848e-01
-3.148038983345031738e-01
-2.773491144180297852e-01
-1.896305680274963379e-01
-3.187651038169860840e-01
-3.048710823059082031e-01
5.826547145843505859e-01
-1.036074459552764893e-01
-2.760131359100341797e-01
-3.133390545845031738e-01
-2.635423541069030762e-01
-2.943712472915649414e-01
-2.727679610252380371e-01
-2.338519096374511719e-01
-2.833916544914245605e-01
-2.519891262054443359e-01
-2.943712472915649414e-01
-2.909938097000122070e-01
-3.215512633323669434e-01
-1.638603210449218750e-01
-2.646679282188415527e-01
-2.647114396095275879e-01
-2.613995075225830078e-01
-2.786614298820495605e-01
-2.613871693611145020e-01
-2.943705320358276367e-01
-2.924417853355407715e-01
-2.640158534049987793e-01
-2.530193328857421875e-01
-2.653240561485290527e-01
-2.451708912849426270e-01
-1.576396226882934570e-01
-2.894113063812255859e-01
-2.499097585678100586e-01
-2.851558327674865723e-01
-2.184813618659973145e-01
-2.815171480178833008e-01
-2.542439103126525879e-01
-2.842595577239990234e-01
-2.863761782646179199e-01
-2.898329496383666992e-01
-2.687346935272216797e-01
-3.546566367149353027e-01
-2.883057594299316406e-01
-2.932360768318176270e-01
-2.853505611419677734e-01
-2.683530449867248535e-01
-2.584759593009948730e-01
-2.781462073326110840e-01
-2.732334136962890625e-01
-2.952926158905029297e-01
-2.965968251228332520e-01
-2.908427119255065918e-01
-3.147299289703369141e-01
-2.558678388595581055e-01
-2.234908342361450195e-01
-2.918176651000976562e-01
-2.573435306549072266e-01
-2.672186493873596191e-01
-2.523311376571655273e-01
-2.326996922492980957e-01
-2.624957561492919922e-01
-3.195231556892395020e-01
-2.644255161285400391e-01
-2.515300512313842773e-01
-2.588461637496948242e-01
-3.503608703613281250e-01
-1.391042768955230713e-01
-2.666604518890380859e-01
-1.889092326164245605e-01
-2.805157303810119629e-01
-2.897293567657470703e-01
-2.731072902679443359e-01
-2.874013185501098633e-01
-3.106220364570617676e-01
-2.550671696662902832e-01
-2.510778903961181641e-01
-2.350942492485046387e-01
-9.332081675529479980e-02
-3.141254186630249023e-01
-2.903811931610107422e-01
-2.694476842880249023e-01
-2.939403653144836426e-01
-2.597423791885375977e-01
-3.008344173431396484e-01
-2.416515946388244629e-01
-2.905769348144531250e-01
-2.786098122596740723e-01
-2.912778854370117188e-01
-2.678958773612976074e-01
-2.690256834030151367e-01
-2.980315685272216797e-01
-2.765204310417175293e-01
-2.555739879608154297e-01
-2.945838570594787598e-01
-2.648744583129882812e-01
-2.841357588768005371e-01
-2.774383425712585449e-01
-2.346331477165222168e-01
-2.832258939743041992e-01
-2.817350029945373535e-01
-2.806432843208312988e-01
-3.300733566284179688e-01
-2.383862733840942383e-01
-2.724795341491699219e-01
-2.505707144737243652e-01
-2.788926362991333008e-01
-2.943813204765319824e-01
-2.669990062713623047e-01
-2.676800489425659180e-01
-2.946040630340576172e-01
-2.714653015136718750e-01
-2.945881485939025879e-01
-2.943712472915649414e-01
-3.153560757637023926e-01
-2.614867091178894043e-01
-2.916583418846130371e-01
-2.718142867088317871e-01
-2.940942049026489258e-01
-2.660807967185974121e-01
-2.771095037460327148e-01
-2.884867787361145020e-01
-2.884849905967712402e-01
-2.659782171249389648e-01
-2.667660713195800781e-01
-3.801496028900146484e-01
-3.479447960853576660e-01
-2.681961059570312500e-01
-2.101933360099792480e-01
-2.889339327812194824e-01
-2.522496581077575684e-01
-2.425665855407714844e-01
-2.786601781845092773e-01
-2.290356159210205078e-01
-2.937681674957275391e-01
-2.737707495689392090e-01
-2.371236085891723633e-01
-2.597246766090393066e-01
-3.569940328598022461e-01
-2.503429651260375977e-01
-2.858098745346069336e-01
-2.801357507705688477e-01
-2.943691015243530273e-01
-2.810451388359069824e-01
-2.943712472915649414e-01
-2.943714261054992676e-01
-2.707114219665527344e-01
-2.915113568305969238e-01
-2.738705277442932129e-01
-2.791988849639892578e-01
-2.474593520164489746e-01
-2.550326585769653320e-01
-2.586866617202758789e-01
-2.710726857185363770e-01
-2.821574211120605469e-01
-3.184703588485717773e-01
-2.831131815910339355e-01
-2.863132953643798828e-01
-2.946322560310363770e-01
-2.865397334098815918e-01
-2.755510210990905762e-01
-2.942764759063720703e-01
8.004627823829650879e-01
-2.661520242691040039e-01
-2.757798433303833008e-01
-2.884927988052368164e-01
-2.875788807868957520e-01
-2.698446512222290039e-01
-2.943711876869201660e-01
-2.966954708099365234e-01
-2.624357938766479492e-01
-2.816369533538818359e-01
-2.690182328224182129e-01
-2.853192687034606934e-01
-3.148062825202941895e-01
-2.483164668083190918e-01
-3.101615309715270996e-01
-3.013296127319335938e-01
-2.771093845367431641e-01
-2.933012247085571289e-01
-2.884849905967712402e-01
-2.771093845367431641e-01
-2.464768290519714355e-01
-2.810878753662109375e-01
-2.884849905967712402e-01
-2.884996533393859863e-01
-4.429442286491394043e-01
-2.646302580833435059e-01
-3.095942139625549316e-01
-2.668625116348266602e-01
-2.857177853584289551e-01
-3.097023963928222656e-01
-2.884613275527954102e-01
-2.358494400978088379e-01
-2.539999485015869141e-01
-2.401041388511657715e-01
-2.882029414176940918e-01
-2.772349715232849121e-01
-2.126829028129577637e-01
-2.382375001907348633e-01
-2.943732738494873047e-01
-2.724681496620178223e-01
-2.852118611335754395e-01
-2.923129200935363770e-01
-2.884848117828369141e-01
-2.771087288856506348e-01
-2.791557312011718750e-01
-2.371963858604431152e-01
-2.884849309921264648e-01
-2.665809988975524902e-01
-3.249762058258056641e-01
-2.667078375816345215e-01
-2.665666937828063965e-01
-2.683091759681701660e-01
-2.772862315177917480e-01
-1.948243379592895508e-01
-2.747969627380371094e-01
-2.153958082199096680e-01
-2.399501800537109375e-01
-2.588468194007873535e-01
-2.924243807792663574e-01
-2.198929786682128906e-01
-1.806241869926452637e-01
-2.928038835525512695e-01
-1.734071373939514160e-01
-2.506678104400634766e-01
-2.748156785964965820e-01
-2.801357507705688477e-01
-2.762125730514526367e-01
-2.915113568305969238e-01
-2.667623162269592285e-01
-3.418150544166564941e-01
-2.878853082656860352e-01
-2.621855735778808594e-01
-4.323674440383911133e-01
-2.866257429122924805e-01
-2.573965191841125488e-01
-2.484625577926635742e-01
-2.938826084136962891e-01
-2.943724989891052246e-01
-2.508419752120971680e-01
-3.049889206886291504e-01
-2.361459732055664062e-01
-2.846317887306213379e-01
-2.953019738197326660e-01
-3.070931434631347656e-01
-5.709484219551086426e-02
-1.922048330307006836e-01
-2.845216989517211914e-01
-2.799667716026306152e-01
-2.663804292678833008e-01
-2.586504220962524414e-01
-2.710728645324707031e-01
-2.452377080917358398e-01
-2.645040750503540039e-01
-2.348220944404602051e-01
-2.416432499885559082e-01
-2.606809139251708984e-01
-4.797846078872680664e-01
-2.496362924575805664e-01
-3.061236739158630371e-01
-3.005342483520507812e-01
-2.472086548805236816e-01
-2.915436029434204102e-01
-2.435348629951477051e-01
-2.709202170372009277e-01
-2.378520369529724121e-01
-2.756341099739074707e-01
-2.771048545837402344e-01
-2.865558266639709473e-01
-2.612259387969970703e-01
-2.336428761482238770e-01
-2.973347902297973633e-01
-2.964727282524108887e-01
-2.801357507705688477e-01
-3.192530870437622070e-01
-2.336698770523071289e-01
-2.423620223999023438e-01
-3.095750808715820312e-01
-2.892056703567504883e-01
-2.753716707229614258e-01
-2.566125392913818359e-01
-2.428961992263793945e-01
-2.415941357612609863e-01
-3.054586648941040039e-01
-2.599837779998779297e-01
-2.523902058601379395e-01
-2.615858912467956543e-01
-2.370531558990478516e-01
-2.514676451683044434e-01
-2.508846521377563477e-01
-2.493052482604980469e-01
-2.514641284942626953e-01
-2.685472965240478516e-01
-3.487929701805114746e-01
-2.190927863121032715e-01
-3.302887678146362305e-01
-2.335950136184692383e-01
-2.451170086860656738e-01
-2.875678539276123047e-01
-2.436295747756958008e-01
-2.500036358833312988e-01
-2.457464933395385742e-01
-2.904414534568786621e-01
-2.240973711013793945e-01
-2.646399736404418945e-01
-2.256346344947814941e-01
-2.249956727027893066e-01
-3.286768198013305664e-01
-2.310423254966735840e-01
-2.771093249320983887e-01
-1.998418569564819336e-01
-2.299451231956481934e-01
-2.669990062713623047e-01
-2.624782919883728027e-01
-2.771415114402770996e-01
-2.194169163703918457e-01
-2.120848894119262695e-01
-3.034406900405883789e-01
-1.984601020812988281e-01
-2.748507261276245117e-01
-2.334709167480468750e-01
-2.602484226226806641e-01
-2.766483426094055176e-01
-2.884848117828369141e-01
-2.786613702774047852e-01
-2.510695457458496094e-01
-2.699120640754699707e-01
-2.664886713027954102e-01
-2.674273848533630371e-01
-2.674600481986999512e-01
-1.767480969429016113e-01
-3.055988550186157227e-01
-2.335950136184692383e-01
-2.599276900291442871e-01
-1.978737711906433105e-01
-2.838271856307983398e-01
-2.940192818641662598e-01
-2.884821295738220215e-01
-2.884666323661804199e-01
-2.688786387443542480e-01
-2.880302667617797852e-01
-1.868150830268859863e-01
-2.169651985168457031e-01
-2.880213260650634766e-01
-2.771062850952148438e-01
-2.884849905967712402e-01
-2.884849905967712402e-01
-2.884819507598876953e-01
-3.057468533515930176e-01
-2.882661223411560059e-01
-2.946041226387023926e-01
-2.606266736984252930e-01
-2.903061509132385254e-01
-3.323716521263122559e-01
-2.438413500785827637e-01
-2.804565429687500000e-01
-2.893131971359252930e-01
-2.506611943244934082e-01
-2.860706448554992676e-01
-2.945767045021057129e-01
-2.512081861495971680e-01
-2.383540868759155273e-01
-2.767277956008911133e-01
-2.848687767982482910e-01
-2.943520545959472656e-01
9.280616044998168945e-01
-1.623906493186950684e-01
-2.619847655296325684e-01
-3.017441034317016602e-01
-2.547866106033325195e-01
-2.103379368782043457e-01
-2.506594657897949219e-01
-2.664558291435241699e-01
-2.198449969291687012e-01
-2.543663978576660156e-01
-2.587512731552124023e-01
-2.176076173782348633e-01
-3.696455955505371094e-01
-2.602440118789672852e-01
-2.523483633995056152e-01
-3.050213456153869629e-01
-2.675514221191406250e-01
-2.542489171028137207e-01
-2.213216423988342285e-01
-2.504940032958984375e-01
-2.503470778465270996e-01
-2.676376104354858398e-01
-2.437735199928283691e-01
-2.524196505546569824e-01
-2.028048038482666016e-01
-1.886059045791625977e-01
-2.915112376213073730e-01
-2.665705084800720215e-01
-3.154184818267822266e-01
-3.594374656677246094e-01
-2.741906642913818359e-01
-2.400963306427001953e-01
-2.801357507705688477e-01
-2.160531878471374512e-01
-2.532402276992797852e-01
-2.661250829696655273e-01
-4.897451996803283691e-01
4.590919613838195801e-01
-3.107557296752929688e-01
-2.895943522453308105e-01
-2.903407812118530273e-01
-2.851394414901733398e-01
-2.882683277130126953e-01
-2.771104574203491211e-01
-2.621361613273620605e-01
-2.943712472915649414e-01
-2.398084998130798340e-01
-2.786615490913391113e-01
-2.392803430557250977e-01
-1.607656478881835938e-01
-2.564918398857116699e-01
-2.523313760757446289e-01
-2.751802802085876465e-01
-2.751865983009338379e-01
-2.523310184478759766e-01
-2.791983485221862793e-01
-2.224334478378295898e-01
-2.929972410202026367e-01
-2.613995075225830078e-01
-2.381243705749511719e-01
-3.255290985107421875e-01
4.526078701019287109e-04
-2.807689309120178223e-01
-2.389473319053649902e-01
-2.591046094894409180e-01
-2.265110611915588379e-01
-2.136510014533996582e-01
-2.234788537025451660e-01
-2.364577054977416992e-01
-2.397143244743347168e-01
-4.596462845802307129e-02
-3.554165959358215332e-01
-2.717370390892028809e-01
-1.917076110839843750e-01
-2.564556002616882324e-01
-2.447178363800048828e-01
-2.700576186180114746e-01
-2.943358421325683594e-01
-3.038176894187927246e-01
-2.944833040237426758e-01
-2.884857058525085449e-01
-2.801358699798583984e-01
-2.771093845367431641e-01
-2.943712472915649414e-01
-3.075505495071411133e-01
-2.391339540481567383e-01
-2.391948699951171875e-01
-2.447178959846496582e-01
-2.679510116577148438e-01
-2.665666341781616211e-01
-3.009808659553527832e-01
-2.968976497650146484e-01
-2.884849905967712402e-01
-2.537434697151184082e-01
-2.772058844566345215e-01
-2.597093582153320312e-01
-2.225472331047058105e-01
-1.880983710289001465e-01
-2.235277295112609863e-01
-2.420062422752380371e-01
-2.875375151634216309e-01
-2.523343563079833984e-01
-2.771093845367431641e-01
-2.898030281066894531e-01
-2.883868217468261719e-01
-2.530337572097778320e-01
-2.771394848823547363e-01
-2.945926785469055176e-01
-3.112865686416625977e-01
-2.338923811912536621e-01
-2.430055141448974609e-01
-2.162123322486877441e-01
-2.817388176918029785e-01
-2.758499383926391602e-01
-2.884784936904907227e-01
-2.801456451416015625e-01
-2.927758097648620605e-01
-2.350854873657226562e-01
-2.884845137596130371e-01
-2.801357507705688477e-01
-2.624290585517883301e-01
