-3.949917035396564857e-03
-1.820819230488541010e-02
-1.328972620854128317e-02
2.517674643781243199e-02
9.000774254376847638e-02
1.524863909105492743e-01
1.971999299242238601e-01
2.200574335471481291e-01
2.227643941275859185e-01
2.148162221615495249e-01
2.015317209171290924e-01
1.855229092204432051e-01
1.690101717804732562e-01
1.522856350805002756e-01
1.376890924292425433e-01
1.271651954267138396e-01
1.160023389085945156e-01
9.622014950330046168e-02
6.800825511781996568e-02
3.792461257318024970e-02
8.065389974592808431e-03
-2.119499018184094891e-02
-5.301743948962860803e-02
-9.666897020635201176e-02
-1.587671364412393260e-01
-2.395872381766041559e-01
-3.371600345374535235e-01
-4.469898333445632144e-01
-5.544091356631882794e-01
-6.351319231413053989e-01
-6.656274366917693808e-01
-6.288567837779829306e-01
-5.119684711669378885e-01
-3.022371648692336876e-01
-1.342569292100656217e-02
2.767005150245551715e-01
4.844933397319413082e-01
6.008893146779412664e-01
6.491726073550174725e-01
6.380337864413132554e-01
5.721640449461852240e-01
4.588149164765524812e-01
3.207961234735972611e-01
1.869610188668730244e-01
7.684203047362493655e-02
1.890624206695432075e-03
-3.174981998843993958e-02
-3.489128282464820652e-02
-4.334609865433139420e-02
-8.059736254766541874e-02
-1.425626101551840941e-01
-2.191767934656461414e-01
-2.996983139162627818e-01
-3.714841326511314490e-01
-4.187101763897415618e-01
-4.229524464539807238e-01
-3.698252763103860863e-01
-2.469071430762882213e-01
-4.980713309893215063e-02
1.707296558035242551e-01
3.282641252394577491e-01
3.925205694619630092e-01
3.832933621451163342e-01
3.234426706046200084e-01
2.334768856598908038e-01
1.322152012815404620e-01
3.879859733165950952e-02
-2.444039971194547287e-02
-4.288332063576602571e-02
-1.838781821536647487e-02
4.042378003229625538e-02
1.054573112414454034e-01
1.414976796678497351e-01
1.458638320664011057e-01
1.297492425605427935e-01
9.439170211841503566e-02
4.612772106042913045e-02
-2.310860323097733982e-03
-4.460248727989345185e-02
-7.953740796277063152e-02
-1.143945233419915997e-01
-1.621314142977160755e-01
-2.221952974711101370e-01
-2.828574718546378319e-01
-3.272621937317144458e-01
-3.373788369828854550e-01
-3.071009272854663408e-01
-2.382130720013045100e-01
-1.306575670356661112e-01
7.462631983393336332e-03
1.411388230738863658e-01
2.270277512192072633e-01
2.535428555883965096e-01
2.320018552866695283e-01
1.717198509751944324e-01
8.931641848784539761e-02
1.502825888952235428e-02
-2.698169446035143110e-02
-3.249050539483405026e-02
-1.563238124380501859e-02
4.675444347191216703e-03
2.151676590096304742e-02
3.281014434251030426e-02
3.553776657601740580e-02
3.288612345550332577e-02
2.856118618533457290e-02
2.517195321876550956e-02
2.174256011744976971e-02
1.407833686132025502e-02
7.171195496386268027e-03
4.619430365973524813e-03
9.485108989055800275e-04
-4.891713491677336656e-03
-1.030378635954139373e-02
-1.221675326026842173e-02
-4.186881440232544799e-03
1.101748831867372866e-02
1.859747995978281929e-02
1.482431932439831623e-02
1.552834145252092804e-02
2.827335028786786067e-02
4.133401843671272169e-02
4.961190331537253251e-02
5.588170242732495852e-02
6.220067108534659689e-02
7.057414720589531842e-02
7.889945778173337865e-02
8.494641463746220589e-02
8.729618260795274365e-02
8.738525705933987420e-02
8.875447020495166872e-02
8.197333206862106314e-02
4.852722103011038873e-02
-1.563090971919181560e-02
-9.636077017429212077e-02
-1.756410649967037052e-01
-2.422081123990888207e-01
-2.901864277772496781e-01
-3.155810264806473975e-01
-3.139460498311394399e-01
-2.776683509168210717e-01
-2.006256607480519372e-01
-8.380589910307574553e-02
3.532579440662556025e-02
9.645412429608016258e-02
8.796340944874797563e-02
3.556790711194039029e-02
-3.972762859543782499e-02
-1.238896180142205622e-01
-2.057989650584037822e-01
-2.686353834650716532e-01
-2.906109180148684912e-01
-2.533055648690323292e-01
-1.413697058521674876e-01
5.200581915120126852e-02
2.720162157015340587e-01
4.269180931514913735e-01
4.948259440053028868e-01
5.041253648236445617e-01
4.746889629038093528e-01
4.192272084573138713e-01
3.452165522492783856e-01
2.596695037238029857e-01
1.717393876742517311e-01
9.034624980010412532e-02
2.289527469049438754e-02
-2.746616400626583632e-02
-5.974882984816891340e-02
-7.691300452569718726e-02
-8.841391158467279410e-02
-9.892901885078489443e-02
-1.080227906815189320e-01
-1.157630751051739737e-01
-1.205307726778589300e-01
-1.199136550968350756e-01
-1.140039121448142428e-01
-1.059993876613404135e-01
-9.796405772643576593e-02
-8.684831933367447021e-02
-6.729580399018046666e-02
-4.355370436633777820e-02
-2.912347322184442519e-02
-3.085706604454652169e-02
-4.653734963733918012e-02
-7.007097022222426308e-02
-9.369288155692270803e-02
-1.132798408004078300e-01
-1.291177505104679213e-01
-1.389313029610667327e-01
-1.335055477312607208e-01
-1.034983103058820381e-01
-5.735352704486931102e-02
-1.719451638813514899e-02
8.906900279043554469e-03
2.409518766301649989e-02
3.166623345554365337e-02
3.988299193184328961e-02
5.975376601796467124e-02
8.617508813428212400e-02
9.807597006800070072e-02
9.224503942647827026e-02
8.113718141401762840e-02
7.089993309929029652e-02
6.592228990815085510e-02
7.147468008262733430e-02
8.810145210098929702e-02
1.126418639549224415e-01
1.381844399881936580e-01
1.570731193014468230e-01
1.655613237724630482e-01
1.593267909052694109e-01
1.355098035940623113e-01
9.069447478217292080e-02
2.815674230713411871e-02
-3.391704052819145138e-02
-7.847255524814572558e-02
-9.530753915772810503e-02
-8.307586976712311166e-02
-4.554489311016562958e-02
1.414171305735477391e-02
8.128504900582730897e-02
1.315096106988117020e-01
1.495370028599354861e-01
1.306611047159664529e-01
7.477312355264201238e-02
-1.236256629369388363e-02
-1.197294843549603222e-01
-2.319193601395378168e-01
-3.339621421886553865e-01
-4.180761683072024559e-01
-4.818237648600983691e-01
-5.211636290898685742e-01
-5.291008307514318831e-01
-4.958284980158095268e-01
-4.170400571941094148e-01
-2.944634653517154699e-01
-1.353491932345646798e-01
4.216050300348019031e-02
2.332752802177378293e-01
4.163394406992647068e-01
5.367232195212441326e-01
5.764410368629364623e-01
5.543565303560318291e-01
4.908055489962314666e-01
4.031881932314478334e-01
3.046496315084507023e-01
2.055485207105819390e-01
1.130141340977927344e-01
3.150706892973118706e-02
-3.667104895457945490e-02
-8.794055108222054162e-02
-1.172979392109981395e-01
-1.265409795342202215e-01
-1.244310356843986165e-01
-1.165057418288586305e-01
-1.063240837302330266e-01
-9.655758557363494643e-02
-8.524395464701282898e-02
-7.241348896736642116e-02
-6.135216505203339860e-02
-5.232672335335825792e-02
-4.228038528312599853e-02
-3.246948177541741226e-02
-2.815980662851447908e-02
-3.006157079831743226e-02
-3.406512286048249405e-02
-3.523464682256360891e-02
-2.882750865813769880e-02
-1.297914932614427364e-02
8.028012359271440024e-03
2.622383256249478933e-02
3.626558709165231265e-02
3.838156776092039452e-02
3.405766770360357798e-02
2.460732323810996269e-02
1.532395213805854729e-02
1.193423602397540931e-02
1.117628390255682135e-02
7.672533966407131881e-03
4.054260882715775109e-03
6.299818306001674084e-03
1.680203359443124822e-02
3.354995779185767496e-02
5.762018790086070180e-02
8.523605671400857897e-02
9.890414189986795890e-02
8.590792286537587974e-02
5.350917353998044246e-02
1.791703514750664361e-02
-1.411997051998238259e-02
-4.212124685272793795e-02
-6.612272519667897197e-02
-8.591635889070591003e-02
-9.888685845276723452e-02
-1.047829571866961684e-01
-1.043186369774820738e-01
-9.665559173836120455e-02
-8.287324247039876135e-02
-6.554108255087780222e-02
-4.712302136742657632e-02
-3.055089972519667643e-02
-1.596569119275643295e-02
-1.202405872289459554e-03
1.613833416406845397e-02
3.823208880541488497e-02
6.421593927624213993e-02
8.915064154912577532e-02
1.060285555974199573e-01
1.106187511965082276e-01
1.027129021560081179e-01
8.422459457205158651e-02
6.002956009945630694e-02
3.604827224390320939e-02
1.568134794348169728e-02
-1.748384456756220048e-03
-1.957797540473655076e-02
-3.714220175084768927e-02
-5.300573793185221760e-02
-7.191936117719707755e-02
-9.802908156129497286e-02
-1.277130087743411357e-01
-1.517039406150292036e-01
-1.588695219271205605e-01
-1.446306748605138692e-01
-1.147731676979184545e-01
-7.163510760384775300e-02
-1.137299366992997225e-02
6.370701581315058037e-02
1.385834293423146013e-01
1.918268204763975138e-01
2.136532632851543823e-01
2.086416919494323563e-01
1.844904141802988784e-01
1.457027014802401432e-01
9.353423019531015292e-02
3.419555491154629978e-02
-2.022516384232236203e-02
-5.947846934957070480e-02
-8.001012461218881544e-02
-8.580454393880379560e-02
-8.287876923588163858e-02
-7.562024590583442396e-02
-6.622110764683504514e-02
-5.553147076725763881e-02
-4.535295978902051384e-02
-3.719873787171146945e-02
-3.141386850479111620e-02
-2.794041624018391012e-02
-2.624528628352349943e-02
-2.516639943847172323e-02
-2.366758690463837897e-02
-2.042039664659936818e-02
-1.430321530953268527e-02
-7.024520592379261338e-03
-3.352246201642945095e-03
-6.401130307402408751e-03
-1.149176624145472822e-02
-9.784882728572568550e-03
2.066858652760719586e-03
2.561471477390237644e-02
5.916058137081331436e-02
8.901946561652304690e-02
1.034435390092045270e-01
1.029761154381807903e-01
9.256557837749559980e-02
7.786280534346395887e-02
6.528639055408674841e-02
5.887226358926736514e-02
5.918026159290380728e-02
6.479606788847475096e-02
7.290197205212733955e-02
7.878582461973404616e-02
7.257872537473700203e-02
4.178244414938608875e-02
-1.760265337686178766e-02
-9.104993477722357620e-02
-1.595719217094985765e-01
-2.215790216289247050e-01
-2.810566007283049061e-01
-3.237596468227691981e-01
-3.324777982502232776e-01
-3.111211592981317220e-01
-2.638031255894568439e-01
-1.885881647874849409e-01
-9.560959245835401465e-02
5.126616292065677705e-03
1.079672412768578060e-01
1.956254824019267868e-01
2.496617271473746125e-01
2.703466743431288677e-01
2.712014875230407962e-01
2.635550945967945480e-01
2.505743216550889718e-01
2.296644992778006100e-01
2.007503777115187127e-01
1.670401246820013563e-01
1.298494297576951451e-01
9.053936133609313819e-02
4.730911458637271361e-02
-4.131600903636505062e-03
-6.334369100861528268e-02
-1.203219920589829461e-01
-1.591241363793217678e-01
-1.741976668830886588e-01
-1.677148999904836679e-01
-1.382726339171946317e-01
-9.143960125118279214e-02
-4.804860571407298941e-02
-2.655938285872112142e-02
-3.056896438559320028e-02
-5.775412719947857487e-02
-1.033779637840470250e-01
-1.594491758965383144e-01
-2.151644782998752559e-01
-2.585289120671652174e-01
-2.765709753058261944e-01
-2.544414559616720029e-01
-1.789499050044082162e-01
-3.931537550679952558e-02
1.378378538414752330e-01
2.875798595338771579e-01
3.827202786109543675e-01
4.317833747950121648e-01
4.427907791440161001e-01
4.293570277240099098e-01
4.006297325735760917e-01
3.568303561188165829e-01
3.016144747277812455e-01
2.423757615550354572e-01
1.791643659767809815e-01
1.091222086784080364e-01
3.317919108283716445e-02
-4.741134748443748964e-02
-1.318389721154057392e-01
-2.171815739868334094e-01
-2.968014749554457321e-01
-3.648992389601243280e-01
-4.179736017080292187e-01
-4.534599865647330197e-01
-4.658437238405877534e-01
-4.552712981969936346e-01
-4.295432614699801199e-01
-3.787302462166926009e-01
-2.737592095138262627e-01
-1.197334648181851424e-01
3.839903341808009740e-02
1.606894593987996667e-01
2.119941500369929011e-01
1.869705274067003375e-01
1.155064603995124006e-01
3.123665346489924027e-02
-3.599740798324697899e-02
-6.239291436198293739e-02
-2.784650252137682580e-02
8.371028728087669124e-02
2.386226807945852901e-01
3.553290419940302591e-01
4.008156955162887058e-01
3.898778726810973039e-01
3.367252173517094604e-01
2.553127161764985886e-01
1.612783215738480824e-01
7.238950452239641120e-02
2.807672340581143788e-03
-4.002122666242419885e-02
-4.945240650005007510e-02
-1.587041876885676023e-02
4.472396989091903530e-02
8.233255895609055408e-02
6.732974978022293611e-02
9.139650842901188982e-03
-7.330009882008835242e-02
-1.619101344832734324e-01
-2.390603709416327383e-01
-2.944058061771032686e-01
-3.232632449730880042e-01
-3.194334289011975248e-01
-2.794258903167616825e-01
-2.044995706451451789e-01
-1.038087206141774660e-01
-1.274826195074711330e-03
8.415184210864738723e-02
1.410831064749588637e-01
1.513195481279170362e-01
1.153316855235348576e-01
5.503748490879777078e-02
-6.765286909844112073e-03
-5.217846501604021803e-02
-7.640633483382569535e-02
-8.253683068690655100e-02
-6.414414812348642747e-02
-6.573237072897310587e-03
7.459785171642205337e-02
1.351457964056631544e-01
1.570919892091222902e-01
1.489972297765900233e-01
1.246182499825327916e-01
9.895134748303759109e-02
8.168247320047178350e-02
7.307539438881685556e-02
6.368772081304263644e-02
4.545148908764184981e-02
2.027131405591897292e-02
-3.924152186340418118e-03
-2.455697891839598093e-02
-4.412575184337517997e-02
-6.257209605496956428e-02
-7.731138694151375168e-02
-8.282620479024187243e-02
-6.861239831651247401e-02
-3.344320184270590385e-02
7.796673772448286382e-03
4.945904547887619573e-02
1.023438014589257844e-01
1.591310569292630206e-01
1.893085171232666564e-01
1.805313704758985949e-01
1.457476502134736895e-01
1.014411431622894849e-01
5.665652316556532564e-02
1.480912057347100186e-02
-2.086719484048119022e-02
-5.116428839209855028e-02
-8.104810394119574268e-02
-1.138640780366834970e-01
-1.494494759481689861e-01
-1.851762085060166263e-01
-2.188962170721538425e-01
-2.514213116301053930e-01
-2.827628712131153854e-01
-3.099572430938110634e-01
-3.271308223768406021e-01
-3.235842910713105369e-01
-2.852312112167243452e-01
-2.161505226204803176e-01
-1.388627348225793812e-01
-5.927417991331375424e-02
3.265228449596384308e-02
1.490103100861134844e-01
2.730020035652039878e-01
3.565054632532963508e-01
3.832764650181138544e-01
3.684490619489898533e-01
3.267165482716881675e-01
2.694012018168741029e-01
2.001062861432381657e-01
1.224523190163980257e-01
5.299532967133380179e-02
7.033210895882285700e-03
-2.005931550955867421e-02
-3.309467903171450787e-02
-2.649619282149706656e-02
-6.691071846052058097e-03
7.018662553685647842e-03
4.789733122199801504e-03
-2.107791131755881731e-03
5.378086052841110631e-03
3.004046668204729889e-02
6.157976119970787199e-02
9.242812031022079600e-02
1.181365241190370508e-01
1.327641048474901275e-01
1.317257494158401432e-01
1.138569280282570595e-01
8.037442348214390853e-02
3.159131182008496908e-02
-3.527507312755316649e-02
-1.202004948807216533e-01
-2.116874642967195852e-01
-2.891555466536567809e-01
-3.421485048327085332e-01
-3.710144768210257848e-01
-3.727294063518311051e-01
-3.344177651460311651e-01
-2.364554150669202770e-01
-8.583811986380379677e-02
6.435911799424758051e-02
1.662317730948767447e-01
2.119931357255371851e-01
2.069714316758174133e-01
1.605744990650554704e-01
8.735347940122488442e-02
7.490332055692244806e-05
-8.473556545962965258e-02
-1.434727607199841881e-01
-1.523420364491609447e-01
-9.319523373350416251e-02
2.986687556245191250e-02
1.652562178207652999e-01
2.496475380225945673e-01
2.655165354449453563e-01
2.320689448852798764e-01
1.715225718234822394e-01
9.442121797581909393e-02
7.910721799381983249e-03
-7.503040337905549084e-02
-1.398749011843823387e-01
-1.766305479598324624e-01
-1.792182877379249750e-01
-1.511566530052871060e-01
-1.125233642211058149e-01
-7.756195399841872562e-02
-4.908003146542277983e-02
-3.061385245590501902e-02
-2.145301873670416720e-02
-1.510991541024130601e-02
-8.244124126967743854e-04
3.477611058742793165e-02
1.015799440499939726e-01
1.816458448611366627e-01
2.387935870338648014e-01
2.607150337227858716e-01
2.484940466715844232e-01
2.009540254078052701e-01
1.188529941298370474e-01
1.193684776421210722e-02
-9.432284599867868380e-02
-1.772404091068326693e-01
-2.322541160643651070e-01
-2.642369604901494973e-01
-2.748276354739767613e-01
-2.536769428781538993e-01
-1.824117040417539970e-01
-7.134380884756916230e-02
3.857288851673353752e-02
1.320254076815273181e-01
2.092979841297293031e-01
2.541417557257156790e-01
2.625013911014029699e-01
2.467570165225676238e-01
2.160573795148277021e-01
1.774220021567621819e-01
1.372024841102937598e-01
9.375570138163319411e-02
4.196416305555492055e-02
-1.349425979912331069e-02
-6.209812966715524962e-02
-9.935618471083379477e-02
-1.302630169483834921e-01
-1.656106774142520888e-01
-2.119674039656787023e-01
-2.666243946101523044e-01
-3.181521274164985091e-01
-3.493590569434615323e-01
-3.424921231125897525e-01
-2.805609584191640637e-01
-1.480644258892109266e-01
2.902445755445082209e-02
1.750550019441012017e-01
2.453121261593617375e-01
2.470045582716872690e-01
2.009872002019799653e-01
1.239427528137195672e-01
2.562959114461377946e-02
-7.760141581425231139e-02
-1.638226781554824318e-01
-2.168065586141481871e-01
-2.175672348576003501e-01
-1.359945452006458833e-01
8.702644142762307883e-03
1.362939405129995341e-01
2.079050406410888341e-01
2.364265214558983752e-01
2.373716000134131199e-01
2.177459650043772066e-01
1.747291754847274670e-01
1.176804812155268221e-01
7.459757047775510130e-02
5.726854285525542765e-02
4.796107604885792991e-02
3.269142383016418463e-02
1.192141096886719688e-02
-1.210449950266720941e-02
-3.721519069089572473e-02
-5.922539314845286229e-02
-7.241607020009413476e-02
-7.469975726279076689e-02
-6.771463611503938940e-02
-5.123456600773444725e-02
-2.656378876162123273e-02
-1.009275680795458652e-04
2.382538060394947393e-02
4.034786808567723815e-02
4.640245294573412671e-02
4.756816365651721917e-02
4.747803127852137650e-02
4.295706631368405998e-02
2.976688824443625425e-02
8.614435921781342376e-03
-1.637429077201094096e-02
-4.214175677844554657e-02
-6.867076510304416515e-02
-9.700072519822593164e-02
-1.220805518827275116e-01
-1.359212517132358800e-01
-1.301595585878723427e-01
-1.047223070839231607e-01
-7.386376523456726628e-02
-4.635605069058845035e-02
-2.035704555509513375e-02
5.520931965301954444e-03
3.117351115386392951e-02
6.006361887084305656e-02
1.002933960500662774e-01
1.467270201418439113e-01
1.776087297921032648e-01
1.830267228070926455e-01
1.681550939862364868e-01
1.376183965527625341e-01
9.375884264561148984e-02
3.664411273304082894e-02
-3.363804372132180726e-02
-1.125510485457326959e-01
-1.944784873485977950e-01
-2.751734064429696147e-01
-3.387164305258125174e-01
-3.596595008989988962e-01
-3.231145145393432561e-01
-2.206040401187495947e-01
-6.909164392211231132e-02
7.849625157812967213e-02
1.868781270694111762e-01
2.500540977653742947e-01
2.704341705033026511e-01
2.579780770505426535e-01
2.245028921176957515e-01
1.800005641074784446e-01
1.344571635051109992e-01
9.816199865691592474e-02
7.506938691221200222e-02
5.817860660294036507e-02
3.868876865288611855e-02
1.530997002091472568e-02
-1.225484283859811993e-02
-5.290855673665963155e-02
-1.063435603767127202e-01
-1.535390630065614215e-01
-1.834857549749816241e-01
-2.018841517208840863e-01
-2.111920403211293151e-01
-1.992761492537538925e-01
-1.559523581226370248e-01
-7.360899804484931364e-02
3.244689662134576935e-02
1.148887515516431729e-01
1.495597715714120368e-01
1.372803827477991623e-01
9.150823613324088335e-02
3.627029114006222882e-02
-1.618596215541862407e-02
-6.110719762304499258e-02
-9.296922725324716086e-02
-9.871335754970889109e-02
-5.190576671218043170e-02
4.831699743849665607e-02
1.516535374674489456e-01
2.148645823207759875e-01
2.392788925047968362e-01
2.376331826963591909e-01
2.088855944560611133e-01
1.522141265299821744e-01
8.397757032828492840e-02
1.988945943358007631e-02
-4.459664678983758096e-02
-1.185152616303779410e-01
-1.877338502217623384e-01
-2.210868872885650149e-01
-2.071328603186916584e-01
-1.701123270883170557e-01
-1.420066564567980527e-01
-1.223983921357219978e-01
-9.256971266729560610e-02
-5.730310263452798730e-02
-3.444844861204920949e-02
-2.402207013796075347e-02
-1.467011436701227793e-02
1.247696818329599791e-03
2.659724467075492982e-02
6.064430157324257609e-02
1.034102621445145004e-01
1.468989710750965849e-01
1.713547816669238333e-01
1.676217409254117108e-01
1.461316584214447101e-01
1.200834969305463601e-01
9.336738836906260941e-02
6.635506001463643833e-02
4.639126688374808211e-02
3.651143270769722365e-02
2.140187877595751270e-02
-1.348593209899538736e-02
-6.045870378027610320e-02
-1.013252442943877729e-01
-1.316844037414271196e-01
-1.514533727780830730e-01
-1.581323277908774916e-01
-1.597199681611220501e-01
-1.655249863346867079e-01
-1.792113884453035155e-01
-1.916102645206802235e-01
-1.851623562034217518e-01
-1.538886032632824918e-01
-9.563473109161577113e-02
-6.343496895637424152e-03
9.790043866212218282e-02
1.846350539037439065e-01
2.415798676461273220e-01
2.736865410658627096e-01
2.817847146734429042e-01
2.676087778105966652e-01
2.350337671646612059e-01
1.916390192410666327e-01
1.504915201489811505e-01
1.167722184843153904e-01
8.235136848658350384e-02
4.067925849004715155e-02
-4.279878757514142540e-03
-4.980040665075360917e-02
-9.763348640983947335e-02
-1.438644179129085210e-01
-1.810693934828081775e-01
-2.082633919544646661e-01
-2.316074621533710243e-01
-2.545815365738372527e-01
-2.697003847302564261e-01
-2.648714468335643946e-01
-2.293241659038967040e-01
-1.600871891748244236e-01
-7.934551396133793233e-02
-1.725252456037073071e-02
2.068941227033978952e-02
5.782689856651110349e-02
1.095218044181847927e-01
1.565624188560532093e-01
1.868036242997195007e-01
2.088378183041414982e-01
2.264628056628009978e-01
2.356842027033415055e-01
2.276307120120257821e-01
1.961802027732355014e-01
1.511772999960162012e-01
1.106571574393047652e-01
7.458120088892097876e-02
2.921975789919818017e-02
-2.669621242181378917e-02
-8.766026539890382774e-02
-1.517079050338702439e-01
-2.091564410792450812e-01
-2.428539559578791196e-01
-2.393654394846728706e-01
-1.921766506866692537e-01
-1.135575904781949003e-01
-3.595137404412751536e-02
1.776563506893356903e-02
4.464874344796432998e-02
5.176737850507236172e-02
4.729260439880428324e-02
3.296913874653160936e-02
8.446728271526655896e-03
-2.284137234206292180e-02
-5.424542335177467978e-02
-7.638453802185851682e-02
-7.906451241942569208e-02
-4.516541938164751746e-02
2.291664835509377857e-02
8.638943397347417785e-02
1.257137412199334225e-01
1.470400419961719884e-01
1.521748995464728416e-01
1.460252102605873459e-01
1.391934004775879641e-01
1.380574869416690831e-01
1.337560776220851622e-01
1.114639167954084159e-01
7.134075670501972832e-02
2.330314966130655682e-02
-2.680426910189614986e-02
-7.651106640318582064e-02
-1.228129990002685412e-01
-1.623140044431939377e-01
-1.917618758353577257e-01
-2.085287741956798058e-01
-2.105833378291626645e-01
-1.920292147266129401e-01
-1.519619668777602850e-01
-9.854805771317357022e-02
-3.952523839496899227e-02
1.828784311075565619e-02
7.183703451356120151e-02
1.222209606687524319e-01
1.590975751803200278e-01
1.609713003374668716e-01
1.254352838883640020e-01
6.918071075819672011e-02
7.299556555532018404e-03
-4.937331028934088123e-02
-9.038095126647403832e-02
-1.017566504031619662e-01
-7.030929828383103430e-02
2.664401647211971785e-03
8.604395566214942392e-02
1.405239648287102960e-01
1.566801252128302568e-01
1.448757094217826558e-01
1.139749516042796451e-01
7.279814363056164028e-02
3.027412403841985358e-02
-6.901138461837741031e-03
-3.030983189684278295e-02
-3.122862583148563673e-02
-1.576442643714422165e-02
-1.884724849038555555e-03
4.087326333443250942e-04
-8.589686381939617976e-03
-2.702582596672707324e-02
-5.276310337208590939e-02
-8.330796704363407912e-02
-1.173783619646087406e-01
-1.497562035135357739e-01
-1.719430474106841134e-01
-1.837077670183125122e-01
-1.931508522712853670e-01
-2.010159801760960652e-01
-1.918004731331952595e-01
-1.528718048453265310e-01
-8.569053581387045537e-02
4.952209311549968067e-03
1.101104984059086966e-01
2.070474049097743297e-01
2.665123669806578333e-01
2.828870807121425801e-01
2.694859262550492462e-01
2.352336307091625611e-01
1.860566161506383154e-01
1.292110738113813884e-01
7.321317059542348238e-02
2.419151426873664829e-02
-1.540160435837172048e-02
-4.449665731555356440e-02
-6.443999351578477697e-02
-7.713854870849989886e-02
-7.959709481540117038e-02
-6.872362179702284912e-02
-4.696804067630377943e-02
-2.039776254583577572e-02
4.185556613995248740e-03
2.150189007084456205e-02
3.107343761736971327e-02
3.520546492783106080e-02
3.323614689665476546e-02
2.683700123684045619e-02
2.411693623966762803e-02
2.582479783718954341e-02
2.594165164107826299e-02
2.380840501629630235e-02
1.899976549051141106e-02
9.682104610186120786e-03
-5.736773016408019607e-03
-2.749257064594852126e-02
-4.729066085902139394e-02
-6.093382860341906709e-02
-7.711880514493923977e-02
-9.749986270148817968e-02
-1.171306657892027397e-01
-1.331632695786791054e-01
-1.429952932903752749e-01
-1.446730169453668280e-01
-1.339004095543931128e-01
-1.065902684017517171e-01
-6.288379096079541042e-02
-5.574211437621550899e-03
5.189050246904491903e-02
8.931248587473286649e-02
1.057402098308515559e-01
1.120715911675283089e-01
1.126161020629134202e-01
1.032464001893196731e-01
7.773800610076631035e-02
4.250844739210338230e-02
1.071823202550443999e-02
-9.732699059597890029e-03
-1.438299468468806283e-02
-2.110056141600815185e-03
2.495361663254894516e-02
6.462730020349577442e-02
1.155570433576157408e-01
1.627373190885121057e-01
1.786267414970210687e-01
1.568155714452000304e-01
1.052226962820727030e-01
2.726237705292909250e-02
-6.873940326806850243e-02
-1.704327372711114397e-01
-2.649380625989488092e-01
-3.378722150872216501e-01
-3.724902411385540568e-01
-3.615985659866792212e-01
-3.081274643511068834e-01
-2.018966951699661672e-01
-5.594676055446112795e-02
7.889282895589376510e-02
1.810413588744658187e-01
2.557889837528214971e-01
3.005661849512577533e-01
3.150824528412206060e-01
3.053403222046187082e-01
2.751098382696720579e-01
2.273284877494091971e-01
1.670563189517819125e-01
9.800850471459907065e-02
2.424095260109160321e-02
-5.000816657590112513e-02
-1.219028936676499475e-01
-1.884135949258152753e-01
-2.431874933252866633e-01
-2.746124985083493453e-01
-2.734644048803011596e-01
-2.345261040764648475e-01
-1.511323369766671421e-01
-4.107974536764755907e-02
5.405683465105087099e-02
1.152228981051327955e-01
1.461676276996802804e-01
1.557592749727264858e-01
1.565554523291819711e-01
1.588346353735254346e-01
1.603442046446338920e-01
1.496325163127589786e-01
1.271656683893148676e-01
1.018516622657494181e-01
7.470663413310053846e-02
4.564972671528456927e-02
1.612975211745771090e-02
-1.692317167219065110e-02
-5.388938867727985360e-02
-9.220895454941242797e-02
-1.305123282953189467e-01
-1.631221178436115249e-01
-1.814021458776892970e-01
-1.768591495117806389e-01
-1.460659713569292528e-01
-9.490025388810084672e-02
-2.891933610331720930e-02
3.839135448295209058e-02
8.119735917842293982e-02
8.980766473237736247e-02
6.850594710370777607e-02
2.038535677283165662e-02
-4.592049779804500270e-02
-1.174231873456671738e-01
-1.781055358449452342e-01
-2.127730253776908276e-01
-2.108498874094996423e-01
-1.622562174201507834e-01
-5.499081433100205807e-02
8.888219915489314893e-02
2.119481116092793993e-01
2.949230297983879145e-01
3.539217391207760133e-01
4.034369169588597481e-01
4.430133096529548786e-01
4.524773355155071730e-01
4.176319619915259684e-01
3.394332252109760195e-01
2.290363330574005651e-01
9.852823376726700666e-02
-4.331089891440672440e-02
-1.916446302162697346e-01
-3.435239565973893239e-01
-4.942685131086206884e-01
-6.415405647157735869e-01
-7.772610201698574306e-01
-8.800750106329762179e-01
-9.196964332707346923e-01
-8.620571088350430511e-01
-6.823558744046679392e-01
-3.985074468381383794e-01
-5.861396110044903018e-02
2.958173381809565128e-01
6.009330860045126732e-01
7.943923511310563290e-01
8.802315825265089044e-01
8.910019977398904167e-01
8.410409261287044025e-01
7.365842426121052000e-01
5.865341419538500078e-01
4.093456430319377670e-01
2.264559080612742747e-01
5.089571025258077253e-02
-1.096509733590655816e-01
-2.453989229221784640e-01
-3.415703200654897076e-01
-3.851915695908385562e-01
-3.692018522439589612e-01
-3.178949071138188476e-01
-2.819310473523752858e-01
-2.773270774903515701e-01
-2.864265394844450752e-01
-2.939820019274801965e-01
-2.874288773217160142e-01
-2.587860098949566479e-01
-2.055182722852346155e-01
-1.125097390805128439e-01
5.497680934473322088e-03
9.092356941152898719e-02
1.269658897562788713e-01
1.387141691265827703e-01
1.481918890099323538e-01
1.670812301474577655e-01
1.991338826378658833e-01
2.382639259732425574e-01
2.698028862634476166e-01
2.850805311097651118e-01
2.808268043251744839e-01
2.579099842062264059e-01
2.239879622985186114e-01
1.842933867782142465e-01
1.346492158937382666e-01
7.727446771679997994e-02
2.376218110523540747e-02
-2.141617631027967206e-02
-5.997318823539810051e-02
-9.489848783910381780e-02
-1.303193098378111758e-01
-1.673687562818929886e-01
-1.995450723890098144e-01
-2.168533457590826052e-01
-2.175171932800693819e-01
-2.099027086193933356e-01
-1.946055252783293055e-01
-1.701900876993449330e-01
-1.467592468302686692e-01
-1.335935286305391656e-01
-1.340728541295664600e-01
-1.452040724952999018e-01
-1.593600425887609917e-01
-1.645639800630646077e-01
-1.399210161628485771e-01
-5.884647686141485090e-02
6.728329715857146731e-02
1.773457027558221766e-01
2.346197924367958432e-01
2.453708842814116553e-01
2.240129678203549579e-01
1.855586329845842208e-01
1.431977686582255049e-01
1.068201955615695059e-01
8.248329427733305796e-02
7.084840237800862917e-02
7.370776832614660268e-02
9.243384259846218476e-02
1.087860902499554333e-01
9.720366948763915771e-02
5.575396649814314681e-02
-1.981245980560122650e-03
-6.505204109235111776e-02
-1.230798370998145569e-01
-1.655810964973521981e-01
-1.860565099997510685e-01
-1.799989340628956880e-01
-1.491213444550512635e-01
-1.037065322005466528e-01
-5.648839253308107766e-02
-9.567803218663753495e-03
4.052230165830698894e-02
8.646506604360665316e-02
1.233029198793331588e-01
1.514961040051985286e-01
1.683264153432679766e-01
1.689368709923915746e-01
1.484527477220047853e-01
1.095580890856529821e-01
6.344078821566052906e-02
1.554101456762511067e-02
-3.963728947909677530e-02
-9.281308967697136925e-02
-1.179700618362142656e-01
-1.076294684005557334e-01
-7.812592520369385229e-02
-4.966552101558065202e-02
-3.197050011008901321e-02
-2.713476473290511726e-02
-3.391582451816134436e-02
-4.865778549653821533e-02
-6.706539883461390406e-02
-8.065339761250532591e-02
-8.157186992433018702e-02
-6.122004360632854469e-02
-2.678981445970017583e-02
-9.527209988956472295e-03
-2.320951117094495128e-02
-5.689988161272460654e-02
-9.644482600749265666e-02
-1.253778469729685818e-01
-1.260038101070659611e-01
-8.341390869913212214e-02
-9.633324948337958910e-03
6.101032419308501098e-02
1.134829063114364822e-01
1.490039484414498183e-01
1.683268521385181127e-01
1.714988911747699907e-01
1.607072595883284882e-01
1.395602488045681322e-01
1.120633900719295584e-01
8.350621372486899396e-02
5.766024766513699884e-02
3.611829576570344674e-02
1.860640215024069247e-02
7.047111650803874333e-03
4.641870056985353266e-03
1.489126495389990132e-02
3.286562862097414800e-02
4.090111327500409177e-02
2.834692942773339372e-02
-3.287219640926129088e-03
-4.783882712396006487e-02
-9.749560835029799644e-02
-1.452864280199197555e-01
-1.846113071677902284e-01
-2.083103058632297944e-01
-2.067865048418875973e-01
-1.713027194352867433e-01
-1.101252901465744199e-01
-4.950815008012410257e-02
-3.527247958903333321e-03
3.321154099010638350e-02
6.205608054702722864e-02
7.887268205564386403e-02
8.488738986483146398e-02
8.322208682257757617e-02
7.714393647030383383e-02
7.090219921470400366e-02
6.727991584099625444e-02
6.834317324030514396e-02
8.199596811537059049e-02
1.072650820038280883e-01
1.237001626692039447e-01
1.202310189058490159e-01
1.019615475160463858e-01
7.380020477548239477e-02
3.877491539188513553e-02
2.151871253822967497e-03
-3.064299709306471040e-02
-5.957549539334025535e-02
-8.743115970790997504e-02
-1.151977565603995168e-01
-1.378247312382877010e-01
-1.440020612774786934e-01
-1.332074878280287145e-01
-1.199165994718709993e-01
-1.118258917183749257e-01
-1.057715870061780306e-01
-9.573767752319377322e-02
-8.314902060883744284e-02
-7.671761518591187212e-02
-7.150394648337357606e-02
-5.066497536582573874e-02
1.622395021531926416e-03
7.610543102199973653e-02
1.376627789857070294e-01
1.716321639617339190e-01
1.851479959481374671e-01
1.832781532355765852e-01
1.696927469586302917e-01
1.468111801618673939e-01
1.148456394014412962e-01
7.598527444726214941e-02
3.532463702534677924e-02
-1.956685679964862735e-03
-3.076202799433341850e-02
-4.878711821454687070e-02
-5.845512468320090971e-02
-6.036485606148532523e-02
-5.635006579744997884e-02
-5.333177007457397256e-02
-5.299486561935427831e-02
-5.243227791920756359e-02
-4.966482449007803696e-02
-4.481728480346393317e-02
-3.713843604725459990e-02
-2.171815263211086464e-02
2.241525709956259868e-03
3.088522191256418831e-02
5.631220158015259880e-02
6.631517582672756539e-02
5.647079875240785390e-02
3.173537088080483071e-02
3.213886297469530778e-04
-2.973620297936113016e-02
-5.643080070186685254e-02
-8.161116105019960987e-02
-1.023576098720665462e-01
-1.128487481770607537e-01
-1.135283754667718997e-01
-1.060559095353810627e-01
-8.419974842381865165e-02
-4.192455118490959198e-02
1.329251347392992888e-02
6.558095888525512784e-02
1.071972654215197496e-01
1.361785839144854515e-01
1.503987300278705752e-01
1.475816739735693051e-01
1.266265779950110359e-01
9.246654436520883313e-02
5.516398805753943563e-02
2.151811581737895704e-02
-1.085389622225779900e-02
-4.194882145209856417e-02
-6.666511370751528054e-02
-8.535681147992880968e-02
-9.920177572256466680e-02
-1.059290091701007297e-01
-1.036200180761297496e-01
-9.314416564673817789e-02
-7.646961647666511430e-02
-5.267318493719239103e-02
-1.535617811902294759e-02
3.507459805570518896e-02
8.267578401271510891e-02
1.168513079507963459e-01
1.390810255976395460e-01
1.524024066481249884e-01
1.571942719670121891e-01
1.486492346341502513e-01
1.204319279531661929e-01
7.219937984594426705e-02
1.323308260553071949e-02
-3.998824051248602018e-02
-7.529051240678411028e-02
-9.144280620458644648e-02
-8.996570912404373843e-02
-7.057517010940160540e-02
-4.268384682502682215e-02
-2.578443404586407486e-02
-2.795569660673668383e-02
-4.670708358352393397e-02
-7.899045784445496432e-02
-1.201000864426586684e-01
-1.629044856526658536e-01
-1.946516069280797845e-01
-2.098487962264158624e-01
-2.119712146537781894e-01
-1.965469359810669558e-01
-1.556574435023539982e-01
-7.978519596337213526e-02
4.453896580590468307e-02
1.899531343814985784e-01
2.904792189040522610e-01
3.241827077793984491e-01
3.098927386545491380e-01
2.643106950905311781e-01
2.023411168816330596e-01
1.331041178283199344e-01
6.587719980257483732e-02
1.057954637084961361e-02
-3.406499518588850667e-02
-6.959957045548004206e-02
-9.152539444534349422e-02
-1.007299151926278474e-01
-1.036459511052838928e-01
-1.026487773246339552e-01
-9.548220660307728258e-02
-8.163446501752674722e-02
-6.187997572374724642e-02
-3.861178115677230821e-02
-1.437666128397952284e-02
1.146189416631833262e-02
4.181591363058254074e-02
7.601577776058364433e-02
1.042126035780049087e-01
1.173143975699836306e-01
1.142956041740438022e-01
9.497880944200999542e-02
6.122516826622226987e-02
2.248052204490772268e-02
-1.081455690403842693e-02
-3.775420559434031903e-02
-6.056870032283490080e-02
-7.423477135986270015e-02
-7.323787835885703368e-02
-6.271441572147951060e-02
-5.568378178077626472e-02
-5.630376520084442310e-02
-5.961680141650255171e-02
-6.003532866076341512e-02
-5.115407778860112803e-02
-3.121454080537483175e-02
-4.695854273299761468e-03
2.245570267857061389e-02
4.518927403503590623e-02
6.089946588491691737e-02
7.138544798622867282e-02
8.103122635279189079e-02
9.033477862164465688e-02
9.515969594516288099e-02
9.184997335412942165e-02
7.903095635387902274e-02
5.856640351406737499e-02
3.360418991180018355e-02
4.972498510604795099e-03
-2.489744259402210114e-02
-5.572768183044916196e-02
-9.096488697019729230e-02
-1.268616684660579252e-01
-1.581846461098867784e-01
-1.825409675311030488e-01
-1.966902082101533999e-01
-2.032203376008209494e-01
-2.063593417015980314e-01
-2.028530004997564640e-01
-1.851619759057540893e-01
-1.426922184369587565e-01
-6.064906098427647746e-02
4.870737493903903870e-02
1.424105372193545938e-01
2.033890596283312036e-01
2.411456830729508671e-01
2.623908960351695185e-01
2.710325333771450018e-01
2.667812939372234959e-01
2.464524518798185126e-01
2.100737248493609599e-01
1.613212742275343947e-01
1.037539631095896059e-01
4.192627769279218264e-02
-1.779320640784844837e-02
-6.914485130834524540e-02
-1.068357602185741051e-01
-1.262628589704553328e-01
-1.274387810242872399e-01
-1.163135273537766884e-01
-9.944835475092270172e-02
-8.172252009604202838e-02
-6.571682060290484628e-02
-5.051525714505186726e-02
-3.351046023570643934e-02
-1.078832255382715030e-02
1.677249842732125851e-02
4.054454705204021958e-02
5.394773749653023615e-02
5.289620889854624447e-02
3.497537148120535844e-02
2.369714730265863600e-03
-4.036999302210604601e-02
-8.733927219401474429e-02
-1.292052796220602706e-01
-1.536889436921579366e-01
-1.500333752346048044e-01
-1.058736266676485183e-01
-2.713324518545370823e-02
5.108639578667673042e-02
1.072027290020432927e-01
1.418416967222277114e-01
1.562560540912834584e-01
1.501364642766777335e-01
1.250479282720040330e-01
8.715927179256482971e-02
4.225420136329694626e-02
-4.974187716608984532e-03
-4.781605875337351791e-02
-7.935657505178371485e-02
-9.638998917502859809e-02
-1.037728487774617903e-01
-1.076219890640433691e-01
-1.065690909688983834e-01
-9.414958991744695749e-02
-7.530113723592782304e-02
-6.692889078368895184e-02
-7.063993681442530537e-02
-7.609240804302584704e-02
-7.086720182221219189e-02
-3.646089931263464534e-02
4.391298673224552918e-02
1.542150573621286214e-01
2.433106272074399834e-01
2.840839711442790794e-01
2.823640326585155069e-01
2.474024814296355290e-01
1.924121994647111089e-01
1.318578096723850290e-01
7.272191580250372822e-02
1.682120408725469585e-02
-3.171135714538328432e-02
-6.559045084935186121e-02
-8.246381382786505121e-02
-9.181778068991794384e-02
-1.096221805303651819e-01
-1.416785924359925397e-01
-1.832957263390845304e-01
-2.292318872255796891e-01
-2.724755232269109317e-01
-3.043678087430229384e-01
-3.188844620370632210e-01
-3.131839939675372664e-01
-2.773725801255871870e-01
-1.942017793978072226e-01
-4.703468080519920130e-02
1.353991892014329568e-01
2.779667635972318251e-01
3.520529379615341403e-01
3.767379218534793739e-01
3.654967840659999467e-01
3.279547634137256473e-01
2.753153540783820352e-01
2.157358710501320331e-01
1.546814853931387790e-01
9.932823924049918873e-02
5.758450484744905007e-02
3.454400357341504135e-02
2.265717908946995179e-02
2.156267030661636330e-03
-3.850759920095717104e-02
-9.661252124678018638e-02
-1.625720646103208100e-01
-2.227354117219263463e-01
-2.669820382210040810e-01
-2.916272143607067102e-01
-2.931212306153524461e-01
-2.653096381658348601e-01
-1.988391400131420406e-01
-8.180956371233089053e-02
6.527057464364466322e-02
1.846862342482399055e-01
2.485665405681750373e-01
2.691050492641035019e-01
2.610869935463075442e-01
2.287360508516280422e-01
1.760942681449746694e-01
1.171410212782055676e-01
6.392168974449077834e-02
2.128000134411661692e-02
-8.528490602233446821e-03
-2.080559735227110671e-02
-1.443889085218178978e-02
-2.576142492752370172e-03
-1.314539155719551822e-05
-9.340307798424363900e-03
-2.490811034185048956e-02
-4.641429611334456362e-02
-8.581723438724671305e-02
-1.479447314108112976e-01
-2.240823936882095080e-01
-3.042479914037614086e-01
-3.757774508004523284e-01
-4.208733209230415828e-01
-4.241664942876386957e-01
-3.742804619713560599e-01
-2.497456033808197473e-01
-7.364643264060355410e-02
7.438714401081741867e-02
1.595959445505455432e-01
1.920257043942187880e-01
1.888011799255787382e-01
1.771117577807915788e-01
1.806458660020965334e-01
2.175589127965912861e-01
2.854790495599911493e-01
3.504531821694350513e-01
3.810025908753638668e-01
3.723345179870040100e-01
3.336629401581052701e-01
2.738041284643428774e-01
2.006168549037681548e-01
1.210772032203779741e-01
4.162077749829273116e-02
-2.812735496753387965e-02
-8.320968681456156202e-02
-1.252315058776231060e-01
-1.565413509517449009e-01
-1.736874601273809271e-01
-1.745612776649870246e-01
-1.684752299149636368e-01
-1.595764199038962050e-01
-1.460244854393802361e-01
-1.290865766727250785e-01
-1.109839839368241543e-01
-9.498216758247897407e-02
-8.191756090938122348e-02
-7.048097343329194631e-02
-5.860552002636469637e-02
-4.750038950212855798e-02
-4.054411821569168378e-02
-3.611708264492283910e-02
-2.605275045487282989e-02
-2.350650262131633809e-03
3.302876571436937081e-02
7.440817088814243030e-02
1.185765028984587938e-01
1.574603370159111670e-01
1.790862284272422555e-01
1.813759690834116922e-01
1.709414178993693134e-01
1.533377968893038235e-01
1.336808372203111828e-01
1.099227027644777560e-01
7.401789833764131632e-02
2.515999902301646607e-02
-3.361106894232650938e-02
-1.003025908856932796e-01
-1.693867784206049831e-01
-2.308263741325252139e-01
-2.754403349372953613e-01
-2.979327657330735901e-01
-2.930641888790012084e-01
-2.549489967181289840e-01
-1.987268396709983842e-01
-1.600627559236238173e-01
-1.487007577316504792e-01
-1.477950708690002890e-01
-1.433995476831930183e-01
-1.198246805437957752e-01
-5.103338761442173521e-02
4.813097308532490737e-02
1.211869048901872692e-01
1.575339849646400503e-01
1.824142429864531734e-01
2.157299593023922490e-01
2.580736337164359906e-01
2.862469651582815744e-01
2.901119750849190937e-01
2.773623080370338223e-01
2.547980947600478885e-01
2.275285589233415340e-01
1.984500364883728385e-01
1.664145168321957413e-01
1.299716119361778166e-01
8.909779362187647545e-02
4.405659942762099601e-02
-1.533442365131507806e-03
-3.415354980728345369e-02
-5.048089229209282852e-02
-7.111324551437599173e-02
-1.041832634167064175e-01
-1.383851940425719074e-01
-1.665377130853820942e-01
-1.861634852615568214e-01
-1.916981135422957949e-01
-1.756409852706423691e-01
-1.452772779976609918e-01
-1.195930731731723456e-01
-1.054695510529883862e-01
-9.457634706244862077e-02
-8.168283148015084705e-02
-7.103924759623191088e-02
-5.691928504336064149e-02
-2.499357458648415395e-02
1.788943166622085704e-02
4.975794886411547685e-02
6.570351838613021356e-02
7.147952852812872182e-02
7.141846323698652910e-02
7.600210620078975965e-02
8.796675662533949558e-02
9.837197151488095981e-02
1.035792438484862826e-01
1.003061473686892441e-01
8.633559248454078516e-02
6.841502552893163891e-02
4.899217425745724941e-02
3.308775369006905498e-02
2.677517437463781957e-02
1.329684685536954361e-02
-2.292869184435521526e-02
-7.383634758098184259e-02
-1.201339572076954160e-01
-1.543509042213821458e-01
-1.845514098964030070e-01
-2.085187563352551010e-01
-2.161342290063793803e-01
-2.018372324959032127e-01
-1.762771203596355252e-01
-1.584719695146677432e-01
-1.392940272585589390e-01
-9.530061117071846055e-02
-3.132001892922348096e-02
2.763114326094283021e-02
7.695149958447247696e-02
1.320605074885475849e-01
1.901212449721085551e-01
2.299502801877907898e-01
2.489158607608984441e-01
2.623729939419653379e-01
2.719717924827299016e-01
2.633116462444640704e-01
2.320896526760600209e-01
1.870316582984750120e-01
1.385495736467159400e-01
9.626988040587482198e-02
6.562673187395248742e-02
4.055104318068379621e-02
5.568778111823404625e-03
-4.423509434402854434e-02
-1.034132020798163298e-01
-1.666807791327730992e-01
-2.283182236533616294e-01
-2.827501683583216741e-01
-3.257679310003572803e-01
-3.477071464285226288e-01
-3.297340017952070101e-01
-2.579730811617415576e-01
-1.313989474504881072e-01
1.802530768942493464e-02
1.340713899786769303e-01
1.946707833918479846e-01
2.103191173740215636e-01
1.918352364749620897e-01
1.514884036118437083e-01
1.015727419459399594e-01
4.903305543607060224e-02
6.855436758112370965e-06
-3.752984391883672916e-02
-5.642123366633117892e-02
-5.259123303369656749e-02
-2.192987954140756743e-02
3.229014907022045855e-02
9.193162649108357898e-02
1.392831342784481563e-01
1.674294044677898385e-01
1.718372584208924247e-01
1.538226031679649497e-01
1.289038152115809799e-01
1.055876599727132575e-01
8.418629045818797063e-02
7.395433749754722064e-02
8.210770860368368784e-02
1.011134152665718877e-01
1.088255893397354762e-01
8.532201556936683251e-02
2.856556406020611255e-02
-5.063902112913182263e-02
-1.379523090884740844e-01
-2.216862051111131438e-01
-2.952090084430742944e-01
-3.562914101037331083e-01
-4.007323374557275053e-01
-4.105342123366309548e-01
-3.576812826690127789e-01
-2.577079480135601730e-01
-1.772012978781193904e-01
-1.499289374099660455e-01
-1.556713133350497436e-01
-1.659502943591015245e-01
-1.699799874721274473e-01
-1.604942034407763618e-01
-1.092165357862202035e-01
-8.512073394406984711e-03
1.022414654199574335e-01
1.991644186823410823e-01
2.941324432137802924e-01
3.848126401887410619e-01
4.409545544302793663e-01
4.485296268282342735e-01
4.261827129577751561e-01
3.855887903232142477e-01
3.200881245383397355e-01
2.344258459990925247e-01
1.499970113145842610e-01
9.974162212940840266e-02
8.728569629404427099e-02
7.028241790563154179e-02
2.646048267376608851e-02
-3.773040606759358456e-02
-1.073110296798469171e-01
-1.592348238542026506e-01
-1.791279197460382555e-01
-1.626151973840393450e-01
-1.338167100433211298e-01
-1.373595429828132486e-01
-1.747575749028757175e-01
-2.156859777882009777e-01
-2.427931600729443251e-01
-2.442066759619657690e-01
-2.228182711004763061e-01
-1.924944744259844132e-01
-1.448425469814052791e-01
-6.664287781406748323e-02
3.648788685493199735e-02
1.464018655009872161e-01
2.373317467162561478e-01
2.873013851509165217e-01
2.904407460584077505e-01
2.501615216687868570e-01
1.804634095332098842e-01
1.076134009850150952e-01
5.089027265221118118e-02
-2.261457063321190876e-03
-8.081628055917969289e-02
-1.778851531366910654e-01
-2.577902700915545853e-01
-3.008027613416158763e-01
-3.075314130951534164e-01
-2.755908621251285107e-01
-2.120572586367231449e-01
-1.480767714605287777e-01
-1.054569901372968271e-01
-8.369460606300616057e-02
-7.353255646591558281e-02
-6.916654880395153859e-02
