1.039509157656405836e-01
-4.320793884180666733e-02
-1.933299345527507707e-01
-3.205729018557262888e-01
-3.844314900008651836e-01
-3.781128664746171708e-01
-3.232166946737435875e-01
-2.353953710427946489e-01
-1.440509367334495416e-01
-9.052677807737669058e-02
-9.954646667103753122e-02
-1.771983609404126359e-01
-3.176309606312970324e-01
-4.664922525081124927e-01
-5.331803195049379385e-01
-4.815049062364311627e-01
-3.419221810297096154e-01
-1.570893838698818046e-01
2.803217688875286537e-02
1.469138683506907572e-01
1.416158518965730528e-01
3.657124602283037818e-02
-8.233526988623292298e-02
-1.774226039030232516e-01
-2.530940817787505348e-01
-2.827541310944610697e-01
-2.277839814862596957e-01
-8.601981874906722281e-02
1.269077590149411405e-01
4.003407392726288649e-01
6.645610194023938710e-01
8.096412090199766043e-01
7.902031999559849806e-01
6.422802431932976841e-01
4.345355844280948676e-01
2.145928189798276542e-01
5.114701078167346870e-03
-1.645296933779134274e-01
-2.584800051951189892e-01
-2.931478850847781814e-01
-3.239922527349233805e-01
-3.501234142133293759e-01
-3.349406175973744793e-01
-2.552561425830103259e-01
-1.007861838049225051e-01
9.481538424795482589e-02
2.821451150118084450e-01
4.380951318540345918e-01
5.490983838629290847e-01
6.152583127379724903e-01
6.454399157503528661e-01
6.408885394979556560e-01
5.979975978852886120e-01
5.180673609910234623e-01
4.115655177998416292e-01
2.895733285938346668e-01
1.592329711750825605e-01
2.173602909499346147e-02
-1.275063456285612518e-01
-2.884466491885900874e-01
-4.531896253218746784e-01
-6.155999524721755822e-01
-7.694577264158007912e-01
-9.040591889368954082e-01
-1.002204599676982388e+00
-1.036952402578709798e+00
-9.723723682934364287e-01
-8.176324658438272053e-01
-6.253975187494574817e-01
-4.245582394823035344e-01
-2.273805478453557460e-01
-5.118379390554337466e-02
8.737426330931889751e-02
1.878781492803254238e-01
2.554401020888986129e-01
2.858863654125366471e-01
2.782282418390626400e-01
2.483984812950357501e-01
2.209967343647570304e-01
1.949384534106317624e-01
1.463132049667497103e-01
8.286615218944361205e-02
3.396765680454080782e-02
-1.341945548989219306e-02
-9.502987467653042919e-02
-1.861857575950175980e-01
-2.158776045358277440e-01
-1.643829715689285043e-01
-5.740569519563867851e-02
1.020327229404368458e-01
2.775438378850015875e-01
4.020914668600649722e-01
4.764724354701823650e-01
5.503090786332331952e-01
6.282971781286958990e-01
6.544627246444025825e-01
6.103570406793202840e-01
5.254660541431362963e-01
4.225044103112832183e-01
3.175129398752151721e-01
2.187901356089314575e-01
1.249272209658635613e-01
3.718708170699876192e-02
-3.940926015362046508e-02
-1.022475356204288199e-01
-1.532680774944394364e-01
-1.994837960433027413e-01
-2.417606079522693352e-01
-2.721784892260055155e-01
-2.889174046649564676e-01
-2.952198030597478207e-01
-2.859292470619097526e-01
-2.526800885685920872e-01
-1.884055202973110021e-01
-8.782655129087163504e-02
2.434860881942142730e-02
1.023473753924019486e-01
1.325244827481964205e-01
1.233944334924369224e-01
7.796950794295789966e-02
-4.444983831612893573e-04
-1.074469689646509324e-01
-2.372235209748643769e-01
-3.777230313969213160e-01
-5.125798749863208492e-01
-6.229673027768442006e-01
-6.841294110197874145e-01
-6.719035105944528574e-01
-5.671953102052464946e-01
-3.702980414457288094e-01
-1.456146877933357786e-01
2.359039432667826841e-02
1.274455875726383247e-01
2.043800672976262556e-01
2.948656714060353123e-01
4.128854080979982855e-01
5.412876935091394115e-01
6.514439942983514253e-01
7.072397447386872260e-01
6.977147674084500650e-01
6.360333621445218855e-01
5.348644346084582279e-01
4.088319186033613217e-01
2.709178700460511124e-01
1.323971625350350845e-01
2.193632295268359289e-03
-1.176367013000194361e-01
-2.253047698453937431e-01
-3.128969160797300253e-01
-3.754954389253093439e-01
-4.138284020136533403e-01
-4.279593460282013484e-01
-4.185355937617685762e-01
-3.849428759932120858e-01
-3.224304013497779065e-01
-2.217855185692669817e-01
-8.958744471308499602e-02
3.029122034026797763e-02
9.859533462767547385e-02
1.253946207944577895e-01
1.466995348114441267e-01
2.014355750671549816e-01
3.109818501694325277e-01
4.311414354820644612e-01
4.872053130515620056e-01
4.592674073560944481e-01
3.658612558408725901e-01
2.227610132952538013e-01
4.525248848289821491e-02
-1.475971287792661180e-01
-3.335993382107552696e-01
-4.999281888316223776e-01
-6.388802599104705937e-01
-7.311231884668446535e-01
-7.522704492767009476e-01
-7.155950887946884720e-01
-6.587049094553172335e-01
-5.701510362879401717e-01
-4.066459449275196536e-01
-1.826986279841405769e-01
3.757382235351187233e-02
2.521854560487716279e-01
4.709780859790218543e-01
6.341714090851839902e-01
7.055476024596673001e-01
7.086167733680016623e-01
6.797924886876195449e-01
6.337239015204203518e-01
5.610082950985416650e-01
4.605298307658046708e-01
3.421879821043683489e-01
2.146366758961197330e-01
9.010426260018272737e-02
-2.103842397973163664e-02
-1.152864592915946451e-01
-1.895864366677167401e-01
-2.425936929501300021e-01
-2.777217079030679381e-01
-2.968705688303988066e-01
-2.960817972645682916e-01
-2.682617133477666060e-01
-2.053144795677556145e-01
-1.057632871628777227e-01
5.510729568618602525e-03
9.021092194483920634e-02
1.341940687797588128e-01
1.424291191945720181e-01
1.184758797306339206e-01
6.468521811217793627e-02
-5.774773224870176705e-03
-7.262242505909122237e-02
-1.287069783856170102e-01
-1.763382989891837394e-01
-2.125076459270739959e-01
-2.407612908052084721e-01
-2.721094268598158172e-01
-2.974945164202789649e-01
-2.900292650283003426e-01
-2.259869710028524770e-01
-1.070804755118244939e-01
2.485763633253558827e-02
1.244593643362735952e-01
1.841349952569142912e-01
2.099786423807238345e-01
1.973753751596628581e-01
1.537801068991672127e-01
1.003363525622965324e-01
5.556022672882234698e-02
3.598297028392561520e-02
5.964620023297897977e-02
1.465874804342514326e-01
2.705736503839719087e-01
3.588245607655765057e-01
3.833490018319606341e-01
3.556409349201498094e-01
2.839295264829244103e-01
1.845082680271079856e-01
8.247618871088045756e-02
-1.973001201721752418e-03
-6.380149614766990329e-02
-1.105573703916280237e-01
-1.514952965650440686e-01
-1.841783460195545730e-01
-2.098578223049461511e-01
-2.412376564391221223e-01
-2.752198752574361862e-01
-2.937263157127226743e-01
-2.767302091056683122e-01
-2.015761296607073427e-01
-9.751135945415945194e-02
-4.413109198633017455e-02
-6.274714955886871726e-02
-1.187063561174820508e-01
-1.885665584100880698e-01
-2.603285134745272345e-01
-3.385304413764053666e-01
-4.423181307356991443e-01
-5.589163375350764129e-01
-6.410851740972370871e-01
-6.359528587485361317e-01
-4.978257037145525921e-01
-2.379750231728570697e-01
9.356351604717026704e-02
4.420394633915525340e-01
7.341977915317658976e-01
9.254917307303381913e-01
1.003130986790106371e+00
9.766870058275437527e-01
8.771713017741233909e-01
7.304858499861121013e-01
5.563048282021001434e-01
3.701434700716548232e-01
1.880086922076193157e-01
2.412103634617113884e-02
-1.158761719650205357e-01
-2.300070328032389755e-01
-3.146983778768139284e-01
-3.668976527506856988e-01
-3.858899026635692620e-01
-3.766675115562800324e-01
-3.463706719655892385e-01
-2.964504566974199284e-01
-2.224658326146899956e-01
-1.173457547000951451e-01
7.599016016282912622e-03
1.187596028515646579e-01
1.968752282476134152e-01
2.428445670283608249e-01
2.595994379471665003e-01
2.484886469979628032e-01
2.122754168765483285e-01
1.585177992668941327e-01
9.500143085868736903e-02
2.751067668592678539e-02
-3.744982977209418418e-02
-9.641558678367809221e-02
-1.529216090116337079e-01
-2.137423889305638536e-01
-2.800822277605188315e-01
-3.466738917131816922e-01
-4.081545774987126451e-01
-4.547464928570447706e-01
-4.684654080705673018e-01
-4.272000250954926526e-01
-3.077448559378621606e-01
-1.157629534550783379e-01
1.160079982639331542e-01
3.419142488460248375e-01
4.988077632857347843e-01
5.607802897361721106e-01
5.467255763720738626e-01
4.826298012384675484e-01
3.910607153752121423e-01
2.820628573950336171e-01
1.601136248817184859e-01
2.649747369124548502e-02
-1.213780885177353497e-01
-2.801746936102407215e-01
-4.417244859121109979e-01
-5.936956583206706162e-01
-7.183697079905958516e-01
-7.969475860633438158e-01
-8.051659981725119986e-01
-7.145034313877299814e-01
-4.965121701594359394e-01
-1.551476481680396091e-01
2.200936111231710790e-01
5.109910893395652742e-01
6.758780534360295800e-01
7.381483074440929881e-01
7.288763127630414340e-01
6.704605074844636192e-01
5.817051318617125766e-01
4.780019863689413118e-01
3.699096959856620348e-01
2.653804250685592447e-01
1.692388659493651859e-01
8.229543858528418077e-02
1.533191589722503190e-03
-7.282431246436041339e-02
-1.341162039876776513e-01
-1.834402728882637001e-01
-2.340296218762550340e-01
-2.886828507723001036e-01
-3.356480359389398815e-01
-3.671685375806610918e-01
-3.787656940276754036e-01
-3.613811526230241711e-01
-3.036671172722702483e-01
-2.122941198063310053e-01
-1.110293122207325345e-01
-3.783191847125095750e-03
1.240495496949511056e-01
2.550565348075519712e-01
3.400143237235703775e-01
3.620872219619353793e-01
3.355948952165705435e-01
2.727882852197812680e-01
1.864146390399317177e-01
9.111395481591844092e-02
1.944230502445853069e-03
-7.112286063598714791e-02
-1.246083294870206082e-01
-1.582535780569627737e-01
-1.714607070203555406e-01
-1.659893902304099000e-01
-1.520200582124380251e-01
-1.377309054841832081e-01
-1.212106092913685235e-01
-9.997026003887204970e-02
-7.260389132751476904e-02
-3.065016435626969488e-02
3.801801365923684201e-02
1.214965262656143852e-01
1.833442688346476057e-01
2.086648523660391830e-01
2.072211846320841655e-01
1.810013799013075464e-01
1.242328958698873664e-01
4.377703272284986374e-02
-4.324661409589847932e-02
-1.262440866412087859e-01
-2.020590773985281030e-01
-2.670280256679171682e-01
-3.135299058899319036e-01
-3.323377485011505539e-01
-3.130537129748855452e-01
-2.382764340900749567e-01
-8.357080924245882669e-02
1.217071431338252185e-01
2.918505668664987951e-01
3.891395231621870843e-01
4.249385566170794659e-01
4.121644312315623226e-01
3.658159637745608261e-01
2.967845275557502438e-01
2.082921469331439346e-01
9.904412365309517297e-02
-3.294467833096193649e-02
-1.803556719454602608e-01
-3.247635740938630833e-01
-4.500602520598140366e-01
-5.445971590657423533e-01
-6.001809141595024766e-01
-6.115677118358697761e-01
-5.709208884956568086e-01
-4.633986601650860182e-01
-2.841996844422819413e-01
-4.656173051624767911e-02
2.086715893298030922e-01
4.174560469613343705e-01
5.661810225284160669e-01
6.639011422146774422e-01
6.904352901133564702e-01
6.516098140826022123e-01
5.761188603734552771e-01
4.790718098144398085e-01
3.670477764774431328e-01
2.470273756495348916e-01
1.281739775926926950e-01
1.682644808219299626e-02
-8.739018889312048788e-02
-1.866493524133191750e-01
-2.784524575157116821e-01
-3.553323087865919438e-01
-4.057057212593326856e-01
-4.162217814168098218e-01
-3.764331776274873476e-01
-2.768404114307697061e-01
-1.321176217405528874e-01
1.646192908558099383e-02
1.434916362369225429e-01
2.378523847628584154e-01
2.829658686030413484e-01
2.643876172177375694e-01
1.862356571688441598e-01
6.587160185377657906e-02
-7.638784708148785296e-02
-2.163879165785517755e-01
-3.373560751754624554e-01
-4.286894513421873887e-01
-4.973193508827222220e-01
-5.687023906705851450e-01
-6.371425301025008814e-01
-6.624362147142111024e-01
-6.008074995975936083e-01
-4.098043438319047826e-01
-1.005990788847244688e-01
2.503315013557014246e-01
5.530674533840351792e-01
7.287385629635486639e-01
7.673264124988309343e-01
7.139710533585831298e-01
6.029811365202752960e-01
4.608819806754104742e-01
3.171053781138056249e-01
2.022350750273909092e-01
1.411898914905412306e-01
1.340651248932031581e-01
1.581112215210845329e-01
1.873538501217456576e-01
1.971362838426521935e-01
1.770961808924857162e-01
1.293639816202732662e-01
5.758225204479291287e-02
-3.141711701411246255e-02
-1.306702892219673284e-01
-2.316766737948978139e-01
-3.228241416995463742e-01
-3.940407363298480958e-01
-4.359681156778286160e-01
-4.450560442333138522e-01
-4.221436178046319432e-01
-3.551611128559314934e-01
-2.255682368065345944e-01
-6.575463963291480751e-02
4.610163755440881833e-02
8.011428388584654336e-02
5.813669034797571550e-02
6.278032939262934153e-03
-4.767617815719518704e-02
-7.109592602948157369e-02
-3.244923944973448354e-02
5.633793377060980490e-02
1.263053290828128616e-01
1.266859416096464963e-01
6.085093341436512149e-02
-4.413805646008529121e-02
-1.558286347771604408e-01
-2.455970507348283760e-01
-2.881208817805416822e-01
-2.646408839265820823e-01
-1.651184071310519141e-01
-1.888501639916059099e-02
1.101122361233094066e-01
2.048549272307615410e-01
2.850473973932149407e-01
3.666394693737847210e-01
4.680896913313537522e-01
5.703114331798554426e-01
6.178973826702311989e-01
5.926062341011297807e-01
5.089448063048535031e-01
3.792726138414130310e-01
2.211710847092431820e-01
5.472642447606773652e-02
-1.035628954898281384e-01
-2.467152813081238683e-01
-3.725283535033460658e-01
-4.667988237936874785e-01
-5.087150564723459389e-01
-4.907237618531121170e-01
-4.178475192147490525e-01
-3.238853711927083823e-01
-2.646390834593547736e-01
-2.553835127645845970e-01
-2.713263149943063723e-01
-2.792435952116169018e-01
-2.354550240741357658e-01
-1.159930263353600999e-01
7.271423648509815763e-02
2.838576628352715847e-01
4.329494877011111909e-01
4.906707259816995848e-01
4.862394224301468948e-01
4.359008303251255545e-01
3.283602181056126668e-01
1.568732277680154052e-01
-5.449495426258111480e-02
-2.676277204325749892e-01
-4.568149392286802168e-01
-6.140423173528131162e-01
-7.225351986286332462e-01
-7.484473147356688338e-01
-6.496890430221472501e-01
-4.317808948586398521e-01
-1.519903911294053778e-01
1.565818935419452662e-01
4.410198570600560863e-01
6.354417107683310029e-01
7.455782068530607543e-01
8.117779753539798859e-01
8.568288662406468026e-01
8.662040953731832138e-01
8.100849832375113246e-01
6.947731056730388488e-01
5.465983988135005855e-01
3.705985034529085120e-01
1.573167032884116856e-01
-8.698035282082609843e-02
-3.428864712444552043e-01
-5.940484203188839407e-01
-8.243138289958635845e-01
-1.008337245314358421e+00
-1.108204995706794760e+00
-1.083898209246539901e+00
-8.959232495433013810e-01
-5.485233787876038214e-01
-1.447325874637543641e-01
1.764647707840687196e-01
3.503359361129437244e-01
4.060944731818746378e-01
4.029015325371944622e-01
3.676045728210905472e-01
3.044164219796576809e-01
2.165435154554084807e-01
9.929226530122198247e-02
-3.400782525384511701e-02
-1.503845446286056486e-01
-2.228253935122065099e-01
-2.257377834446107900e-01
-1.771342082092559889e-01
-1.386063136532973972e-01
-1.113573044940749379e-01
-4.374330435589322136e-02
5.516711899315375478e-02
1.258367229121688802e-01
1.635560743580543597e-01
2.082899329370206942e-01
2.529748384201506162e-01
2.491167931928313650e-01
1.867847966050629194e-01
9.937080663853284368e-02
2.394514832529925571e-02
-8.807552467958475531e-03
2.133802363582987596e-02
1.261582056701313348e-01
2.745468044269677721e-01
3.908288529190260263e-01
4.368996182554849006e-01
4.199308122749632610e-01
3.537366609820247754e-01
2.545328109537458583e-01
1.310214571404984818e-01
-1.253254076596687847e-02
-1.642174508394343146e-01
-3.078788870925455168e-01
-4.334678004553548236e-01
-5.341784289671560604e-01
-5.986054894888228617e-01
-6.105010393585863504e-01
-5.421403318368602786e-01
-3.646324572431841049e-01
-1.150347214003937801e-01
1.247682990271132136e-01
3.191930510745061289e-01
4.612578670637263456e-01
5.414382326873438123e-01
5.510561726577263286e-01
4.957468206702484448e-01
3.961949109629211985e-01
2.625823367364610306e-01
9.706293120376015271e-02
-8.914420687077526106e-02
-2.797049192253974192e-01
-4.611984877670168848e-01
-6.193524353854927833e-01
-7.360068136156548979e-01
-8.056454573529372443e-01
-8.339222423829713016e-01
-7.964328251450681906e-01
-6.453551443316909442e-01
-3.840910729355497821e-01
-9.440393837861685289e-02
1.579281310534898786e-01
3.791547596019396726e-01
5.914417485242856598e-01
7.678108779911060333e-01
8.495948771278568623e-01
8.280578497476245303e-01
7.343585590216308301e-01
5.900049020131321598e-01
4.100074065571418513e-01
2.119207923497078427e-01
1.412300297651187739e-02
-1.689146158589317492e-01
-3.240750944930776978e-01
-4.322593856678237367e-01
-4.799459293307801744e-01
-4.675801720134398209e-01
-3.889543015270777726e-01
-2.311477026309085581e-01
-3.227958256664201220e-02
1.262934761419517438e-01
2.140317636710045157e-01
2.485265630306352502e-01
2.469096829219125377e-01
2.195902070287290286e-01
1.762257603757552138e-01
1.287272968689095742e-01
8.380525760698198656e-02
4.344756431748745401e-02
6.240653382514567415e-03
-2.912081617464776229e-02
-6.006048194689759395e-02
-8.536331764839660829e-02
-1.058756915427972595e-01
-1.187269241033155065e-01
-1.211641092254217567e-01
-1.168065635964320031e-01
-1.087531030958428513e-01
-9.572468787952892466e-02
-7.690301545234258518e-02
-5.191193051944140852e-02
-2.323264105366672563e-02
3.059053629749470399e-03
2.369021811628101853e-02
3.687608340960321640e-02
3.953053352305008206e-02
3.057175098586003420e-02
1.113436617585156566e-02
-1.235567820933668182e-02
-3.117544281329143879e-02
-4.061146262115568339e-02
-3.418270002332862711e-02
-1.018726531876688879e-02
2.294868574174654952e-02
5.878203185252110080e-02
9.457446766754504242e-02
1.269742976783489186e-01
1.533377563961111911e-01
1.702961789517779545e-01
1.724156265808076960e-01
1.570640180443412248e-01
1.294279582893708425e-01
9.899890438426618700e-02
6.605327818217358871e-02
2.300079800486331053e-02
-2.717061527096772955e-02
-7.305211532464869761e-02
-1.088056788542136055e-01
-1.330540188098374710e-01
-1.421930939627935042e-01
-1.390454551879464762e-01
-1.342396423141628825e-01
-1.337599789042296927e-01
-1.391383347453334363e-01
-1.476765253997450456e-01
-1.525372346804170220e-01
-1.547200667100747107e-01
-1.607324871921083087e-01
-1.621296124947296524e-01
-1.383396305636556411e-01
-7.054324580218680751e-02
5.934883809919067749e-02
2.150001732930320320e-01
3.060571439497735136e-01
3.022658255987850651e-01
2.346575717097978964e-01
1.340363962934790210e-01
2.155342202283362651e-02
-9.114399435114824144e-02
-1.920445335678767074e-01
-2.581273410107659538e-01
-2.598548663398890235e-01
-2.096702668849476092e-01
-1.558688436225353358e-01
-1.031731177108729386e-01
-3.311900423421706291e-02
2.815168252096290902e-02
4.041934600596434890e-02
1.014268073492666927e-02
-3.740482586184456365e-02
-9.004576871779838843e-02
-1.237558009123049529e-01
-1.123247223272259288e-01
-3.891781365996171971e-02
1.103627767931206760e-01
2.997816281116377768e-01
4.464972676362163329e-01
5.115529950702893958e-01
5.119324171459229689e-01
4.760289324035593128e-01
4.291928271013986662e-01
3.906502955231258567e-01
3.523593950465666591e-01
2.814260722240802814e-01
1.687450142082777549e-01
3.064717804348463664e-02
-1.203688405084860913e-01
-2.808696961479719700e-01
-4.467827513789270344e-01
-6.037007615812990391e-01
-7.293423098992363185e-01
-7.992340133300710470e-01
-7.879750561878817727e-01
-6.677067123777232771e-01
-4.481568899058565592e-01
-1.766951015204246966e-01
9.382101016640122249e-02
3.019987170522110964e-01
4.327263983096302224e-01
5.219051860902169659e-01
5.797393323389241626e-01
5.874656726136003870e-01
5.498894909774931783e-01
4.794803674674382177e-01
3.680595666289272483e-01
2.143943850638881377e-01
2.997443750492579523e-02
-1.728781335430019106e-01
-3.687020640353673162e-01
-5.229618900118665481e-01
-6.134164645235468116e-01
-6.189734914796883869e-01
-5.512888913099935895e-01
-4.584612386514851368e-01
-3.455419129874748307e-01
-1.788840418329832871e-01
2.452198343044385137e-02
2.023670448150160783e-01
3.499661281980002148e-01
5.092386092558148780e-01
6.607088633476774220e-01
7.340703492010317577e-01
7.112740616609175559e-01
6.197577014882553748e-01
4.788111608924205953e-01
3.015961237074314960e-01
1.006305453818630152e-01
-1.101673495425329191e-01
-3.139912777917152065e-01
-4.918358103057293151e-01
-6.264905434258009054e-01
-7.085187361254905447e-01
-7.491540676680052968e-01
-7.652579640775314385e-01
-7.433661289933372052e-01
-6.452554299086772360e-01
-4.628469678914134411e-01
-2.249794727678199324e-01
2.709961237895434222e-02
2.463007147727457880e-01
4.298377927701724222e-01
6.139770350449479386e-01
7.837170601941526593e-01
8.721705420914097617e-01
8.585792954795924414e-01
7.713956016405599803e-01
6.349816814409956489e-01
4.652313719812950499e-01
2.707621079551632004e-01
5.692512595456516999e-02
-1.680670511671181755e-01
-3.932353681539001444e-01
-6.046126762006751587e-01
-7.804567146214381745e-01
-8.936430017005649873e-01
-9.176931496369733487e-01
-8.245185624501498722e-01
-5.828491301477780606e-01
-2.076150725034187072e-01
1.820598255575727187e-01
4.577644356908063261e-01
6.008258595774804700e-01
6.509011399267565778e-01
6.378661289375454624e-01
5.847146951135880899e-01
5.141377975038041725e-01
4.344447395087494002e-01
3.379624406557169558e-01
2.241765293709539753e-01
1.020655848631191881e-01
-1.972317515324456191e-02
-1.350461419850260414e-01
-2.446810329457192734e-01
-3.524614359117306805e-01
-4.536949003783709022e-01
-5.382597442704635249e-01
-5.957092568819614131e-01
-6.092851944798101105e-01
-5.545650054422278652e-01
-4.054675178159992122e-01
-1.906195894256202672e-01
5.292729734009475086e-03
1.367996717235454018e-01
2.008729217330864625e-01
2.119116319680210969e-01
2.008106638597895732e-01
2.020510239028708854e-01
2.547231081141795306e-01
3.426629077392336908e-01
3.907412346487429411e-01
3.712171947994755139e-01
3.065914718368487057e-01
2.114753771910693192e-01
9.391314871945005693e-02
-3.401438963271661425e-02
-1.607440145122664976e-01
-2.743227131683440567e-01
-3.580695635145059730e-01
-3.927943673531460456e-01
-3.614282487091887153e-01
-2.612463044005331469e-01
-1.235684509031054756e-01
6.689191628284785890e-04
8.528527441212305216e-02
1.338608204715567018e-01
1.629469326181440803e-01
1.953645144069590944e-01
2.494334238496551670e-01
3.092542450068324622e-01
3.349324358644173438e-01
3.164106199689035726e-01
2.672988042334391579e-01
1.919243892408110108e-01
9.424304526816415506e-02
-9.224342374845539982e-03
-1.052640447195708762e-01
-1.924541493307672102e-01
-2.706150247325165292e-01
-3.381581463661306741e-01
-3.929935248763732347e-01
-4.314477390498285825e-01
-4.483088629018325277e-01
-4.353214679191818592e-01
-3.802293716150312308e-01
-2.642263089321835734e-01
-7.389540203321912082e-02
1.484433908508364097e-01
3.275044426196884739e-01
4.353785900710612777e-01
4.801612553995147081e-01
4.765933282594486675e-01
4.420718494264369580e-01
3.890888747577606610e-01
3.249236264265518703e-01
2.542318488190613013e-01
1.827442907008225981e-01
1.155114620349558391e-01
5.449457225218776180e-02
-1.100099451851827004e-03
-5.168708171446114580e-02
-9.911302777612035486e-02
-1.493084758737240336e-01
-2.047905453610987248e-01
-2.629830759144773933e-01
-3.235673449874440499e-01
-3.844702865743003795e-01
-4.348488653152638439e-01
-4.570180635761287302e-01
-4.415919741734307680e-01
-3.921292911798551217e-01
-3.015715593642220860e-01
-1.565279902221023700e-01
1.269586581372826074e-02
1.486647168335013258e-01
2.380282694284298339e-01
3.037486970536340536e-01
3.493387504003150346e-01
3.558885675324461872e-01
3.217836740403197116e-01
2.598232688669439572e-01
1.825938463035686465e-01
1.065001098291783188e-01
4.974633660797940504e-02
3.246596154214984736e-02
5.228277993005674140e-02
7.839591337266652027e-02
9.714746130941305513e-02
1.097936272052473655e-01
1.082120306448343949e-01
9.549301890349930211e-02
9.383170666873490162e-02
1.285600605144914810e-01
1.778639597304631503e-01
1.827289521751668810e-01
1.291878890079380393e-01
3.614926489595153558e-02
-8.206431005534360612e-02
-2.058176977748744640e-01
-3.082679315996312841e-01
-3.559202803964912620e-01
-3.522538878272432616e-01
-3.449062902671812259e-01
-3.440035550415701526e-01
-3.178479436720937357e-01
-2.722351652784293363e-01
-2.473306316773192792e-01
-2.229133060458907134e-01
-1.327281051205805029e-01
1.387165818635567767e-02
1.546054680955064042e-01
2.623624568747965347e-01
3.043733247373860418e-01
2.559895943395387730e-01
1.524363473016724924e-01
4.620301159114140188e-02
-1.987698578357480553e-02
-2.295943260311304746e-02
4.896657172278738590e-02
1.916252111460114982e-01
3.311067851620604907e-01
3.785288567099373003e-01
3.164438488524060622e-01
1.708178795255188287e-01
-1.833333037706889879e-02
-2.134899149683405217e-01
-3.931665696462938731e-01
-5.408262786541033762e-01
-6.374930451231902717e-01
-6.712174291061004938e-01
-6.370561147526130341e-01
-5.369825441605874383e-01
-3.837563438052951081e-01
-1.512333302459268058e-01
1.756734229867367714e-01
5.131282144434566872e-01
7.779901610833621639e-01
9.419861450381119550e-01
9.798256764040857991e-01
8.961334709354398242e-01
7.294308112984355663e-01
5.222541160124761772e-01
3.143225028312114921e-01
1.305227629304858972e-01
-2.722287568879577790e-02
-1.649370625451226369e-01
-2.721207543784602834e-01
-3.395863390253153757e-01
-3.720611072101972505e-01
-3.863731106764469736e-01
-4.045481870764463528e-01
-4.205437292989302467e-01
-4.231404945427015285e-01
-4.182846431290617728e-01
-3.904410453894349153e-01
-2.998044759732421127e-01
-1.219903534507185972e-01
9.053767588379631193e-02
2.455321013162555799e-01
3.267775924912049712e-01
3.610092296451242189e-01
3.406214256979189225e-01
2.503637775778924657e-01
1.042631544908710489e-01
-6.325176902324644579e-02
-2.308320326238624542e-01
-3.966676045198411216e-01
-5.464110475406037670e-01
-6.483301978567981294e-01
-6.723398143262390159e-01
-5.890699424264371764e-01
-4.154364272606410058e-01
-2.144560236185421298e-01
1.491895009889192790e-02
3.057816582432331121e-01
6.017311273219196899e-01
8.117787338049018420e-01
9.121308171661888231e-01
9.165019970484263867e-01
8.414678166524547365e-01
7.145490617326499816e-01
5.608643444182608295e-01
3.956659207529229505e-01
2.263046101624169026e-01
6.162291377751569210e-02
-8.358544778168561229e-02
-2.022056531696803106e-01
-2.967157273631260139e-01
-3.749678472701035714e-01
-4.409774167868497630e-01
-4.852122630148545945e-01
-5.010541348126535954e-01
-4.853878349807527748e-01
-4.259191226983485290e-01
-3.086779327383323279e-01
-1.368990938867674922e-01
5.537991933980586368e-02
2.245934833092057825e-01
3.439708281308540561e-01
4.032949986813380017e-01
4.021586613438610791e-01
3.514083507476716273e-01
2.637904707574367791e-01
1.433053664711029240e-01
-5.500577291872603761e-03
-1.703965100330617766e-01
-3.363797106117260571e-01
-4.947890705178838999e-01
-6.388525301080694163e-01
-7.560060224531569562e-01
-8.265982097046852273e-01
-8.347387503592255120e-01
-7.705969254532618606e-01
-6.103736446643752700e-01
-3.415474113931066258e-01
-2.404352931416513239e-02
2.533795611470729958e-01
4.647127512863323817e-01
6.288864902078330488e-01
7.440972021075500376e-01
7.845367615484880597e-01
7.610047393088014145e-01
7.032035721147973373e-01
6.111042043839406412e-01
4.850182209060383554e-01
3.392090569299611724e-01
1.871764784908625523e-01
3.747583223371065558e-02
-9.697413684462466432e-02
-2.011389177944122308e-01
-2.717770200917989931e-01
-3.106933168994870376e-01
-3.175253122273782314e-01
-2.909647096744508721e-01
-2.259741650016995618e-01
-1.154972457396965108e-01
1.524145318110066427e-02
1.129213018512501970e-01
1.599892713226705454e-01
1.684502246118108615e-01
1.497483713674502281e-01
1.168794371114599273e-01
7.852476148211627593e-02
3.842804229032526636e-02
4.315504720926437859e-04
-3.069527656582806893e-02
-5.392831087840585513e-02
-7.355753746664601966e-02
-9.373707052839454212e-02
-1.134919681727307866e-01
-1.279492606746744643e-01
-1.346073120535519474e-01
-1.355008027997175735e-01
-1.312023685500754711e-01
-1.190888548295878507e-01
-9.893008498315182531e-02
-7.191117757101335439e-02
-2.887244468124571667e-02
4.233565381456275839e-02
1.273158303809583114e-01
1.966906322241899208e-01
2.414662609005048255e-01
2.691012303807724382e-01
2.825815517388046150e-01
2.784423694036564645e-01
2.530985017691874117e-01
2.032312960572693894e-01
1.296804162716201914e-01
3.615946257888106447e-02
-7.331344465412684142e-02
-1.930745892943115105e-01
-3.153561142163268105e-01
-4.282577444701647362e-01
-5.174945252766518511e-01
-5.707155652570889970e-01
-5.898730982833274572e-01
-5.812595217442741991e-01
-5.397012843983124419e-01
-4.593418222550034735e-01
-3.329176976894050455e-01
-1.450779025173976333e-01
8.060827565340870915e-02
2.762768741961219021e-01
4.161975691767230146e-01
5.143834372998845605e-01
5.744013438494794954e-01
5.951989702823363704e-01
5.774278962840220242e-01
5.217112423989310743e-01
4.375126968918269244e-01
3.417965274156875011e-01
2.429210562996678424e-01
1.402131579732218691e-01
3.716881882692139177e-02
-5.709487214152846046e-02
-1.432220368607374783e-01
-2.292182705146970367e-01
-3.108520680296009697e-01
-3.751815388348127001e-01
-4.094305282331893725e-01
-3.974332866710283407e-01
-3.345956947423862626e-01
-2.302204594470388666e-01
-8.193100947566644976e-02
9.456775098374348154e-02
2.465254188860444284e-01
3.456203557009734917e-01
3.973130172757423084e-01
4.079467974361399296e-01
3.859197413776939145e-01
3.402159144641385136e-01
2.736768067199280008e-01
1.863943835069362398e-01
8.024441558951846132e-02
-4.175103124734824700e-02
-1.772204254105124999e-01
-3.234230846662776160e-01
-4.701427273187575029e-01
-5.985328359593985459e-01
-6.905631177702360457e-01
-7.300781896908310475e-01
-6.978075209263611134e-01
-5.691648982546351210e-01
-3.431888055751207145e-01
-4.441255260471471678e-02
3.094336116099322687e-01
6.537432036187699191e-01
8.935338238738410599e-01
1.004323967488848446e+00
1.009240248228977510e+00
9.294105137365822333e-01
7.831004165240015302e-01
5.893839287812704386e-01
3.685984153428485399e-01
1.359791717859682447e-01
-1.013623390582142209e-01
-3.414253409312113519e-01
-5.792353414742738016e-01
-8.044754977291532771e-01
-1.005999638118592276e+00
-1.169592421174731056e+00
-1.273080407830369243e+00
-1.289193248106021983e+00
-1.193190341322694303e+00
-9.559140666849962331e-01
-5.661779554940745696e-01
-1.006786519928193069e-01
3.420284353474832839e-01
7.402255223256459793e-01
1.056762963245038378e+00
1.223720402948817787e+00
1.239704217829193489e+00
1.147286707498859304e+00
9.859494877627940079e-01
7.899712140391720316e-01
5.833529962264202284e-01
3.789563238628127495e-01
1.853547163488711846e-01
9.303545365011878232e-03
-1.484346045175280460e-01
-2.918234220166722737e-01
-4.216143560934486612e-01
-5.346034879147768537e-01
-6.281387468934104268e-01
-6.943166078743432390e-01
-7.149707464046142213e-01
-6.683563133148119340e-01
-5.617310238114137100e-01
-4.307094976728349511e-01
-2.754043772836096693e-01
-8.877121937555995657e-02
8.774580079258738341e-02
2.217411880948664260e-01
3.330539307412166972e-01
4.329340372400152237e-01
4.933829690756093012e-01
5.041349603011632263e-01
4.792888286966986988e-01
4.310019586107192158e-01
3.656330407520649306e-01
2.856007095809218188e-01
1.970744481793536840e-01
1.076630767328482369e-01
2.402055660684749086e-02
-4.246706362943850760e-02
-8.188516736039055943e-02
-9.414506784321784172e-02
-8.410469622554030134e-02
-5.760553621217755216e-02
-2.539801484772004347e-02
-2.866476713220565686e-03
-3.317931496369733169e-04
-1.974389426935799913e-02
-5.456389968550350716e-02
-9.906066211816401401e-02
-1.516755670738941519e-01
-2.055298057788028654e-01
-2.503628399622674361e-01
-2.748567786801808244e-01
-2.846887197507892431e-01
-3.019050309043574409e-01
-3.271255233172053467e-01
-3.430844110531968694e-01
-3.491236845150635371e-01
-3.536140149504773955e-01
-3.401716821915803379e-01
-2.768412863669267865e-01
-1.481777664377407766e-01
5.094290014588961218e-02
3.081755457831785172e-01
5.456143803450426155e-01
6.762500044292556467e-01
6.878071784439148129e-01
6.059110607696384099e-01
4.578008972078633221e-01
2.754772314060672800e-01
9.084527953394158639e-02
-8.088994368208979324e-02
-2.383819091320686923e-01
-3.701010325812241208e-01
-4.528632359406183916e-01
-4.752093609346189074e-01
-4.401671046955590860e-01
-3.381044172820882321e-01
-1.583440271537759070e-01
6.684017358599185499e-02
2.870056279035084201e-01
4.652813635659137637e-01
5.675893909328566522e-01
5.913456598964610400e-01
5.626552539964526645e-01
5.049493033937484388e-01
4.262343778887495160e-01
3.199018982453878945e-01
1.889574916301200169e-01
4.656920960587641878e-02
-9.566993504048296182e-02
-2.326985968258473980e-01
-3.608299247406353549e-01
-4.673153480481742061e-01
-5.323694932706360960e-01
-5.562545515876309299e-01
-5.590123880197160888e-01
-5.352938831985105672e-01
-4.561064593761623431e-01
-3.376219517544982729e-01
-2.400931394626491799e-01
-1.695761332403006860e-01
-8.259211182493314540e-02
1.142749859691462311e-02
5.769683573824900547e-02
5.646959462546709274e-02
6.193729447263204846e-02
1.102689582632091214e-01
2.072949585348244361e-01
3.357044234779824055e-01
4.743824364396334592e-01
5.962219146717895324e-01
6.542668676449815424e-01
6.382015366072664175e-01
5.712636442100895717e-01
4.644191228222320222e-01
3.247512909204995912e-01
1.600848076803841336e-01
-2.390339995217951805e-02
-2.216161858669297435e-01
-4.243314753780768611e-01
-6.148129598078470037e-01
-7.684022396369878383e-01
-8.598714599408053827e-01
-8.631345450155891719e-01
-7.817042628530723736e-01
-6.471571118349690455e-01
-4.671135047161159570e-01
-2.216290597604305690e-01
8.911033966653342242e-02
3.952991099874981207e-01
6.048675554517364272e-01
6.852454781820910279e-01
6.665615421462043333e-01
6.030052276007280554e-01
5.176108570237373252e-01
4.004036137788837268e-01
2.497912692667700885e-01
7.203278212806840664e-02
-1.198454244389174361e-01
-2.946890542372245236e-01
-4.094247878937467555e-01
-4.259640592611317889e-01
-3.247976780722835466e-01
-1.513828636687247209e-01
-2.649331655007122754e-04
9.094811160567586872e-02
1.395908175126518436e-01
1.780892094885164756e-01
2.319133052516429705e-01
2.967655599339987793e-01
3.523063542557492434e-01
3.727352414951623505e-01
3.494775262022361551e-01
2.896703267033707285e-01
1.991282514556358685e-01
8.731501976308983504e-02
-3.456161195495893734e-02
-1.579472375892114755e-01
-2.786324208414601156e-01
-3.943951805336782246e-01
-4.962182972415016269e-01
-5.675947165892238910e-01
-5.933503649273107472e-01
-5.621226576663027608e-01
-4.661565066175442640e-01
-2.992617451061550526e-01
-8.676169139202462299e-02
1.155315272033491797e-01
2.977127557236369237e-01
4.957855727089497955e-01
6.937586968173731217e-01
8.176719545635927622e-01
8.435752055811824857e-01
7.965611950651489970e-01
6.907569584416847208e-01
5.359172619959855499e-01
3.430847137764480026e-01
1.222774066917922675e-01
-1.199367392991403380e-01
-3.807984472639576734e-01
-6.534253988207306962e-01
-9.199742194957122310e-01
-1.151643863823816449e+00
-1.312229581735439465e+00
-1.359355356667505621e+00
-1.244732918619894102e+00
-9.725741607597765404e-01
-5.953568396849578948e-01
-1.520479667638357235e-01
2.825650211983086191e-01
6.078850433853444368e-01
7.850005812100653291e-01
8.560387719076595348e-01
8.807075093329708171e-01
8.551330539100382433e-01
7.456633128390139920e-01
5.740167033687672005e-01
3.961562669261803338e-01
2.406273064109808180e-01
1.128446164717863270e-01
1.121327290683816341e-02
-7.277828200837926920e-02
-1.402330526409439060e-01
-1.823558375922521013e-01
-1.895938116068236479e-01
-1.536599219745559131e-01
-1.007493898776626595e-01
-8.643358407987966618e-02
-1.237385224733606320e-01
-1.859903322299507888e-01
-2.389544143758238204e-01
-2.401623113333763160e-01
-1.510766639771543574e-01
3.637946442852882378e-02
2.463743113679719432e-01
3.678227407268226390e-01
3.768791116557865251e-01
3.076184339240506382e-01
1.852037707455781446e-01
3.671732701426952405e-02
-1.065513526670894412e-01
-2.273532824690597809e-01
-3.213123307936633921e-01
-3.724512901691354183e-01
-3.614215515324950556e-01
-2.758280057281929931e-01
-9.244633003783978009e-02
1.733781357707956938e-01
4.260370364667758758e-01
5.834193805503510299e-01
6.388096057499976776e-01
6.170858565848702515e-01
5.408306001051863543e-01
4.216561786898098685e-01
2.653802834445598280e-01
7.898248271868035797e-02
-1.286932853071028615e-01
-3.438826412969241408e-01
-5.549914880551338747e-01
-7.522715384346956302e-01
-9.183229952586466904e-01
-1.040267451324993875e+00
-1.111392597218280098e+00
-1.110031679118733683e+00
-1.001229041140552445e+00
-7.591227811657510482e-01
-4.221331656986251346e-01
-6.730900087888604111e-02
2.870918557082975386e-01
6.096337517785287430e-01
8.236850872332770468e-01
9.195330470389868616e-01
9.365566726216070226e-01
9.014822742994298421e-01
8.289952658639225813e-01
7.281791952881255803e-01
6.095015354057637946e-01
4.802428741802442502e-01
3.441864178042514655e-01
2.076005511181322205e-01
8.195555320414690814e-02
-2.055570970289030686e-02
-9.513774929710687445e-02
-1.425482494868675343e-01
-1.660676886498390348e-01
-1.726627669833742384e-01
-1.676510371289615664e-01
-1.520893158689159697e-01
-1.276386015968088983e-01
-9.711513154899691080e-02
-6.470742345868860101e-02
-3.692452157263859808e-02
-1.891396203106231189e-02
-1.292156424913191298e-02
-2.252086019971137609e-02
-4.707611794319863097e-02
-7.462825102807571498e-02
-9.253872068312869736e-02
-1.112030198571342665e-01
-1.584197084781208409e-01
-2.383188301843507662e-01
-3.320690530707980925e-01
-4.299618899799640959e-01
-5.268384032376325354e-01
-5.988112971856671685e-01
-6.094765812992756215e-01
-5.603260502401309351e-01
-4.825412742509919695e-01
-3.612417374728940644e-01
-1.440141335800879108e-01
1.667744546606082789e-01
5.057739010074535635e-01
7.937839495761691566e-01
9.514014054402483156e-01
9.596363003607490949e-01
8.628294736297850154e-01
7.113865563618523291e-01
5.481290098076001538e-01
3.817680734040074797e-01
1.959656318033727029e-01
-6.672522900024994812e-03
-2.092284845490830214e-01
-4.004784415073792125e-01
-5.717077277956901238e-01
-6.989908667272700660e-01
-7.404425688904177072e-01
-6.904667358210130335e-01
-5.844504210592412763e-01
-4.265575626334438541e-01
-2.297843207609899241e-01
-3.731937802846443941e-02
1.585260091429137597e-01
3.672329322185420297e-01
5.682064584535183593e-01
7.266326550256031469e-01
7.723824271710818534e-01
6.855523083970385123e-01
5.127221383485510708e-01
2.922548506067738083e-01
5.004190252151714119e-02
-1.931017663552759278e-01
-4.175840733865971988e-01
-5.933251421847531848e-01
-6.830535180119792216e-01
-6.523509013797307299e-01
-5.120250591744562874e-01
-3.418362429650008139e-01
-2.034821636489134444e-01
-8.698843880168814768e-02
4.882687432277463963e-02
2.163477079162582084e-01
3.884234316222159866e-01
5.275184397599125274e-01
5.972240813790574698e-01
5.815587441730991625e-01
4.803162499879561342e-01
3.126366991802044248e-01
1.145151340862328726e-01
-7.797741788896685178e-02
-2.287119102455171804e-01
-3.103282955586103009e-01
-2.970060649797570673e-01
-1.918731208642185382e-01
-4.717733214341920944e-02
5.929427268175713889e-02
5.769732491175311173e-02
-5.502466599670986780e-02
-2.344250067831876172e-01
-4.395942551417605371e-01
-6.297603941755468560e-01
-7.538874444189179735e-01
-7.505272055193962233e-01
-5.938551796879985023e-01
-3.154407098108268359e-01
9.058597013810402304e-03
2.859117203960178100e-01
4.682979145443998403e-01
5.618976092511351883e-01
5.858545917405516557e-01
5.541179864802537880e-01
4.827320632658276267e-01
4.021476799809481917e-01
3.514522156172162903e-01
3.688778395156865342e-01
4.316600401937695231e-01
4.611811312303815136e-01
4.305571848764530030e-01
3.581751251822651305e-01
2.557847624024207622e-01
1.322865805437252462e-01
-5.836648337034941458e-03
-1.539630753768874982e-01
-3.085500333243887394e-01
-4.585774343683752252e-01
-5.813303455579268419e-01
-6.698168186333190999e-01
-7.372872108840980987e-01
-7.741977815414324837e-01
-7.411156446481867999e-01
-6.099441466456728689e-01
-4.177787084209995117e-01
-2.321062527319177060e-01
-6.062520260487698487e-02
1.298599198371152841e-01
3.245106259295394979e-01
4.681726301095507359e-01
5.417400302096803122e-01
5.446808013104191826e-01
4.818508390089458193e-01
3.802228435900921744e-01
2.721099456848675713e-01
1.850109137848721386e-01
1.352523581843401157e-01
1.186895853145968766e-01
1.206066143290249748e-01
1.424405655766032008e-01
1.899471585196221279e-01
2.458500183614833190e-01
2.781197197424277179e-01
2.708447317298298129e-01
2.242191440470175379e-01
1.409251740581634604e-01
2.745969257998306240e-02
-1.077550439939880256e-01
-2.560199594389210298e-01
-4.071259211292660996e-01
-5.505959420031449891e-01
-6.763268740767711673e-01
-7.708197365931680478e-01
-8.128893510861497917e-01
-7.874237178232643686e-01
-6.926591769531377230e-01
-5.147738551353795433e-01
-2.399832802672096643e-01
9.576329808150753353e-02
4.151206180365907272e-01
6.634295425163164728e-01
8.332062773025635805e-01
9.203350098696335690e-01
9.062906987410349613e-01
7.958069621024174145e-01
6.153686983079504902e-01
3.880295325955710473e-01
1.313774958013057548e-01
-1.422698282898007260e-01
-4.160710797393565863e-01
-6.616630587177376732e-01
-8.489848320283144290e-01
-9.507414518631174261e-01
-9.403164515879465224e-01
-8.063596288417983482e-01
-5.663697661142289563e-01
-2.338579836601927531e-01
1.704874298663022758e-01
5.480287466654594208e-01
7.914141984132823104e-01
8.905839019348575913e-01
8.824494606412429665e-01
7.920180324379268999e-01
6.431627029825504049e-01
4.629787716580918699e-01
2.743392312048535953e-01
9.772445334025700592e-02
-4.775639323660831742e-02
-1.656159912994616956e-01
-2.811857409655418860e-01
-4.050053040045965003e-01
-5.314303687545256505e-01
-6.509547475861633403e-01
-7.459433877786088019e-01
-7.942086247883202166e-01
-7.694156644652830890e-01
-6.435841891457105834e-01
-3.891773552278383064e-01
-3.401484600627853461e-02
3.227083752460295774e-01
6.020551981007369324e-01
7.700287317913876439e-01
8.304028034670957181e-01
8.101645689298907493e-01
7.279486076586849652e-01
6.028832118697883269e-01
4.580019982302558357e-01
3.091488572475575292e-01
1.649679117439529219e-01
2.987894881331974034e-02
-9.776210692366438249e-02
-2.190762453217341421e-01
-3.325216055083650701e-01
-4.377176669470893566e-01
-5.270986362153540217e-01
-5.851212927056461677e-01
-6.060909608541414917e-01
-5.905646063218188413e-01
-5.306739722486639721e-01
-4.163609425077121617e-01
-2.467758220243534695e-01
-2.458513445431068090e-02
2.235134694627319563e-01
4.450626523180524763e-01
6.057072632633997422e-01
6.892090711297004235e-01
6.999667783507935725e-01
6.537944338374817033e-01
5.626005472617903180e-01
4.403221884072982539e-01
2.932721446383065311e-01
1.234371127866002171e-01
-6.588419160824628140e-02
-2.650897824762349919e-01
-4.551322176511873319e-01
-6.189404153299488121e-01
-7.495994864554211823e-01
-8.454071980875104142e-01
-8.964768491371826187e-01
-8.780909776826770763e-01
-7.649627243153540590e-01
-5.379059102573816586e-01
-2.034261923234287062e-01
1.827393893107332745e-01
5.246979781777976193e-01
7.357183593241652941e-01
8.037838903332481522e-01
7.644785663619102500e-01
6.490501410208930899e-01
4.833330784007693892e-01
2.951774836423888271e-01
1.155625047027705465e-01
-3.959700865069423759e-02
-1.656099172155826305e-01
-2.449092558773565131e-01
-2.624277979269683536e-01
-2.395313290199665435e-01
-2.112228751325449516e-01
-1.807667712062197007e-01
-1.313578661660230185e-01
-5.081245798090967825e-02
7.230604482670940913e-02
2.150529367238619982e-01
3.146268083918335456e-01
3.448202171572385399e-01
3.248513169164476411e-01
2.783497786169470412e-01
2.214190298221889452e-01
1.606653468172979937e-01
9.807563278753365921e-02
3.667705463697654156e-02
-1.831956782831072744e-02
-6.822397003399932602e-02
-1.199685506307226479e-01
-1.752816094520726342e-01
-2.324221889822567222e-01
-2.957187388806035711e-01
-3.643113389239313604e-01
-4.236088105653630920e-01
-4.617404964096425424e-01
-4.687402249588161207e-01
-4.377772125980082252e-01
-3.686888921773486816e-01
-2.491287625554161056e-01
-6.571984783277011466e-02
1.437955546492720449e-01
3.076126169846444269e-01
4.020421608078740272e-01
4.426630757515469528e-01
4.400382076055439629e-01
4.055512019755137532e-01
3.530857328786216609e-01
2.915370572556101880e-01
2.276953643918683823e-01
1.694711717829794073e-01
1.225829734608578220e-01
8.653946459602866736e-02
5.550444002436060592e-02
2.620503861254297809e-02
-1.793143177014476508e-03
-2.989782264299953307e-02
-5.451615755707703986e-02
-6.835840691801162161e-02
-7.209386415141227911e-02
-7.531064238361093177e-02
-8.750209337589681668e-02
-1.083247739895017575e-01
-1.281477108591080327e-01
-1.395331793995311376e-01
-1.385439984835403482e-01
-1.224709936863489224e-01
-9.236259447066891282e-02
-4.705763553519413944e-02
1.688413077980390267e-02
8.437629938861641865e-02
1.219169218302797453e-01
1.132843227123273844e-01
6.379756970226915791e-02
-1.644073062322875395e-02
-1.141791428285753585e-01
-2.165075690188804081e-01
-3.123820839682664996e-01
-3.909596600532378452e-01
-4.381985840822231193e-01
-4.357180048177162757e-01
-3.622825752634119545e-01
-2.279573443525010901e-01
-7.783553870208016756e-02
7.706122136636449349e-02
2.624913005911434505e-01
4.516411716474915128e-01
5.658068575707155823e-01
5.819893550838888263e-01
5.282910053193232702e-01
4.222151128183242452e-01
2.784555246956993413e-01
1.183688336590134060e-01
-3.685167536166526064e-02
-1.738491317239385658e-01
-2.834538523188859238e-01
-3.509294813613777486e-01
-3.625451198429578414e-01
-3.279243496218256504e-01
-2.683989906816163784e-01
-1.826665545554830294e-01
-7.294208903123754195e-02
4.032327325506598892e-02
1.433051427262915234e-01
2.290485161985971740e-01
3.012895807158513239e-01
3.523268913983961248e-01
3.579814253654021727e-01
3.167691457071091787e-01
2.475286983856988532e-01
1.635419660133626552e-01
6.730659890026360892e-02
-3.658497256792080099e-02
-1.361642523655198223e-01
-2.207706314930809599e-01
-2.838339531167035634e-01
-3.197329926836188219e-01
-3.229458333813459148e-01
-2.882855848333639170e-01
-2.044660172242277474e-01
-7.416358843369397214e-02
