-2.972523682502749981e-02
-7.319694032739011008e-04
2.857376996164408961e-02
5.556337410869249122e-02
7.340702614394686853e-02
7.660573855118471553e-02
6.836040146949991236e-02
5.252249502582431034e-02
3.114901960115685001e-02
1.664529059316048609e-02
1.331779486125302114e-02
4.649320970032949120e-03
-1.309148001691629731e-02
-2.902491099268230193e-02
-3.780305130251326168e-02
-3.843133278403014497e-02
-3.386424192569457980e-02
-2.691501230820721874e-02
-1.656332641276514819e-02
-2.456420230969185575e-03
1.523164176906551155e-02
3.768121537316574537e-02
6.445186196162996928e-02
9.290970327830613829e-02
1.191249169534019520e-01
1.397701624572978418e-01
1.525645907766167153e-01
1.547965974845600945e-01
1.438374078190346461e-01
1.176247917944679977e-01
7.809747307505704450e-02
2.817050773340618042e-02
-3.225679489686217316e-02
-1.026654865323791133e-01
-1.835859652257183783e-01
-2.728614798621449289e-01
-3.584763568552739033e-01
-4.233897126014914969e-01
-4.498144325110696173e-01
-4.192844432634466045e-01
-3.514899762085051393e-01
-3.024338274374659408e-01
-2.876544304235557070e-01
-2.819503887773567308e-01
-2.562385600443735090e-01
-1.812527914512575000e-01
-3.391775136911232696e-02
1.543107891605220994e-01
3.043390815108921177e-01
3.782100671159497329e-01
3.788995715161224132e-01
3.225410870542725350e-01
2.304533055471081060e-01
1.202492763043289947e-01
1.631057621524616141e-02
-5.494826213192980507e-02
-7.779251492284067204e-02
-4.489139162066892869e-02
6.290971595828459551e-02
2.245110701368668860e-01
3.588388429036601379e-01
4.327958773169104933e-01
4.664308101399531892e-01
4.698196174578170292e-01
4.450217727700143122e-01
3.992632859973694881e-01
3.413271985536423525e-01
2.730304900489320952e-01
1.932891475789870195e-01
1.016289422776912865e-01
-6.796777926101893463e-05
-1.056676799651636717e-01
-2.094775326388429726e-01
-3.084413603182328822e-01
-3.947402629916108019e-01
-4.613355996305512075e-01
-5.098764638278932004e-01
-5.424757665002937213e-01
-5.555883835793248293e-01
-5.403454996870645788e-01
-4.854418914277089381e-01
-3.779167562509613276e-01
-2.023232032007778458e-01
-6.240807715066076788e-05
1.386372488158835459e-01
1.963663390280636634e-01
2.077838063741932195e-01
1.846454100253305808e-01
1.362495358965146175e-01
8.038720020210138317e-02
3.201825976764032661e-02
2.405942234575061955e-03
-1.561509206743361133e-05
3.240810147852509621e-02
1.099136976023921269e-01
2.111175435986528681e-01
2.822377060436750962e-01
3.045844195137513144e-01
2.932503538481703309e-01
2.576934787291567663e-01
2.046621854496399884e-01
1.446960487783376381e-01
8.444646193895231912e-02
2.459276246509471686e-02
-3.314034384777182762e-02
-8.434302183713596190e-02
-1.224745463565300035e-01
-1.479014163434811402e-01
-1.712693155032926629e-01
-1.998972787481699820e-01
-2.354848149804806834e-01
-2.762812629084119842e-01
-3.127014661802298146e-01
-3.337842068078263891e-01
-3.313334449208085730e-01
-2.949177942374731076e-01
-2.231234434453179538e-01
-1.220507350243918016e-01
1.559477893324428058e-02
1.688871551825733008e-01
2.818190918259073086e-01
3.370214464098592599e-01
3.499268832462796297e-01
3.297573245368496941e-01
2.877314987763242016e-01
2.393102826103769010e-01
1.910305372254067491e-01
1.421939706901247935e-01
9.399208646049078686e-02
4.735692701455394837e-02
1.829448141514482436e-03
-3.791462220642449754e-02
-6.690833351708201648e-02
-8.433634069508849640e-02
-8.579542517889424125e-02
-6.945562702629670682e-02
-4.228068857381356987e-02
-1.369653349172232984e-02
1.014108342664677906e-02
2.492523749572818706e-02
2.804661795330453192e-02
2.151361029038555486e-02
1.124599556320315073e-02
3.424140591206683432e-03
-1.484484796365960479e-03
-2.642629660493160670e-03
3.740071034511866649e-03
1.554231936208379586e-02
2.850275537440964332e-02
4.071837972399206668e-02
4.983084576861494808e-02
4.935650558635609059e-02
3.544826913196196666e-02
1.194863705093154177e-02
-2.004020640358370256e-02
-5.840920510131559357e-02
-9.625337311376133687e-02
-1.293383631692452962e-01
-1.549957959456494394e-01
-1.721842948347880875e-01
-1.872608678561131224e-01
-2.072770375023793854e-01
-2.270627476920531185e-01
-2.356833309566273571e-01
-2.245743451243230049e-01
-1.861932605078259473e-01
-1.286514166432124184e-01
-6.799066657908622857e-02
5.629371012873250410e-03
1.153427902489610885e-01
2.374875767640011459e-01
3.083893821720438688e-01
3.108445240945543198e-01
2.712733846689038275e-01
2.096999845706130627e-01
1.403893512999865312e-01
7.953268387421980057e-02
4.292078074281871491e-02
3.932380228779450843e-02
5.784054699572294123e-02
6.870839886883492453e-02
5.788844958758522508e-02
3.237856959857918909e-02
-2.026630090473881176e-03
-4.287079500424665485e-02
-8.459049063419891989e-02
-1.191133048742006179e-01
-1.367235372953298778e-01
-1.309665661738034503e-01
-1.047681996767320101e-01
-5.930507914487492815e-02
3.973360922077118218e-03
6.331917528488259506e-02
9.091457266314262320e-02
8.262092203941502622e-02
4.994244897336673483e-02
2.013743099849547163e-03
-5.562916543667445479e-02
-1.124140121600963743e-01
-1.513950414606405337e-01
-1.624332287834924227e-01
-1.417169418376638124e-01
-8.184479788831984515e-02
9.180649782779218976e-04
6.369583634554321083e-02
9.013660858248968843e-02
9.151452549594793484e-02
7.943533311784832518e-02
6.056090559675043894e-02
3.607550476979815013e-02
1.044432380242193807e-02
-7.926822300226878115e-03
-1.133357510924331776e-02
9.116384814889999175e-03
6.421604557261827162e-02
1.426078177398345248e-01
2.082973824957599362e-01
2.440122082270914095e-01
2.517271366127941112e-01
2.326716658527179238e-01
1.887351549903120707e-01
1.272608638357634603e-01
6.119560183161820016e-02
-1.922460594266497957e-03
-6.136090868996797038e-02
-1.173449700638538595e-01
-1.696358638676909170e-01
-2.156333563771371531e-01
-2.478705058447188414e-01
-2.687783536318752997e-01
-2.953026353859385944e-01
-3.357336459827849895e-01
-3.821502363922125722e-01
-4.194525585762114983e-01
-4.293219000989719203e-01
-3.892351925893985376e-01
-2.921361587448579877e-01
-1.532087740822583588e-01
2.547807039081937189e-02
2.198048115787859524e-01
3.644802999755242801e-01
4.351330787669883127e-01
4.493563452269962455e-01
4.246861762789633232e-01
3.798093287889773295e-01
3.279003103404315445e-01
2.735095423219907618e-01
2.186989852271561396e-01
1.651268881101997932e-01
1.175339458376440382e-01
8.020207954532397598e-02
4.932258698110322803e-02
2.016047661089741955e-02
-5.475860296300358310e-03
-2.208490898798818464e-02
-2.831182146458054855e-02
-2.651115804644123275e-02
-1.983070295248589784e-02
-1.389186444544933743e-02
-1.277391467493603494e-02
-1.731048846768067084e-02
-2.754544102018056245e-02
-4.480041620555524906e-02
-7.111592097054873773e-02
-1.062551923180841823e-01
-1.502024289374108423e-01
-2.048910774415455549e-01
-2.691223386552622499e-01
-3.332185798470725380e-01
-3.846157712766077319e-01
-4.137296950946462437e-01
-4.105608967337436854e-01
-3.641414257682332178e-01
-2.624274717063695417e-01
-9.216308436857827135e-02
1.119840993121630907e-01
2.691064648352680666e-01
3.508143845693184604e-01
3.762606289112722657e-01
3.584998858195009852e-01
3.099963931980960208e-01
2.434876340743327150e-01
1.706477464870187477e-01
1.018086873570805129e-01
4.125012812979421406e-02
-4.351307298627759244e-03
-1.926533122786155960e-02
-2.877465086690744051e-03
2.275488997015656656e-02
4.384342609532015239e-02
6.003414465153886909e-02
7.187523615969768076e-02
8.019233068766329353e-02
8.512706314653947781e-02
8.447645189287429635e-02
7.610381965961725281e-02
5.974238133991225524e-02
3.361047586491359984e-02
-7.597895013766405026e-03
-6.075260731105021350e-02
-1.078523096529689501e-01
-1.385371160762708387e-01
-1.535809043264866336e-01
-1.534676348732552653e-01
-1.407034232780409455e-01
-1.183066102512457946e-01
-8.727826068711874719e-02
-4.814948402045440140e-02
-8.668370690231071846e-03
2.098253338727922371e-02
4.200504323912240823e-02
5.636563310337577154e-02
6.120078220347265063e-02
5.791348867979959070e-02
4.492765170336072977e-02
1.542375173808851682e-02
-3.249457478045406078e-02
-8.992081292545725524e-02
-1.416599028784367442e-01
-1.771244982911456267e-01
-1.910018296924535786e-01
-1.769007485201616048e-01
-1.278119770377608710e-01
-3.584700574751155389e-02
8.175246939277711067e-02
1.783882857256317289e-01
2.339229180810870889e-01
2.556224604006855916e-01
2.481943661999816697e-01
2.155060547124800219e-01
1.626294098131698951e-01
9.827883394770228764e-02
3.208882055707224651e-02
-2.646950004861290187e-02
-6.734584821236637431e-02
-8.667747391742400276e-02
-8.726535831821853606e-02
-7.816766464828101002e-02
-6.999174333978271101e-02
-6.444971824559138363e-02
-5.787141206330488619e-02
-4.911159282005148757e-02
-3.915809634794423927e-02
-2.841080364708074152e-02
-1.675218963861054011e-02
-5.748895845599512680e-03
4.673267183343918219e-03
1.785018442845442282e-02
3.420359487122056480e-02
4.949021371073350495e-02
5.791540828422411108e-02
5.877059198106888288e-02
5.611146845219682627e-02
5.118637178718845465e-02
4.330178833399866978e-02
3.153186697465381466e-02
1.491683495733288345e-02
-5.780514177764544889e-03
-2.883901819891508331e-02
-5.233779700050709277e-02
-7.662665284293579404e-02
-1.035408925805176850e-01
-1.310433987806250422e-01
-1.543969721732644795e-01
-1.714389135826979438e-01
-1.828690876458285430e-01
-1.880164173835968955e-01
-1.822535193451773894e-01
-1.571000304240784129e-01
-1.018622053276872497e-01
-6.241578714498553435e-03
1.140590303788664162e-01
2.152933086253393524e-01
2.751559831070763407e-01
2.985242612237457571e-01
2.928274380291707724e-01
2.636186741578184223e-01
2.151561930270084744e-01
1.565001776329929539e-01
1.006722462928287265e-01
5.219639400010278596e-02
7.195225623093926687e-03
-3.650768394741428502e-02
-7.537782938906691099e-02
-1.037071053318799896e-01
-1.210995708804453175e-01
-1.296911804973434612e-01
-1.309451546509019793e-01
-1.290204342747693633e-01
-1.265750653552393523e-01
-1.218907123442757173e-01
-1.114648549790550336e-01
-9.258233721116437831e-02
-6.598770591843079736e-02
-3.218355078173041478e-02
5.950113111755281174e-03
4.038752391453828694e-02
6.824870384627486353e-02
9.327474957931269905e-02
1.167980668789220522e-01
1.360273140462537056e-01
1.481621162903669908e-01
1.518054933656347305e-01
1.471436723310531047e-01
1.321586156597216177e-01
1.019691242803733577e-01
5.550188121958782306e-02
-5.208514886996095522e-05
-5.390007622231132028e-02
-1.014169987773261561e-01
-1.411867773866556930e-01
-1.650351783073467360e-01
-1.657898395253874224e-01
-1.496010340664558624e-01
-1.259509586787851132e-01
-9.919013699544843021e-02
-7.223001807490922466e-02
-4.771145639370365926e-02
-2.886445602037659638e-02
-1.447073145348550666e-02
2.891535941586081439e-03
2.175182601092285478e-02
3.144115513008567675e-02
3.265262104945873545e-02
3.507260859971254863e-02
4.061322725133351824e-02
4.601233209491287918e-02
4.974388661275219725e-02
5.188327422647961290e-02
5.436606894801201961e-02
5.796938380899172016e-02
5.920165534082643538e-02
5.183020205132731623e-02
3.113679985705299080e-02
-1.416795382515670387e-05
-2.933262031456354904e-02
-4.349110781898760103e-02
-3.774238219843074893e-02
-1.851306336145790155e-02
3.602378829027006596e-03
2.209234681114596865e-02
3.246876774788520076e-02
3.224414112828175027e-02
2.387770892115476454e-02
1.012142571529407037e-02
-9.425842809111580067e-03
-3.087057576652087881e-02
-4.505190087777685010e-02
-4.813132240144506885e-02
-4.221007523114719134e-02
-3.142914824835221083e-02
-1.967075742680730877e-02
-1.047832855114436308e-02
-7.885212180947063706e-03
-1.054416558300846907e-02
-1.209546687071073531e-02
-1.010691888934353577e-02
-6.657827059524255159e-03
-6.220097748445771457e-04
1.096724692391045503e-02
2.647434596937824069e-02
4.164015931270149962e-02
5.422189299995895662e-02
6.424701126240034421e-02
7.112569537940781339e-02
7.319520248787525496e-02
7.016887557212428406e-02
6.482399744593411728e-02
6.028990773847403561e-02
5.643497990026620503e-02
5.239771958517348838e-02
4.989920092739394408e-02
4.856102088309114523e-02
4.377346865614825666e-02
3.378865351404455875e-02
2.246888668075760695e-02
1.204607529552767509e-02
-1.293324634546448582e-03
-1.948151565867323187e-02
-3.541008972790672671e-02
-5.055974735147201332e-02
-8.159899549086607751e-02
-1.317641566423191635e-01
-1.870512288401227630e-01
-2.334981902834650791e-01
-2.599714529982942723e-01
-2.682887825188083331e-01
-2.699357049671935460e-01
-2.593413592443078453e-01
-2.157430876786906593e-01
-1.182959982209545180e-01
1.236379190244918727e-02
1.138701556469468301e-01
1.631976371875974718e-01
1.770505783900116481e-01
1.707743142989786855e-01
1.615774953402809022e-01
1.671988310079797480e-01
2.002181848998767499e-01
2.457336563191176992e-01
2.659350048534017685e-01
2.498400321668244606e-01
2.087681634132455832e-01
1.498613609211125186e-01
7.661673469265671554e-02
-1.110287193553592677e-02
-1.105904095972134460e-01
-2.109936310678978133e-01
-2.982734973385503530e-01
-3.645374494734043291e-01
-4.069013588609000642e-01
-4.152097617083339576e-01
-3.752784607143046514e-01
-2.768957303467484699e-01
-1.079409640151797189e-01
1.016889526198473115e-01
2.761384085273886346e-01
3.843983296484263512e-01
4.402798456018462980e-01
4.534436863710440413e-01
4.328203184793616431e-01
3.917639852883486595e-01
3.403932834300467114e-01
2.794394864913328225e-01
2.089539906310087514e-01
1.340324083590298254e-01
5.975121123409575519e-02
-1.000978316581242755e-02
-7.311328346576817516e-02
-1.295158082280218892e-01
-1.774113000198140333e-01
-2.139148881364756338e-01
-2.386874895205453595e-01
-2.543115582845389966e-01
-2.618434696848104259e-01
-2.568860309153448984e-01
-2.313966660063399294e-01
-1.734253828070354275e-01
-6.616923090439350008e-02
7.057665736424506564e-02
1.727691622579163311e-01
2.072891722019396532e-01
1.812870147869763138e-01
1.045378786159465861e-01
-1.280365343777720849e-02
-1.571722896058841412e-01
-3.108988158891073939e-01
-4.474434746616561265e-01
-5.317498487808199892e-01
-5.297881734907751161e-01
-4.083547423102770746e-01
-1.971294573898400293e-01
6.569206644475043821e-03
1.414111441027445237e-01
1.884634845190585051e-01
1.568388768294615987e-01
8.023492513029642503e-02
-7.602690735209693962e-03
-7.101379193001687573e-02
-7.179634216013540404e-02
-3.379444737760209372e-03
1.038406875755015363e-01
2.419121887220553324e-01
3.865095214843885518e-01
4.708382406921082786e-01
4.762918281092802797e-01
4.318348358408123366e-01
3.596466037323938769e-01
2.725879664163646798e-01
1.838571780910869535e-01
1.041084000090764239e-01
3.437553045455737921e-02
-2.393634948917423844e-02
-6.679112089299743538e-02
-9.428188880790905335e-02
-1.056088122198769186e-01
-1.008710638154566019e-01
-8.528823471104551857e-02
-6.278786229257440898e-02
-3.522380375665974672e-02
-7.518564152087181540e-03
1.235050989243591940e-02
2.056153952287583311e-02
2.150302313671306406e-02
1.831093865749341618e-02
9.686513685970007254e-03
-1.125736849706267598e-02
-5.655955572612030718e-02
-1.196961388027767276e-01
-1.786155352205588132e-01
-2.250226687731559649e-01
-2.627803867802550597e-01
-2.925917628512293422e-01
-3.101324632773893586e-01
-3.101024753582266591e-01
-2.858005074164223225e-01
-2.305354495440515850e-01
-1.367533755991348632e-01
4.959777431922244781e-03
1.653391428487149817e-01
2.798383272600442617e-01
3.253394458865948025e-01
3.184972195582972398e-01
2.780074052142508800e-01
2.223982085510212703e-01
1.664306007348565486e-01
1.199788386225066200e-01
8.805429485689850178e-02
7.128518841302766695e-02
6.933838125338315228e-02
8.241428669515922512e-02
9.858010318887486245e-02
9.655452514261952945e-02
7.273226988728619113e-02
3.516842416386101178e-02
-1.373857635049437198e-02
-7.443884555508133161e-02
-1.472947115277236929e-01
-2.301370422589608666e-01
-3.150971926382455379e-01
-3.899631280709426884e-01
-4.420939622083290832e-01
-4.559046275936409764e-01
-4.092439868894421351e-01
-2.886343713881511230e-01
-9.932830634261000102e-02
1.331323990111321631e-01
3.464273919459262552e-01
4.800102233742049584e-01
5.328515800202479058e-01
5.359160274835449433e-01
5.079636742505009295e-01
4.607753029436892911e-01
4.057032433133750393e-01
3.443087418532697064e-01
2.703266822919646595e-01
1.789930849353716102e-01
7.209467604987251921e-02
-4.702453214789018704e-02
-1.793562141668994803e-01
-3.193044709427330097e-01
-4.497811485018476940e-01
-5.545368344543085692e-01
-6.234430914650677114e-01
-6.438948172629914701e-01
-5.989150521490391732e-01
-4.709280604226987466e-01
-2.930766728866500137e-01
-1.557705928044517962e-01
-9.519625734240823312e-02
-7.583654478066820248e-02
-5.066185931458316166e-02
4.111830395542095951e-04
4.135845997151935821e-02
2.863182925414017865e-02
-2.944454965582143924e-02
-8.431864306909585272e-02
-7.228095543108239984e-02
5.696108214084999455e-02
2.673217681066515361e-01
4.561906971073918515e-01
5.716607654483465417e-01
6.136658266404723117e-01
5.918141801052765327e-01
5.215730731712823198e-01
4.188289347758655801e-01
3.008116468113891662e-01
1.829249790565281031e-01
7.569160059173747623e-02
-1.277741004148677875e-02
-7.114879578176282193e-02
-9.583257978891683571e-02
-9.882896609831888501e-02
-9.010819980420306519e-02
-7.273697078408723760e-02
-5.376550916272228309e-02
-3.986052404316206554e-02
-2.929029835757818861e-02
-1.886028679433381094e-02
-1.423526718211699099e-02
-2.111018009613695873e-02
-3.714440710546284413e-02
-6.090768529156274230e-02
-9.344321827362900290e-02
-1.347159434661938660e-01
-1.856476789119457793e-01
-2.432704415167344092e-01
-2.948954165186433163e-01
-3.298032640374627955e-01
-3.463915475514122155e-01
-3.424868742196043314e-01
-3.117901727546901758e-01
-2.456436024340628022e-01
-1.309815187461789154e-01
6.543611251835862452e-03
1.072167081694857527e-01
1.618531404155119369e-01
1.932144062887359293e-01
2.104107362403265791e-01
2.194574569289768629e-01
2.269869301729908473e-01
2.456824217910147934e-01
2.757599000861882810e-01
2.930186198810690867e-01
2.846448696989847260e-01
2.573941825810725503e-01
2.154238368854556052e-01
1.548287246411262363e-01
6.932209729030723577e-02
-3.489656839061244104e-02
-1.408894219208738363e-01
-2.374327621338341854e-01
-3.183446204729420970e-01
-3.771493753971741913e-01
-4.110393539802825735e-01
-4.205912562810528166e-01
-3.982503206257201889e-01
-3.160400236037148036e-01
-1.445941398189893867e-01
7.653271941326417194e-02
2.567531837946489537e-01
3.615432940518542027e-01
4.050060834698971379e-01
4.004015296511255761e-01
3.590615170853152516e-01
2.931266612783834935e-01
2.182846372602148532e-01
1.459877412447166123e-01
8.087971394576790041e-02
2.542653673171740153e-02
-1.830775147981093809e-02
-4.600242359270143716e-02
-5.540341356647273535e-02
-4.557908269069689544e-02
-2.810572681053016830e-02
-3.272549604714473925e-02
-7.388174158038932071e-02
-1.439328075460654943e-01
-2.312474210514736672e-01
-3.250181442092638373e-01
-4.086909341738584889e-01
-4.545459862554021013e-01
-4.356041611885552167e-01
-3.671222268368820596e-01
-2.996988845156635661e-01
-2.454288975161072750e-01
-1.809004312353930388e-01
-8.565444001854378986e-02
6.095703913798634910e-02
2.346436810936242678e-01
3.638005815490076289e-01
4.222440518205051729e-01
4.285673904537731227e-01
4.031451276757406776e-01
3.676120032267040649e-01
3.296547167466868933e-01
2.824738106710995567e-01
2.241074115646074505e-01
1.594032081929572520e-01
9.472060017131270215e-02
3.628986677498990260e-02
-1.243778258876771653e-02
-4.892552815747620854e-02
-7.036754061225289347e-02
-7.728083141113489818e-02
-7.393974098814665163e-02
-6.370404865727463672e-02
-5.115972000782316453e-02
-4.186658965610773331e-02
-3.834616468140356060e-02
-4.098094449047472165e-02
-4.572345565202060036e-02
-4.654974197746590547e-02
-4.198476630805316606e-02
-3.367244848137232460e-02
-2.516697318706187167e-02
-2.117173128316784253e-02
-2.629338610390826586e-02
-4.114669599454243154e-02
-5.780071066901559806e-02
-6.690997415680291494e-02
-6.645841654984871449e-02
-5.906532355181989824e-02
-4.714100956143198878e-02
-3.139757142097122922e-02
-1.135411619351851288e-02
1.140968267263329887e-02
3.233295516778360301e-02
4.429789428269925028e-02
4.105209423808030278e-02
2.111819447719497089e-02
-9.779475739452070035e-03
-4.076706791607580260e-02
-6.451339224579967502e-02
-8.080041033960266850e-02
-9.212140350859342186e-02
-9.859890684905697755e-02
-1.004151325879053952e-01
-9.909144241900064154e-02
-9.244424147422275473e-02
-7.426486123233751180e-02
-3.854717001295681483e-02
2.145962496204444070e-02
9.671686812352932316e-02
1.575697930963959603e-01
1.877061722087355611e-01
1.894255516353010316e-01
1.661274941326861265e-01
1.236594681788806549e-01
7.354739536216686746e-02
2.428150435136755547e-02
-2.026527627760156547e-02
-5.614137933067941261e-02
-8.037601088199886057e-02
-8.838628247770592694e-02
-8.178933363073634388e-02
-7.169592709288429011e-02
-6.300704956099455190e-02
-5.160849813506765416e-02
-3.237978012785985849e-02
-5.660201826896043946e-03
2.220966243667684553e-02
4.694947164671053191e-02
6.880957165158055333e-02
8.647783492688043694e-02
9.432809775820699683e-02
9.061172735369074638e-02
8.128586738628421071e-02
6.954139125307465252e-02
5.517185927268938167e-02
4.127642291505206895e-02
3.017428980099765706e-02
2.071894058022773211e-02
9.529306820861506780e-03
-5.571715233677316734e-03
-2.485700626428904991e-02
-4.897799916908061879e-02
-7.613297815665026613e-02
-1.082889935195914116e-01
-1.445225872451989246e-01
-1.714481724983959732e-01
-1.777208932709233857e-01
-1.567386524673258508e-01
-1.047984653065873600e-01
-3.654471376458207771e-02
2.004915794721096392e-02
5.508973271988385628e-02
7.515301107438794592e-02
8.456911211329529166e-02
8.454079446918014162e-02
7.406991512774763198e-02
5.586578921095920747e-02
3.952347717754396694e-02
3.164261391822370539e-02
3.313354803157072398e-02
4.444361036831108447e-02
6.370872486263669254e-02
8.397818250487365521e-02
9.847891563238420076e-02
1.058925915942949270e-01
1.068708137568654820e-01
1.019061323336726693e-01
9.109894905993998204e-02
7.414926416433478829e-02
5.077221133561571342e-02
2.052030329282685667e-02
-1.395606013657696431e-02
-4.935478875424198497e-02
-8.664052034621752552e-02
-1.266123781598574582e-01
-1.669125272842413299e-01
-2.050528995628549955e-01
-2.405889470232236982e-01
-2.738577968491228698e-01
-3.032457829267147242e-01
-3.230417764185527507e-01
-3.205193107420246101e-01
-2.794903483910500808e-01
-1.851342469262206303e-01
-1.522515885337655597e-02
2.069579022470409979e-01
3.986087769233929157e-01
5.154004892912805724e-01
5.571542274827897545e-01
5.307673300490671764e-01
4.534035595280966890e-01
3.427580291170142512e-01
2.107268810084876320e-01
6.983304828594114055e-02
-6.470165314254644473e-02
-1.855369907058375123e-01
-2.897525417249122714e-01
-3.695826835000521338e-01
-4.194538837242126061e-01
-4.400264367640610574e-01
-4.286365963926468958e-01
-3.758110492731382424e-01
-2.714336044748545396e-01
-1.070808573875299818e-01
8.673727676793636931e-02
2.405124247930090498e-01
3.242930911104169867e-01
3.491534462207354084e-01
3.306184059700569833e-01
2.863276462758825858e-01
2.294066837356449340e-01
1.695682026235911244e-01
1.144284487880354861e-01
6.471512883026521445e-02
1.544155187778019703e-02
-3.760345685270730098e-02
-9.127600513831292395e-02
-1.370450381624883640e-01
-1.686096100445644841e-01
-1.823697371967279990e-01
-1.769070846750468440e-01
-1.579518672841343507e-01
-1.354775420927188390e-01
-1.120557754079081342e-01
-8.267141333241991019e-02
-4.479285766316839362e-02
-1.255439299261565736e-03
4.511911678509828577e-02
8.655331540092270348e-02
1.143302531100490738e-01
1.319672520683498051e-01
1.458994180320895284e-01
1.578254768618808646e-01
1.679740823060239807e-01
1.738315081876994073e-01
1.709047601050694976e-01
1.559470027882937371e-01
1.265658761938629751e-01
8.032060286353763512e-02
1.854951210817176385e-02
-4.788628300288378520e-02
-1.063162911942281685e-01
-1.549988437450200152e-01
-1.971277790621652481e-01
-2.337044404160847633e-01
-2.639053956605587059e-01
-2.807829451607624649e-01
-2.760313727937381278e-01
-2.483562572428906212e-01
-2.016937726113544604e-01
-1.394826245720549585e-01
-5.671115830282942583e-02
4.030583405669979635e-02
1.250351354911264090e-01
1.852569680910127470e-01
2.244579143571076851e-01
2.428777054977160343e-01
2.396341627651188411e-01
2.178338783465121609e-01
1.819669872853189041e-01
1.355177326744526345e-01
8.094615614446809548e-02
1.781529370532070750e-02
-5.124465144966620228e-02
-1.100331699117519935e-01
-1.396999300573191771e-01
-1.388796299735737261e-01
-1.233957848416925296e-01
-1.095181120615427578e-01
-9.713162125232480126e-02
-7.960946287261436161e-02
-6.023319589338774899e-02
-4.442636703132213372e-02
-2.778302968571574882e-02
-3.581626901119901868e-03
2.599099168866364495e-02
5.166494204789167516e-02
6.764604543930551050e-02
7.482198437520766465e-02
7.476376156532443806e-02
7.205364386444174096e-02
7.269043662371670045e-02
7.821790368263656368e-02
8.704266344225249086e-02
9.691428882045328985e-02
1.079186715972262622e-01
1.211943708998219488e-01
1.363235390754023446e-01
1.494074413541551516e-01
1.502585282128095778e-01
1.286486059714487817e-01
8.922288321129528965e-02
4.672956867682164644e-02
5.755824049747771537e-03
-3.662262518699346825e-02
-8.023456128688905009e-02
-1.189197950611114163e-01
-1.487351345159594329e-01
-1.735293290068066208e-01
-1.954012955668160967e-01
-2.103332048822623979e-01
-2.096627606774375541e-01
-1.845843990192961859e-01
-1.295856211806976632e-01
-6.190458272921174621e-02
-1.607702242603694862e-02
4.886277629399266714e-04
1.658817849742411782e-03
-3.588726950073551497e-04
7.547793588578932678e-03
3.879013850455535761e-02
1.056691405012721019e-01
1.808797968396957112e-01
2.012823941630618729e-01
1.475892605981134198e-01
4.179946820998183682e-02
-8.975238961586429198e-02
-2.161596798246417372e-01
-3.074995051100951615e-01
-3.390191299042984996e-01
-3.021310739333473716e-01
-1.968525925306009450e-01
-5.213019712122596294e-03
2.725191743132727717e-01
5.499893953942507352e-01
7.128025484718510940e-01
7.263484276235614434e-01
6.157428150929532551e-01
4.102715737482359737e-01
1.371759326631863396e-01
-1.727691530227139782e-01
-4.860877265148952353e-01
-7.743424828889413636e-01
-1.008473602495259858e+00
-1.156739234815028494e+00
-1.186334491579817074e+00
-1.069890184722461335e+00
-8.296519021541265415e-01
-5.012003699004046187e-01
-7.602579030734518684e-02
4.118162030421592679e-01
8.433708867710790757e-01
1.124335477857180354e+00
1.246004632587849770e+00
1.232459653268932254e+00
1.112823555078466198e+00
9.235742091103761320e-01
7.010373707826442757e-01
4.642737521567011361e-01
2.206434676460088673e-01
-8.432338999124096984e-03
-1.957711521060284121e-01
-3.248592074849808720e-01
-3.910149852844639895e-01
-4.119975977394721989e-01
-4.242722355166558268e-01
-4.463609814520083097e-01
-4.710383122083107721e-01
-4.783646160910260958e-01
-4.458705409110651496e-01
-3.717146328736603555e-01
-2.713458295048678526e-01
-1.620525521255352930e-01
-6.242463448359822364e-02
3.114317442693386936e-02
1.257481957557120555e-01
2.074330028854529107e-01
2.674564850596632404e-01
2.956069972509060007e-01
2.824021734604615919e-01
2.422372536101167761e-01
1.841588136657484331e-01
1.024773411127744560e-01
1.250029358541474359e-02
-6.013276729212832517e-02
-1.109964123766094407e-01
-1.554735710289583683e-01
-1.993748444990271207e-01
-2.323083498202448416e-01
-2.455291391736029449e-01
-2.372290700316555534e-01
-2.047295559123994968e-01
-1.350979465655809397e-01
-1.306365063802258572e-02
1.344686406938656598e-01
2.432108466866301777e-01
2.910485421426331487e-01
2.987141814594621581e-01
2.858413218259214239e-01
2.623886461741188891e-01
2.331794311676255449e-01
1.997110796935321897e-01
1.576704327741000056e-01
1.063765590270917133e-01
4.746389970850917184e-02
-2.247416489969031317e-02
-9.958566433323048916e-02
-1.698714486105985799e-01
-2.241325847895040413e-01
-2.602068218351679674e-01
-2.788436457439299465e-01
-2.793126423033180372e-01
-2.551923989540214599e-01
-2.097011941977759697e-01
-1.601900961605619844e-01
-1.113509399006282208e-01
-5.131679778952875914e-02
3.474229195497651607e-02
1.339112982081080705e-01
2.027240907627548827e-01
2.239020054170224039e-01
2.045715333799076052e-01
1.472386695693036762e-01
6.196664207647512718e-02
-3.228324183110869994e-02
-1.194315126080578576e-01
-1.881954564419408837e-01
-2.254451933183991841e-01
-2.054025697268117012e-01
-9.852464174151974452e-02
5.650237921636563909e-02
1.710180421360200653e-01
2.267483397090980235e-01
2.513386615952611369e-01
2.547615415634081892e-01
2.408367356156120298e-01
2.126732433983991311e-01
1.743231850170328667e-01
1.291539316916309743e-01
7.747573897403986498e-02
1.711520394520917726e-02
-5.386195170871744403e-02
-1.296586098229141060e-01
-2.028738728303791372e-01
-2.702998965374603380e-01
-3.244397821381839186e-01
-3.569532928489623780e-01
-3.688991871043541537e-01
-3.678063252266221550e-01
-3.510640947659435240e-01
-3.045009947324117117e-01
-2.217438308676240311e-01
-1.037720414850026862e-01
6.224674664585808093e-02
2.509114019812888619e-01
3.870335863269631638e-01
4.452040763043208504e-01
4.461289924952964725e-01
4.051168038146810702e-01
3.374501697822955282e-01
2.603577473145588517e-01
1.853483302986027315e-01
1.185870146399958386e-01
6.365857649457715151e-02
2.244493881484084519e-02
2.998671174678321782e-03
2.838443025252081198e-03
-9.117226984147290547e-04
-2.088030286167582433e-02
-5.168602528879390895e-02
-8.668526265891272897e-02
-1.213559085875772908e-01
-1.502553175071800196e-01
-1.671859114995673801e-01
-1.674025367168931466e-01
-1.523519743798998904e-01
-1.258508816506475614e-01
-8.413511527973152604e-02
-3.572969689442961200e-02
-4.721594695358173784e-03
2.769657636749693792e-03
-4.340313288761835780e-03
-2.079443810212050492e-02
-4.102363943666826468e-02
-6.114536273412628231e-02
-7.884422255851070149e-02
-8.555662075036567227e-02
-7.393738382175925328e-02
-3.998571939648402213e-02
2.517316376053483490e-02
1.072983911635822657e-01
1.626881361047639307e-01
1.713771769990659610e-01
1.439186120943402591e-01
9.410368450249055605e-02
3.187449925795585171e-02
-3.344686810710096464e-02
-8.934540385676666141e-02
-1.225497251911115693e-01
-1.166092832304984894e-01
-5.307636322722037586e-02
8.070417869205970263e-02
2.494715049435088094e-01
3.779485158666561762e-01
4.372417656854638013e-01
4.413300951255983429e-01
4.021823896916513208e-01
3.274477188380833792e-01
2.208851627822709662e-01
8.663771436343029042e-02
-6.856963640182965614e-02
-2.352932543481464078e-01
-4.019410170575287156e-01
-5.583478564326188609e-01
-6.991343568645894679e-01
-8.180604790963236228e-01
-8.997207777881940372e-01
-9.225362555228667771e-01
-8.609746884518546528e-01
-7.044416222644463987e-01
-4.721316160195743739e-01
-2.102965731586538267e-01
3.460496581338434741e-02
2.547837939185930156e-01
4.537485023589402644e-01
6.401901623869930003e-01
8.018203662019376399e-01
8.834049182754396545e-01
8.725255193077808835e-01
8.040074308508164957e-01
7.077729160152930188e-01
6.002254230236363508e-01
4.847108250630155490e-01
3.611453153034364094e-01
2.286119887337441370e-01
8.986583001311956864e-02
-4.365385800813724460e-02
-1.607618966976582242e-01
-2.594099775188868362e-01
-3.435109981959523218e-01
-4.117197561684778351e-01
-4.566252777713588062e-01
-4.725359710659636781e-01
-4.575923707671277207e-01
-4.005277258645219551e-01
-3.050316220712105952e-01
-2.084476537299034260e-01
-1.272151414409310732e-01
-5.280341746219673754e-02
1.889390362209015031e-02
8.257617790119010925e-02
1.268658022938543017e-01
1.528272644741947850e-01
1.682761157899180793e-01
1.763821490271758607e-01
1.766409601166810117e-01
1.671155287666376554e-01
1.491648512927044590e-01
1.252893324668762909e-01
1.004659944080620870e-01
8.017667606822830029e-02
6.062225032070323733e-02
4.070323876584205219e-02
2.684233862632728201e-02
2.215736308987221667e-02
2.812358782982134556e-02
4.101513513471270050e-02
5.272116110991069415e-02
5.558777578147981735e-02
4.413443334552399899e-02
1.751972285300753412e-02
-2.075076532272687041e-02
-6.088867215458055454e-02
-9.401124498882973413e-02
-1.208562679012838426e-01
-1.488943472530737111e-01
-1.847062409470239253e-01
-2.321417423694952520e-01
-2.927577694942980480e-01
-3.607880485333491150e-01
-4.237361560968814778e-01
-4.662635975976577862e-01
-4.713794259500286854e-01
-4.209703215010632271e-01
-2.952796321999755502e-01
-8.458220053005019445e-02
1.621692061176191746e-01
3.562297113419650718e-01
4.649827268904660471e-01
5.047240884351356094e-01
4.911461587517201854e-01
4.402782335382519063e-01
3.680307131978093338e-01
2.861166115911782382e-01
2.047598698829564690e-01
1.323780562583475040e-01
7.466583208580279685e-02
3.560396235538981075e-02
1.422062866280066062e-02
3.672146892579143673e-03
-6.417433242295218776e-03
-1.972279706552938425e-02
-2.939963262216664652e-02
-3.179536880223691325e-02
-3.063758075275462359e-02
-2.971394521622581358e-02
-3.099641005604574298e-02
-3.536779114975367733e-02
-4.376134737593171536e-02
-5.667609062989542590e-02
-7.015406328774873024e-02
-7.903944072062984993e-02
-8.363521225003803239e-02
-8.580949319821165600e-02
-8.364172337022555970e-02
-7.610507176488179315e-02
-6.740315288704050445e-02
-6.111677335346320239e-02
-5.588250685950171132e-02
-5.209663834086889628e-02
-5.353665258638509034e-02
-5.894055764132260372e-02
-6.081293175585669730e-02
-5.076061757212337044e-02
-2.465425829253911627e-02
4.954315445956909356e-03
1.761583337138022606e-02
1.336070041134967794e-02
1.814621342204471993e-03
-1.176370449758055992e-02
-1.940515948016631465e-02
-1.644522642368001497e-02
-5.110485732415492519e-03
1.616571689694391856e-02
4.892980139947506607e-02
8.433353762510722995e-02
1.158963512354524855e-01
1.459577711014468371e-01
1.776126881325213458e-01
2.088666556469442881e-01
2.322459691579533136e-01
2.384213721180844792e-01
2.207677700406058263e-01
1.755506923224872118e-01
1.016339426412034563e-01
7.942542830225130315e-03
-8.464795316020036486e-02
-1.581758447295919801e-01
-2.112980795189441652e-01
-2.492569053561767001e-01
-2.733124843281256600e-01
-2.839792047111832085e-01
-2.849227737334320554e-01
-2.775703411818672417e-01
-2.562549708206011134e-01
-2.169632438811508746e-01
-1.589297439900370923e-01
-7.795039873382073048e-02
1.566263691807942907e-02
9.226968500245057159e-02
1.386352658331864440e-01
1.615293810190482626e-01
1.697246391428357537e-01
1.710512578992993415e-01
1.668515840529999905e-01
1.558580544872762152e-01
1.408146019704628882e-01
1.221417329898312060e-01
9.697672941541618519e-02
6.657958262594501631e-02
3.856026452406443455e-02
1.901676339261833965e-02
6.348745153612712216e-03
-3.358257309998642984e-03
-1.186938765653531430e-02
-1.944569928113569490e-02
-2.728640835709809226e-02
-3.742654096440488354e-02
-4.796004168400931633e-02
-5.396383950652554329e-02
-5.301906375341952637e-02
-4.614547565375122506e-02
-3.509171038501075757e-02
-1.958142351929648139e-02
-3.175722522792410671e-03
7.705445231559989935e-03
1.239379667053917486e-02
1.224885214817809237e-02
8.049272622305335412e-03
4.257610759970025492e-03
6.713149210373014000e-03
1.459824227058909886e-02
2.169141957359781506e-02
2.537779369449015901e-02
2.742817787330590479e-02
2.809988877775360799e-02
2.677168847882223368e-02
2.543966014831259420e-02
2.896461175443189665e-02
3.986310201463444391e-02
5.755460591490722810e-02
7.994165454573606833e-02
9.817115466517963018e-02
1.033397747682163470e-01
9.057291672234692170e-02
5.656289383920447278e-02
5.850469543272045041e-03
-5.283667551580217836e-02
-1.156075681147602785e-01
-1.826231569929464560e-01
-2.530155670767144649e-01
-3.203271169707067045e-01
-3.748523159537814342e-01
-4.069822077955377870e-01
-4.058824046886353454e-01
-3.610857538784226772e-01
-2.639380999804700756e-01
-1.025151194565999124e-01
9.561137434508698574e-02
2.573910566158482682e-01
3.526985607444403925e-01
3.958572138371211357e-01
3.988206175503766215e-01
3.709213150350096355e-01
3.216312186250643856e-01
2.612909898412571486e-01
1.994007991301672278e-01
1.409765595768286139e-01
8.497642426439463992e-02
2.931636462276954874e-02
-2.208944993982411148e-02
-6.022523086743756388e-02
-8.140772247131744521e-02
-8.809194470768159924e-02
-8.348371431120235608e-02
-7.154126939471078250e-02
-5.667015142380130155e-02
-4.212492978071546990e-02
-2.858622090300060731e-02
-1.580347277935656436e-02
-3.878696416369023514e-03
8.401414028160976433e-03
2.363222571355162033e-02
4.216159862058767305e-02
5.945695954622740032e-02
6.961724481183083346e-02
6.824206058002821318e-02
5.205867597824427595e-02
2.209139094857200808e-02
-1.461695115909731994e-02
-4.275527784262944664e-02
-5.297703408278695014e-02
-5.477451589843469748e-02
-5.429535335399474777e-02
-5.265097410753993845e-02
-5.986732957718242376e-02
-8.352061605986449422e-02
-1.220610400995540690e-01
-1.686991200981818040e-01
-2.148577828883399543e-01
-2.532838885728990186e-01
-2.772779896740737993e-01
-2.784210060664663033e-01
-2.440682345560370170e-01
-1.598417664248210912e-01
-1.174092886523797619e-02
1.673246091069328922e-01
2.942076535352238786e-01
3.310169893926402374e-01
2.959668185428119269e-01
2.190479916802601235e-01
1.259089120696667008e-01
2.948965456878598068e-02
-6.030568760650517612e-02
-1.315380238578280347e-01
-1.722210316329715329e-01
-1.703950749457491254e-01
-1.102549566210040133e-01
-3.827791375903579624e-03
9.708850579687419713e-02
1.639905401058776024e-01
2.036277516202047999e-01
2.254063737691997527e-01
2.346845240021555590e-01
2.320498668364033568e-01
2.169698097487686994e-01
1.915242595586248708e-01
1.591277242413269288e-01
1.202826693428684368e-01
6.961179240307982519e-02
1.135726637498311875e-02
-3.456711375181416995e-02
-5.791081673050289813e-02
-6.342530502263998837e-02
-5.838719932386216699e-02
-4.716518737673082440e-02
-3.397363795687588506e-02
-2.654686231875486024e-02
-2.801350848336797011e-02
-3.564884073461468961e-02
-4.974437459374358994e-02
-7.206338710430955363e-02
-9.963656722318901815e-02
-1.293082529343970721e-01
-1.617381758581550866e-01
-1.997695175589978001e-01
-2.452073787759307399e-01
-2.929719510221252543e-01
-3.344672545557058618e-01
-3.622907074833514596e-01
-3.659613009030169839e-01
-3.291562381074064625e-01
-2.331609288729824814e-01
-6.091929103260419753e-02
1.503932856387086014e-01
3.118277719263643499e-01
3.889799030008451730e-01
4.001864174235427174e-01
3.617022526572450936e-01
2.906890461105400281e-01
2.068256906001232076e-01
1.266675044333671341e-01
6.053870353454277042e-02
1.683736092443748750e-02
4.515390834852937851e-03
2.981875262089991180e-02
7.436547891627309781e-02
9.924903282582971109e-02
9.024282121384349931e-02
5.550032229654834615e-02
5.350747020443566426e-05
-7.133741539618708438e-02
-1.464903155363938836e-01
-2.110756062652709431e-01
-2.538531487805252840e-01
-2.614127903209573223e-01
-2.191428970325010328e-01
-1.172835510086449179e-01
1.917259449917899441e-02
1.365467051363491169e-01
2.131481630296612750e-01
2.561666233965581019e-01
2.723428273855300619e-01
2.675605213294428020e-01
2.454553082249501528e-01
2.093991564132035577e-01
1.641209706914599220e-01
1.130361176831159026e-01
5.627565945296801597e-02
-8.721533296087729051e-03
-7.703779167225104085e-02
-1.353949378221561972e-01
-1.717228841924228755e-01
-1.854922517458856834e-01
-1.941843369859930779e-01
-2.099663396699901208e-01
-2.276168488996984651e-01
-2.373446846220536033e-01
-2.317969816649990411e-01
-2.051991034760208554e-01
-1.514768261862908527e-01
-6.426346946517384751e-02
3.679460247662277167e-02
1.059355677053099298e-01
1.271775176809943342e-01
1.164731045644594870e-01
8.975813394369624998e-02
5.743396824178655102e-02
3.050089995698036099e-02
1.683046229111879663e-02
1.536753216547353390e-02
2.228059156583351436e-02
3.167989906570403691e-02
4.291170659700657003e-02
5.519787683410303653e-02
5.940279133357026509e-02
5.309748220737051105e-02
4.153951798910161808e-02
2.784722111694207247e-02
1.316814417110168806e-02
-2.022036225710624729e-03
-1.754851544282083620e-02
-3.179170672465704561e-02
-4.013179763876953410e-02
-3.740584282235109859e-02
-2.100480072960427685e-02
2.902517608151226718e-03
1.987564435342534241e-02
2.388913305140208040e-02
1.973438069860667179e-02
1.243934534133406614e-02
4.413883733145816148e-03
-1.492671983571238880e-03
-6.034618044690135547e-04
8.277481544644690187e-03
2.207878585812895339e-02
3.772265128310549331e-02
5.190620706018032188e-02
5.975785483788436520e-02
5.664080875741435428e-02
4.180244720184904395e-02
1.811984793208595151e-02
-1.161817306856294252e-02
-4.447737165424058003e-02
-7.327929756104617498e-02
-8.845249790443977800e-02
-8.729205048272448142e-02
-7.669887916720956322e-02
-6.219516220936706363e-02
-4.293984512940415832e-02
-2.026611468824518134e-02
1.056844106202933960e-03
1.708167937782870821e-02
2.647206532431000542e-02
2.840185069030902801e-02
2.304691489493485707e-02
1.583944688804958881e-02
1.185623970225889272e-02
1.048270975736194030e-02
1.057687574877189465e-02
1.489649178545281519e-02
2.609373478645587996e-02
4.029932718048291618e-02
5.001800693011866639e-02
5.128270729460495531e-02
4.585147971160118824e-02
4.143127424767623079e-02
4.395394633444755367e-02
4.977392408738789964e-02
5.109441873624405439e-02
4.519704069878160285e-02
3.758336007578489540e-02
3.450084012968002850e-02
3.669015574462927004e-02
4.004826928680942089e-02
3.634552681950828368e-02
2.131986268347032393e-02
-2.290321036404734806e-03
-3.418339474267086120e-02
-7.545906891562216556e-02
-1.228701969639322406e-01
-1.705720422075150400e-01
-2.124248198313897495e-01
-2.454722989519170784e-01
-2.671475442022014368e-01
-2.690171289878249272e-01
-2.535150693493386509e-01
-2.391995403192286040e-01
-2.297908743279253874e-01
-2.094550794079804990e-01
-1.602521099711544106e-01
-6.510678019377727499e-02
9.217996005141208815e-02
2.811610415133866114e-01
4.258917466695184562e-01
4.970881516982569304e-01
5.094209341964422988e-01
4.766875354721021307e-01
4.191743802922150430e-01
3.577970669017855876e-01
2.999001303612815472e-01
2.423347751877823752e-01
1.792310119479822439e-01
1.059097469677978826e-01
2.490031187574233071e-02
-5.921730833152934192e-02
-1.451158058260054173e-01
-2.289798160851358177e-01
-2.981668041929127488e-01
-3.351704011330258748e-01
-3.386789423263191767e-01
-3.219745709799330946e-01
-2.866274954743146530e-01
-2.356706413343248319e-01
-1.943790939034918674e-01
-1.838721792300592739e-01
-1.973337524872292026e-01
-2.151293874471770784e-01
-2.204293114064209413e-01
-1.966308952944275101e-01
-1.254687131657592492e-01
1.144015359552216955e-02
1.823392258568697355e-01
3.063977443033110148e-01
3.532036555174458137e-01
3.408421765146169014e-01
2.841061555424402862e-01
1.988647597820109580e-01
1.054397218403536896e-01
2.019848277711141712e-02
-4.689594212841674548e-02
-9.029258723876271153e-02
-1.069690031249225931e-01
-8.933890027433663561e-02
-4.555019284616122072e-02
-3.674465779267039808e-03
2.647785394680890816e-02
5.004315215817471685e-02
6.873570731591695238e-02
8.186180157877080699e-02
8.571491188643787229e-02
7.988431969752850248e-02
6.565895142890150471e-02
4.340693802285400249e-02
1.760035186296193474e-02
-6.998270280189009158e-03
-2.705515501634187664e-02
-3.942934719630877827e-02
-4.425822596063996861e-02
-4.163889920546615109e-02
-2.988813215654766847e-02
-1.132513773272363425e-02
6.996252435742332521e-03
1.821353456497756818e-02
1.761430573518918755e-02
8.006987012889809144e-03
-1.741619665741513806e-04
-1.486003237514938770e-03
3.243136750919682967e-03
1.263385394178316232e-02
2.192853758026127101e-02
2.486414230169653808e-02
1.748483973013463880e-02
2.975089396967503345e-03
-8.112683142670683301e-03
-1.169907358289935112e-02
-1.103725436271406866e-02
-7.678787660060920270e-03
-1.907573021979089636e-03
3.730033843221279913e-03
4.982687574780234226e-03
6.670550304802951025e-04
-5.625484050095328099e-03
-8.547888964864483463e-03
-5.784831054514857733e-03
2.561486756036566656e-03
1.656994382030997637e-02
3.496906316177141039e-02
5.270510084043229793e-02
6.267800342957055570e-02
6.220876799884222930e-02
5.494237166042794523e-02
4.331303186469895317e-02
2.263353179688491063e-02
-1.232519686499300611e-02
-6.282405522237211049e-02
-1.287464173817774171e-01
-2.057967155909066481e-01
-2.816008221210233864e-01
-3.412818180045203986e-01
-3.728556813178486862e-01
-3.637870969982043845e-01
-2.985248108634513953e-01
-1.598127473398752996e-01
2.048154399166634762e-02
1.607371094398526434e-01
2.289668264859159030e-01
2.428396968553802604e-01
2.215619142546346454e-01
1.840758001366390451e-01
1.449887719560148391e-01
1.154403020194047780e-01
1.038113111487607432e-01
1.157116374362138489e-01
1.383593496959910074e-01
1.438211655549363199e-01
1.250969025191037698e-01
9.391587946433685441e-02
6.160925613832853726e-02
3.290118453256168224e-02
5.787019427705940994e-03
-1.874323255099997337e-02
-4.064133693016051818e-02
-6.159801085903688495e-02
-7.793122956670107959e-02
-8.516678205665156876e-02
-8.256716717276758877e-02
-6.671555757558508826e-02
-3.793708226573132974e-02
-7.616288370036732730e-03
1.850040657173708178e-02
3.841774116210443929e-02
4.867470452295219463e-02
5.336959660086015161e-02
5.776698617800409691e-02
6.050858065004417058e-02
5.868378141536256115e-02
5.363859764682876036e-02
4.709469565144320385e-02
3.848973882445138467e-02
2.803118898338233939e-02
1.571657290414147506e-02
-1.559229018771835298e-03
-2.653369928778298581e-02
-5.612035541123303745e-02
-8.230694182896598765e-02
-1.003252516962801349e-01
-1.118182151438632116e-01
-1.174923447056981929e-01
-1.163147752619873854e-01
-1.106923147986278444e-01
-1.018843970120321546e-01
-8.765635337833546648e-02
-6.749010491335022399e-02
-4.171010357843626948e-02
-8.220344088617409506e-03
3.821656383959268904e-02
9.000685084401861824e-02
1.243707970160756737e-01
1.334198193264597154e-01
1.259631704217083481e-01
1.096131119687184241e-01
8.743431695016265492e-02
5.990324637765662152e-02
2.897374113879288074e-02
