-4.597215624712516768e-02
4.785178237721218059e-02
1.526152533979141801e-01
2.594164114428428869e-01
3.463947935460629513e-01
3.778751175516227301e-01
3.492364335890714711e-01
2.873750259902385640e-01
2.184865384113071074e-01
1.682625692419732477e-01
1.396394583310495985e-01
1.148085366541209268e-01
9.273132373328726863e-02
8.758735831786453041e-02
9.553163661537641960e-02
9.201416056561427526e-02
7.078225465639746694e-02
4.448753304258641628e-02
2.196915115329730120e-02
1.022337076807441555e-02
3.793000654807415252e-03
-1.354527056618441694e-02
-4.280003446886503776e-02
-7.626323000343061820e-02
-1.140142757652584660e-01
-1.549178170800521726e-01
-1.898572806693100135e-01
-2.047951758121241139e-01
-1.866020160949043438e-01
-1.263339597486729249e-01
-4.189666724605824177e-02
2.518629454910396165e-02
6.026584547764388122e-02
7.711800011618333284e-02
9.010859433870593849e-02
1.102513992293045475e-01
1.377409139514413072e-01
1.647071268497539709e-01
1.872543358649653156e-01
2.021588654624340842e-01
2.064771510155684608e-01
1.963380853416107907e-01
1.719182432230368374e-01
1.436873198411290631e-01
1.195154972431371337e-01
1.023613196097151595e-01
9.670872813212517960e-02
9.988249457600981152e-02
9.295781502686059627e-02
5.999832625891615007e-02
-1.612866095447671594e-03
-9.686613352586390113e-02
-2.199768438752434663e-01
-3.428916337237001288e-01
-4.394601446399625799e-01
-4.988238593973456925e-01
-5.068920221568330442e-01
-4.380472112372219007e-01
-2.701648741495065731e-01
-4.205674176645827350e-02
1.525570679280513209e-01
2.719065218828546904e-01
3.192177479375238325e-01
2.951328418221357275e-01
2.131713883718373836e-01
9.570095850735819976e-02
-3.648254018912331503e-02
-1.644152885099823824e-01
-2.680520262744137128e-01
-3.228545657484432896e-01
-3.028378938172239243e-01
-1.921624292202160356e-01
-1.934153746930823703e-02
1.586335802213004742e-01
3.016117182257055940e-01
3.788940842700982414e-01
3.844906920802585448e-01
3.377596283297163993e-01
2.593424753624730683e-01
1.692301873464674422e-01
8.389683743745152134e-02
1.614108279039625643e-02
-1.658513878635418590e-02
8.472023825529889640e-03
7.559185276678276333e-02
1.353845169582152952e-01
1.633083393935938210e-01
1.554308616013171385e-01
1.166883647747871955e-01
5.091570645648231530e-02
-4.083577879614868483e-02
-1.373590283166482851e-01
-2.074936148440155170e-01
-2.458972250452371999e-01
-2.756048475735277670e-01
-3.176264066144097176e-01
-3.862694395814310622e-01
-4.735603048794236325e-01
-5.368391230008462411e-01
-5.259851021901468249e-01
-4.140962354870200701e-01
-2.339103316928694554e-01
-6.218573576278448728e-02
6.223297721821424017e-02
1.628452109355114363e-01
2.878131850250381651e-01
4.520740390009874154e-01
5.880700214926376512e-01
6.081743656918650043e-01
4.969277927963400288e-01
2.933701315171608481e-01
4.244606633337008605e-02
-2.129171553388508331e-01
-4.256171976327271511e-01
-5.446436199952116031e-01
-5.255278984414304411e-01
-3.584487716953171921e-01
-7.892787458616692953e-02
2.432460682526743634e-01
5.071307722761810854e-01
6.412758376837854879e-01
6.493462631895070558e-01
5.688962468627341007e-01
4.364466370043180166e-01
2.725555118597779991e-01
8.467752688664836880e-02
-1.089385701130697326e-01
-2.782272764074052440e-01
-4.019450234329950966e-01
-4.620869039026698211e-01
-4.271099547466383761e-01
-3.160424688227353451e-01
-2.012779724862503450e-01
-1.001183048633893791e-01
-1.593023202274873595e-02
1.514886976839479628e-02
-1.860462658887090948e-03
-2.479217044534457945e-02
-1.265742222034482375e-02
7.514829022254357338e-02
2.209605374619844909e-01
3.504629722155531146e-01
4.448894974101692545e-01
4.997291005245615980e-01
4.722616517447894569e-01
3.557712010376306022e-01
1.784049932661453397e-01
-3.376091712951927171e-02
-2.545039895653901652e-01
-4.567961133825750863e-01
-6.157464099402765179e-01
-7.091885831024931086e-01
-7.182665575066360386e-01
-6.317495496464810012e-01
-4.411420813273827513e-01
-1.729008693975408184e-01
7.695278350632817066e-02
2.322750682952960111e-01
2.987917713863538771e-01
3.133694561067528195e-01
3.132143443775504132e-01
3.188849317572010622e-01
3.100346837364469366e-01
2.586343849356153579e-01
1.777755353137972782e-01
1.022601088920893631e-01
6.127664167259751909e-02
4.202976649317056307e-02
-6.410935684800190063e-03
-9.373991734053047087e-02
-1.936860926404054828e-01
-2.828747808757802740e-01
-3.590995260878282469e-01
-4.471414482300700710e-01
-5.448187316795410906e-01
-6.144738933875335540e-01
-6.127152907221862232e-01
-4.897287041880766800e-01
-2.273628507232099694e-01
1.082652290654232269e-01
4.203136186224226134e-01
6.730182791624335081e-01
8.499205151155120319e-01
9.098909403350521341e-01
8.535116693548873146e-01
7.212421545314913196e-01
5.497007348479208133e-01
3.710392698058460614e-01
2.110320225038820607e-01
8.865287005609555349e-02
2.284867284870650828e-02
1.536432110389146510e-02
3.352602362962386895e-02
4.979254666973363663e-02
5.107500574822984585e-02
2.021858841830995179e-02
-4.365952461175483246e-02
-1.276156006411023336e-01
-2.193592280309588360e-01
-3.053255144261514120e-01
-3.674584307301371200e-01
-3.804031650431465850e-01
-3.196728089901300640e-01
-2.235452083098430354e-01
-1.874359961026159094e-01
-2.409637183512381153e-01
-3.470321668421976757e-01
-4.688267234255985016e-01
-5.695013749828301552e-01
-6.026521848555416172e-01
-5.459522338422625465e-01
-4.171121198248525230e-01
-2.397215049007429544e-01
-3.320566686117343291e-02
1.764697933404443253e-01
3.308446007250852583e-01
3.864723177768770723e-01
3.728557032991433595e-01
3.208059417627553978e-01
2.266716915884702532e-01
1.146284798599088856e-01
3.042229070236489308e-02
-2.607558731317730777e-02
-8.140137719612450251e-02
-1.207046139602513946e-01
-9.944479628353794509e-02
2.604312873170435208e-02
2.515002668032930710e-01
4.702625369222204199e-01
5.689406649413870642e-01
5.348200340383166829e-01
4.043394375806910745e-01
2.103079656852434309e-01
-1.059936870428295624e-02
-2.214906706263290725e-01
-3.906588149972246016e-01
-4.893101926630372134e-01
-4.877405917343688446e-01
-3.642301965636178807e-01
-1.532106407974404005e-01
5.217633015768632226e-02
1.888048324583059268e-01
2.572045319328745139e-01
2.837225518867017016e-01
2.979163150952456318e-01
3.234224714271004553e-01
3.567849499385958856e-01
3.678129905585117432e-01
3.392596592757295970e-01
2.758767359881321157e-01
1.877597124330061817e-01
9.003183722025540070e-02
2.398492816420988438e-05
-7.596316877649286758e-02
-1.377653415552357041e-01
-1.854983044417707339e-01
-2.220209148590833181e-01
-2.463638853392025596e-01
-2.571937176807520542e-01
-2.571808964124105978e-01
-2.494533206484915722e-01
-2.356813977521368675e-01
-2.152318128372596728e-01
-1.893729403061984728e-01
-1.573186428741167597e-01
-1.079656912211551939e-01
-4.192455341911857647e-02
2.246979211457276332e-02
7.402329120951142705e-02
1.003250603245487982e-01
8.748411512602217999e-02
3.895199178452631722e-02
-3.011060345866700683e-02
-1.036262675342977252e-01
-1.700876947143470097e-01
-2.260055776262751281e-01
-2.708698554793269042e-01
-2.921637702580852092e-01
-2.687713292554782529e-01
-1.833320797431085558e-01
-4.501034447013352313e-02
1.105614663479468213e-01
2.479552196057862590e-01
3.379987645485763581e-01
3.770162758916786871e-01
3.809099143484347416e-01
3.613072561846483732e-01
3.240366712386704151e-01
2.731684677605898393e-01
2.140265801820301350e-01
1.522107835063616632e-01
9.409673330566156735e-02
4.387903469020391217e-02
1.197473287269289199e-03
-3.650204700415361075e-02
-7.099875590792956159e-02
-1.011052375820427618e-01
-1.246847606060758895e-01
-1.396590916354316647e-01
-1.446037454791113952e-01
-1.460690434578462427e-01
-1.511613256730683086e-01
-1.573421630938860727e-01
-1.580695334158564169e-01
-1.534750092721399173e-01
-1.500736326659111997e-01
-1.490121203580712927e-01
-1.447737708834905823e-01
-1.313619903322706950e-01
-1.045399792208282219e-01
-5.349819218680897798e-02
3.380712900369224616e-02
1.382207494594161201e-01
2.191931599275176723e-01
2.590994120884700380e-01
2.632736809540592304e-01
2.448964317214301634e-01
2.164822629473537874e-01
1.800355767992167511e-01
1.342099883312170283e-01
8.175560483140614787e-02
2.801472792328058015e-02
-2.122886649686077029e-02
-6.496591380910921032e-02
-1.062214359982635026e-01
-1.451773746708157065e-01
-1.792199189374139578e-01
-2.029989577785763222e-01
-2.158230038694627928e-01
-2.228583605210417706e-01
-2.197478127837741435e-01
-1.965583715594002578e-01
-1.474345436416553967e-01
-7.107884128019982539e-02
3.046378632887410468e-02
1.353925757834985866e-01
2.042747387383354873e-01
2.238935294036144830e-01
2.068346598295961458e-01
1.667625991012140485e-01
1.144856315931208901e-01
5.728138699557085850e-02
3.028050424958014103e-03
-3.989384585753105034e-02
-6.506816271849957811e-02
-6.636649062718184833e-02
-3.872366829457441623e-02
1.017641779479013658e-02
5.859934249366827858e-02
9.183673288625650299e-02
1.087387561045712048e-01
1.122543603174052385e-01
1.065877090580779063e-01
9.616572424595477842e-02
8.376002041028557388e-02
6.991408113599978380e-02
5.212941245740970037e-02
2.822704469790024429e-02
-1.453393116157324083e-03
-3.506634139928355154e-02
-6.841969130570274560e-02
-1.009623596751441366e-01
-1.371079872749478290e-01
-1.766908008719150214e-01
-2.130965168269900734e-01
-2.406926956803339679e-01
-2.568507989038235073e-01
-2.582300350261175215e-01
-2.420470111993305029e-01
-2.046693293074108855e-01
-1.387974514366450418e-01
-3.687895685019035308e-02
8.426676480340695996e-02
1.816127952132086665e-01
2.339828211165106975e-01
2.501117597945474169e-01
2.423329910886965755e-01
2.194832688424800393e-01
1.879839244276092503e-01
1.538279127435131233e-01
1.210531816998985377e-01
8.913107699176538168e-02
5.752099132974138745e-02
3.324086760918137928e-02
2.206298946032233393e-02
2.125019896971910155e-02
2.814099913622609625e-02
4.024829749294064896e-02
5.350144225098327211e-02
6.485827029715414416e-02
7.126239770952255692e-02
6.942901804967704926e-02
5.974257871922042384e-02
4.166417189427848444e-02
1.061370470839090308e-02
-3.119678717087077599e-02
-7.737433455102363244e-02
-1.276296245202898083e-01
-1.837062174376984658e-01
-2.447726232839254612e-01
-3.049948284073430993e-01
-3.526323626354596064e-01
-3.799529370362010883e-01
-3.846249494249418532e-01
-3.642859768358903128e-01
-3.190600452598622572e-01
-2.492782985264881679e-01
-1.628298463150888997e-01
-8.238939317180035693e-02
-1.996222687398366280e-02
3.913694153680269405e-02
1.115827280631715712e-01
1.992216944865328743e-01
3.030425551111878835e-01
4.223921090230112751e-01
5.297626235493947400e-01
5.860908296047306898e-01
5.810617397052441069e-01
5.266343860993445425e-01
4.372200566327341664e-01
3.263354371211109051e-01
2.104674811211625363e-01
1.102379541669535196e-01
3.663170551950862414e-02
-1.943295581110227044e-02
-6.978335978493199754e-02
-1.143019702864028764e-01
-1.548189733484964803e-01
-1.915370940153345858e-01
-2.171065228169995753e-01
-2.264244695194464474e-01
-2.168914118678904601e-01
-1.993228451914229038e-01
-1.964895830742379446e-01
-2.170532426486543875e-01
-2.552691816136698488e-01
-2.998355304272800614e-01
-3.355365602061588515e-01
-3.482560171130787974e-01
-3.249017664585073795e-01
-2.501892285609460531e-01
-1.073275777352333538e-01
1.036808427092707763e-01
3.265564318215752881e-01
4.735732785991615401e-01
5.119899619143183367e-01
4.599781436502858312e-01
3.414390201223920229e-01
1.851293310450756180e-01
2.207867974208864437e-02
-1.303260838352328088e-01
-2.667727383900295179e-01
-3.718126184799745992e-01
-4.143583413037666974e-01
-3.702991293951559681e-01
-2.698595712483764508e-01
-1.766941923274929216e-01
-1.081288791805481153e-01
-4.233396045827939741e-02
3.835128268531860091e-02
1.262856424556941803e-01
1.992633500351177478e-01
2.611953227596454652e-01
3.351080013787295364e-01
4.087427448832550159e-01
4.313771514649933914e-01
3.817678380503960467e-01
2.806348533546185187e-01
1.479995620107625309e-01
-9.002024371303499195e-03
-1.790075991562442292e-01
-3.381546534521560066e-01
-4.600232226646793765e-01
-5.230009567878043386e-01
-5.262455647746939746e-01
-4.791371916765941319e-01
-3.860187387494643518e-01
-2.567305693289716473e-01
-8.706110538915837194e-02
1.102786399730397854e-01
2.767883906270720007e-01
3.752331520037446300e-01
4.144695156082556786e-01
4.133448189658670002e-01
3.865279404480245207e-01
3.558579622683130661e-01
3.509730324856258910e-01
3.795097299991415096e-01
4.102426037071761344e-01
3.996232974517855974e-01
3.239355433815343521e-01
1.945066570789936999e-01
4.322745776548606728e-02
-1.017790170073717831e-01
-2.212375888527939316e-01
-3.022063372647846302e-01
-3.392842399376806428e-01
-3.335140091180881505e-01
-2.819272896705231068e-01
-2.152263962076999826e-01
-1.983106683190739850e-01
-2.474983264468947619e-01
-3.331897385687930813e-01
-4.199691722168587549e-01
-4.677639184495705482e-01
-4.388433782314059006e-01
-3.249322532984675327e-01
-1.533105557495978433e-01
3.355062907813517736e-02
1.818987965434000764e-01
2.676336244532991349e-01
3.187562065241152931e-01
3.820982705257812695e-01
5.069377353951415310e-01
6.912135664757980136e-01
8.389079614082444181e-01
8.593660728211161004e-01
7.484821740214914199e-01
5.373533593735003722e-01
2.518813825386080341e-01
-8.024226432252364039e-02
-4.280509677700031212e-01
-7.605123232918311604e-01
-1.045128770557759657e+00
-1.249241719974424347e+00
-1.334280449264830359e+00
-1.244936760593314151e+00
-9.740754002561499147e-01
-6.320507276307069100e-01
-3.278918126168691716e-01
-6.426633711049267728e-02
1.880384292683559000e-01
4.102406499195771494e-01
5.494818541534222112e-01
6.067924692261918995e-01
6.290417136309945922e-01
6.211954858838888427e-01
5.686277409582807252e-01
5.035881790449132644e-01
4.456533552950838195e-01
3.551147777151672513e-01
2.179519710501205410e-01
6.421633662480394356e-02
-7.499631747565185802e-02
-1.709973877208636195e-01
-1.953600592929865543e-01
-1.415215569323333422e-01
-3.783968702201435247e-02
7.539575263100201097e-02
1.700737696781798036e-01
2.516080397348253728e-01
3.103461214720600880e-01
3.017677714463142258e-01
2.224492425485113389e-01
1.063636745094727332e-01
-1.609656017799830294e-02
-1.169971733797528363e-01
-1.687431235612077973e-01
-1.797433020410852955e-01
-1.920674373060585194e-01
-2.126620151918632573e-01
-2.163041542410390206e-01
-1.808832940487036800e-01
-8.629419781446212578e-02
3.796392975303675144e-02
1.126236383851120515e-01
1.073818123352720949e-01
4.381636340428683718e-02
-4.414218727044184887e-02
-1.132324810977660134e-01
-1.494006136985891742e-01
-1.684443592408020329e-01
-1.686362027962848009e-01
-1.322230283766941406e-01
-4.462351555881130527e-02
7.063403892327656253e-02
1.514151118758455816e-01
1.713906694715377765e-01
1.426347917100885265e-01
7.946497721086125121e-02
-3.139312975698495961e-03
-8.829763366987716799e-02
-1.560265705851363316e-01
-1.840484416319784766e-01
-1.652901691981549792e-01
-1.090682244541122947e-01
-1.141326577631771033e-02
1.053683095835509370e-01
1.758886932365702205e-01
1.732589759986270239e-01
1.181668514843802476e-01
3.557161492305325329e-02
-5.169411837633669515e-02
-1.212560497313289326e-01
-1.557170782163000700e-01
-1.429788968542303751e-01
-9.566891615445130559e-02
-5.270070059348108682e-02
-2.034116894084408989e-02
9.516804936746878218e-03
1.819416092689463832e-02
2.533168784002341051e-03
-1.742080643984009886e-02
-2.312477257086543309e-02
1.210495059680700720e-03
7.104606005998398421e-02
1.707590151928576883e-01
2.512078853451332194e-01
2.929470072804562508e-01
3.092888305039092622e-01
3.141466062562892070e-01
3.040777969376899370e-01
2.544534749538284180e-01
1.557583609022175075e-01
2.185400824594823863e-02
-1.291791959689467251e-01
-2.805910196491394615e-01
-4.183012688784938926e-01
-5.258360080357764588e-01
-5.844397158829519601e-01
-5.780075578882228893e-01
-4.870378185492192369e-01
-3.274601945006869741e-01
-1.486013849152898469e-01
3.576637037676084346e-02
2.358379343632592273e-01
4.191487415134387828e-01
5.168228436661159719e-01
5.165046465032520073e-01
4.554840728110580717e-01
3.619190816002824662e-01
2.639686843628415991e-01
1.826605911221966250e-01
1.264991579373987707e-01
7.642073244826164125e-02
-1.146730575415652945e-03
-1.069281996696742204e-01
-2.327047510575070144e-01
-3.702324485903527584e-01
-4.976458757516636355e-01
-5.942488881832231895e-01
-6.377100409095239897e-01
-6.178479719586745800e-01
-5.418642531841226795e-01
-4.024713826931900496e-01
-1.764136980089384132e-01
1.300375822434989281e-01
4.292148440154430200e-01
6.173663320124550546e-01
6.790261134184129022e-01
6.447093930478999813e-01
5.397013648054171941e-01
3.942344671897510811e-01
2.378932273402401820e-01
8.979772227945639895e-02
-3.834242199952678926e-02
-1.327589508307034927e-01
-1.778349125513842832e-01
-1.610627132716063170e-01
-9.658487726885342517e-02
-2.816423778968259531e-02
2.156075688075352603e-02
5.684049304359385657e-02
8.246405015539567951e-02
1.003153444247967124e-01
1.084443972740560952e-01
1.035755360530039443e-01
8.642989758200879391e-02
6.243871138693160572e-02
3.292762381806090682e-02
-6.380057334667402907e-03
-5.223144414688084269e-02
-9.323944362598914071e-02
-1.254810029091562862e-01
-1.521703077331461040e-01
-1.734613120743436765e-01
-1.859794077988592420e-01
-1.812785231750904946e-01
-1.562406658320798503e-01
-1.197051331185193246e-01
-8.338165110013025239e-02
-6.028343350424456015e-02
-5.231314188600257042e-02
-4.918725432103336626e-02
-4.428017818449613702e-02
-3.492548410123624825e-02
-1.812424647735850353e-02
9.108047706203646968e-03
4.031570145968797064e-02
6.137011253891071216e-02
7.187230182673551293e-02
7.946338333668878651e-02
8.389581376833092630e-02
8.420464705064623079e-02
8.524933770690737433e-02
9.192075138185520911e-02
9.874826095709079987e-02
9.489813332326407780e-02
7.880202966768694306e-02
5.804265816388003152e-02
3.733467319626466302e-02
1.533666862032437815e-02
-8.685710911362725870e-03
-3.395802384468627616e-02
-5.923104930157310766e-02
-8.062209763659547446e-02
-9.313749420321990047e-02
-9.324410192205885572e-02
-8.153033176663457282e-02
-6.288765810204215156e-02
-4.316136888208858130e-02
-2.765545699991419498e-02
-1.876990511584577040e-02
-1.567581752674748405e-02
-1.445532672685843206e-02
-1.089226086467398255e-02
-4.709841180466138762e-03
3.908052778140626120e-03
1.872471376586846287e-02
4.458636878632689371e-02
7.663540854211522979e-02
1.030326074724121771e-01
1.205686590857762974e-01
1.318824317685363678e-01
1.359934762579879108e-01
1.280418074954879915e-01
1.042085631533957446e-01
6.752497102988623545e-02
2.607909174231420185e-02
-1.240796887237390067e-02
-4.239389627838162367e-02
-6.162438630079840329e-02
-7.333883490831503982e-02
-8.244720880063323432e-02
-9.131383671922393974e-02
-1.003229012062559211e-01
-1.101742451428350533e-01
-1.243557865633698606e-01
-1.459493244821697677e-01
-1.717220993022053332e-01
-1.895858094417851303e-01
-1.847912609802108697e-01
-1.451228422556926356e-01
-7.875440813927221673e-02
-1.656737069275238117e-02
2.904085720850001218e-02
6.374340197558331367e-02
9.025772212918517501e-02
1.136322147945834637e-01
1.307140541253861143e-01
1.307225871823672059e-01
1.167933199790701093e-01
1.018145583339837290e-01
9.383157513639726888e-02
9.970033467892194801e-02
1.148030201083514862e-01
1.195712258866710592e-01
1.046862618288493252e-01
7.510715667820939967e-02
3.994172632773393405e-02
6.139556454508691974e-03
-2.339513032048900695e-02
-4.631187455039566248e-02
-6.194520998433143688e-02
-7.047974151356116435e-02
-7.083276103261448853e-02
-6.530369634666631506e-02
-5.667066681992434518e-02
-4.494140708714025600e-02
-3.440602293125079314e-02
-2.870222262365759724e-02
-2.593024146893828027e-02
-2.355182939786125765e-02
-2.221072000108792466e-02
-2.343976286309970222e-02
-2.498840035663130177e-02
-2.143861700349661975e-02
-9.090757059518563346e-03
9.668182400687430275e-03
2.882709150219574940e-02
4.486523456191551101e-02
5.780575624865864209e-02
6.762462830938938130e-02
7.403690585056166285e-02
7.734620526702352949e-02
7.604147184792192649e-02
6.848500336196276794e-02
5.597081506836178166e-02
4.048353928590386203e-02
2.188181487043785664e-02
-1.903847990416426134e-03
-2.910627619208888683e-02
-5.387841643197897185e-02
-7.550922665472835360e-02
-9.698657841922261880e-02
-1.190980409967002107e-01
-1.401842281784561328e-01
-1.546300427609067496e-01
-1.561118341281365896e-01
-1.422616370580374323e-01
-1.125720152935005408e-01
-6.348852426057188802e-02
2.417534996170301459e-03
6.577579481469558731e-02
1.095365765943943220e-01
1.320732562500184226e-01
1.370912589153859829e-01
1.311849861896895175e-01
1.214198417094834309e-01
1.111800132162411026e-01
1.010291627238645851e-01
9.109594599178501284e-02
8.197429899010558185e-02
7.254914923745085786e-02
6.118932428584950706e-02
4.909997303819688130e-02
3.702287849514897256e-02
2.071159830024435836e-02
-2.302172378608764031e-03
-3.047518840638946055e-02
-6.264230077800811425e-02
-9.755158611527986467e-02
-1.318067283957356228e-01
-1.598426993147022968e-01
-1.763831668540678521e-01
-1.754897567265504832e-01
-1.526273316528339585e-01
-1.068279960802349382e-01
-5.273713252026795278e-02
-1.564298169647010406e-02
9.426147867156158683e-04
8.621950793205025720e-03
9.503730417320915835e-03
-1.093433657888276400e-04
-1.603626011501478252e-02
-2.773355365209386955e-02
-2.829046960526277604e-02
-1.310587752819516311e-02
2.937677800610559789e-02
9.386723734135070385e-02
1.451006147658832068e-01
1.642761908248827341e-01
1.604658379593886797e-01
1.460894779418012712e-01
1.264605662454515445e-01
9.658986842383571192e-02
5.315496956193939415e-02
1.821687167595369659e-03
-4.937978622640601389e-02
-9.214516392310495574e-02
-1.166620409176385154e-01
-1.154984697919809594e-01
-9.696622203564893294e-02
-7.949500496548514428e-02
-6.834234412826728500e-02
-5.894782057600256309e-02
-4.582818039127228849e-02
-2.117706229538886264e-02
1.429251931102263652e-02
4.780736211892725601e-02
7.431091708232187565e-02
9.980077436734594021e-02
1.317198660844440539e-01
1.700450220122676770e-01
1.993753699325402362e-01
2.043796680703351132e-01
1.840912558873052940e-01
1.448382682659659915e-01
9.191656997047793765e-02
3.121392052981526374e-02
-3.091153262427120615e-02
-9.179539586621884850e-02
-1.513070844735109055e-01
-2.091991627690748534e-01
-2.630209472204739218e-01
-3.057378988850770751e-01
-3.304232873898563239e-01
-3.314706948041294954e-01
-3.026673137640468192e-01
-2.377216195801933329e-01
-1.518065658339382562e-01
-8.097114299586125052e-02
-3.403440027331493950e-02
3.865928318119674079e-03
4.834258885889687607e-02
1.194921919652250641e-01
2.398220533560712076e-01
3.906087305044995128e-01
5.067608026491415840e-01
5.598438235246205874e-01
5.658387386967205224e-01
5.412832272500919251e-01
4.985534881771321314e-01
4.456755144805592539e-01
3.838909530949460303e-01
3.092231746333961584e-01
2.176848405433331468e-01
1.082828443630169113e-01
-1.861985177639342848e-02
-1.630350191706065877e-01
-3.206318106820907898e-01
-4.840853936571159477e-01
-6.528067760774287631e-01
-8.269574960820427201e-01
-9.985946230571702831e-01
-1.154180924878538628e+00
-1.273940016331246428e+00
-1.326443520288489664e+00
-1.279635333962209520e+00
-1.105201377350409908e+00
-7.561976491382369492e-01
-2.349332818285609081e-01
3.450833125062018336e-01
8.546332802803290329e-01
1.209520611724341776e+00
1.371859907586112648e+00
1.365257864481240313e+00
1.242076995687606988e+00
1.048660617725266864e+00
8.226540481547343076e-01
5.950074007678458621e-01
3.879940614330094628e-01
2.149155474777965924e-01
8.086434157302753445e-02
-1.740408971287309842e-02
-8.453291302854999689e-02
-1.281600062355915670e-01
-1.599516221190858678e-01
-1.851087118216212801e-01
-2.041629613556021350e-01
-2.168812062522400552e-01
-2.212209811677257609e-01
-2.147847756296001331e-01
-1.974626227194443140e-01
-1.719998847772623018e-01
-1.394234174320687081e-01
-9.944371696678014350e-02
-5.259326811400907159e-02
-5.902257323394041744e-03
2.634800233186383039e-02
3.886948718432457067e-02
3.739191698235563160e-02
2.850585770478564207e-02
1.782624358376130869e-02
1.075361382207610204e-02
1.145106143235585100e-02
2.497655143746646891e-02
4.630595749499089725e-02
5.491464235965982932e-02
4.118996015116221932e-02
8.589715491388569962e-03
-3.883155333810233562e-02
-9.324352969755855813e-02
-1.462972598614491748e-01
-1.914572053841790411e-01
-2.226361711717701197e-01
-2.336237330015801805e-01
-2.164431235944371257e-01
-1.610016986627593183e-01
-8.131004212465438308e-02
-1.718228984938767467e-02
1.732841325522950157e-02
3.695488637412021327e-02
5.903104953181602388e-02
8.096548610552113667e-02
8.095712624878333152e-02
5.857934411528578633e-02
3.413950292219710553e-02
1.348450358993976209e-02
-1.482265384649278026e-02
-4.764121623276261486e-02
-6.454785886967709385e-02
-4.757729714204880778e-02
1.984939026766481193e-02
1.141372106160767758e-01
1.682976631182852012e-01
1.564773032392864638e-01
9.564948472030805615e-02
7.329210056699397846e-03
-8.193768816417895673e-02
-1.498620732980061598e-01
-1.773599208741775679e-01
-1.413588865992313481e-01
-5.815743065780545895e-02
1.103779927809741233e-02
4.266352603026904444e-02
5.549822475861599519e-02
7.216584083222288282e-02
9.704229351366630563e-02
1.105302590089663473e-01
1.001511945479140742e-01
6.570118788624497441e-02
1.711038704808730271e-02
-2.682355076786684112e-02
-5.091470524541039794e-02
-3.961283463585989900e-02
2.924040927768437742e-03
4.047763068286689553e-02
5.334334007308460385e-02
5.242897994741695100e-02
5.725030762326816652e-02
8.448452562923589038e-02
1.227672220754352089e-01
1.394225408985788062e-01
1.255573777349667797e-01
9.562208355663154302e-02
6.365434197964088547e-02
4.229451866199786247e-02
3.009985737096259814e-02
8.267656849771275879e-03
-2.826835763792231657e-02
-7.030989847041704821e-02
-1.126930883495867730e-01
-1.494604996196046143e-01
-1.724223680455975183e-01
-1.720863806698661180e-01
-1.423968159760077290e-01
-8.539733286568917947e-02
-1.521537251102221891e-02
4.487077639719699862e-02
7.670038512642750328e-02
7.403880738237914039e-02
4.051610980412596874e-02
-1.701466848530328035e-02
-8.765254877039130310e-02
-1.580754906688775496e-01
-2.162068193770599056e-01
-2.481529478071057282e-01
-2.413420566609622564e-01
-1.886129422398304112e-01
-8.230227168671253035e-02
5.583869258007201353e-02
1.675089462363480441e-01
2.278864689071717076e-01
2.489686489712719664e-01
2.425630643784535412e-01
2.166082645066327861e-01
1.738555632556751940e-01
1.207463834125032387e-01
6.888883873655733681e-02
2.601671723597537289e-02
-6.133210986057370355e-03
-2.717949378413707373e-02
-3.524028238665635054e-02
-3.024174922857583020e-02
-1.391220471157905703e-02
1.029667189199570329e-02
3.392732861361753144e-02
5.200905912935829822e-02
6.472411051351283084e-02
6.767180651164654559e-02
5.519859323329304873e-02
3.100934933916858760e-02
6.818412866274587911e-03
-7.951483416703090945e-03
-9.180690417241513940e-03
-5.721553624821039408e-03
-1.605817517009759665e-02
-4.662506981543194928e-02
-9.398603082531205299e-02
-1.519563818536754374e-01
-2.097855727409001225e-01
-2.540290496645454810e-01
-2.682775579556497814e-01
-2.465657335534592876e-01
-1.968337694877900224e-01
-1.163610305493769925e-01
4.409100518308076144e-03
1.332671466458751619e-01
2.117886867525644312e-01
2.257475397731877331e-01
1.936461942320126250e-01
1.332076768485122298e-01
6.207735155473527444e-02
-5.102670934321242024e-03
-5.904805838520271050e-02
-9.323421580303221934e-02
-9.911070221833821747e-02
-6.682642699032723121e-02
-1.892734121173328399e-03
6.229060136350678817e-02
9.559371869846793046e-02
9.483756277760101161e-02
6.816313340630106299e-02
2.698467270204358420e-02
-1.527228275027915118e-02
-4.975631761158509636e-02
-6.897978065899500189e-02
-6.528676559630886000e-02
-3.624332715356656104e-02
1.021124533286445722e-02
5.930525232683343112e-02
9.695662726525045017e-02
1.113604083349533369e-01
1.028404318270470935e-01
8.337461226171587192e-02
6.396945883238454311e-02
5.022496505323596760e-02
4.255194093365905622e-02
3.721962970380635755e-02
2.853686447443855648e-02
1.430489395006001585e-02
-2.502793099118712922e-04
-9.991100974172328897e-03
-1.607251292421944810e-02
-2.194484819876474715e-02
-2.993838561941936441e-02
-4.151601779668161185e-02
-5.745545430899867689e-02
-7.560224536102250203e-02
-9.362359699546635161e-02
-1.123748387288029393e-01
-1.275193519776538498e-01
-1.268704647922483386e-01
-1.006024689443705822e-01
-4.975073072602344271e-02
8.022033393236456880e-03
5.337166676270437699e-02
8.349843562810133069e-02
1.042835875168168780e-01
1.170233220741794394e-01
1.164167147919235729e-01
1.001142269049445643e-01
7.182635642080160976e-02
3.769558223284048826e-02
4.829371842949702932e-03
-2.200033265044523678e-02
-3.859377223619937791e-02
-4.146225995208754206e-02
-2.919694525445701294e-02
-7.967417413331418646e-03
7.872136832076121610e-03
1.043295733795603433e-02
-1.392069195969404451e-03
-2.648450042281958600e-02
-5.954679133312884565e-02
-9.183977504256786439e-02
-1.150078882720320939e-01
-1.212041714573104806e-01
-9.996860974446308834e-02
-5.328230992921897252e-02
3.871073613791846391e-03
5.710728547782885356e-02
9.471539264618911158e-02
1.157185890620104074e-01
1.231275119674003493e-01
1.142749896061865666e-01
8.903011925858132780e-02
5.350548029729260135e-02
1.332477646689398873e-02
-2.718517947356851455e-02
-5.576399836016733558e-02
-6.794053749501166584e-02
-7.373968346043245636e-02
-7.876754819766491889e-02
-8.858001484688565741e-02
-1.048836886163522220e-01
-1.184284874678415145e-01
-1.224175420449747226e-01
-1.166742311699137669e-01
-9.416619490148225857e-02
-4.091621241014465477e-02
4.605103818032336288e-02
1.433935102733816247e-01
2.107741684219390510e-01
2.288660829271426111e-01
2.078061054339140901e-01
1.651667188897417704e-01
1.131104535746616929e-01
5.777192343932281704e-02
5.622088788136419754e-03
-3.565421562146909445e-02
-6.065053667129900739e-02
-6.576268211195046565e-02
-4.731544245959731082e-02
-8.572338113090337969e-03
3.157125845517940593e-02
5.383472153220774520e-02
5.609396596470219570e-02
4.567769800809489550e-02
2.683390922047631730e-02
8.825525649065408054e-04
-2.674785054085775798e-02
-4.716950081368308928e-02
-5.086585517757672564e-02
-2.925968428157620441e-02
2.205304927148478422e-02
8.349128948317904864e-02
1.181998915889791862e-01
1.161381691184877052e-01
8.450979610544927245e-02
2.644410610761254235e-02
-5.255224281123314911e-02
-1.427391154678660234e-01
-2.286950650379483974e-01
-2.944276594609909203e-01
-3.247049175251811026e-01
-3.023444663246350750e-01
-2.100756654548533997e-01
-7.550971429198832796e-02
2.773443638758275875e-02
7.049063944965011652e-02
6.738426720976888051e-02
3.061160261522748866e-02
-2.430837734436644415e-02
-8.387168057584754033e-02
-1.413140833746804326e-01
-1.861720086776730565e-01
-2.030167699611559462e-01
-1.735705696732972592e-01
-7.734839709429573718e-02
8.534787929908307924e-02
2.620983944300973589e-01
3.862271638982585631e-01
4.429992445043455795e-01
4.498306945519775502e-01
4.201483587129413166e-01
3.651575822717682551e-01
2.950096008881548104e-01
2.171649696305086585e-01
1.387892472967811874e-01
6.938987408683434943e-02
1.715271233343409335e-02
-2.132106330545145700e-02
-5.919366923212376896e-02
-1.031686482771467517e-01
-1.550420961441095757e-01
-2.168298578667795795e-01
-2.860082624948590002e-01
-3.542306020041118830e-01
-4.079081852747388215e-01
-4.337978260984395318e-01
-4.202111199660789609e-01
-3.535626481690429812e-01
-2.205692801349593557e-01
-4.722928485594610898e-02
9.990254655912109150e-02
1.923855018301801889e-01
2.446043385577411355e-01
2.719328964473796129e-01
2.847056631721316955e-01
2.905928929497699764e-01
2.895767313736188342e-01
2.726910013184513093e-01
2.387961168388720579e-01
1.928082694430436062e-01
1.369068842419927379e-01
7.236945916677420265e-02
-3.618637846530157673e-04
-7.503775709343797617e-02
-1.393317090906176781e-01
-1.880275688847821147e-01
-2.226638512239030587e-01
-2.428009478596018234e-01
-2.460580909027037522e-01
-2.321171770956655944e-01
-2.020730352377817229e-01
-1.546602319376660373e-01
-8.707266299126421860e-02
-9.833564964122219060e-03
5.466772554948717139e-02
9.848801748941449219e-02
1.249349519373500472e-01
1.368854679010248487e-01
1.374292525739158888e-01
1.291313614582476066e-01
1.144829745588107073e-01
9.215828501439912723e-02
6.269568081765247713e-02
3.247602968810252982e-02
7.451128336751084054e-03
-9.396119809776105197e-03
-2.005897828185263659e-02
-2.906537754514691707e-02
-3.781680049522882781e-02
-4.512172315247686000e-02
-5.029418885145906654e-02
-5.367590663556517927e-02
-5.567208650863535169e-02
-5.585436971051198352e-02
-5.028879337538572775e-02
-3.344895699282333240e-02
1.132928727614546799e-03
4.828000369687578813e-02
8.565491760202852134e-02
1.025728006598792957e-01
1.030703525896942835e-01
9.139909611924620925e-02
7.125033886560545870e-02
4.351575997568508936e-02
9.858116963437881658e-03
-2.364389600705725861e-02
-5.082228431085944464e-02
-7.152512099397859147e-02
-8.719429043061767415e-02
-9.449555246741531134e-02
-9.351341072664712262e-02
-9.111369876331679163e-02
-9.393878793910204195e-02
-1.028173815534766111e-01
-1.137823054650354548e-01
-1.229757332644290241e-01
-1.292370152738668010e-01
-1.317655896185499775e-01
-1.237544384084118820e-01
-9.551598395923048546e-02
-3.652358789110869697e-02
4.802249696464930967e-02
1.293044092870505590e-01
1.891004757839916395e-01
2.261410897262174369e-01
2.414622584237332836e-01
2.398415166808601506e-01
2.277951108284540505e-01
2.105680436820339674e-01
1.912071248942603108e-01
1.712344941129850528e-01
1.491290307222621903e-01
1.198691774109784530e-01
8.627723795498279391e-02
5.846100120001607170e-02
3.911491913244523333e-02
2.370857637366979159e-02
6.075553264173964851e-03
-1.564163530848881184e-02
-4.196503028326276086e-02
-7.468987208057842331e-02
-1.103743359465235996e-01
-1.459272280120675336e-01
-1.808307103139457916e-01
-2.140115096106005588e-01
-2.455553750774648880e-01
-2.753818771509494168e-01
-2.963533538378343435e-01
-2.979928396059914886e-01
-2.749542831672178167e-01
-2.406818111788119330e-01
-2.233376256644684921e-01
-2.235026103587156032e-01
-2.159176104266269380e-01
-1.855453259009895162e-01
-1.216745427550641190e-01
-1.115692613788030890e-02
1.340738620925967517e-01
2.730902480795491249e-01
3.762386328523396606e-01
4.485729333854516776e-01
5.153248582002301070e-01
5.703174308615392984e-01
5.711008312535524878e-01
5.117218283943149038e-01
4.178188093206231524e-01
3.117005576456839400e-01
2.188735640426165419e-01
1.467611670059259799e-01
8.544022778810855812e-02
3.077245279436983949e-02
-2.310332005300615166e-02
-8.224981604419526193e-02
-1.483355800727266804e-01
-2.166271093848890217e-01
-2.783831088048273616e-01
-3.447874927216142416e-01
-4.328543402004740859e-01
-5.354815364186269466e-01
-6.278017382437282023e-01
-6.742120631648361728e-01
-6.370763430403694194e-01
-5.319310377600017237e-01
-4.138021319518004337e-01
-2.844437599019106200e-01
-1.195175609378705678e-01
3.754484967410495061e-02
1.126521119984305180e-01
1.044473876736887463e-01
6.356925330275407793e-02
2.961771935961465818e-02
3.372253130500477147e-02
1.055520382309263483e-01
2.229995268929459429e-01
3.061995970878323980e-01
3.182454941576281504e-01
2.958476946268966401e-01
2.959544037567086727e-01
3.301165288308666734e-01
3.634732526179171308e-01
3.925489505996215267e-01
4.489134176714967839e-01
5.246628146615036625e-01
5.657062497720508620e-01
5.472545928753881350e-01
4.832565859594395441e-01
3.885085299663134650e-01
2.768152906363114951e-01
1.616469588087798837e-01
4.875111319966916879e-02
-6.343421803657621483e-02
-1.779186055537789468e-01
-3.026011273377235966e-01
-4.444589455739055839e-01
-5.976612127395837248e-01
-7.489535207255300087e-01
-8.819824634978151723e-01
-9.661448533249320514e-01
-9.643364422203171138e-01
-8.500685803477994185e-01
-6.111639362202669901e-01
-2.721808479718451079e-01
7.510704319748022495e-02
3.205681803114131534e-01
4.329563042931152683e-01
4.485949938854464358e-01
4.125894851774262739e-01
3.669746641967327472e-01
3.459661099076416502e-01
3.573047282078001818e-01
3.730886171947636054e-01
3.713298360022273537e-01
3.435581503655743552e-01
2.726862097508357397e-01
1.650757690540083644e-01
5.197703550213579604e-02
-3.942043630501985280e-02
-8.770440217676839234e-02
-9.622645928716341834e-02
-8.999994221283334761e-02
-7.423268446527989117e-02
-3.154070329528550765e-02
3.149769757550693883e-02
7.521408379173528946e-02
8.403533240104597846e-02
7.413163470267943034e-02
5.637943263163582019e-02
3.750869141988887046e-02
1.781609634291001984e-02
-1.495454675097597844e-02
-5.777939119655806782e-02
-9.028153460848901968e-02
-9.047200732243874943e-02
-6.176883340729110577e-02
-4.342250049324689054e-02
-5.197407731086350208e-02
-7.369614307967983780e-02
-9.513049238299944865e-02
-1.165560094807085723e-01
-1.613131106171184492e-01
-2.370738743811926785e-01
-3.145370467940490355e-01
-3.498769659435675417e-01
-3.367568512959575600e-01
-3.063901340843110388e-01
-2.496026525524453754e-01
-1.525360940230242324e-01
-3.589793379076425262e-02
7.357418607811926081e-02
1.487408056360298991e-01
1.773531476419240027e-01
1.507189095357395203e-01
7.848573956051418943e-02
-1.502055469094557005e-03
-7.462718269382231928e-02
-1.528476538387170403e-01
-2.209687263975560201e-01
-2.299948980644551388e-01
-1.541461249318222260e-01
-3.198749634577120748e-03
1.936235554586522578e-01
3.883257256192506057e-01
5.350754109257681579e-01
5.977422457636707431e-01
5.750343748513642161e-01
4.970074905528424902e-01
3.896967880052750743e-01
2.730997144084890693e-01
1.654189051509645791e-01
7.995224777631171342e-02
1.688149255375540753e-02
-2.713962936923066532e-02
-5.312271614188765478e-02
-6.204736594244378289e-02
-5.278491871768332261e-02
-2.209830842127608747e-02
1.922203570180559817e-02
4.377192289827053912e-02
3.999282215027833570e-02
1.651430713973015690e-02
-1.822361753274173019e-02
-6.012997645238889188e-02
-1.075698237260707679e-01
-1.621487177200977015e-01
-2.232792435619444515e-01
-2.850681912632622161e-01
-3.397350978530632171e-01
-3.773574544122442198e-01
-3.928637061313372536e-01
-3.902315706999508471e-01
-3.648257604671246157e-01
-2.964203304366337388e-01
-1.636470056578665788e-01
8.144893083768962525e-03
1.484493652749515058e-01
2.295502778717005699e-01
2.664473411908542810e-01
2.730231730403599455e-01
2.625911582996116045e-01
2.457655633784861515e-01
2.273330107769767627e-01
2.077219614590311292e-01
1.824326258397219180e-01
1.432181286695053124e-01
9.137437880298510118e-02
3.499229384961357464e-02
-2.135171414792568292e-02
-7.588347231838764306e-02
-1.296185194316960276e-01
-1.843172883418351671e-01
-2.376788793175836634e-01
-2.827164841936020134e-01
-3.108812440441698910e-01
-3.132165259431509696e-01
-2.804949316137392845e-01
-2.005270421224730759e-01
-5.424909519450808737e-02
1.298873365673362812e-01
2.691339856667639419e-01
3.291808765948840421e-01
3.308676085010027190e-01
2.963569829946333667e-01
2.401768094932097974e-01
1.714531664133075450e-01
1.000563921857266086e-01
3.677100200904266647e-02
-9.791764486891067071e-03
-3.543778340970551999e-02
-3.814428960698088011e-02
-1.566253063678517063e-02
2.313594348870222708e-02
5.823764870912878644e-02
8.057418852106686125e-02
9.504232853458546848e-02
1.061662081470977070e-01
1.140442526165196535e-01
1.095102603414831455e-01
7.582256754695998469e-02
9.726118682423078726e-03
-7.875632689192664515e-02
-1.781969984386508610e-01
-2.750562249294813966e-01
-3.605841659145042621e-01
-4.283038958053367318e-01
-4.652238792462827233e-01
-4.569761903704784300e-01
-3.854541232324621980e-01
-2.293879833009728753e-01
-2.275047870791969615e-02
1.506922167605564411e-01
2.642453218570689488e-01
3.438448225348264553e-01
4.019908168698230200e-01
4.236453862648752455e-01
3.867618362737230697e-01
2.935645980950742917e-01
1.652909326226471021e-01
2.278853944281366423e-02
-1.159861073301558937e-01
-2.328085646179212653e-01
-3.090450121443443221e-01
-3.235416009429389894e-01
-2.780259218287524647e-01
-2.009494858251671401e-01
-1.016372661831060065e-01
2.141687127171846422e-02
1.390768144644550230e-01
2.131717277321327209e-01
2.370756907366188826e-01
2.228903774610221100e-01
1.815778797239246956e-01
1.242348133160573465e-01
6.397116358432987371e-02
1.617278943179594961e-02
-1.056490859173473199e-02
-1.710471623180147976e-02
-5.931620880690295292e-03
1.635026203732893937e-02
3.593042017621807249e-02
4.358535091155173180e-02
4.085782616855303251e-02
3.162159563657087474e-02
1.883741239783431193e-02
4.747984147255348772e-03
-1.218890872505522423e-02
-3.442736230846847600e-02
-5.777349730248362153e-02
-7.046981269454614949e-02
-5.970182571062836174e-02
-1.232267064534723483e-02
6.064861052648466005e-02
1.183883098823375057e-01
1.396025879106739809e-01
1.288101114554499327e-01
9.543920149834457523e-02
5.114851285866815755e-02
3.667676480835338482e-03
-4.479288980287184779e-02
-9.125166740733932358e-02
-1.272628610110712322e-01
-1.425962029365323014e-01
-1.276687338516977188e-01
-9.658127738372949966e-02
-8.876239001643489168e-02
-1.175603960354698330e-01
-1.691412742440133732e-01
-2.301296919071086633e-01
-2.832587941731077308e-01
-3.167136030047559281e-01
-3.305849192101961154e-01
-3.216653941952437035e-01
-2.780391948381449874e-01
-1.792983041201975658e-01
-3.796945072295393464e-02
9.532342870666819790e-02
2.085983684986800202e-01
3.038856846151253843e-01
3.535361207682011231e-01
3.461031543521868037e-01
2.957356661602341674e-01
2.215089394557013536e-01
1.431650767244148914e-01
8.052540361459251117e-02
5.349809255835837052e-02
7.584653389933260215e-02
1.342625062849000239e-01
1.907902492491470037e-01
2.241785229518790667e-01
2.339026314269835871e-01
2.189273861062009663e-01
1.824080236874290051e-01
1.341751356855614141e-01
8.437310314722516746e-02
3.923744721599797813e-02
5.845601024405192025e-04
-3.387967894151829723e-02
-6.788218221885879144e-02
-1.031183615122059638e-01
-1.442962673859956857e-01
-1.963362135647321316e-01
-2.512095299293359840e-01
-2.959217769302551204e-01
-3.224811842721361232e-01
-3.195200664742099406e-01
-2.758662229807069544e-01
-1.879451765391619567e-01
-6.076138316473870399e-02
9.762299522171585808e-02
2.642159791874614250e-01
3.874110961008758180e-01
4.338695968027115324e-01
4.103885832947750112e-01
3.325534132220626660e-01
2.156756993897518959e-01
7.585386133371689599e-02
-7.021534788930079707e-02
-2.060324508251570874e-01
-3.171350863309158608e-01
-3.894819522537212864e-01
-4.087827892612717617e-01
-3.702352288812973402e-01
-2.767036407122984709e-01
-1.648360846715633543e-01
-1.061114503506881274e-01
-1.204338753661232941e-01
-1.722049667414999596e-01
-2.207125999492866031e-01
-2.272700587849142972e-01
-1.895053141460467383e-01
-1.470377859712870272e-01
-1.089596197060085647e-01
-3.570183258853761032e-02
1.061721825115332085e-01
2.879818414484050515e-01
4.279545088062333691e-01
4.804011011053087588e-01
4.543511210614787355e-01
3.693226262482262046e-01
2.443137829230063729e-01
9.905425330300075826e-02
-4.124881429810727668e-02
-1.483392139767902296e-01
-2.001272707286326225e-01
-1.794956763457760396e-01
-7.484812685614453120e-02
7.621024093671767419e-02
1.934851188691085744e-01
2.427033957887591298e-01
2.398523867030281365e-01
2.081991793692795634e-01
1.655838807955334335e-01
1.222056738348446803e-01
8.121761835798442519e-02
3.655141573995303317e-02
-1.226208663982115629e-02
-5.337133569224120078e-02
-7.781545443384285665e-02
-8.704255617977747772e-02
-8.577122277139712092e-02
-7.620209268151295623e-02
-5.602489263660186125e-02
-1.845132394938052423e-02
2.840141722362443666e-02
6.053648416420478323e-02
6.744852550367416710e-02
5.004691440052597834e-02
9.171674087019290530e-03
-5.227884558504838214e-02
-1.250630751331281154e-01
-1.866300773907624555e-01
-2.253503200557911701e-01
-2.536057231934875089e-01
-2.781969276059435003e-01
-2.958840964424782061e-01
-3.043740445088543023e-01
-3.010286487076185291e-01
-2.881850320978461832e-01
-2.691357436374189893e-01
-2.285221210293715832e-01
-1.374962313406297987e-01
3.178400393617275554e-02
2.474186128941152085e-01
4.164023134564066586e-01
5.035392603911588161e-01
5.296825423734204952e-01
5.115674765456833528e-01
4.655936510113508620e-01
4.071775204056352626e-01
3.506716386808078068e-01
3.080499683233106079e-01
2.728707364040826033e-01
2.234207950654192032e-01
1.465421098082904106e-01
4.222345864654974967e-02
-7.947476774098874430e-02
-2.083208221690993900e-01
-3.374252517907017634e-01
-4.588866846370369679e-01
-5.665477726540202319e-01
-6.510485034562873974e-01
-6.957494563125254938e-01
-6.821972315740835180e-01
-5.924405243374841756e-01
-4.236667616303963491e-01
-1.854714779063412478e-01
8.018858955294343172e-02
2.821366254847147981e-01
3.747483090814195394e-01
3.805236827548237333e-01
3.284401127611850657e-01
2.427810317477133717e-01
1.454352985439607560e-01
5.234342768765134352e-02
-2.466510916246400509e-02
-6.577377924391603070e-02
-5.363349918780539738e-02
2.070717031098343736e-02
1.331226557799534693e-01
2.248336252924346412e-01
2.713072448097899603e-01
2.836215514449141883e-01
2.768285442262767848e-01
2.578839233289635380e-01
2.204475232972968879e-01
1.655044112007672263e-01
1.035368907470468613e-01
4.463664533226769510e-02
-7.017254188427354128e-03
-5.125922987323940083e-02
-8.110864571143452939e-02
-9.257679607524502141e-02
-9.525678874358017856e-02
-9.556117021788945731e-02
-9.455560329855286494e-02
-9.498431441607990688e-02
-9.469771758953436647e-02
-8.870396401439115119e-02
-7.549361098804763248e-02
-5.883060987060460822e-02
-4.623826695890093791e-02
-4.270989970919499695e-02
-4.972222723426219376e-02
-7.031622110845232865e-02
-1.053670090526391545e-01
-1.503039890485704522e-01
-1.996167891789081827e-01
-2.485469321424786382e-01
-2.926451653857780610e-01
-3.255406695136094930e-01
-3.382073440339136150e-01
-3.223260729928671409e-01
-2.697646536396174910e-01
-1.747615135552783028e-01
-4.956025626217259311e-02
