-4.785336229513395545e-04
-5.964707853827605488e-02
-1.213531875037471841e-01
-1.823138665593501129e-01
-2.420361429517272345e-01
-3.032482958048047239e-01
-3.662666421815494733e-01
-4.271878449926809207e-01
-4.796850256337064078e-01
-5.127707970432845430e-01
-5.148869796911776930e-01
-4.760300028922514470e-01
-3.826431401804665788e-01
-2.172634783199050013e-01
-1.906101825513129011e-02
1.163923266087316943e-01
1.547922526694774925e-01
1.225213129888691466e-01
5.016377313770551544e-02
-2.761792468996071559e-02
-7.606346993213525254e-02
-6.130231539460501144e-02
4.696416908673572282e-02
2.148797051994131291e-01
3.464351588678529770e-01
4.027010196503226780e-01
4.066916051046272074e-01
3.812869747520142294e-01
3.430552984377498449e-01
3.038617329280074442e-01
2.691772803108618550e-01
2.381538227694269538e-01
2.069172901419236432e-01
1.727391952210831361e-01
1.371778340430395704e-01
1.041215717095386184e-01
7.609780442500778397e-02
5.180470339720542883e-02
2.964785665625836036e-02
9.505461896982619896e-03
-9.587495015193930881e-03
-3.117462984012721317e-02
-6.146856011621097682e-02
-1.057243124407553497e-01
-1.677998901903679507e-01
-2.513842582652441315e-01
-3.553325021582571797e-01
-4.701792827238645001e-01
-5.823132983189507339e-01
-6.767961550290122474e-01
-7.390948708545836965e-01
-7.540819705614169033e-01
-7.048701867018754008e-01
-5.706095656837558705e-01
-3.733758836595882924e-01
-1.824741821654489171e-01
-1.328361698057073381e-02
1.765126034536270150e-01
4.138792760158342965e-01
6.477474086860388613e-01
7.858725830545977287e-01
8.087580788576140822e-01
7.502017681208641431e-01
6.390044707330230223e-01
4.998640384221503252e-01
3.543614983025488718e-01
2.185736998528975961e-01
1.029107828343457931e-01
1.216552482523961323e-02
-5.303717968289048401e-02
-9.357505978841260119e-02
-1.159652734506396166e-01
-1.309008982840915991e-01
-1.428854425219256707e-01
-1.521322734341384597e-01
-1.605933013626448247e-01
-1.687628255292221990e-01
-1.729337199327807828e-01
-1.694961617497221795e-01
-1.574796621486246329e-01
-1.358433685870645280e-01
-1.028791368940997902e-01
-5.604747654420436792e-02
-4.200045160001145486e-03
3.314611742731914112e-02
5.147727523700118546e-02
5.745128015046112313e-02
5.512976042885543715e-02
4.951341686059974878e-02
4.413131960402857934e-02
3.707593641501458204e-02
2.635120967503729733e-02
1.359873288836223673e-02
1.322315314612828099e-03
-9.816926242206033132e-03
-1.920739992477441677e-02
-2.550118104211789374e-02
-2.978871332648509382e-02
-3.173476218904937307e-02
-2.809645798985507814e-02
-2.014982415020634757e-02
-1.349607951260489887e-02
-9.899872302186838585e-03
-7.029389952823318112e-03
-3.843609449140986123e-03
-1.273548063482421791e-04
6.337140633012088714e-03
1.452332765626887685e-02
1.988490492122873404e-02
2.222612675339295102e-02
2.302489777260313675e-02
2.199433222124518028e-02
1.967627165828526523e-02
1.708364313898649151e-02
1.368892891242946656e-02
9.054252289009433186e-03
5.677239543774254514e-03
6.855571060015193743e-03
1.161360459947364566e-02
1.472293747813735801e-02
1.312691515447914417e-02
8.629006779562482105e-03
2.511284179150020252e-03
-5.539581188338579126e-03
-1.342704309622725148e-02
-1.822197169067374389e-02
-1.938208085920031104e-02
-1.903172955032208721e-02
-1.826382291068236186e-02
-1.474984176385915093e-02
-6.725243249363323933e-03
2.930135016714156913e-03
9.930793283119273077e-03
1.499665093569993272e-02
2.082015900639273831e-02
2.781359623771680403e-02
3.707982156966244114e-02
5.030946144995103453e-02
6.599832135566850722e-02
7.933004612612024053e-02
8.686741892692648181e-02
8.879776710349521207e-02
8.492164142162686447e-02
6.612148849433317765e-02
1.916326649818525865e-02
-5.350903069146641794e-02
-1.367429511584703217e-01
-2.198721090816479207e-01
-2.974427259619985553e-01
-3.653384645380999274e-01
-4.169225750689148358e-01
-4.382672163846750291e-01
-4.119650485093827585e-01
-3.211850064487033474e-01
-1.501249523079626891e-01
6.619965279714534745e-02
2.453487424453240084e-01
3.564292608047835431e-01
4.140714347647211357e-01
4.288314423140540121e-01
4.126852368900091328e-01
3.784607700543632935e-01
3.352766905657125207e-01
2.871334575811329559e-01
2.333882105207340241e-01
1.723809587081632233e-01
1.049054142766249614e-01
3.788718617093629615e-02
-1.592526326208719770e-02
-4.945662791113063922e-02
-6.525567962350559137e-02
-6.874227350905916245e-02
-6.311283248685051195e-02
-5.059342824354878809e-02
-3.668644075033846569e-02
-2.729758820460547603e-02
-2.507556115045282696e-02
-3.021940554728864275e-02
-4.318487956049627680e-02
-6.858400449675301769e-02
-1.088511651464851016e-01
-1.587504220249068010e-01
-2.138770458692800525e-01
-2.727199492898880751e-01
-3.305525853200855790e-01
-3.780195244197806503e-01
-4.047257928727786558e-01
-4.027230557063252170e-01
-3.613569937303980906e-01
-2.631523201970482617e-01
-8.989801234930300255e-02
1.230871526619036482e-01
2.903306177816689648e-01
3.801933178354325316e-01
4.115392868076595545e-01
3.997581190858826572e-01
3.588497792165565303e-01
3.015906264067937381e-01
2.379396643281986856e-01
1.759674571644717078e-01
1.209763964633509548e-01
7.537695624957056750e-02
3.948290954293028066e-02
1.120327402429443717e-02
-1.291657645984465100e-02
-3.585303058911874785e-02
-5.944680431922148844e-02
-8.526778439851054325e-02
-1.117124082174889010e-01
-1.330334876382789355e-01
-1.458508113602603740e-01
-1.495763007365036867e-01
-1.420157091240498715e-01
-1.189675211391997833e-01
-7.612060546415945483e-02
-2.130555478222001878e-02
2.796355949649456316e-02
6.599220681493157825e-02
9.623922590999506310e-02
1.203293526245733519e-01
1.388056587406965858e-01
1.516420849577060914e-01
1.572482333621037509e-01
1.512393500197469487e-01
1.288723439319032771e-01
8.827757177139830547e-02
2.833064736156631208e-02
-4.233152116371597523e-02
-1.024217717961717483e-01
-1.406336037910266012e-01
-1.603737389523881562e-01
-1.674447231456412388e-01
-1.653230189977342168e-01
-1.535595806870736768e-01
-1.325319224040465982e-01
-1.068619736729300856e-01
-7.990356601814600779e-02
-5.226264702652606842e-02
-2.468486323412024536e-02
2.949916304431216690e-03
3.072202019331164713e-02
5.620843148443675774e-02
7.744445370432628817e-02
9.512593097044613755e-02
1.090891817483333609e-01
1.171373305423506900e-01
1.171275645287464529e-01
1.074470834207972569e-01
8.598547163186613662e-02
5.290857062510929965e-02
1.067833441825889219e-02
-3.419139751104983971e-02
-7.024649699958589177e-02
-9.205470784061141332e-02
-1.002927694806073772e-01
-9.649053230181703356e-02
-8.335654728638711153e-02
-6.377286429964602876e-02
-4.103520501608654003e-02
-1.791394278970885948e-02
3.733842168430555331e-03
2.188820786246922778e-02
3.447308715403297336e-02
4.085706957923883331e-02
4.304129656927865172e-02
4.309984439804705192e-02
4.170911659515549874e-02
3.931531822485002936e-02
3.453354200028251053e-02
2.641612602458896092e-02
1.840811000906988903e-02
1.496144662129091953e-02
1.699538958300469971e-02
2.226667236416674314e-02
2.813371344123330106e-02
3.394242558794114545e-02
4.053968821019362373e-02
4.772502218070605318e-02
5.486015401475631548e-02
6.246001933269026279e-02
7.090902060400208762e-02
8.053059807813824078e-02
9.128350068642876458e-02
9.892355816440488725e-02
9.522048273954543396e-02
7.235713737213847474e-02
2.750373910029723160e-02
-3.361247718661285883e-02
-1.005336796304060198e-01
-1.664541704908127084e-01
-2.285391145676393398e-01
-2.830632606162507003e-01
-3.252946891157041942e-01
-3.509306528981198658e-01
-3.565384526963780165e-01
-3.385575240986096190e-01
-2.905696932175086400e-01
-2.032279145962721523e-01
-6.513432902462061580e-02
9.923501815923171931e-02
2.290464928237239683e-01
3.006907402792219353e-01
3.259912937372581587e-01
3.159995731342417624e-01
2.819020082255752069e-01
2.345182539089619156e-01
1.824225785479272610e-01
1.316492183973689556e-01
8.787121212244361490e-02
5.477124384911968152e-02
3.300037708251421509e-02
1.961544406977315178e-02
9.288544523872154998e-03
-2.358098486506549768e-04
-8.157900485018037065e-03
-1.342528809763841521e-02
-1.604494567575144234e-02
-1.619959548696055934e-02
-1.353097409941967505e-02
-9.409953176192647692e-03
-6.426788487187534357e-03
-7.011601495260649450e-03
-1.385947790828642896e-02
-2.611938182038756745e-02
-3.876073429706002049e-02
-4.964853167068662698e-02
-5.967503789054176555e-02
-6.853342732746538213e-02
-7.405483533430037846e-02
-7.468653928692792210e-02
-7.097971030857912200e-02
-6.341901197488616915e-02
-5.159886621933454376e-02
-3.503152861679918045e-02
-1.336173900355475293e-02
9.695803334419524425e-03
2.631340187651501350e-02
3.419636301808854500e-02
3.649966898181838254e-02
3.491136460708944150e-02
2.988726737925289506e-02
2.283322554615599409e-02
1.522377661079430539e-02
6.805513285112392043e-03
-1.480640791569307144e-03
-6.284993782115305683e-03
-6.816072810767687638e-03
-5.972349050333993978e-03
-5.468516692939234293e-03
-3.560054152349375299e-03
3.724245699683408593e-04
5.405781212929177022e-03
1.229825099314429612e-02
2.051277768916892619e-02
2.742839334880348146e-02
3.102577917813291106e-02
3.018027404969747876e-02
2.393375314647609026e-02
1.179765894001516720e-02
-4.339341984435821087e-03
-1.977826085443007420e-02
-3.059883678231563667e-02
-3.545721102701494820e-02
-3.365684455669171182e-02
-2.433747418893653092e-02
-7.861875383480172036e-03
1.200578936646370422e-02
2.959444419550816968e-02
4.058105719341723039e-02
4.172991102485833215e-02
2.985342709545726197e-02
7.698859189529019820e-03
-1.461222476309191956e-02
-3.033282915913523142e-02
-3.937904468477462089e-02
-4.342274997675148185e-02
-4.361727633487498534e-02
-4.122507967840737669e-02
-3.707645454062909185e-02
-3.050767476736001779e-02
-2.122330319288483202e-02
-9.764377899613273931e-03
3.680559350808192305e-03
1.751040901334292507e-02
3.023854813268659833e-02
4.289288011071390461e-02
5.485151242481819261e-02
6.439743446774963409e-02
7.075790848631401120e-02
7.250949687385455089e-02
6.931242119891702080e-02
6.203467086174227485e-02
5.074981827040243171e-02
3.483940476317458346e-02
1.369301670091224027e-02
-1.111695854982725461e-02
-3.626239092731045610e-02
-5.943912177698547350e-02
-7.883164388239538578e-02
-9.296524347837589741e-02
-1.011679528826999186e-01
-1.033193725950905389e-01
-9.959274834915897434e-02
-9.008303360553841788e-02
-7.414938719848628013e-02
-4.989903217891046572e-02
-1.467614104431338301e-02
2.561947707511440589e-02
5.633831602726309395e-02
7.195455590589025507e-02
7.550333131480392590e-02
7.023158960914133164e-02
6.000465144754160707e-02
4.762774417192248283e-02
3.499703795204602008e-02
2.406904829107647109e-02
1.626780317194853609e-02
1.107732026335794991e-02
6.725201879621094808e-03
1.721147431815587972e-03
-4.738572258070716629e-03
-1.154355864258128916e-02
-1.646782765684017338e-02
-1.858021605417739183e-02
-1.830183124212807211e-02
-1.638464260051934740e-02
-1.283882760760672592e-02
-7.109152539826243261e-03
1.160178538056975701e-03
1.282898814647833938e-02
2.856449354323844364e-02
4.475286025537237450e-02
5.459271284708140659e-02
5.615564281368253668e-02
5.105849041923014170e-02
4.079274862871446611e-02
2.831985864233284300e-02
1.595619621204637240e-02
4.430670067666432621e-03
-7.500510065558528387e-03
-2.089038213136867883e-02
-3.402972875954659443e-02
-4.474831019128990006e-02
-5.246581928673289819e-02
-5.974754314183175485e-02
-6.917347950864478900e-02
-8.158635887225240690e-02
-9.755976583457891260e-02
-1.149529832497464127e-01
-1.300678890357583606e-01
-1.409831836246696890e-01
-1.437616990232220004e-01
-1.296687377035499744e-01
-8.875584425786281484e-02
-1.052874013083458272e-02
9.118176488189570772e-02
1.775772879663902459e-01
2.335667982496998640e-01
2.655300872135296641e-01
2.784574197007697038e-01
2.772624003665843939e-01
2.645721939348623652e-01
2.412214935333868993e-01
2.080226538924273005e-01
1.644664250237188041e-01
1.070960093193716184e-01
3.049475624603895096e-02
-6.037435019039220918e-02
-1.475802552511608357e-01
-2.210777640561677193e-01
-2.823241237319529806e-01
-3.333795551951372338e-01
-3.746092522407740155e-01
-4.034299320427565672e-01
-4.139662467144066826e-01
-3.987925390575418616e-01
-3.491981284105068473e-01
-2.546190075925789942e-01
-1.023316877276028020e-01
8.096702400314437220e-02
2.278065999626893157e-01
3.121292090627475480e-01
3.486072724706265058e-01
3.500089472751840569e-01
3.276252500914599297e-01
2.923445420195718847e-01
2.533095544565279189e-01
2.162024188657715451e-01
1.826684767745483107e-01
1.497179613968162015e-01
1.133037143280212072e-01
7.341803950807197776e-02
3.408647293853016291e-02
-1.936636123471346255e-03
-3.667541534181582158e-02
-7.311799023314824453e-02
-1.113036657063508350e-01
-1.496107217204362960e-01
-1.882142718384250402e-01
-2.236555353046450478e-01
-2.410223501838792692e-01
-2.246261678209170165e-01
-1.686886346615374954e-01
-9.015450992125306762e-02
-2.294256711199207932e-02
1.966617738145251537e-02
4.319034412727665306e-02
5.179989652985488718e-02
4.900927715659732231e-02
3.823309126684415471e-02
2.268223106380307802e-02
5.618952918907633987e-03
-8.813578825958137686e-03
-1.562521985696890825e-02
-1.044779180817922114e-02
2.938517783881784869e-03
1.416667286651423011e-02
2.095941372035375200e-02
2.713345764825893930e-02
3.374107506966411707e-02
4.008176531124776204e-02
4.585820379753411530e-02
5.093668327699113485e-02
5.452897335957723052e-02
5.610999120027061055e-02
5.629652276933885119e-02
5.555183793026336608e-02
5.441620444803813017e-02
5.409850958108820829e-02
5.355009604005915580e-02
5.020909309241574497e-02
4.322221555945501142e-02
3.434545891167433557e-02
2.791978550864568365e-02
2.551548802547477790e-02
2.278784123307145415e-02
1.547963001075032541e-02
3.752526296673316941e-04
-2.700269264357685328e-02
-6.311651143658236762e-02
-9.638365148353632283e-02
-1.215421207676169180e-01
-1.388378162739410671e-01
-1.486736121285224810e-01
-1.511822202938921944e-01
-1.467827250466684497e-01
-1.371377164225202339e-01
-1.213100275324358879e-01
-9.601913819734581024e-02
-5.893492582503058463e-02
-8.177690038296322322e-03
4.888790935216009992e-02
9.580427337247794661e-02
1.254066974183344896e-01
1.400502647612003881e-01
1.436471479961855258e-01
1.390532974411934075e-01
1.275228482373719774e-01
1.104268420142849594e-01
8.907766719146130441e-02
6.483520732580240475e-02
3.717917443098671393e-02
3.035734328830471535e-03
-3.322579107651921909e-02
-5.907039286278394086e-02
-7.000257337537051094e-02
-6.896235744680868918e-02
-5.780779128080652807e-02
-3.961138809353247081e-02
-1.902212331858573607e-02
1.080630248115712830e-03
1.909510796745602507e-02
3.160981718120592365e-02
3.429022387370721237e-02
2.574852744492234571e-02
8.682132374330629385e-03
-1.171765799557234963e-02
-3.099964107614962619e-02
-4.688618625286172792e-02
-5.806335903412435800e-02
-6.458093722399577130e-02
-6.607560243206647699e-02
-6.136507689410544003e-02
-5.166920572192225392e-02
-3.952101394682678431e-02
-2.613816421149823405e-02
-1.168256125969887975e-02
2.272088978451212646e-03
1.425826442911359154e-02
2.692008251718658318e-02
4.377674709847689805e-02
6.482719791113711327e-02
8.695021896371812886e-02
1.063136175906144176e-01
1.200291508144908509e-01
1.246941633646327235e-01
1.168152985537589672e-01
9.491961557902994784e-02
5.730606863818861474e-02
9.698154404608937129e-03
-3.223739975272169045e-02
-5.998852622989790662e-02
-7.512875854863948488e-02
-8.100351857956074320e-02
-8.077315266093866575e-02
-7.696539752427085379e-02
-6.992234895925335258e-02
-5.919410930111877051e-02
-4.702681915318464995e-02
-3.613211765634909145e-02
-2.807180337875348625e-02
-2.265392527641268278e-02
-1.825639746285590004e-02
-1.417690661869698207e-02
-9.040871643829738458e-03
-2.120007809377696950e-03
5.193730494715674377e-03
1.197297022091390467e-02
1.841387973084948962e-02
2.431224087637907233e-02
2.765399730860839886e-02
2.704963892701926081e-02
2.334198830056804369e-02
1.659280884867857242e-02
8.121314076511130034e-03
1.295519014577927591e-03
-3.414270119896142992e-03
-7.450242710205658321e-03
-1.147439992982217383e-02
-1.567648840818369749e-02
-2.015736519403773727e-02
-2.482116533148619186e-02
-2.908637769412603796e-02
-2.995164503349896298e-02
-2.315064267562609926e-02
-9.333906471530121693e-03
6.997077762134063308e-03
2.241985514529672152e-02
3.393934228565919503e-02
4.022875893818379789e-02
4.336320546807410914e-02
4.626749624598726351e-02
4.968441675033711397e-02
5.238608892372009773e-02
5.231181420300287654e-02
4.750436540867800095e-02
3.698066479344689489e-02
2.399380334754497648e-02
1.507989215820455461e-02
1.223137560993987211e-02
1.466397996673434075e-02
2.141478012902608974e-02
3.022990046004737225e-02
3.913289140899117724e-02
4.637545166771209204e-02
4.953270909720024207e-02
4.519209618773893655e-02
3.035559078042069855e-02
2.981965595454277515e-03
-3.449601504497724208e-02
-7.549440149326930305e-02
-1.163000762668002508e-01
-1.545833507654020833e-01
-1.883742995147816846e-01
-2.164594899219073887e-01
-2.363828365421666300e-01
-2.452218734734149252e-01
-2.378152310953124959e-01
-2.062491606302349345e-01
-1.431443381454514108e-01
-4.246727353031792829e-02
7.627971558312846012e-02
1.692525086779168575e-01
2.208767688197685597e-01
2.421045037896245589e-01
2.424123776687785170e-01
2.293161088784184676e-01
2.078578072067039373e-01
1.809557648865105506e-01
1.497017793222275017e-01
1.139007399101912704e-01
7.423280771027397640e-02
3.187424461619069171e-02
-1.102043305272468535e-02
-4.805868192320342930e-02
-7.264080260499210240e-02
-8.260403762881964040e-02
-7.958964170666643634e-02
-6.745395859824943052e-02
-5.012095318808333644e-02
-3.121106976135591682e-02
-1.420144517099727194e-02
-1.704102357079064975e-03
5.297764608009358951e-03
6.100876493974434142e-03
-1.079440959131810086e-03
-1.443988333086264689e-02
-2.778719518103747038e-02
-3.807000005084221900e-02
-4.612502661071880145e-02
-5.163853808819159757e-02
-5.324204616420764175e-02
-5.093668036431197449e-02
-4.513788440409068070e-02
-3.594874289590362093e-02
-2.264131446491162922e-02
-3.369876558330776959e-03
1.695606185236262636e-02
2.975217437212065996e-02
3.505650657695205674e-02
3.612192239939292920e-02
3.471030417448452143e-02
3.265105385227892731e-02
3.023623073391655189e-02
2.646185543865297446e-02
1.920824575552916233e-02
8.215970776231915074e-03
-3.704709865049047191e-03
-1.576147794822588266e-02
-2.809294268017685850e-02
-3.679873271307972787e-02
-3.774459097885998066e-02
-3.081576328696744929e-02
-1.783148450369654442e-02
-1.897237055214342182e-03
1.359139369179009418e-02
2.691108085589102167e-02
3.580438557209621175e-02
3.800786663019233014e-02
3.462858092784330821e-02
2.740624034022592220e-02
1.663060388947054657e-02
5.434926791753542583e-03
-2.246576378741268077e-03
-6.664239002648633670e-03
-9.513566253477627119e-03
-1.099904508715009166e-02
-1.062038270980541696e-02
-8.086055611185041792e-03
-2.783422591295628586e-03
5.212478674197804779e-03
1.391174158115174309e-02
2.048966006831769507e-02
2.272754001442929897e-02
2.182208618633636743e-02
2.126359202856493991e-02
2.286832855816893148e-02
2.535256485153133607e-02
2.454803482934311137e-02
1.852285409177799325e-02
9.785180092073235414e-03
9.254841785427594253e-04
-8.645415341041306351e-03
-2.186976883259357865e-02
-4.022872581191441060e-02
-5.892493511856135985e-02
-7.035037019946534242e-02
-7.260892065844835874e-02
-6.724486190384207362e-02
-5.638641454042390977e-02
-4.251731100023382892e-02
-2.688303344685388438e-02
-1.041850122751247082e-02
5.233870711626236946e-03
1.773963462019235299e-02
2.558706052411632154e-02
2.871922218028671175e-02
2.819096350116217370e-02
2.628492058622295194e-02
2.539371459143341392e-02
2.600887130441063150e-02
2.757278139838805278e-02
3.002820266927958351e-02
3.284070278101830498e-02
3.511540565300095423e-02
3.597805642357583544e-02
3.461605378062428129e-02
2.988463708076258621e-02
2.036219463045706862e-02
7.613746695948006918e-03
-4.201870953351472329e-03
-1.365015862085145609e-02
-2.158760416292498235e-02
-2.854088000095388045e-02
-3.573034038525518818e-02
-4.354395263403514071e-02
-5.080908615702571518e-02
-5.616901058821126974e-02
-5.818765502179134436e-02
-5.570102016589860427e-02
-4.514180290357742986e-02
-2.717777857859254159e-02
-1.104633916011171779e-02
-3.236207263453347305e-04
8.618777092834766992e-03
1.853493669256634988e-02
2.979849113248249359e-02
4.065999590094467042e-02
4.940604724902269984e-02
5.441311735461583365e-02
5.328806999783769482e-02
4.509803621654980693e-02
3.107502904723687814e-02
1.347668395570988248e-02
-3.331216130845211093e-03
-1.506253968263798586e-02
-2.118071105876075111e-02
-2.314684469070188433e-02
-2.110922132982950145e-02
-1.511092197065946538e-02
-6.445585767316448431e-03
3.926382523035693711e-03
1.510666296369463091e-02
2.467629321932161834e-02
2.958780305056902052e-02
2.885456724251926619e-02
2.493610999030446834e-02
2.114689510858593427e-02
1.881867161016093776e-02
1.806519107038757205e-02
1.884733293334690113e-02
2.066239606800886197e-02
2.158697727137244560e-02
1.987006789184293104e-02
1.430862715816855896e-02
2.571861310664257712e-03
-1.676754572107526722e-02
-3.845470835667371551e-02
-5.249614818644405406e-02
-5.495771195254869207e-02
-4.930842491458346105e-02
-4.071258082200009121e-02
-3.219050046561421768e-02
-2.473647555722706393e-02
-1.912011678597809808e-02
-1.595276708454228254e-02
-1.537993395651211619e-02
-1.689813988665188685e-02
-2.035285806497414557e-02
-2.331032469175995520e-02
-2.043708653082325355e-02
-8.838215841988870947e-03
9.337060915744020001e-03
2.874691661159125416e-02
4.514988294654768280e-02
5.672748651405583320e-02
6.291690429118772243e-02
6.411954353718787858e-02
6.021857886785531022e-02
4.975334004847869335e-02
3.168416546863023209e-02
7.612126514257384381e-03
-1.925376217313664456e-02
-4.489845514492343120e-02
-6.482600708576499726e-02
-7.749682085958166378e-02
-8.329042965221138128e-02
-8.210753465089107306e-02
-7.418232832242478703e-02
-6.005976806519059547e-02
-4.037342887396671437e-02
-1.601473398269129614e-02
1.198089148279106106e-02
3.958395097191005213e-02
5.807301469008005479e-02
6.309466602543553626e-02
5.901903295679959693e-02
5.171404012171118558e-02
4.326482126396592048e-02
3.360105782647943712e-02
2.391494071068757388e-02
1.573165704978564741e-02
9.868717623199428635e-03
5.746648353092861407e-03
1.786408323671497770e-03
-3.007399284167589209e-03
-8.857009606834555585e-03
-1.433785525540618583e-02
-1.682018525648103571e-02
-1.521895055979090652e-02
-9.109366896095063421e-03
2.741173052790879701e-03
1.997036317327499297e-02
3.862147843027546185e-02
5.304965133834599333e-02
5.884353792546975076e-02
5.236212945362973825e-02
3.421477759578751832e-02
1.039736170931249495e-02
-1.430400877153267976e-02
-3.717956069069780489e-02
-5.516246876936474475e-02
-6.655629303767231220e-02
-7.237465669558629244e-02
-7.424782427419424069e-02
-7.248615236470000445e-02
-6.595395674983851875e-02
-5.302733864038185890e-02
-3.249725459745780864e-02
-6.982204010384397003e-03
1.682562810468443693e-02
3.590285604358628424e-02
5.007279770557586385e-02
5.855520741505008953e-02
6.262771872623196234e-02
6.336523780482000712e-02
5.984249086921813315e-02
5.155820127797332286e-02
3.958490640594439919e-02
2.529238534109241182e-02
8.658749700145774997e-03
-7.867434670822669521e-03
-2.016981293195954650e-02
-2.847768649773349536e-02
-3.437143203540846126e-02
-3.789615565419220122e-02
-3.836520407477797545e-02
-3.469623484064331131e-02
-2.681668665052421019e-02
-1.739273897941815902e-02
-9.782728752142427417e-03
-4.864101986320297152e-03
-1.979494085512889783e-03
-2.252616992720380545e-03
-6.327814405245043433e-03
-1.150150906053644048e-02
-1.576466869171759197e-02
-1.864353709605309078e-02
-1.951592231682067885e-02
-1.815328989708055174e-02
-1.489753140397849160e-02
-9.871254595155209283e-03
-2.961914888676374195e-03
5.228583372052319697e-03
1.328777231691310491e-02
1.910528641717641404e-02
2.078805017621145751e-02
1.970809150099853135e-02
1.931244500372770664e-02
2.080744932926671675e-02
2.301078610449682621e-02
2.474616987318421779e-02
2.520364971905768650e-02
2.382848444943258884e-02
2.071216406503527049e-02
1.518608231096786956e-02
5.625164577540031630e-03
-6.953104062793002450e-03
-1.722484187179269474e-02
-2.035952928723325228e-02
-1.522429168917027557e-02
-3.545120234368394178e-03
1.152523281233264370e-02
2.696355699874453810e-02
4.086242483379375762e-02
5.211983173474972475e-02
5.895954398711651667e-02
5.775906269096340445e-02
4.438594676773717496e-02
2.232984834343492916e-02
2.498117546653680007e-03
-1.082216118008488132e-02
-2.050729382167277431e-02
-2.687602423496947279e-02
-2.824450473674022799e-02
-2.503399091528551307e-02
-1.946662869433268828e-02
-1.325549785534211808e-02
-7.088783950619024013e-03
-2.735333772903896649e-03
-2.161531773153841686e-03
-7.107747818224968012e-03
-1.940051331288094108e-02
-3.778003668477606519e-02
-5.955889737586604615e-02
-8.297841481864902391e-02
-1.057339081948638487e-01
-1.254867858591453278e-01
-1.403530638179114887e-01
-1.467150252269885102e-01
-1.379763066530879656e-01
-1.066283018248019299e-01
-4.646224206846485266e-02
2.901881178702201899e-02
8.842627807591810218e-02
1.207210641669116402e-01
1.343069293279282317e-01
1.367955781031175155e-01
1.332830827495544157e-01
1.261176381170665828e-01
1.165373202591552110e-01
1.057485915454720732e-01
9.451124821307894941e-02
8.209244143132528315e-02
6.611419690963218909e-02
4.702485304316163239e-02
2.950349175296632792e-02
1.410808915618892365e-02
-4.994958093346209965e-03
-3.000730668321144323e-02
-5.484009129371564262e-02
-7.378508435034113189e-02
-8.638323669868053223e-02
-9.258904494104869265e-02
-9.175721361478679505e-02
-8.502971487996056899e-02
-7.464506368618238630e-02
-6.274632066378998951e-02
-4.934249898528966088e-02
-3.255686772428404568e-02
-1.251621455346010187e-02
8.531202532979830291e-03
2.866300227962083683e-02
4.642160017851197640e-02
5.974996394794055560e-02
6.635021722132419808e-02
6.556677692465245899e-02
5.812179436311350200e-02
4.370389131916270486e-02
2.321492871013309395e-02
1.884428805758371107e-03
-1.415324643828024323e-02
-2.262574590787608600e-02
-2.428643447928615154e-02
-2.060478275144296545e-02
-1.464046597687892158e-02
-9.652245850877302913e-03
-6.743548029953218975e-03
-6.316444084465211786e-03
-9.491787672740267801e-03
-1.811809698301208513e-02
-3.008243863587502925e-02
-3.765456548135444337e-02
-3.699358193659978145e-02
-3.050299212675120636e-02
-2.052767874644040313e-02
-7.813201713939016066e-03
7.355993545589706133e-03
2.405200954696145449e-02
3.982663764083079622e-02
5.169055344429185350e-02
5.799080312497054135e-02
5.855888295632317997e-02
5.678189063494317596e-02
5.824553465559687004e-02
6.378286999155403925e-02
7.093504901718762634e-02
7.721954858007759603e-02
8.027120589250211213e-02
7.953436710873421078e-02
7.469753447232319044e-02
6.366366729687686354e-02
4.337978333805680292e-02
1.291520269389857117e-02
-2.590336853921801352e-02
-7.135684401612354955e-02
-1.191992624285930225e-01
-1.633606189812996656e-01
-2.021551871860148841e-01
-2.358594995499321556e-01
-2.629297549172919801e-01
-2.806070332955300506e-01
-2.849200378703206638e-01
-2.696142434557951550e-01
-2.265475817825526594e-01
-1.490794102736056892e-01
-3.197591336540159951e-02
1.028124990240668890e-01
2.077842148154387947e-01
2.672335810363912212e-01
2.926172553183318814e-01
2.929423249918107763e-01
2.770927576521592384e-01
2.517594778327155169e-01
2.206242608187396759e-01
1.861840580644318344e-01
1.490922629963354618e-01
1.078926408064940917e-01
6.054103257872013588e-02
7.901548202254223344e-03
-4.189016563857679565e-02
-7.990286302308925726e-02
-1.037751917050324379e-01
-1.142392744150188127e-01
-1.126735524332564964e-01
-1.018609630033112945e-01
-8.588601225743301704e-02
-6.863684219475198189e-02
-5.324746121760320916e-02
-4.319701881164091095e-02
-4.080934102644987599e-02
-4.491189393482415693e-02
-5.046189345594207648e-02
-5.205583318495125150e-02
-4.801046981250443185e-02
-3.960723803869845711e-02
-2.911303118817208310e-02
-1.842118898291521256e-02
-8.401700882778567053e-03
4.986258938691704584e-04
7.538641970776529047e-03
1.220349124018558704e-02
1.470004853666419427e-02
1.590599491053317979e-02
1.781160862986747723e-02
2.248789757373969092e-02
3.133473638026484237e-02
4.473540418644025851e-02
6.050331938255883862e-02
7.507608336564772222e-02
8.591891072048957190e-02
9.231576855815529226e-02
9.309434737337711485e-02
8.341485249150926151e-02
5.750835439603744353e-02
2.002673192162190280e-02
-1.336347630820414016e-02
-3.449053838533305827e-02
-4.532947188961056889e-02
-4.841665202487186598e-02
-4.579874646771248115e-02
-3.916859129255912536e-02
-3.114252321408663912e-02
-2.433027581428397201e-02
-1.908554927635398510e-02
-1.575124644622198297e-02
-1.607210143892644910e-02
-2.025725782260643509e-02
-2.589532788032537780e-02
-2.947749098086580727e-02
-2.813823806509990755e-02
-2.150413516240219994e-02
-1.173117045368086628e-02
-1.878867539268457790e-03
6.283551598959222564e-03
1.330849334042389503e-02
2.059246953403605709e-02
2.792317936009547363e-02
3.300656182903762698e-02
2.997373447644178374e-02
1.271667546036353569e-02
-1.731298592825723098e-02
-5.455339924002616803e-02
-9.518811633002959016e-02
-1.351787828173150741e-01
-1.689515545286448261e-01
-1.918338087095994571e-01
-1.999642862942542787e-01
-1.867544834682149657e-01
-1.428936653631236453e-01
-5.906321413221113370e-02
4.832403515761722612e-02
1.375093974244276651e-01
1.913330070679023220e-01
2.172232533945954169e-01
2.220475364503588511e-01
2.117589368383629989e-01
1.917425392647243709e-01
1.660184609686492507e-01
1.360249457703360532e-01
1.019797778149766770e-01
6.510087138737287449e-02
2.694190688642360276e-02
-8.965247110580637502e-03
-3.501828724448149965e-02
-4.653124432493893625e-02
-4.577367330080317487e-02
-3.739284716998620556e-02
-2.556601846605032272e-02
-1.206498345339511447e-02
3.199908004734366984e-03
1.779642464118403461e-02
2.596284452049384822e-02
2.092902983872756834e-02
-2.291149042256536081e-03
-3.666514038508172924e-02
-6.512793921120361984e-02
-7.995003434907126116e-02
-8.289510325395749168e-02
-7.727954929079482171e-02
-6.688267177969660360e-02
-5.380676677370570954e-02
-4.005500914957571545e-02
-2.796948133590269545e-02
-1.779697153284228936e-02
-8.301321173443544643e-03
5.513322152999656535e-04
5.053498719941543899e-03
9.294893040503512255e-04
-1.078050952308625202e-02
-2.683440744327793281e-02
-4.503440239808816081e-02
-6.226773276400468515e-02
-7.470484497953765179e-02
-7.965793355071143500e-02
-7.571042292281340846e-02
-6.058014072874045447e-02
-3.080648100134447676e-02
1.604789214478934828e-02
7.128745286615997823e-02
1.153242281558259086e-01
1.383525403842748025e-01
1.419382922797013669e-01
1.295124616135449047e-01
1.078009099639671425e-01
8.479948786934712879e-02
6.416680047779013685e-02
4.601882114942545954e-02
2.952108894841799086e-02
1.203115276168467696e-02
-1.057097388810798733e-02
-3.716818289871895442e-02
-5.850456513479232457e-02
-6.845047270180198984e-02
-6.851546786567143388e-02
-6.178666387792536296e-02
-5.057990012888078507e-02
-3.710797437995933673e-02
-2.378224658896621602e-02
-1.265960148251317127e-02
-4.586033761146819827e-03
2.423059102704754834e-04
7.364367751063584724e-04
-3.866384092032080361e-03
-1.152444855899026344e-02
-1.824159009315648450e-02
-2.167096921800116399e-02
-2.251227089055789915e-02
-2.180834652663139056e-02
-1.893747421963761293e-02
-1.255742922280158116e-02
-1.878549828703124759e-03
1.300327032252743091e-02
3.177089764586350784e-02
5.530451912717869456e-02
7.957960424213327000e-02
9.608435567556819490e-02
1.041677832679643451e-01
1.070937155534916335e-01
1.054248316026400178e-01
9.991692830765327993e-02
9.238836325971062913e-02
8.330512240940067537e-02
7.016856401336131477e-02
5.169345890327230880e-02
2.852416090903846929e-02
2.005553814869710100e-03
-2.379026291445535471e-02
-4.517108969739505597e-02
-6.615679948141975353e-02
-9.303984140540383363e-02
-1.255679502924929858e-01
-1.615657453277492828e-01
-1.995184509813446860e-01
-2.368999995719127394e-01
-2.682031080115144794e-01
-2.850477373334716624e-01
-2.792130166068216290e-01
-2.393420301398398176e-01
-1.766123381658487868e-01
-1.296375537993916249e-01
-1.103445796369904031e-01
-9.987657382857065280e-02
-7.472511802676820580e-02
-9.876263514882431538e-03
1.166714819902768541e-01
2.782204887904758950e-01
4.012242048803269512e-01
4.549896422658634143e-01
4.520360472983070421e-01
4.038616536118467826e-01
3.265077061247962931e-01
2.393724268649397857e-01
1.531841670460371840e-01
7.313254548171127523e-02
5.169330478311211577e-03
-4.834566920018060904e-02
-9.010364183780258940e-02
-1.237102334929665315e-01
-1.515879062127160615e-01
-1.746831824399555644e-01
-1.916765910564450781e-01
-2.007134546142772535e-01
-1.960435733509483525e-01
-1.689467855731663082e-01
-1.130633759534755700e-01
-3.912217915467720852e-02
2.472730614347860151e-02
6.671763460842372595e-02
9.104144891306487075e-02
1.007424508156380405e-01
1.009611020577123458e-01
9.645482367975197202e-02
8.802812234431732497e-02
7.705387338824325194e-02
6.785706715157789615e-02
6.312542936858386855e-02
6.257004009857033977e-02
6.307475617520583167e-02
6.213948989939492573e-02
6.028254371496059166e-02
5.977972639070273930e-02
6.193281671053132986e-02
6.421142955540019848e-02
6.430270910775284787e-02
6.059596189557561741e-02
4.874280387110740964e-02
2.402877449683812547e-02
-1.807611444011996901e-02
-8.148359849257261200e-02
-1.635839216568682475e-01
-2.564554943650317886e-01
-3.505570018246643160e-01
-4.328487613457316918e-01
-4.887120382522719964e-01
-5.039484396737061722e-01
-4.640057444364566464e-01
-3.544793521735161157e-01
-1.605957519797349686e-01
7.857160759815427775e-02
2.698299385595770983e-01
3.769799097860249137e-01
4.202121079405555237e-01
4.172684918338934734e-01
3.818296684742102931e-01
3.258870784148712452e-01
2.605087342942836171e-01
1.935580005788990199e-01
1.302805734897597434e-01
7.489535408187386611e-02
3.164893008546155323e-02
-1.692219513723341659e-03
-3.434477322191592519e-02
-6.814873163734547212e-02
-9.994349193995960556e-02
-1.301313739954132742e-01
-1.595576380726995147e-01
-1.864046699682965214e-01
-2.055332225443430860e-01
-2.100575528117555602e-01
-1.937271230237396780e-01
-1.513142960531345949e-01
-7.666481602151731245e-02
1.695584477855607494e-02
9.556869349163429894e-02
1.456280641463162939e-01
1.750195589634331028e-01
1.914025036289530024e-01
1.988517241178680006e-01
1.984556926106111618e-01
1.903214648309389800e-01
1.728652104754565266e-01
1.430870535064425186e-01
9.770760391426229485e-02
3.415488362605720307e-02
-3.656878780037010196e-02
-9.134687990643203248e-02
-1.213551931148024454e-01
-1.311441360259647249e-01
-1.256318522607604571e-01
-1.103930103614837593e-01
-8.936571867543961767e-02
-6.535821266831332021e-02
-4.212731779287028078e-02
-2.345892347297087732e-02
-1.181435609870575693e-02
-7.694498180926413744e-03
-9.504206105732960000e-03
-1.248658053693492247e-02
-1.245445062715562143e-02
-1.044284978473394333e-02
-8.587288773850445742e-03
-7.189734730477190597e-03
-6.202715563667325627e-03
-4.999716163551293571e-03
-4.057040649976471555e-03
-4.935897269891121458e-03
-7.315505013877725282e-03
-1.048458374062523867e-02
-1.498631466486315469e-02
-1.964668250927835771e-02
-2.146502099417782819e-02
-1.863986661113452292e-02
-1.108335954524259162e-02
3.663066444837359634e-04
1.386388688900726252e-02
2.707935640872684985e-02
3.834127645352830571e-02
4.575582317297601648e-02
4.658283348075107494e-02
3.772010867820922708e-02
2.036958975664952126e-02
2.556109094030189870e-03
-9.791444494626540956e-03
-1.610971143738743061e-02
-1.674160160421781646e-02
-1.319991462058639313e-02
-7.245799827461985032e-03
-1.949181647883549244e-04
5.610062538305034090e-03
8.715319752808757189e-03
1.002211905231400503e-02
9.332665609056350897e-03
5.661031341692880983e-03
1.794477553267276228e-03
-4.945443077008770125e-04
-4.199193899499604511e-03
-1.020304340168223627e-02
-1.629356618541135185e-02
-2.126244005526040093e-02
-2.416909368769490363e-02
-2.350771571326450149e-02
-1.850132461291709510e-02
-1.189170788688880334e-02
-8.072189186575085690e-03
-6.734102694998821137e-03
-3.707392265812636117e-03
4.842573512147100093e-03
2.038751060367395215e-02
4.056982304394014111e-02
6.040253463127989025e-02
7.491943651589008657e-02
8.065876947324564228e-02
7.568126010869213882e-02
6.019309514573206038e-02
3.664179673103948320e-02
7.260391017110877539e-03
-2.347682695970872840e-02
-4.743163999710905965e-02
-5.979264409155911342e-02
-6.110750230884254286e-02
-5.381606535537371283e-02
-4.020879221689078326e-02
-2.224165938837262269e-02
-2.673340348802941135e-03
1.569953591407016388e-02
3.085795241268626116e-02
4.022614849960509664e-02
4.131764769432509643e-02
3.349298213313662426e-02
1.835799840677590153e-02
-1.225935877195378229e-03
-2.359843366130610215e-02
-4.680164245177587112e-02
-6.803348776579513923e-02
-8.765404377400035085e-02
-1.049635931542812206e-01
-1.142814864627053478e-01
-1.108666504692116805e-01
-9.260547624686849000e-02
-5.665115933263874248e-02
-1.111953367834917286e-02
2.453917181718807961e-02
4.385475271935137392e-02
5.135349605589349664e-02
5.060022011231708750e-02
4.525937785871363139e-02
3.814808041271644523e-02
3.142294264246267566e-02
2.776253824172087228e-02
3.016216762792308520e-02
4.047007159875458393e-02
5.943032926090473927e-02
8.245146112984601261e-02
1.008009525635150255e-01
1.113007872132976139e-01
1.151629432895403260e-01
1.146721575927421855e-01
1.115110896252122369e-01
1.048294202472315056e-01
9.409716947630578088e-02
7.840450981676538866e-02
5.478496708714899327e-02
1.931498831304263863e-02
-3.070585926031513258e-02
-8.938666931007070715e-02
-1.444162236631184038e-01
-1.903861668815558794e-01
-2.271190540530157453e-01
-2.532638020390564626e-01
-2.677072989718061180e-01
-2.693018366278358555e-01
-2.569456444058372258e-01
-2.309082108761195684e-01
-1.889377998318064467e-01
-1.226759069753207282e-01
-2.223781526918208046e-02
9.445183818953198363e-02
1.848829227867104796e-01
2.346689262365898865e-01
2.546430183737263264e-01
2.540246028290101821e-01
2.394556030873267183e-01
2.150315917764361318e-01
1.845259513103623683e-01
1.509677516854592838e-01
1.152564738362077401e-01
7.670751461835996488e-02
3.339257453609334458e-02
-1.169973922343961296e-02
-4.819609106338490490e-02
-6.961971584347280417e-02
-7.747925447206722993e-02
-7.589687978085474240e-02
-6.863565895908360637e-02
-5.822760498702296561e-02
-4.664072407310931867e-02
-3.527789253375850087e-02
-2.552370462049411565e-02
-1.993744711802768882e-02
-2.099324346750698622e-02
-2.693277224527274374e-02
-3.151528472671922404e-02
-3.081780826289496483e-02
-2.494737267707465914e-02
-1.528458383434260631e-02
-3.791024281061916405e-03
7.597148157506730497e-03
1.716030204469726900e-02
2.329131092300841532e-02
2.450904760676123062e-02
1.966130935290950205e-02
7.344906086865277128e-03
-1.089112832553793681e-02
-2.856999606929878921e-02
-4.105006444895203249e-02
-4.847828472774842051e-02
-5.167219452135796143e-02
-5.159887601242908045e-02
-5.019111148536230249e-02
-4.752213498834698124e-02
-4.137064559106355677e-02
-3.008032522387408050e-02
-1.394232710419376561e-02
5.737238274424938909e-03
2.448114692812594639e-02
3.656003831660781245e-02
4.277971146825277488e-02
4.681550763377863300e-02
4.967313512399869346e-02
5.162054931163187477e-02
5.313117517892356617e-02
5.447514914758320309e-02
5.510801111773534072e-02
5.354564664347750969e-02
4.755822975853753187e-02
3.418015051933259024e-02
1.461801083782063131e-02
-2.600914602076319099e-03
-1.073801395822757132e-02
-9.901324902636621239e-03
-3.147888876935214277e-03
5.213133832190313191e-03
1.185988461757545714e-02
1.611930542194984009e-02
1.719655168451020288e-02
1.329457839842356805e-02
2.997843887656589761e-03
-1.570989902475265418e-02
-4.003818487476198951e-02
-5.993026833876982651e-02
-6.961115653450955509e-02
-7.070639009062704150e-02
-6.447754553814748213e-02
-5.147894211384852065e-02
-3.479564442127999757e-02
-1.839782851778381037e-02
-4.526457069907370914e-03
6.209453052004674199e-03
1.283102726742816821e-02
1.316866181790389556e-02
7.561704774857493094e-03
4.167030330380757860e-04
-4.361507591311411004e-03
-6.038766012872177381e-03
-4.854619559285748044e-03
-3.537599333878716987e-04
6.953755511297829428e-03
1.553872412767682946e-02
2.389293031875873441e-02
3.130899722024981652e-02
3.796933908895226695e-02
4.279765333628346435e-02
4.346833409313990981e-02
3.930536562767857067e-02
3.220882587320939017e-02
2.364503013794317515e-02
1.406977757588744569e-02
5.063241452843190472e-03
-1.394424368114587434e-03
-5.271672004494491401e-03
-8.507709431141688775e-03
-1.190565480941418314e-02
-1.555540156754305764e-02
-2.137338389015743662e-02
-2.831040878651707587e-02
-3.067588777297343069e-02
-2.618693586236673504e-02
-1.762900659083165011e-02
-8.753413916092814273e-03
-2.038547825255254686e-03
2.776579307757779270e-03
6.482970643473406729e-03
8.987879734149968949e-03
1.019397670411027745e-02
9.244093278854960058e-03
4.505373222142799831e-03
-4.855996450718325086e-03
-1.753870667158335950e-02
-3.079572834864845871e-02
-4.275870413961615352e-02
-5.315081949199930433e-02
-6.144737378659800853e-02
-6.666312040494602742e-02
-6.817368877201253341e-02
-6.409896010533013000e-02
-5.073518464717415022e-02
-2.438991453664532405e-02
1.720975433806351540e-02
6.424916102374243765e-02
9.817248420293536726e-02
1.152109835526472642e-01
1.214841089919320577e-01
1.193150269662217877e-01
1.096854838984521741e-01
9.364908483767346581e-02
7.201477183676242844e-02
4.675745781902632126e-02
2.186321092712259495e-02
-1.027113460129391691e-03
-2.379276639523913994e-02
-4.736317166033599674e-02
-6.836031936162177691e-02
-8.206015626945128982e-02
-8.822071926942476328e-02
-8.854847412927721595e-02
-8.329338832591298702e-02
-7.298385451438892113e-02
-5.910861449577653470e-02
-4.315669792217231848e-02
-2.595384288292754832e-02
-8.045248740604402093e-03
1.024718002698736009e-02
2.687114401904674640e-02
3.817041105517969546e-02
4.398051883317136146e-02
4.684983536868335408e-02
4.754072816737608259e-02
4.625399461356835551e-02
4.435766211403426723e-02
4.194004164487016850e-02
3.798707925460634294e-02
3.224683752319847108e-02
2.364215495726271210e-02
1.028243656687308910e-02
-6.533079943770133020e-03
-2.047458519038566210e-02
-2.720427377251717627e-02
-2.828660273737352779e-02
-2.708693299656524459e-02
-2.640993567213079790e-02
-2.666682852677758342e-02
-2.744519614150516679e-02
-2.835364729499185651e-02
-2.768916593124588765e-02
-2.572722823926710395e-02
-2.475976766200749246e-02
-2.592458037495082648e-02
-2.675596378252289437e-02
-2.178998383643798373e-02
-9.320619489620053308e-03
7.199672373532981298e-03
2.416798436200754199e-02
3.944580144161811963e-02
5.135035756136624441e-02
5.778093794624638430e-02
5.615032361870707367e-02
4.523273209433475300e-02
2.537195129289779305e-02
7.304366569122278455e-04
-2.053060698413224083e-02
-3.378115373098551644e-02
-3.807815055061700843e-02
-3.358420761563447876e-02
-2.195584303832871093e-02
-5.842729865526989988e-03
1.103175994740869872e-02
2.563783058961206091e-02
3.663881364296258519e-02
4.290392494166962722e-02
4.245800480569484475e-02
3.354255023783959261e-02
1.824273170198282418e-02
2.460323382931261724e-03
-1.093964813585624439e-02
-2.278818666661260386e-02
-3.195105921571642776e-02
-3.616213286788950987e-02
-3.487375949353250376e-02
-2.916675764639196228e-02
-2.156972540896242435e-02
-1.484942220808909384e-02
-1.195255953948300490e-02
-1.238137154609842208e-02
-1.211218239371824636e-02
-1.099160973161138199e-02
-1.041609213856431286e-02
-1.085284757788326088e-02
-1.191897160210861860e-02
-1.110162829582013108e-02
-7.549731946693772483e-03
-1.388199491926748151e-03
7.839182013010868519e-03
1.936619290174885696e-02
3.142651080753385007e-02
4.026929341767212372e-02
4.230149346967299745e-02
3.844495726343128555e-02
3.167201765280863029e-02
2.347462758310349396e-02
1.521178704110676648e-02
8.763359455698919651e-03
4.040809956863108954e-03
-1.036345767123266967e-03
-7.327455299137292273e-03
-1.418453197118164574e-02
-2.176075099132933691e-02
-3.072354667542078269e-02
-3.974647518696548809e-02
-4.548065249521696107e-02
-4.598882027090221702e-02
-4.105578277030614426e-02
-3.216902513887410359e-02
-2.288699527643222459e-02
-1.595439677040364629e-02
-1.153181403672367059e-02
-7.828031136746078922e-03
-3.303560063007606601e-03
2.414877131373970032e-03
8.636669911406297251e-03
1.512261944155082229e-02
2.296739539421032567e-02
3.255017974512897094e-02
4.302857345237734443e-02
5.337796258190562193e-02
6.256097685822109566e-02
6.861135803451615112e-02
6.871025228397768803e-02
6.004209893295148898e-02
4.271204142506743184e-02
1.957278029923010393e-02
-5.473920017523599933e-03
-2.616751654247584380e-02
-3.902582368588726480e-02
-4.451403123719548105e-02
-4.331862298013076928e-02
-3.730969010289530291e-02
-2.935016574599832312e-02
-2.133301704379188257e-02
-1.380985431853204090e-02
-7.804167847990814595e-03
-5.278112741092911599e-03
-8.226686251482205267e-03
-1.632886503041657000e-02
-2.584164113795615544e-02
-3.322654510179783721e-02
-3.593502195821253464e-02
-3.185238944052248833e-02
-2.138398326310550490e-02
-6.760500916783453856e-03
8.855167616407467329e-03
2.177036564477036196e-02
2.960046857495281236e-02
3.103525681828052732e-02
2.515030876851002961e-02
1.408683481803490838e-02
4.029233232575849324e-03
-9.063308963453476676e-04
-8.618688000847044440e-04
2.784711019478342160e-03
7.237298761066178476e-03
1.009894517224602974e-02
1.070098762268687637e-02
9.007860553846549698e-03
5.670776836548000778e-03
2.054386990706544638e-03
-8.383196779123481320e-04
-3.351419087804915261e-03
-5.209586054131991849e-03
-3.841228870464312960e-03
2.700818549682502869e-03
1.346716623473676044e-02
2.622489704633989768e-02
3.831752353761427865e-02
4.786493528786633922e-02
5.405670018708164104e-02
5.496523271556510298e-02
4.780554468083689224e-02
3.107677855000036404e-02
7.346252673972211537e-03
