-6.807641845379991397e-03
-3.010060490363286601e-03
-3.261086956010121607e-03
-1.561752252188619572e-02
-4.151647312194704786e-02
-7.671198812301156800e-02
-1.177309054733656907e-01
-1.595931250889015274e-01
-1.959010492089033884e-01
-2.181134565215171461e-01
-2.166171983306388604e-01
-1.957228701999851883e-01
-1.708344160861290650e-01
-1.366071868306211745e-01
-9.741318843952205542e-02
-9.066701597581733330e-02
-1.287228072762039432e-01
-1.938311615047884073e-01
-2.658167441614674997e-01
-3.186842577580219493e-01
-3.231529790979299488e-01
-2.512794321585107293e-01
-8.383406101850401915e-02
1.426995581059686546e-01
3.401657932221464620e-01
4.609766250990130487e-01
5.128118375936722151e-01
5.133068949062038477e-01
4.771777930441389870e-01
4.152509688239618413e-01
3.382624388899777568e-01
2.583293303841531219e-01
1.842025619030228101e-01
1.203312376189486083e-01
6.510957834426746305e-02
1.713173858619665424e-02
-1.741996140827734019e-02
-3.603690527209638811e-02
-4.818086564618482420e-02
-6.664774413483767757e-02
-9.262035669663082338e-02
-1.185114545732547653e-01
-1.436513401885875230e-01
-1.754704644555209192e-01
-2.174839834617957046e-01
-2.655877659445022299e-01
-3.120075935323546323e-01
-3.473652463274765068e-01
-3.659506417848659154e-01
-3.651432914235744343e-01
-3.404725299931857796e-01
-2.858534872098548729e-01
-1.952763460419263408e-01
-6.000791242153010602e-02
9.771713160247089136e-02
2.216251940675994514e-01
2.922838418903610513e-01
3.241935809524174039e-01
3.296332538121839462e-01
3.146204749132477385e-01
2.800688427218745447e-01
2.356649285810715755e-01
1.858723395724475314e-01
1.222440718285663502e-01
4.329373555098613158e-02
-4.291026394711161540e-02
-1.270655235737613575e-01
-2.012977918434150915e-01
-2.578352819361962034e-01
-2.875052402065107482e-01
-2.765000473001827386e-01
-2.067338841380508829e-01
-9.408214666305117491e-02
8.279616363327291922e-03
7.514578137586001849e-02
1.135992882384159464e-01
1.323088157264680764e-01
1.380717748267987488e-01
1.355385815928792648e-01
1.287462688850524728e-01
1.184283105999189012e-01
1.044711934297780087e-01
8.942710206571462261e-02
7.102610952100892050e-02
4.479769144064835174e-02
1.434608933589254058e-02
-1.520447076041537247e-02
-3.959727882036034874e-02
-5.186515619935365418e-02
-5.003969695018425923e-02
-3.829115641181064789e-02
-1.952978270958505985e-02
1.997485745894225090e-03
1.844934642184356197e-02
2.685915800510435547e-02
3.201273724883179489e-02
3.956241903933541137e-02
5.112857517610867875e-02
6.480618004092425499e-02
7.706612939849118160e-02
8.464063388358018802e-02
8.582324987862419152e-02
7.987586532045029553e-02
6.631830978690257672e-02
4.577054492371983307e-02
1.838794444641985576e-02
-1.782884393979091570e-02
-6.329865546969046242e-02
-1.144972766973795519e-01
-1.673156811470227767e-01
-2.204239731474309238e-01
-2.727156110823908408e-01
-3.184855319735922508e-01
-3.510131521470807314e-01
-3.660137294820220433e-01
-3.571798956921945489e-01
-3.138763948111704671e-01
-2.221948180121624261e-01
-6.826111427348029170e-02
1.161535038304859213e-01
2.595847128252897762e-01
3.395298327621878443e-01
3.735875745554565475e-01
3.724872608781794048e-01
3.450229606055494891e-01
3.003042047521570779e-01
2.455551352573673851e-01
1.870031794215329113e-01
1.315468859489393183e-01
8.363666538219433066e-02
4.078576046842662811e-02
-1.459514785856597108e-03
-4.076534063989452339e-02
-7.157925404508384826e-02
-8.952742001455074594e-02
-9.317498996464779193e-02
-8.684631525337796476e-02
-7.700859713513276417e-02
-6.790267043248437995e-02
-6.162117597306721734e-02
-5.789835272029593416e-02
-5.400857285591535023e-02
-4.888325404357840576e-02
-4.413975897492738998e-02
-3.848664164129756565e-02
-2.784372697285101769e-02
-1.253034739257543467e-02
2.652005545114236983e-03
1.622754828414619405e-02
3.005123053946912037e-02
4.356091105776060263e-02
5.307560493647858757e-02
5.313105935332136653e-02
4.272861694175399128e-02
2.801469871176894000e-02
1.153630325851039487e-02
-8.107954482123999260e-03
-2.781327213564322928e-02
-4.453768906825086166e-02
-5.695391539220029387e-02
-6.280602227824533257e-02
-6.224997056556052372e-02
-5.679194662962043505e-02
-4.708646759559725198e-02
-3.527742250955740594e-02
-2.330811906650987961e-02
-8.500475947184832695e-03
1.124344727153781670e-02
3.325152537823676535e-02
5.713985891111170862e-02
8.097650984129833862e-02
9.644001848303082602e-02
9.896085636878490521e-02
8.954624728312232662e-02
6.809334414567701221e-02
3.588555934093964200e-02
2.909046471777283240e-04
-3.277541106007635791e-02
-6.385756073045985304e-02
-9.147661517614263937e-02
-1.108890935090597329e-01
-1.198300222357755185e-01
-1.177644400047139356e-01
-1.044630915093653079e-01
-8.010437279151025325e-02
-4.405708172552817714e-02
-3.564898306867205630e-03
2.634537730529288788e-02
4.190368510985128386e-02
5.005625642733942116e-02
5.520650444538584278e-02
5.695510582023705082e-02
5.532386011935107317e-02
5.267960416041606725e-02
4.949789498897739365e-02
4.270263796185408411e-02
3.117914308690631839e-02
1.816146744909885938e-02
7.364356805769472700e-03
1.150761783311427802e-03
-1.660969137593922354e-03
-4.545824595378399752e-03
-1.049141228055856627e-02
-1.801278810538045963e-02
-2.135554408605332480e-02
-1.965524803348251900e-02
-1.584683732315238930e-02
-1.080173124415870906e-02
-5.235889721450676625e-03
-3.910562135174481114e-04
4.032876663208201373e-03
1.019119824688873716e-02
1.784781705208390509e-02
2.403757868940976233e-02
2.792487107041709618e-02
3.055361456474891060e-02
3.447883065390013740e-02
4.191913796775742496e-02
5.164309081676339563e-02
6.137392390173621037e-02
6.936729651485666615e-02
7.551653112862209694e-02
7.864924339955500776e-02
7.500961083415724762e-02
6.431214937439480583e-02
4.658736871493232568e-02
2.019660566987687908e-02
-1.353714599442460038e-02
-5.326890286311741080e-02
-9.781693853013956330e-02
-1.431418089809461947e-01
-1.852176445313961639e-01
-2.222501732585012435e-01
-2.512821781385461972e-01
-2.655538219491501706e-01
-2.575611628543566511e-01
-2.202341037506745924e-01
-1.440743385464370863e-01
-1.903546182830258976e-02
1.279448372345332319e-01
2.374445039439475325e-01
2.877858960715364289e-01
2.903637031264122426e-01
2.579406704989863908e-01
2.024253944133858341e-01
1.317947152960147472e-01
5.497653262885167369e-02
-1.870686436092878352e-02
-8.164664855467228255e-02
-1.193804878916881751e-01
-1.127413030218748224e-01
-7.211395629297963350e-02
-3.034403201190206609e-02
9.209136353601366648e-04
2.589526563491309150e-02
4.677857288656554063e-02
6.192252365773167483e-02
6.806230965395254628e-02
6.616565401376495181e-02
5.888426145534335354e-02
4.790459272464690083e-02
3.460867421006946776e-02
1.854272538450584332e-02
-1.069417684121962663e-03
-2.389305435348819742e-02
-5.012195128315145159e-02
-7.981786359255260699e-02
-1.120452300095959031e-01
-1.443329530171046371e-01
-1.724755730798134268e-01
-1.923515147245674906e-01
-2.001936240538517153e-01
-1.903731791490948788e-01
-1.555732851136544248e-01
-8.574565197881607592e-02
8.752070806812934853e-03
9.166800585492657083e-02
1.476434205110433162e-01
1.824989858335406279e-01
1.983345846010184377e-01
1.979480959673832197e-01
1.858978544761362706e-01
1.649190212095582864e-01
1.368358652618440197e-01
1.060412879830875676e-01
7.817916421072955424e-02
5.479042136151952846e-02
3.307673602324320145e-02
1.079531563416453489e-02
-1.122252029551041447e-02
-2.900828457033012911e-02
-3.899216026463031559e-02
-4.153515281149480765e-02
-3.983313560294241690e-02
-3.616451492291929831e-02
-3.120070514878288404e-02
-2.752504613265865235e-02
-2.965084162330910295e-02
-4.117628046173332779e-02
-6.063128084922524141e-02
-8.017640163419433030e-02
-9.188767907729586404e-02
-9.287061054059986276e-02
-8.427736591694275081e-02
-6.962013253981177985e-02
-5.334070250091207943e-02
-3.755903161731966727e-02
-2.135277373109654986e-02
-3.863732456810960083e-03
1.382649699017325651e-02
2.964698383743832183e-02
4.019268428345964400e-02
4.282834080235004004e-02
3.934118226793520412e-02
3.455278711608143760e-02
3.281163426078173573e-02
3.399758637086625762e-02
3.395187816883080828e-02
3.044096817184340636e-02
2.453253029880927971e-02
1.626817576398586346e-02
5.092600832271453222e-03
-6.512569546376168438e-03
-1.321453296112087838e-02
-1.153018864614878403e-02
-2.889809682742240475e-03
9.057973857026644510e-03
2.105607018594301758e-02
3.113374875746836509e-02
3.803821746721253172e-02
4.065118439850617243e-02
3.792826151735253365e-02
2.907046758754473076e-02
1.472032874021353237e-02
-3.282576242147280249e-03
-2.268054250676032266e-02
-3.987735422415969455e-02
-5.098697999394980612e-02
-5.299364809072592414e-02
-4.553918033063062559e-02
-3.283094880784504649e-02
-1.915183573763819258e-02
-6.919794672213933767e-03
2.093150261028292082e-03
7.264934206255828190e-03
7.984451547316639974e-03
3.087203765615054163e-03
-6.816649691312640959e-03
-1.781941836056808240e-02
-2.576642749422790660e-02
-2.896939404399084816e-02
-2.762237406029032991e-02
-2.351882768438879820e-02
-1.948756749713385569e-02
-1.575200105572535994e-02
-1.032066502849440966e-02
-3.978788690792029077e-03
7.466319076764559026e-05
9.119811577141820683e-04
6.988608945518570009e-04
2.653191473653853175e-03
1.017832117162807345e-02
2.367834910316882202e-02
3.936594767268501022e-02
5.286470107204416929e-02
6.172018178859708937e-02
6.524249107985818918e-02
6.417893703426279239e-02
5.975359432514086577e-02
5.254386183489830053e-02
4.296184166810637639e-02
3.230527065746251897e-02
2.212166337946534431e-02
1.075414130326640162e-02
-5.380747468720113898e-03
-2.449749262884927392e-02
-4.106942736244405256e-02
-5.383365153356332172e-02
-6.394977525184325495e-02
-7.136194714302153408e-02
-7.499512745906440625e-02
-7.328569787821236081e-02
-6.588648152912057743e-02
-5.477652361227300370e-02
-4.251690433565731564e-02
-2.888574619657368128e-02
-1.275611799357479967e-02
4.140570006948588941e-03
2.006261305904656622e-02
3.495526869603895331e-02
4.739887942026110856e-02
5.484389670309746528e-02
5.553999203844316168e-02
4.946184398344182637e-02
3.809897549449867832e-02
2.521683857120584835e-02
1.563122171680700334e-02
1.082512117632486795e-02
9.234106404830404180e-03
8.670359412910517288e-03
6.779398035072728423e-03
1.834484410070138811e-03
-5.973428218410042033e-03
-1.454212091657413816e-02
-2.128672001322774732e-02
-2.474127304312382161e-02
-2.381186035497683678e-02
-1.939489718365238619e-02
-1.509226225180536167e-02
-1.155665463305492226e-02
-7.038047830224740051e-03
-6.057429097549756059e-04
8.158867240100333915e-03
1.759445921457881284e-02
2.454992711043557652e-02
2.729596306612346035e-02
2.700469427247605136e-02
2.472016541698176390e-02
2.016262807660841594e-02
1.444777418167289378e-02
9.984742611712225588e-03
7.626223556150248800e-03
4.593837865590246969e-03
-8.286585967286893770e-04
-7.839956389456850805e-03
-1.540903652555994721e-02
-2.258296826888177289e-02
-2.989823187799742904e-02
-3.666701288702917116e-02
-4.100863579755224114e-02
-4.290812150696583782e-02
-4.171789900133567042e-02
-3.596357130791465184e-02
-2.677507902874392068e-02
-1.834577695906062372e-02
-1.232258580757680452e-02
-6.702591477000318515e-03
-2.551830101310056421e-03
-1.197050618035466404e-03
5.067739572645925394e-04
6.109806743445582618e-03
1.494609008719966631e-02
2.269832408620216929e-02
2.665503353203896308e-02
2.856564907329935121e-02
2.939062438715578374e-02
2.817990150500021551e-02
2.633275865272973956e-02
2.433444811207492731e-02
2.168453211230166391e-02
1.954276289048615528e-02
1.796944875566364522e-02
1.613649914526656126e-02
1.480160146072659159e-02
1.360549623655958953e-02
1.104106110433178412e-02
8.172884374907679605e-03
4.970223555409239609e-03
1.501539997126651732e-04
-5.481261566887813894e-03
-1.146397183605149875e-02
-1.733881991678607598e-02
-2.165686869962194297e-02
-2.346248435142049560e-02
-2.443619018990473429e-02
-2.818053698106120705e-02
-3.581325695984932667e-02
-4.362423493053135121e-02
-4.533636253518071729e-02
-3.797341947119375893e-02
-2.367610523485496471e-02
-5.796217684461871071e-03
1.483714787415668993e-02
3.780703772461203177e-02
5.915089951090306969e-02
7.284764693479144071e-02
7.464013734873244099e-02
6.335904991492567750e-02
4.060440528124136667e-02
1.271608705240158052e-02
-1.190176648178649030e-02
-2.938534634987864311e-02
-3.858154859450343976e-02
-3.895765324509635474e-02
-3.366022192425002779e-02
-2.747546099038045836e-02
-2.093966210964735494e-02
-1.234576617407123593e-02
-3.795480225036220075e-03
-2.616286972944551099e-04
-5.428834672360505383e-03
-1.888751934139613203e-02
-3.362942533782804777e-02
-3.968499296373045188e-02
-3.426511092317590518e-02
-2.161878070224381235e-02
-5.554464527506592503e-03
1.082874254364256904e-02
2.441491322214545470e-02
3.283638553821734141e-02
3.465082000741211143e-02
2.924341903255189834e-02
1.621595933391511285e-02
-6.944414470268344547e-04
-1.432487854350734946e-02
-2.140629979973679431e-02
-2.323114809614473808e-02
-2.099538223787763419e-02
-1.457313943886432914e-02
-5.874292212096615153e-03
1.872460222931041085e-03
7.230634547061405397e-03
1.109330394688750644e-02
1.597092805747341721e-02
2.346524996811889460e-02
3.375544505883040086e-02
4.652672348939945052e-02
6.259474294227877766e-02
7.982738003607049715e-02
9.149526252809460358e-02
9.710446479577254653e-02
1.004051292946968182e-01
1.017386913020750794e-01
1.007362694533756875e-01
9.619779399536966535e-02
8.549821237636591464e-02
6.430601381289058338e-02
3.207554748928399119e-02
-6.050155132779937855e-03
-4.801370469200876012e-02
-9.316508396938817660e-02
-1.387048678154805814e-01
-1.808250422024731685e-01
-2.152998596473991166e-01
-2.379597069731154146e-01
-2.433931410488674174e-01
-2.238601027238839303e-01
-1.694553865656269198e-01
-6.808748728040664444e-02
5.939747520591058538e-02
1.505232754689272978e-01
1.733315381926188170e-01
1.420288433281873264e-01
7.796377576039424662e-02
1.884568786372151084e-04
-7.147571954977885444e-02
-1.249869994250471100e-01
-1.611498271749863265e-01
-1.717767565641276084e-01
-1.363801511349940210e-01
-6.103020439823785004e-02
1.525774356659920401e-02
5.934312014069839658e-02
6.054275890546298444e-02
3.175965287262846881e-02
-4.379724034675139266e-03
-3.327216529341715107e-02
-4.572839949243700380e-02
-3.543095106210708556e-02
3.048910741865868378e-03
6.038210864625269403e-02
1.139664738723208115e-01
1.609796723297391985e-01
1.987702010248232343e-01
2.100778262020289444e-01
1.946016884983380046e-01
1.632791730369953787e-01
1.240380884220447649e-01
8.794374338856271456e-02
6.596330559995067233e-02
5.567948522918288179e-02
4.398370452661727603e-02
2.473992261958076616e-02
1.823801083148590338e-03
-1.884727866632632948e-02
-3.106074199252794113e-02
-3.049210571199766767e-02
-2.200335137147286721e-02
-1.270125409738398839e-02
-2.480052823092097902e-03
9.244185463740162839e-03
2.131623990562721283e-02
3.167325927872773061e-02
3.647041321492934529e-02
3.211646381195096267e-02
1.478364509991961055e-02
-1.969034511159940826e-02
-6.707223026243454289e-02
-1.123341763682396410e-01
-1.475737387301993830e-01
-1.750146360011904934e-01
-1.946344202398722911e-01
-2.060842154715094021e-01
-2.109180585177373446e-01
-2.067964296118273704e-01
-1.903413494538427897e-01
-1.607943154976704814e-01
-1.136038391216797061e-01
-3.979087837110687614e-02
4.884406805077159963e-02
1.189952299166520955e-01
1.570049761294926571e-01
1.710085610259652056e-01
1.708085915000198685e-01
1.628927049150291628e-01
1.492424343207439663e-01
1.304664633604364909e-01
1.078130458614599968e-01
8.308867287470961260e-02
5.609927703467384313e-02
2.319589279514491093e-02
-1.404221571649468675e-02
-4.576964032259966259e-02
-6.561910326015532591e-02
-7.291885784541324300e-02
-6.999184361560062406e-02
-6.170222731804141103e-02
-5.099285882340735127e-02
-3.973163365949074211e-02
-3.100060382896850653e-02
-2.484272241197160724e-02
-1.700851229796490269e-02
-3.757945773871754387e-03
1.264033384400961059e-02
2.658260221402734824e-02
3.717578356932375178e-02
4.637795425788839715e-02
5.551917705536355691e-02
6.612940453197824198e-02
7.807012932627108159e-02
8.898592074177111289e-02
9.550189871511337303e-02
9.263380067751086910e-02
7.746640557772309366e-02
4.930650619919287048e-02
1.121511162846470719e-02
-2.633781419329126600e-02
-5.621536206459562535e-02
-7.711665951183541146e-02
-8.864843855971833719e-02
-9.321635374936028395e-02
-9.406271788842401893e-02
-9.306717553826178435e-02
-9.244110674607508571e-02
-9.045021764989442936e-02
-8.034337547355858977e-02
-5.895276285562670027e-02
-3.096432418985959473e-02
-3.836036674851094411e-03
2.087880547434438003e-02
4.428497218579217909e-02
6.372741568684094082e-02
7.629286731897477747e-02
8.217432988637937696e-02
8.240712599978898545e-02
7.694496909926971939e-02
6.622078750912871459e-02
5.176629252528534147e-02
3.397391337765081482e-02
1.306545518471735612e-02
-7.580208569946129959e-03
-2.448465199479250148e-02
-3.753187890633163243e-02
-5.020533674700850685e-02
-6.510683717556420280e-02
-7.930275866270879159e-02
-8.923676514385815717e-02
-9.352926959031372667e-02
-9.017641128312439691e-02
-7.734607351664568586e-02
-5.397196398656432803e-02
-2.377347701366750582e-02
4.526262477085061207e-03
2.846905642907092415e-02
5.028547374447316087e-02
6.897573892011202301e-02
8.305733034449327978e-02
9.314122274937838841e-02
9.950765717267828769e-02
1.013105136572640674e-01
9.773907709384195563e-02
8.746065392964631757e-02
7.073865218279569433e-02
4.992127857835586269e-02
2.776315933674286529e-02
7.942205447585256109e-03
-8.230020632200156158e-03
-2.231784281882635140e-02
-3.528304795789938969e-02
-4.827082007076471948e-02
-6.193848414855709222e-02
-7.466736778685817422e-02
-8.242745336155310465e-02
-8.171199824997640859e-02
-7.181352982866701096e-02
-5.361310227477845275e-02
-3.182065233107274349e-02
-1.415974113259493503e-02
-4.496176312419745622e-03
-1.982601514973245105e-03
-4.316163925244915871e-03
-9.281910351829781441e-03
-1.477422413045715102e-02
-1.963839426431640209e-02
-2.370062439351712166e-02
-2.641947860350433303e-02
-2.870877928715246524e-02
-2.843747709293877046e-02
-2.131587318115306384e-02
-5.914751186319363793e-03
1.726231152560359777e-02
4.347062259199235140e-02
6.798642622990397344e-02
8.847814489879485267e-02
1.014472413046125371e-01
1.032628745264218412e-01
9.247521599357652611e-02
7.010250072423732104e-02
3.646043130851785857e-02
-1.939233185164920131e-03
-3.035336226281827240e-02
-4.347111247822861568e-02
-4.550206290008625143e-02
-3.937422502138394204e-02
-2.780285248633278944e-02
-1.397533442819054797e-02
-1.499909980503949525e-04
1.141913848991860103e-02
1.752520243627787161e-02
1.674508206234910646e-02
9.668134536124285694e-03
-4.433655645602489542e-04
-6.689080755027723528e-03
-5.872402686298590531e-03
-1.297238352551985906e-03
4.317543599813292859e-03
1.097603277364485666e-02
1.561196903889630443e-02
1.278960592674719017e-02
6.465752891882973682e-04
-1.709815690951263512e-02
-3.440659793385233978e-02
-4.943082499498666071e-02
-6.194387461915343285e-02
-6.814832315552739328e-02
-6.512674458445183445e-02
-5.351256575506585511e-02
-3.502779921434393678e-02
-1.235173321913087333e-02
9.555969392936475987e-03
2.552639827941835526e-02
3.455016526227613904e-02
3.818064775397096711e-02
3.719207742860258792e-02
3.106283030852480601e-02
2.224036143718025743e-02
1.636289371200256790e-02
1.318474583875725581e-02
9.476441216780338850e-03
4.875339239311965445e-03
5.628077270066964011e-05
-2.672077293119704423e-03
-1.914045118253480861e-03
2.462685871706482652e-04
1.933747476366034059e-03
2.729905011893809640e-03
2.250055350702368125e-03
8.456116702318789129e-04
-1.755704404305136971e-03
-6.591901708935857772e-03
-1.283474760927287225e-02
-1.725425678689333081e-02
-1.726653637589850229e-02
-1.322419355326745136e-02
-6.234711157008796141e-03
1.444989521066518314e-03
6.842525602845900279e-03
9.929983629255755007e-03
1.228597210632222624e-02
1.414108975436424720e-02
1.522226855238578182e-02
1.692421631983564295e-02
1.970012260651394370e-02
2.097205217872166391e-02
1.878482299006129647e-02
1.355437517718032642e-02
6.676308354711501213e-03
-6.893251186602666891e-04
-7.267961165796694815e-03
-1.163596067959737218e-02
-1.355116408312453426e-02
-1.350973342120098501e-02
-1.218089372922654887e-02
-1.114957874304479610e-02
-1.081614527228802816e-02
-1.036033478752498849e-02
-9.257993177715870617e-03
-6.422007890467934174e-03
-2.777808023056838223e-03
-8.123787150620550798e-05
3.141588337328154405e-03
8.397797286242422374e-03
1.443409481005913236e-02
1.964714149934015247e-02
2.286833331367302269e-02
2.253085709134181047e-02
1.849492963889562414e-02
1.270982961783725072e-02
6.533759134747510119e-03
-7.198741133729628320e-05
-7.112641275465021728e-03
-1.447878706101826674e-02
-2.196453517679423234e-02
-2.905099592294471678e-02
-3.574272570772707436e-02
-4.027792692923990586e-02
-3.912704285046790520e-02
-3.331723335396822444e-02
-2.633934069912192977e-02
-1.749197783536355841e-02
-5.704127267091053943e-03
6.052206622031885280e-03
1.359623990374830491e-02
1.623501673617126426e-02
1.655325664742106004e-02
1.565656622021349004e-02
1.441692895965170085e-02
1.357485098854815941e-02
1.223038973309857440e-02
1.092091523072909708e-02
1.013717422769112170e-02
1.034975110265756379e-02
1.170107562254449514e-02
1.055738332010308124e-02
4.749806747116193210e-03
-2.955656054711228685e-03
-9.239396168518017663e-03
-1.124763110552112234e-02
-6.492137761186982624e-03
3.005308081684873647e-03
9.792686678900911282e-03
8.870259892239166361e-03
2.522909110492492588e-03
-3.326436969354519720e-03
-3.508900996375203390e-03
2.104865859786446500e-03
1.022026698212810669e-02
1.919313503558270004e-02
2.748223533013227290e-02
3.271142556808862706e-02
3.316149606583644605e-02
3.026204017666214718e-02
2.646346667123815333e-02
2.045458094259807250e-02
1.055897771999870019e-02
-2.464069724204415342e-03
-1.665320460140898295e-02
-2.976570256126601435e-02
-4.018994114735827822e-02
-4.710022878954951697e-02
-4.938243402447553554e-02
-4.559335836592945390e-02
-3.575554868458780122e-02
-2.305188240691317947e-02
-1.256038848590072983e-02
-6.771009219723682533e-03
-4.310363393667496386e-03
-3.851226859734192386e-03
-5.259451298217406555e-03
-6.616199106410934443e-03
-4.495132674436701573e-03
2.044897067606247371e-03
1.112758299707097831e-02
2.127243693940020566e-02
3.175373363579074570e-02
4.146515447615208017e-02
4.847049651949511540e-02
5.033137567603505197e-02
4.657064607753202273e-02
3.903853358226829634e-02
2.855192201187389117e-02
1.410148398280188127e-02
-3.943533253074719969e-03
-2.200104690301016991e-02
-3.669630449855035975e-02
-4.891185294469371087e-02
-6.068950995354908257e-02
-7.007624015169891529e-02
-7.407215122257801432e-02
-7.133374776890345770e-02
-6.089212873511859470e-02
-4.289794361326004779e-02
-1.895766351435633837e-02
8.107650878579068104e-03
3.514818980931140591e-02
5.999518736681180159e-02
8.020839713686599148e-02
9.154171723153728402e-02
9.266809176464631259e-02
8.593608414667024131e-02
7.207296386014028222e-02
5.061734000546527779e-02
2.377848115482980237e-02
-1.892794988122498698e-03
-2.229256586790551165e-02
-3.947148793732074834e-02
-5.399208112701539553e-02
-6.369408101908836939e-02
-6.771950422855947671e-02
-6.642020070626861172e-02
-5.976601043812408698e-02
-4.713248101166556125e-02
-3.062126149366336050e-02
-1.626542655748949157e-02
-8.668958148376487358e-03
-5.997067662146989171e-03
-4.516052198960049391e-03
-2.928743908454890452e-03
-1.651755376679440654e-04
4.702507550433519812e-03
1.129293965443714867e-02
1.925177973985346680e-02
2.906813892477487851e-02
4.045000774968504631e-02
5.157349664730424138e-02
6.056605220316297472e-02
6.493095562605986915e-02
6.111810796599362328e-02
4.902677464767409704e-02
3.239021766397784385e-02
1.541827604624932714e-02
1.601729230204141426e-03
-9.265654638735999760e-03
-1.940836635532802723e-02
-2.833256044480240987e-02
-3.318180612819922326e-02
-3.241236425159322448e-02
-2.923046617641199621e-02
-2.719475695874410195e-02
-2.585726046815471982e-02
-2.521903728236459669e-02
-2.812272757765222134e-02
-3.545535159421336208e-02
-4.296282636361901247e-02
-4.663608616845678345e-02
-4.623429077237816570e-02
-4.228570162093849005e-02
-3.587633170139733346e-02
-2.787357031485145076e-02
-1.795748951572925800e-02
-6.039564271083172273e-03
7.188696605432834570e-03
2.131935550220505696e-02
3.536814280340652011e-02
4.642475918320575906e-02
5.355285365606610171e-02
5.771150995008798856e-02
5.757328897211951013e-02
5.106149142892913578e-02
4.103423066799225666e-02
3.446130093851525189e-02
3.365219666768239776e-02
3.574447545418904526e-02
3.851828579121241436e-02
3.997795740683132010e-02
3.927769126111364806e-02
3.751223649584538994e-02
3.386353680571476538e-02
2.576021695027239794e-02
1.234806890899298876e-02
-4.652305750013804343e-03
-2.157909726913859877e-02
-3.557048037318089051e-02
-4.746926704757577220e-02
-5.736629855963848446e-02
-6.339515783751727140e-02
-6.622518499185933716e-02
-6.651099546871860890e-02
-6.325410172636068695e-02
-5.758697923000256208e-02
-5.167436047371761626e-02
-4.475442637600397788e-02
-3.573491642603141699e-02
-2.526134844043386590e-02
-1.366867137932677861e-02
-1.628398838886791281e-03
9.344875987751828997e-03
1.799910527178832931e-02
2.390147625471877174e-02
2.673688579592810310e-02
2.712905850002178543e-02
2.651018283396799902e-02
2.563628554706351426e-02
2.414158898329984287e-02
1.990073331362901543e-02
1.290697650322141996e-02
5.963804298282903218e-03
1.319597470053101088e-04
-5.543853341206942537e-03
-1.008580063592381948e-02
-9.582061024671930521e-03
-2.842070603917765548e-03
7.610229816658885087e-03
1.843061775580520645e-02
2.716321837181901594e-02
3.214883717454469769e-02
3.029175525686965062e-02
2.303846897287339934e-02
1.647831443825581096e-02
1.172710264987299363e-02
7.018871964230679987e-03
2.245816221633225099e-03
-2.231175228478155838e-03
-6.564044787816648505e-03
-1.075860788584277576e-02
-1.332449356537260612e-02
-1.285641248501167427e-02
-1.028105411490521856e-02
-8.538581211720346065e-03
-7.757018959446724399e-03
-3.891744403975321877e-03
5.289721473391293879e-03
1.612582389971965041e-02
2.219435946565508425e-02
2.234122182415774344e-02
1.985913574696630129e-02
1.706467797329140265e-02
1.393452706082085740e-02
9.019323971702238735e-03
1.993387156958110681e-03
-7.303406619274865896e-03
-1.771312685376843013e-02
-2.700269474274887699e-02
-3.545328503581576807e-02
-4.230246775677826143e-02
-4.468519263028220695e-02
-4.160648360778951282e-02
-3.269955549472261525e-02
-1.878933257064173412e-02
-4.337861125624807579e-03
6.657264683266619042e-03
1.314312463220982524e-02
1.465332938675656047e-02
1.198589762542178264e-02
8.486685042215932895e-03
8.082074286284266981e-03
1.110979585156707597e-02
1.442966661046643159e-02
1.565778580851470703e-02
1.364000877529097586e-02
8.547597953664217568e-03
2.320330134009015478e-03
-3.200318597159512550e-03
-7.113263543682478256e-03
-1.063845648245950043e-02
-1.499134816457687105e-02
-1.824647060366426515e-02
-1.984247433054688037e-02
-2.104461120605811628e-02
-2.147257791534025462e-02
-2.022398880792839262e-02
-1.654295239723708316e-02
-9.810293096456514095e-03
-1.285224224507875140e-05
1.193824849924567805e-02
2.430573651384530798e-02
3.564916615451777654e-02
4.486750927127434313e-02
4.889604183555586875e-02
4.508174030413684280e-02
3.489057256009649166e-02
2.040219643544378264e-02
3.775238433295986101e-03
-1.152353133054066954e-02
-2.274033295677813787e-02
-2.810265869665114907e-02
-2.881085527929713730e-02
-2.752361815160876690e-02
-2.225756851390225943e-02
-1.102001784565787533e-02
2.729778991443413023e-03
1.530868758735104418e-02
2.496410849978517726e-02
3.012984146188713019e-02
3.026309396867623083e-02
2.633818961058381758e-02
1.967632151995974202e-02
1.178145643859578214e-02
4.392732332111064231e-03
-1.384739033290323471e-03
-6.054812938784130856e-03
-1.003350813898216606e-02
-1.180853933789567656e-02
-1.073411492094423873e-02
-9.674528796232940639e-03
-1.096802492247487583e-02
-1.353395500292070910e-02
-1.684686359965243199e-02
-2.123507190028939978e-02
-2.546948000805594053e-02
-2.755777896360409387e-02
-2.600845142630604789e-02
-1.985216909115301159e-02
-8.581369994004021604e-03
6.120451017899646018e-03
1.920955820345699588e-02
2.585475442706368365e-02
2.575120683434598684e-02
2.092842437402623115e-02
1.206150654888809431e-02
4.399612707615008916e-05
-1.178942361218036222e-02
-2.062309437092692960e-02
-2.788772791939460663e-02
-3.584932126828416915e-02
-4.308361955743034155e-02
-4.600870867431797878e-02
-4.137205462477984430e-02
-2.787100736246861388e-02
-7.353363611369699571e-03
1.613607723329036486e-02
3.928166845070672764e-02
6.064850445610041330e-02
7.665224985328425444e-02
8.367585275502784081e-02
8.282730531223721215e-02
7.593291766840391810e-02
6.298366985109214722e-02
4.353440776892569808e-02
1.871648058419063052e-02
-8.230885124290139229e-03
-3.285151073385900178e-02
-5.216530764543568510e-02
-6.687620531524698930e-02
-7.803745756816131418e-02
-8.535328049447990506e-02
-8.791496897175832270e-02
-8.333690109868971407e-02
-6.808668588082501805e-02
-4.390108375484359782e-02
-1.847762331820529055e-02
3.925284995409690676e-03
2.319309578553591794e-02
3.890215615082054379e-02
5.012980126149325921e-02
5.751047970470420101e-02
6.256990677454124516e-02
6.572962730813323995e-02
6.559063457406760778e-02
5.936935800686823916e-02
4.575909217907138393e-02
2.737854610682087866e-02
1.077054945535778872e-02
8.827264291842700644e-04
-2.721176448408919001e-03
-3.233058256199395492e-03
-2.269996680298994908e-03
1.447046326080283010e-03
8.017581216256647325e-03
1.562752151249657828e-02
2.106442142796451089e-02
1.968120424699396770e-02
9.741305261212786226e-03
-7.885528271015851409e-03
-2.991715299731211031e-02
-5.093887068842007509e-02
-6.965239307610684993e-02
-8.770000445113500243e-02
-1.032762066968574283e-01
-1.125340734476974747e-01
-1.142221024014565267e-01
-1.082191348907697581e-01
-9.323250815641059841e-02
-6.730348753954956686e-02
-2.699468469545455995e-02
2.131371610818686563e-02
6.005885584146346268e-02
8.367713963186254600e-02
9.845782159861364569e-02
1.081067100300063255e-01
1.119825303318091880e-01
1.085257973879540094e-01
9.844622619962423160e-02
8.366921949405944914e-02
6.614424980586584846e-02
4.741393805887322149e-02
2.838859974803967234e-02
9.053484799602806374e-03
-1.025243107171178517e-02
-2.780443258931914602e-02
-4.140661655076453146e-02
-4.820172748461552803e-02
-4.686285790718051902e-02
-3.953322290352499768e-02
-3.013395703916885854e-02
-2.180480000034543120e-02
-1.519414023514554721e-02
-9.398041459081511728e-03
-2.566011016627968086e-03
5.721593115258162901e-03
1.277186657685525778e-02
1.583046938230959003e-02
1.393256408339492436e-02
7.702507591692170016e-03
-1.915633542200061027e-03
-1.390099001561072994e-02
-2.651206698417022181e-02
-3.801405554660026997e-02
-4.680283724687823999e-02
-5.177371600933452361e-02
-5.415269376963226938e-02
-5.451416653448654809e-02
-5.044337691742119267e-02
-4.051817070108374580e-02
-2.486494920078063595e-02
-5.094534175249313714e-03
1.533367030614313058e-02
3.358514735063992951e-02
4.941814753105868568e-02
6.465028976053663334e-02
7.845197198986764153e-02
8.714371766231153449e-02
9.112778950543752587e-02
9.088493796399667313e-02
8.161832676349521642e-02
6.219872861428910049e-02
3.770259556697340420e-02
1.370619699428583284e-02
-5.362556091834289398e-03
-1.714543032691148716e-02
-2.311370878192260669e-02
-2.723788758650165509e-02
-3.130647680279672468e-02
-3.533458870552732417e-02
-4.106652756108758462e-02
-4.888476647481303922e-02
-5.694969717582562541e-02
-6.471141514697248409e-02
-7.144779969726958169e-02
-7.532576111033693900e-02
-7.612921194344306197e-02
-7.595846766176375664e-02
-7.542141527116880129e-02
-7.197775041207840618e-02
-6.121877609675260845e-02
-3.882869398064713734e-02
-1.500056049956837757e-03
4.378245996519168626e-02
7.896405851606776161e-02
9.556066112446356953e-02
9.677515320281125655e-02
8.861982981206233123e-02
7.728050917894246918e-02
6.626681126004274613e-02
5.655100835767269685e-02
4.760487539965947007e-02
3.918159931552848974e-02
3.105952725861108044e-02
2.140387622933940734e-02
9.904795420992727750e-03
-1.032615995560114130e-03
-1.043406333695969142e-02
-1.763247175728031857e-02
-2.122089740397993182e-02
-2.252124508882795417e-02
-2.382714200338006266e-02
-2.549954594476977476e-02
-2.807258753515816038e-02
-3.153696674710750047e-02
-3.484877249074049693e-02
-3.828776683671614167e-02
-4.152887973632324314e-02
-4.236780605416864964e-02
-3.823167845365191969e-02
-2.867539849161706081e-02
-1.501055746438079500e-02
1.189892186578518380e-03
1.659146093058438617e-02
2.859499306611146610e-02
3.668580774753876783e-02
4.077380165956771829e-02
3.933783283943150660e-02
2.906562380714734078e-02
1.258917149957349338e-02
-1.662389099216430004e-03
-9.357975427783656736e-03
-1.080368465568312848e-02
-8.065389328560114077e-03
-3.488648733102922995e-03
2.570824509801474238e-03
1.048903896994372864e-02
1.872082076976551435e-02
2.470121901226474473e-02
2.657451498858329902e-02
2.305861178687905119e-02
1.532232400815795696e-02
6.995261225096731199e-03
-1.322829938462436426e-04
-6.073712659257522045e-03
-1.189284079689996096e-02
-1.942160372451687267e-02
-2.798850247806165467e-02
-3.446044581296089232e-02
-3.666570097793236949e-02
-3.410334195902485488e-02
-2.758334751309092156e-02
-2.000636964785559163e-02
-1.248283537321328955e-02
-2.342698355914166024e-03
1.176045403872834523e-02
2.756544944124536545e-02
4.197687345175740714e-02
5.255519937443566686e-02
5.712871508590750685e-02
5.488433088578687641e-02
4.717360880895438147e-02
3.491507400276525064e-02
1.798162296004056013e-02
-2.398783319044634280e-03
-2.284717201697893801e-02
-3.889130663468512439e-02
-4.777545024805800178e-02
-4.989246320603121787e-02
-4.722536049565834171e-02
-4.044174057816043999e-02
-3.017223924313345435e-02
-2.025919273511858631e-02
-1.438815323950619340e-02
-1.277213822884244558e-02
-1.249346683623025339e-02
-8.542239023915682017e-03
-8.281194303153674224e-04
4.861844347992310897e-03
6.316783565409901484e-03
5.192088066943389285e-03
2.285072287831282217e-03
-3.101664742693493147e-03
-1.225086623063601637e-02
-2.273674015866532228e-02
-2.796507241679543898e-02
-2.548363152383562730e-02
-1.748477117734253267e-02
-4.721243509844296089e-03
1.088853732858753240e-02
2.556892890297010612e-02
3.715757019867764466e-02
4.541995244100786866e-02
5.103620152571296253e-02
5.473269124054334217e-02
5.808983971607826341e-02
6.147076693470605174e-02
6.189393505152850083e-02
5.610079494252404736e-02
4.319317478569557195e-02
2.384684058855894226e-02
6.473266550902647375e-04
-2.071304914871739677e-02
-3.576563321252845817e-02
-4.486039406848875422e-02
-5.009945089669706753e-02
-5.283072801340184949e-02
-5.370439987106897378e-02
-5.271247964538783304e-02
-4.948919841337763581e-02
-4.541713050911547894e-02
-4.401152462694118972e-02
-4.635396579865266181e-02
-4.915596314244200654e-02
-4.823177198455538134e-02
-3.813826924868917584e-02
-1.512945663814982931e-02
1.488589982538515016e-02
4.197480106447475795e-02
6.125362909447759630e-02
7.337213043443704952e-02
8.098734994656285602e-02
8.420354807160765342e-02
7.994962228850233110e-02
6.466862885580990095e-02
4.162529369485306469e-02
2.022954896077052561e-02
4.845992190434357874e-03
-4.890934515717941869e-03
-1.050135846613389767e-02
-1.397880410251431046e-02
-1.567212833938005229e-02
-1.650825181549128717e-02
-1.813210766750811970e-02
-2.191076308178803445e-02
-2.813882047339923836e-02
-3.560486538826815317e-02
-4.272141463117665183e-02
-4.718967158620195751e-02
-4.849956138483180884e-02
-4.766110078202582395e-02
-4.445750160011458646e-02
-3.799989831390526013e-02
-2.741668651948417010e-02
-1.432811833606466474e-02
-7.858728943853409213e-04
1.326026350023371339e-02
2.627643427980351498e-02
3.686457676842433417e-02
4.628045605545384744e-02
5.383976695641477794e-02
5.633165769040209686e-02
5.374997794779768495e-02
4.872683185137390016e-02
4.242811093062430483e-02
3.414269604686924475e-02
2.338766809077196321e-02
1.114769040428388244e-02
-3.238090698957276931e-03
-2.144746773333641027e-02
-4.131902209898558748e-02
-5.599159558197742276e-02
-5.904358300441954477e-02
-5.066113138878476641e-02
-3.558362629746911199e-02
-1.843063046353103640e-02
-2.900731839052525518e-03
9.389547532454835255e-03
1.813467460072844956e-02
2.315792230503940091e-02
2.535119608194750379e-02
2.552289450521324360e-02
2.302395033205402453e-02
1.972017255053764781e-02
1.838866896844916846e-02
1.530628076948366972e-02
7.214686866274600333e-03
-3.504686560293417477e-03
-1.587502566661009445e-02
-3.044325893122154514e-02
-4.489300006275093874e-02
-5.526879523941897326e-02
-5.982286325745937716e-02
-5.900449934687252568e-02
-5.199467770991453297e-02
-3.572504396252813852e-02
-1.304394743087381077e-02
5.732689147603302858e-03
1.547397360152769075e-02
2.008812510894713785e-02
2.490067545437941315e-02
3.168851583781284037e-02
3.940483365093971901e-02
4.590104129947714107e-02
4.840974537042316145e-02
4.613611513386296076e-02
4.043680210250496371e-02
3.336211193443854722e-02
2.817508118564804320e-02
2.436418095668342609e-02
1.884769447520336441e-02
1.136835349156983636e-02
1.268450632748647057e-03
-1.134034563944473668e-02
-2.182408262286228764e-02
-2.651083185137285969e-02
-2.558272871209821275e-02
-2.069713944475916334e-02
-1.424020058062928570e-02
-8.251012427949538930e-03
-5.144087772491098311e-03
-5.804582284683404425e-03
-6.799382848567941257e-03
-4.161164254027833673e-03
1.276212017721626776e-03
5.867115099834721223e-03
7.347330198104021041e-03
5.928756885962300355e-03
4.401519700312442156e-03
5.393509697725866123e-03
9.184463049870953202e-03
1.239985530976219809e-02
1.025382976056247487e-02
2.319140259924436058e-03
-7.261777401042601547e-03
-1.544574595534965906e-02
-2.308900168687108220e-02
-3.037100871000969482e-02
-3.500064617874151102e-02
-3.583670440237349264e-02
-3.407613351979608268e-02
-3.081046755609949048e-02
-2.498437877183358816e-02
-1.675541271522626094e-02
-8.377626299405251456e-03
-3.635328431781524768e-04
6.769207713437540991e-03
1.221921536108318967e-02
1.723503702829601303e-02
2.320603551102475015e-02
3.026160501130732705e-02
3.787583327660498655e-02
4.429269075687934654e-02
4.617734616470275943e-02
3.921213976638225629e-02
2.349996682988341953e-02
7.277964018452551601e-03
-2.045977433839933635e-03
-3.228943160926337104e-03
1.954486236013822271e-03
1.009415153068494476e-02
1.750517826976703134e-02
2.264612125377554741e-02
2.536501852149689734e-02
2.472450088001190704e-02
1.897494779437887413e-02
5.415271774956344035e-03
-1.568662109804604132e-02
-3.853546306089385837e-02
-5.913069669503551867e-02
-7.669981767579117649e-02
-8.953550693821341055e-02
-9.642203251581106527e-02
-9.721062642146524602e-02
-9.114098904886429320e-02
-7.713996655979016293e-02
-5.600620998298316833e-02
-2.785327960635520378e-02
1.041939078429900134e-02
5.446368395164666310e-02
9.050673893036492723e-02
1.104167088136288749e-01
1.141524795824037375e-01
1.053377833531979196e-01
8.975048617540894169e-02
7.227321760006913398e-02
5.571177133299705375e-02
4.010059123128839609e-02
2.430164848365061470e-02
8.792980747977425376e-03
-6.025925355486902620e-03
-1.965721950340437382e-02
-3.086367055956370370e-02
-3.976216486615130608e-02
-4.695647140282499521e-02
-5.329212112166378107e-02
-5.817039799652722054e-02
-5.953084465933051322e-02
-5.590448299598099052e-02
-4.675682765557821752e-02
-3.359215049851992790e-02
-1.782861348363961110e-02
-7.662736135468269918e-04
1.365787916662133256e-02
2.286446664234362616e-02
2.904495679747889220e-02
3.410304319599686412e-02
3.810563183338822740e-02
4.162623244593942340e-02
4.361895724589209822e-02
4.245661888480818658e-02
3.816408597927193475e-02
3.099918445013065404e-02
2.027674187693136176e-02
4.323201698686201383e-03
-1.396810559664179476e-02
-2.590485386068517790e-02
-2.734920277155609980e-02
-2.286270458316158605e-02
-1.949178734850717451e-02
-1.878718475035776742e-02
-1.587372423063834401e-02
-7.653181327305485886e-03
3.968563979138288282e-03
1.625542680451189104e-02
2.564348421322993482e-02
2.653324191134125154e-02
1.858186063487522743e-02
9.110502978137745636e-03
3.539370248656337724e-03
2.368845850927981354e-03
5.455014662375113309e-03
1.127245475431946226e-02
1.693792212556403942e-02
2.197850147964466525e-02
2.656890760975716761e-02
3.061770003411559346e-02
3.456325582063880797e-02
3.864808973590309893e-02
3.858091616110607275e-02
2.361834611236069206e-02
-1.149273414847265355e-02
-6.325993191814503758e-02
-1.262612675193711953e-01
-1.932385894051155129e-01
-2.537264333227982616e-01
-2.969572685123518241e-01
-3.143620122271530426e-01
-2.956946109900873143e-01
-2.282189098259402027e-01
-1.015586648256619484e-01
5.512528055102357272e-02
1.791393085633372073e-01
2.498603275283345082e-01
2.812288696595055537e-01
2.816985821973051474e-01
2.599491567708214768e-01
2.251394859112935964e-01
1.837923861019037097e-01
1.409464232201153577e-01
1.018519236817004570e-01
7.249575282919130947e-02
5.753642231169393134e-02
5.453478776131244488e-02
5.478594549916367823e-02
5.375259370378951407e-02
5.245299718679591328e-02
5.129700870213842884e-02
4.792665048107679765e-02
3.977244245504905212e-02
2.703438974863164521e-02
1.063073062966306270e-02
-9.067298226150290880e-03
-3.249002993187206922e-02
-6.045118807647109627e-02
-9.323698953048296933e-02
-1.321785172933679919e-01
-1.764425283203742700e-01
-2.201677602860562244e-01
-2.572569631936524881e-01
-2.873532964050840022e-01
-3.123980067228993573e-01
-3.271876450370337364e-01
-3.205095455594760279e-01
-2.820105548009218532e-01
-2.025528571052191140e-01
-7.167658807316637515e-02
8.708876288252968834e-02
2.151696515818273536e-01
2.896988735929224013e-01
3.228366132720782988e-01
3.242921090046308463e-01
3.019796730929870110e-01
2.634640204501705885e-01
2.157305983935442484e-01
1.651498460102142074e-01
1.172902847207347721e-01
7.618640864231647492e-02
4.315871144320543307e-02
1.627530149419588110e-02
-6.296430207917081551e-03
-2.430283517431423151e-02
-3.705163605716826902e-02
-4.297127218070827259e-02
-4.107324979567812673e-02
-3.348259787112983776e-02
-2.455591467018784779e-02
-1.820530424203149061e-02
-1.611999989717610715e-02
-1.839754232791061123e-02
-2.434970841016232540e-02
-3.316862431086180230e-02
-4.392341564980049157e-02
-5.448968246706169943e-02
-6.245659824059746762e-02
-6.610547838942497367e-02
-6.399980324200774118e-02
-5.556992665189624397e-02
-4.329936988546038978e-02
-3.106284071423297613e-02
-2.083246098638404445e-02
-1.360549951162481723e-02
-1.007701912386177803e-02
-9.909449865501851473e-03
-1.195125487807088653e-02
-1.464514509785071195e-02
-1.585579960239660510e-02
-1.387111378705002500e-02
-8.511366389042925723e-03
-8.641964621660339768e-04
7.889885107303767561e-03
1.624931017751915854e-02
2.322594107359801652e-02
2.920104495399543365e-02
3.375761480067057674e-02
3.510291470391505020e-02
3.174691319533795575e-02
2.535903828908744884e-02
1.896074453499329085e-02
1.246006537385594033e-02
4.653160764944765451e-03
-2.874710330363059764e-03
-8.159672906211702659e-03
-1.148829706153953883e-02
-1.238001099969122075e-02
-9.546949182847217288e-03
-3.997573653517780615e-03
1.595153430310393633e-03
5.886590394235139898e-03
9.301126959228363245e-03
1.299681602704041289e-02
1.826205121522501973e-02
2.436350758671929073e-02
2.832531324704642972e-02
2.773230937598479551e-02
2.171920131535370890e-02
1.183658478514275185e-02
1.224846145356480245e-03
-8.754461208988735879e-03
-1.607767883846727627e-02
-1.777111463843289441e-02
-1.449665880035484050e-02
-9.327686166652068844e-03
-4.758152612543965938e-03
-1.968214965430582081e-03
-4.086845945226716317e-04
1.029586475298045582e-03
3.086657141735307981e-03
7.224385987376687190e-03
1.261577985646211535e-02
1.444575968721097808e-02
1.217384925412125056e-02
1.140060251924011198e-02
1.505077874257586615e-02
2.212408384518630214e-02
3.156307237291638979e-02
4.092501394572106016e-02
4.649730962434889953e-02
4.633171183133431154e-02
4.116658290175662094e-02
3.225064815354336534e-02
1.892192983791450567e-02
1.391305213727856392e-03
-1.942391017999653760e-02
-4.315586448831647964e-02
-6.849937524637172981e-02
-9.443109435392128825e-02
-1.220551382110933308e-01
-1.523517243903958762e-01
-1.808596457915665201e-01
-1.998680164101107049e-01
-2.037578423138785844e-01
-1.885297552974961599e-01
-1.470587883572929133e-01
-6.798578025067406050e-02
3.369103628375504089e-02
1.154940780965095226e-01
1.613853428492059428e-01
1.812904977264760409e-01
1.838313127929597224e-01
1.757278172320073384e-01
1.620749012572531289e-01
1.459178230248918962e-01
1.266879521903224726e-01
1.025028621833962844e-01
7.359379911927817208e-02
4.180981279625688857e-02
1.074342869267104483e-02
-1.538355399764790472e-02
-3.435347287283944950e-02
-4.502941608886980307e-02
-4.771931115869013779e-02
-4.501988125964120208e-02
-4.022652704123030887e-02
-3.545888018456062885e-02
-3.114471438986653878e-02
-2.656245188853353228e-02
-2.161804718758739835e-02
-1.718649913978161428e-02
-1.343900273230970444e-02
-9.949537482950777945e-03
-6.173005515671192885e-03
-2.782542637915193587e-03
-1.257508579154895329e-03
-2.052749005604486907e-03
-3.403980765491626710e-03
-3.319045473403543431e-03
-2.755194902647294455e-03
-3.292869218280452658e-03
-5.005763356281989901e-03
-8.135785555622524964e-03
-1.166975100182997965e-02
-1.216378498353299330e-02
-8.086921117357606659e-03
-7.913482676012717487e-05
9.447627455007592476e-03
1.610140730941141129e-02
1.913318599932330860e-02
2.051598315694783820e-02
1.981234880557249806e-02
1.618457486467863443e-02
9.305340614792345991e-03
-2.073834627203402156e-03
-1.726761127601106338e-02
-3.102653069617661991e-02
-3.865597691233137179e-02
-4.131442332005446499e-02
-4.076038193023306944e-02
-3.548706570755299355e-02
-2.575914294799541704e-02
-1.500791801891719277e-02
-5.941564924733733037e-03
6.662516036938237463e-04
4.292033788792374085e-03
2.886332352015826344e-03
-4.268938410192876093e-03
