1.243314037777847221e-02
2.791011953309805935e-02
4.770446032922001645e-02
6.827334068026748304e-02
8.697222091452427861e-02
1.000933519783425985e-01
1.026710954409484622e-01
9.632300347589556333e-02
8.348127905664261272e-02
6.349773310014021621e-02
3.474084810847327676e-02
-4.620126364045814768e-03
-5.110511645338220582e-02
-9.886317596276258945e-02
-1.448163227305738765e-01
-1.893324712445549896e-01
-2.338439148015834523e-01
-2.743788910021602301e-01
-3.012208117144684616e-01
-3.056502581067636615e-01
-2.789314997361607706e-01
-2.073635581781726467e-01
-7.935187564630423462e-02
7.941366453581878704e-02
2.099705629881899460e-01
2.881536771939637309e-01
3.226688609311753053e-01
3.166734513368794079e-01
2.761090587160784371e-01
2.178363726337142203e-01
1.576694950644889071e-01
1.007683745842897494e-01
5.045696444591030866e-02
9.528299187007205351e-03
-2.216918211878851630e-02
-4.148614665923359285e-02
-4.564733735691364758e-02
-3.553665091111525565e-02
-1.195429755964621046e-02
2.065319966136033858e-02
5.043330844389705414e-02
6.835942037402144289e-02
7.323989804798794467e-02
6.522756605677640374e-02
4.673551828286660187e-02
2.232063125796213479e-02
-6.264856775912338790e-03
-3.861892807335300104e-02
-7.091952515603111573e-02
-9.883528355991513803e-02
-1.234092753039356394e-01
-1.491835976828029819e-01
-1.785058442876248652e-01
-2.112876460802133871e-01
-2.439035473940427967e-01
-2.667242059432857193e-01
-2.671845891480927881e-01
-2.307422329098864633e-01
-1.434597345387878531e-01
-2.280080388295600835e-02
8.277351524668838390e-02
1.487952204479988938e-01
1.818951438277618959e-01
1.938573762390320698e-01
1.920333145590824020e-01
1.801297949756530126e-01
1.620976648752799898e-01
1.430426590550106236e-01
1.278000518139258690e-01
1.157799510056859577e-01
1.038535718389867052e-01
9.042656592531155002e-02
7.398516365500763803e-02
5.569272155493913690e-02
4.049331827364350406e-02
3.333008297696117561e-02
3.667371301301543263e-02
4.687609199522710379e-02
5.669996051791052760e-02
6.235018308088534356e-02
6.474049534843767661e-02
6.550063088712251846e-02
6.073875943198048244e-02
4.422289430737704613e-02
1.498928434938240004e-02
-2.669449500547415449e-02
-8.152631596123513513e-02
-1.457862451325034059e-01
-2.125601231929403478e-01
-2.754135943226693750e-01
-3.314064194037239508e-01
-3.792122933186883316e-01
-4.155553545744335997e-01
-4.357900001907663023e-01
-4.283379822530998249e-01
-3.786176035322471600e-01
-2.739642910307907298e-01
-9.408796533664803841e-02
1.320217226722361359e-01
3.173962730846968117e-01
4.258389543072453320e-01
4.731657815552633428e-01
4.747786685936277729e-01
4.454650159965511946e-01
3.943818157609177422e-01
3.255804101335776912e-01
2.420625115352842971e-01
1.490985984700046174e-01
5.893503985751350621e-02
-1.579781987017834372e-02
-7.096877669422509138e-02
-1.076418010808634917e-01
-1.286022017845900867e-01
-1.383137150062392073e-01
-1.393623688170645414e-01
-1.310924908566352132e-01
-1.147026219110775791e-01
-9.480704279320820160e-02
-7.352949971429764697e-02
-5.205675085377003963e-02
-3.486128517917867070e-02
-2.334359106444095638e-02
-1.636356096083210407e-02
-1.279086225493228889e-02
-9.800410697743955346e-03
-5.833703154342137140e-03
9.771900431987253725e-04
1.333040804562303332e-02
2.986346385798178266e-02
4.624760743644932420e-02
6.087127965429461884e-02
7.359159467821868583e-02
8.162980676242173605e-02
8.306773130736169741e-02
7.749326394549205244e-02
6.404600420887759937e-02
4.524267224019314776e-02
2.742739654121706741e-02
1.691708716069109664e-02
1.652520462511907276e-02
2.510454806114627638e-02
4.013448540173139567e-02
5.754160722670710604e-02
7.210657180587054516e-02
8.225856851475409071e-02
8.950769688047692518e-02
9.304489260849939380e-02
9.032359060216627045e-02
7.992902913474662918e-02
6.076811681961973716e-02
3.050400616435929371e-02
-1.378538285959904006e-02
-7.200999788997572426e-02
-1.420269909441981837e-01
-2.188612273379078876e-01
-3.036144764838229482e-01
-4.068801043690101760e-01
-5.237442780421827093e-01
-6.352025372600728081e-01
-7.224887987623586083e-01
-7.640215485716277399e-01
-7.337366885993231724e-01
-6.100213799287571570e-01
-3.744226684099333236e-01
-3.463446442720684304e-02
3.276500977831108830e-01
6.088813506944571463e-01
7.679705324765336849e-01
8.203649079695531920e-01
7.949137741378972111e-01
7.183081981279778594e-01
6.134568420739079375e-01
4.957731406156943854e-01
3.783769598022990732e-01
2.730122449159139153e-01
1.844777546485106001e-01
1.096711898249697337e-01
4.640021136126420975e-02
-5.699607299894979273e-03
-5.058302498784023049e-02
-8.768663049050326452e-02
-1.115459413157064567e-01
-1.192507833959244312e-01
-1.116642056042462250e-01
-9.195723853952329774e-02
-6.444123565510248564e-02
-3.401572661406642578e-02
-4.671346820320956827e-03
1.877754549228564940e-02
3.407003802401076947e-02
4.117797522911607888e-02
3.867024835462105903e-02
2.606080960133998203e-02
1.799241187521768981e-03
-3.239236566317784533e-02
-7.106461419345891373e-02
-1.118406762627173756e-01
-1.550141007571524954e-01
-2.012280410401426911e-01
-2.500876511426933790e-01
-3.011474675347596830e-01
-3.507858949142507732e-01
-3.905972756225956077e-01
-4.239696187073200839e-01
-4.625766350123768911e-01
-4.980671837569511928e-01
-5.087436130420570635e-01
-4.740234090521706078e-01
-3.702858720062658926e-01
-1.706250255277422800e-01
1.115476574957571521e-01
3.864356762830922776e-01
5.696942475678308249e-01
6.547477905206179338e-01
6.694417202523170740e-01
6.340323163659521422e-01
5.659928106114712199e-01
4.814247157464632276e-01
3.901918996223077141e-01
3.002605139508621734e-01
2.214663627615699737e-01
1.604825193372442227e-01
1.147355318196737195e-01
7.596924298595711389e-02
3.636326620649771302e-02
-1.050390767537615760e-02
-6.782443699597494324e-02
-1.340167413356409265e-01
-2.026400376627896516e-01
-2.657380216623487779e-01
-3.180888262490245699e-01
-3.555752778328986619e-01
-3.760966166707870872e-01
-3.809876956168287143e-01
-3.702304089920201435e-01
-3.407175807759774688e-01
-2.863327102650773393e-01
-1.981839679681832445e-01
-6.947453027158431715e-02
7.607645397464911363e-02
1.896778657207734420e-01
2.532283049856433599e-01
2.778479161512570350e-01
2.737043775642460375e-01
2.472366358402068309e-01
2.059134078050204320e-01
1.574861853177368654e-01
1.073100801537224119e-01
5.827775452985541060e-02
1.154891307283208157e-02
-2.970332696026198316e-02
-6.184301346336157357e-02
-8.272942884430328769e-02
-9.294513262675770104e-02
-9.130982492723022093e-02
-7.215571770797718498e-02
-3.428944857496939169e-02
7.696418742988455491e-03
3.119815496489659196e-02
3.351759869061371466e-02
2.949864134120431039e-02
2.980830770507307548e-02
3.854799535730077387e-02
5.429714140040315523e-02
7.011844853199326877e-02
8.226084142000758548e-02
9.156841045020143455e-02
9.694088549874113614e-02
9.717876517710805073e-02
9.222456149238622558e-02
8.174838801562406276e-02
6.478747074618186608e-02
4.009140867244849471e-02
9.003137048555416230e-03
-2.245063706269235029e-02
-4.473443015217713759e-02
-4.846638354337300808e-02
-2.896151345745220235e-02
1.436148949983889062e-02
8.158849990838887289e-02
1.569642424453407958e-01
2.076968644039541290e-01
2.188507115269285597e-01
1.972677606423801355e-01
1.470466351877456057e-01
6.384156643923473429e-02
-5.472409859222412964e-02
-2.076888866224490537e-01
-3.930537099852546845e-01
-6.014062239160755663e-01
-8.158537595524288921e-01
-1.013418140291797220e+00
-1.162630209280737903e+00
-1.221511237460893629e+00
-1.145969440205296896e+00
-8.973218701716001444e-01
-4.736289869396830277e-01
4.662169570191516260e-02
5.566625452378906047e-01
9.666595459121034573e-01
1.206861080847489109e+00
1.276119994315844552e+00
1.223071102586522407e+00
1.093380337844016781e+00
9.216606570037093604e-01
7.325007550438800141e-01
5.426434090197923554e-01
3.617777489914658640e-01
1.958796059246168675e-01
4.663170119327861296e-02
-8.680094987235109638e-02
-2.036537748283812066e-01
-3.032470433989222780e-01
-3.842251881240893452e-01
-4.430811824511734498e-01
-4.765268845686780330e-01
-4.843286453935405911e-01
-4.661398183217335123e-01
-4.168019834899030496e-01
-3.283033551133799355e-01
-2.039504167697947512e-01
-6.185210421057722036e-02
9.122830597591771729e-02
2.387039902472409547e-01
3.371710297031048631e-01
3.712916373313560614e-01
3.591150731407056762e-01
3.217748221812004039e-01
2.773287537608659648e-01
2.344784550212902774e-01
1.975413957023559319e-01
1.729867294710242531e-01
1.655118155673361569e-01
1.711124301256458369e-01
1.753297617830065769e-01
1.629072121970826514e-01
1.270862271349029737e-01
6.822478546035076752e-02
-1.486506400166531100e-02
-1.246975332375263312e-01
-2.627473148413309589e-01
-4.287091646408870416e-01
-6.124452529738204642e-01
-7.933157836828894638e-01
-9.439674069779530052e-01
-1.052209107949010569e+00
-1.120755231036561383e+00
-1.128716446118472438e+00
-1.051596205479601975e+00
-8.759292877375229880e-01
-5.668598354139594564e-01
-1.207741305793517544e-01
3.816980309205913469e-01
8.269490706875648467e-01
1.122373004770538252e+00
1.234643985683408829e+00
1.198445116819339740e+00
1.077633933131671107e+00
9.334058290923415990e-01
8.173008521605130694e-01
7.374502606715740427e-01
6.526138352052635039e-01
5.453987262805145564e-01
4.289318774450313621e-01
3.106410256838192940e-01
1.897629535586606853e-01
6.280710217897682301e-02
-6.926200443176626365e-02
-2.047515177413893050e-01
-3.412169311287562290e-01
-4.685386042038685028e-01
-5.710506316988883668e-01
-6.348482822013816751e-01
-6.415309527947750112e-01
-5.978849715668831388e-01
-5.481536493607196414e-01
-5.225074012111564636e-01
-5.317792440350382899e-01
-5.721831432303622345e-01
-6.163277505964096514e-01
-6.281978711418930716e-01
-5.631066145257703770e-01
-3.765378456526075057e-01
-7.574932665458371239e-02
2.660345099906007427e-01
5.524519127291556142e-01
7.194687886745708694e-01
7.755504544775175813e-01
7.624828484901420289e-01
7.110477969127632081e-01
6.431296612738108820e-01
5.670324726874235166e-01
4.808002966702349945e-01
3.846829879889310244e-01
2.855638780245805530e-01
1.914617379361633065e-01
1.007030927475330018e-01
8.091781087853973375e-03
-8.434398822812305685e-02
-1.736771353966693743e-01
-2.611595684597453060e-01
-3.483351807753816698e-01
-4.339929549645845652e-01
-5.155441019080276854e-01
-5.894235239950293970e-01
-6.463610752008058791e-01
-6.668019035406033135e-01
-6.224614919504677379e-01
-4.907962266324362721e-01
-2.755791360248182054e-01
-2.949670505124810799e-02
1.819255639406911484e-01
3.382815935357042503e-01
4.398022163911326499e-01
4.898230403129180122e-01
5.004706547484042423e-01
4.831886667167883398e-01
4.451314474592509285e-01
3.892551254071000000e-01
3.231058817770225966e-01
2.553282405131379607e-01
1.871107012937029135e-01
1.187239396471395647e-01
5.199311715930984845e-02
-1.290126577757702217e-02
-7.304045172750528447e-02
-1.208737480175566259e-01
-1.489497455760598055e-01
-1.536561122550233471e-01
-1.355313928302441795e-01
-9.689691815969966870e-02
-4.115312122507042841e-02
1.899817516868220618e-02
6.254396686283669737e-02
7.663872272615554482e-02
5.940426205816410482e-02
1.484341850619474296e-02
-5.072179332298232951e-02
-1.332003300136206103e-01
-2.279601704416356067e-01
-3.280271061910694508e-01
-4.241507221144393269e-01
-5.031001155180307993e-01
-5.522074010444215642e-01
-5.651196499333520640e-01
-5.335807897611191120e-01
-4.342396707529997402e-01
-2.361752386072190346e-01
4.131733537532325529e-02
2.999409922780674753e-01
4.585956471362869769e-01
5.184514276672753663e-01
5.153533940334363850e-01
4.837695523977222356e-01
4.535597172288416967e-01
4.359539884034537849e-01
4.190565412097577158e-01
3.940620550717290893e-01
3.589661175464178844e-01
3.073272699082555959e-01
2.367853761060761675e-01
1.509947273076724661e-01
5.202236371021445871e-02
-5.710488056897528725e-02
-1.697595997353468777e-01
-2.823464546040705403e-01
-3.857009478242124922e-01
-4.676349399897741232e-01
-5.230230217034941287e-01
-5.422115565757985589e-01
-5.121759814543023204e-01
-4.202089645029337683e-01
-2.896033014719606724e-01
-1.802027318516820353e-01
-1.102455823652448985e-01
-6.085867520595680813e-02
-1.278376043030184789e-02
5.444926273519725551e-02
1.548563280476982218e-01
2.760569782532871774e-01
3.772563594258553921e-01
4.342907019916736888e-01
4.519074201423853299e-01
4.364927994390226385e-01
3.936878233656040393e-01
3.333937739852129711e-01
2.648826852040211954e-01
1.945265253320110910e-01
1.271289206273801264e-01
6.722091598433503623e-02
1.394430178789212577e-02
-3.791582336568893874e-02
-9.019031763514265276e-02
-1.438319822916869772e-01
-2.005962447275110028e-01
-2.601966461705916278e-01
-3.177787762684735617e-01
-3.667717079493946764e-01
-4.014488398993482088e-01
-4.112214240789688335e-01
-3.829030132365519035e-01
-3.027366117401767420e-01
-1.505826154076227996e-01
3.988268687166987569e-02
1.768025047120730386e-01
2.261556784324634806e-01
2.123752259062367531e-01
1.577543961574113807e-01
8.076607517155473537e-02
-2.595275985038995870e-03
-7.828313077066204051e-02
-1.312294574606554798e-01
-1.433279810704347901e-01
-9.474349765964375225e-02
1.848185174957011831e-02
1.537234643918320431e-01
2.517050676981374968e-01
2.977162722215680457e-01
3.088484726585622453e-01
2.995578764099638969e-01
2.769209397458963218e-01
2.419078107730431582e-01
1.969103740003433634e-01
1.472082366406174958e-01
9.328601270280455215e-02
3.253398546367892996e-02
-3.473230613625594848e-02
-1.043968234575708698e-01
-1.718810034696772737e-01
-2.339628693294419359e-01
-2.865094920583079463e-01
-3.257646086174520450e-01
-3.472273572181325818e-01
-3.395693391880315604e-01
-2.863656212778876720e-01
-1.803608458457047758e-01
-4.707455603867892469e-02
6.836824039652164564e-02
1.475057012378199750e-01
1.890868507456570091e-01
1.907064376715919829e-01
1.621976066405367289e-01
1.169718828245828457e-01
6.521786219713354704e-02
1.443213598464996791e-02
-3.268877386091613435e-02
-7.002744243437387939e-02
-9.283326356379871525e-02
-1.030207358958854791e-01
-9.374602444921598110e-02
-4.750609187772803638e-02
2.685753918384340549e-02
9.290380101842030114e-02
1.384490826040382094e-01
1.674808920157320191e-01
1.768411717472626321e-01
1.680784407256386559e-01
1.454017557328804722e-01
1.133669094471317501e-01
7.983980533709469918e-02
5.510113068711686157e-02
3.345476364848470191e-02
-6.142170422001896717e-03
-6.432126648518901590e-02
-1.264897062433989472e-01
-1.871711257568907938e-01
-2.389448845577381297e-01
-2.642278029597163735e-01
-2.495572799785233109e-01
-1.906488926530335581e-01
-1.099944172062290171e-01
-5.252475770739314931e-02
-2.777381508557424591e-02
-1.247094134718905456e-02
1.527856086952553150e-02
5.081096312187416419e-02
6.327529891863040157e-02
5.148308269295800987e-02
3.820277691518676744e-02
3.374207339256603960e-02
4.923582366356969026e-02
1.049339400778814546e-01
1.871102258024862353e-01
2.419226071985545456e-01
2.446534030568902895e-01
2.060056781299481332e-01
1.414808053967589463e-01
6.704893141188825179e-02
-5.554592940556348640e-03
-6.596252745354985736e-02
-1.035730615884950523e-01
-1.099367723429005572e-01
-7.762959901842843291e-02
1.807171173161259414e-03
1.072094240376156582e-01
1.860264333389330671e-01
2.151238620128797796e-01
2.045658251484095413e-01
1.663006421248382771e-01
1.087306812433690290e-01
3.843795316047252802e-02
-3.590420795857010572e-02
-1.107089126103036614e-01
-1.886807471723269125e-01
-2.660490936634180570e-01
-3.334029322161649045e-01
-3.837035357919153511e-01
-4.102356513650840530e-01
-4.040060018137063835e-01
-3.531880316321028279e-01
-2.394105815802397563e-01
-7.301380467589536905e-02
7.694077046034306089e-02
1.541848400035128464e-01
1.562537214812732556e-01
9.629069119409572330e-02
-3.057208322684579205e-04
-9.769134169268352264e-02
-1.634716879599991957e-01
-1.672394502928521154e-01
-1.109267336888548894e-01
-2.444212327173298643e-02
9.804916973803169677e-02
2.466683310339274349e-01
3.608164299861207347e-01
4.224848726339693883e-01
4.429640533899196764e-01
4.127485811464453036e-01
3.338423323669153508e-01
2.241193640020548439e-01
1.004667944979851790e-01
-2.075830966366177394e-02
-1.245615829059945473e-01
-1.970666928562234688e-01
-2.270263688097842181e-01
-2.263214244641497119e-01
-2.229249601591926366e-01
-2.214232210821295288e-01
-2.089802266987526858e-01
-1.775126061830568647e-01
-1.177163722375028504e-01
-1.595307275752236992e-02
1.046704955296441225e-01
1.842700428354466513e-01
2.043779377298873823e-01
1.899213869930656551e-01
1.601808919822568789e-01
1.218323759347549468e-01
7.778193734243536717e-02
3.193732823736260967e-02
-9.646732546804818315e-03
-3.845978281299815976e-02
-4.521526543100722051e-02
-1.943739835292500329e-02
3.082876005119548901e-02
7.618666893325531930e-02
1.016853701549521038e-01
1.089711193341304923e-01
1.015433626727634819e-01
8.077854025573173724e-02
4.382346691507456315e-02
-9.661766378000440428e-03
-7.221417120756556951e-02
-1.305679880316457653e-01
-1.753623842595210813e-01
-2.043753089567870995e-01
-2.182430870145038448e-01
-2.180306507899315571e-01
-2.052739363782044857e-01
-1.828006599768447482e-01
-1.535266332042703741e-01
-1.169857667627442477e-01
-7.215867806027824460e-02
-2.129437181627464454e-02
2.270816874692900902e-02
3.816691188723227851e-02
2.367648374973804412e-02
-1.245834278082710855e-03
-1.911849610450819248e-02
-2.037779291699682097e-02
2.618290136819668990e-03
6.000787510367514704e-02
1.440714804835538931e-01
2.193320940110027595e-01
2.542144144201659017e-01
2.460826422818696568e-01
2.100379693152950034e-01
1.577126077673609572e-01
9.382657862267641813e-02
2.365136385289476340e-02
-4.485210309253981342e-02
-1.051570576240221239e-01
-1.542104716875908610e-01
-1.860006026017508862e-01
-1.894157953281812024e-01
-1.602556260460011595e-01
-1.037885413269684365e-01
-2.114696125438274982e-02
7.941394651769188850e-02
1.716334603793485125e-01
2.307400803015239865e-01
2.527190843519784291e-01
2.543803064089374955e-01
2.489204907657589505e-01
2.390205308758266978e-01
2.283116758241569011e-01
2.208725350517447561e-01
2.155112418581247302e-01
2.036739333762652149e-01
1.780869250002365678e-01
1.392142759509304162e-01
9.081897804197483492e-02
3.199675848061164785e-02
-4.053948842556839849e-02
-1.262764020340148841e-01
-2.254481735979325108e-01
-3.416840651312622046e-01
-4.707944346260305446e-01
-5.942710626462399670e-01
-7.120653637954048598e-01
-8.497954669707167286e-01
-1.002546232625414646e+00
-1.126696334755318718e+00
-1.165895772565982424e+00
-1.051335230018374922e+00
-7.380975246571849224e-01
-2.670376452199998418e-01
2.512145335173620042e-01
6.989669394352691079e-01
1.005862214347158723e+00
1.183808531828885791e+00
1.259499911407004902e+00
1.229700375079149754e+00
1.111354515225865036e+00
9.396885735074600454e-01
7.413481726970641006e-01
5.370474604801931395e-01
3.422991898400895572e-01
1.652443806546870786e-01
8.702851099785059719e-03
-1.271110660899196221e-01
-2.397487557575795902e-01
-3.256293796539433405e-01
-3.851352551998342699e-01
-4.183094060299661354e-01
-4.192518381564853680e-01
-3.959458701421401106e-01
-3.760584350268204035e-01
-3.727318700472798119e-01
-3.787341370789305550e-01
-3.783912156111469138e-01
-3.560430767174708744e-01
-3.040418546626506013e-01
-2.164742840158961346e-01
-8.218062164208683740e-02
7.936561833191350945e-02
2.106646536877959108e-01
2.882566660273531700e-01
3.265905515801108550e-01
3.352325548572632208e-01
3.175603903710312315e-01
2.761591177541204978e-01
2.207202213004268165e-01
1.649561539329310322e-01
1.141511780943980370e-01
6.956035500129434390e-02
3.156673997076032967e-02
9.586572515280777917e-04
-1.647653060431158653e-02
-1.905982404281423431e-02
-1.237296050347642604e-02
-1.951024649738730687e-03
7.679208935395573365e-03
1.460475300592000217e-02
2.031641632145369386e-02
2.437878466437356020e-02
2.559748978271618111e-02
2.420250584789852485e-02
1.488412220318212700e-02
-8.129126056605092548e-03
-4.232124994623690656e-02
-8.550168191206825030e-02
-1.391816619387915843e-01
-2.010504654631956878e-01
-2.658060951698838492e-01
-3.289874756108245313e-01
-3.826402319366986604e-01
-4.171692045935547766e-01
-4.230343854399311043e-01
-3.853122170941239433e-01
-2.858502437615333402e-01
-1.065669434813304728e-01
1.165462741763944460e-01
2.916996846254591436e-01
3.807313941578238659e-01
4.032707032853423135e-01
3.786500016040214023e-01
3.237853139443865880e-01
2.570206223304827842e-01
1.929375151428071034e-01
1.384184475631277111e-01
9.729410231725864333e-02
6.942849345550806961e-02
4.904176177492820116e-02
3.032388708197183286e-02
1.065480690690408239e-02
-8.854939502131706913e-03
-2.603751497211572591e-02
-4.189755850026822409e-02
-5.699766441543507173e-02
-7.050706186875450865e-02
-8.388310556450548350e-02
-9.572274741633161887e-02
-1.008639406647244413e-01
-9.571524452943205863e-02
-8.144570778444684689e-02
-6.139523670393261245e-02
-3.711408222183328748e-02
-1.464512697747680052e-02
-2.589507926840967263e-04
8.910595139359489547e-03
2.207922144266486614e-02
4.621613387030217707e-02
8.244486684135468590e-02
1.198110792014182024e-01
1.370555382710683667e-01
1.264742681939589330e-01
1.012202130041312126e-01
7.765973390574103241e-02
5.907549466244719355e-02
4.298466229719245801e-02
3.024227052769630497e-02
2.182530938791026401e-02
1.840713429600539935e-02
1.581133191983022379e-02
4.844425125272840138e-03
-1.613618050343248317e-02
-3.914594052800595553e-02
-5.873678193116980972e-02
-7.512868373863794413e-02
-9.794353715006054450e-02
-1.379130169747900259e-01
-1.935607113446209115e-01
-2.612431514336653882e-01
-3.347743845831647747e-01
-4.021659408855832729e-01
-4.512083966284641257e-01
-4.656737489848389866e-01
-4.241081356105478317e-01
-3.089121937159758913e-01
-1.061600900449284485e-01
1.613937305553896362e-01
4.089404157201297352e-01
5.722329963442019940e-01
6.526285569986188806e-01
6.689632822980383642e-01
6.350892608310481080e-01
5.635420399358678223e-01
4.663491614734850410e-01
3.530893335768657271e-01
2.326484601671246488e-01
1.157558570399881276e-01
9.417176440598654108e-03
-8.635708719045565029e-02
-1.747584816458719881e-01
-2.561758189462347013e-01
-3.243741982269509050e-01
-3.731956186021894717e-01
-4.057634494929504010e-01
-4.289758475267710924e-01
-4.405737471679998518e-01
-4.270567318127173606e-01
-3.706653520544821445e-01
-2.525802279629639768e-01
-7.566358616889341804e-02
1.134042445266306570e-01
2.649160702510083842e-01
3.657997776733794004e-01
4.233338984876747757e-01
4.478549617560326213e-01
4.512617968713155125e-01
4.390989085456397656e-01
3.972123882680987927e-01
3.099533097619665001e-01
1.868181276006966041e-01
4.619553438705757686e-02
-1.026594137213767965e-01
-2.557248804561842448e-01
-4.062711234359192014e-01
-5.445532569777415954e-01
-6.680960284277986938e-01
-7.740083742900654151e-01
-8.424827458226072929e-01
-8.438210770785384840e-01
-7.477696716912837216e-01
-5.268948368521840786e-01
-1.904604413722761902e-01
1.783579963077956132e-01
4.718414705875994541e-01
6.429398798851244656e-01
7.065189918835679261e-01
6.933328406845098435e-01
6.305049911127001971e-01
5.391787715204920950e-01
4.331124485528652923e-01
3.223235612484728341e-01
2.168816224024194272e-01
1.324765125627252182e-01
7.536506799547218471e-02
3.118256187696006113e-02
-6.481971909582731617e-03
-3.403301059683899732e-02
-5.220203701410756209e-02
-6.268422510704424466e-02
-7.032191970535614511e-02
-8.063208165857493892e-02
-9.203917154449069160e-02
-1.005555648159676407e-01
-1.060371169273105346e-01
-1.076353224774813655e-01
-1.029550533242842708e-01
-8.993528141714658697e-02
-6.952073163442837322e-02
-4.607832935812378877e-02
-2.326999890361129350e-02
-4.229791862521123207e-03
9.271520843619790453e-03
1.606829935295805631e-02
1.241967749252760253e-02
-3.096490031080058151e-03
-2.354442540654977378e-02
-3.799438820396343341e-02
-3.886172424245713103e-02
-2.173201475429992896e-02
1.428373874261848128e-02
6.042672518480965427e-02
1.026318956376682245e-01
1.342545999102373599e-01
1.555991885522938767e-01
1.678174182730755304e-01
1.738803956917758797e-01
1.749185334565273586e-01
1.668756163996188147e-01
1.489455222334955253e-01
1.244620246220134174e-01
9.702682797936527936e-02
7.090358941184154995e-02
4.290542177414623237e-02
-4.510561996458092859e-03
-8.988707424774866617e-02
-2.133804370860119815e-01
-3.584975328434394370e-01
-5.051658086899306621e-01
-6.353869039263302376e-01
-7.337954191999392917e-01
-7.857426310951408643e-01
-7.745224281263276556e-01
-6.930983162842132561e-01
-5.403008024251849672e-01
-3.171871036805787858e-01
-6.719447844853905505e-02
1.564539331944275746e-01
3.406516427508416989e-01
4.885624470002031261e-01
5.965038551961366897e-01
6.424982360654032387e-01
6.218015205555710301e-01
5.579246833777287140e-01
4.693337024611597963e-01
3.668329960925832967e-01
2.612026587573526015e-01
1.675263526181069718e-01
9.877941761794362119e-02
5.654522996265647777e-02
3.740829827195562424e-02
3.744158959553618715e-02
4.908074357268247395e-02
6.665097569695647983e-02
8.594417525547261294e-02
9.954742758287708770e-02
9.940859312650029977e-02
8.121772283558048589e-02
4.565042736543237917e-02
3.768573308306925884e-03
-2.520251997470437932e-02
-3.088179772251468946e-02
-1.716965345943771010e-02
2.417628548905141617e-03
1.681586114324795656e-02
2.386729791134683393e-02
2.492558427801273846e-02
2.183849380911118132e-02
1.252599564123233616e-02
-6.958732614482286694e-03
-3.953022688453900618e-02
-8.537043200070552895e-02
-1.354062274531263321e-01
-1.803023843235612433e-01
-2.204073805331161207e-01
-2.555888777498656617e-01
-2.929463002191171617e-01
-3.517121981003528686e-01
-4.322900342994731027e-01
-5.158900231189261776e-01
-5.816301032306857577e-01
-6.010785726513468985e-01
-5.428066053308441274e-01
-3.759037275088283891e-01
-1.198503055623645897e-01
1.520002515022714218e-01
4.117360179290295852e-01
6.462407389714663886e-01
8.076773236288370406e-01
8.768202397468830567e-01
8.665198879843851731e-01
7.866800685918837743e-01
6.470687479710740542e-01
4.627770064029710362e-01
2.482592263389483411e-01
1.612118046139088268e-02
-2.168340981523737554e-01
-4.323792286528110873e-01
-6.198839571228818013e-01
-7.711767218876848240e-01
-8.712228614139490013e-01
-8.968318599433708904e-01
-8.224318282317476525e-01
-6.255215951011865450e-01
-3.188894536699573568e-01
8.911783650014357822e-03
2.687697242020602451e-01
4.439726648992841085e-01
5.410360646540374185e-01
5.639207660942742173e-01
5.264741814911698681e-01
4.523285349075837902e-01
3.658557893672755856e-01
2.810123244966618028e-01
2.018496991536439245e-01
1.279838235694514825e-01
5.874320754243370774e-02
-4.776802961987338010e-03
-5.630903811008038107e-02
-9.004231650012928245e-02
-1.069088460258391660e-01
-1.087928750988725879e-01
-9.614697922372386629e-02
-6.927785829893168268e-02
-3.000013297255047992e-02
1.751652816636092153e-02
6.811455765170051913e-02
1.163025593828307669e-01
1.565967478077074371e-01
1.822029312711596072e-01
1.875259248651221511e-01
1.681821304793542637e-01
1.232371657724414815e-01
6.085563623974303560e-02
-9.187659553552836311e-03
-7.563143957547839580e-02
-1.282426645971742607e-01
-1.697577775819583690e-01
-2.049128923596799101e-01
-2.324012280021934551e-01
-2.510905498816388692e-01
-2.565158777261195011e-01
-2.406999935436255622e-01
-2.005316194274882058e-01
-1.364303270884698327e-01
-4.069626703977786975e-02
7.499773664255740546e-02
1.690518125116471093e-01
2.229062418861432748e-01
2.426824080674275241e-01
2.347651301868147744e-01
2.084648768354964432e-01
1.711364002597970113e-01
1.323415480088032115e-01
1.072949884556151229e-01
9.560047197891331783e-02
6.755149181327244068e-02
-6.078735546251959505e-03
-1.278224943652289669e-01
-2.904870539465774781e-01
-4.824803573765432674e-01
-6.798391188294529153e-01
-8.544669929699517663e-01
-9.773629270997449270e-01
-1.016719700780089664e+00
-9.387926639461687817e-01
-7.065528781401785308e-01
-3.195220105026985169e-01
1.231883687719768777e-01
5.009998966292636968e-01
7.691394431878670890e-01
9.221552689541483439e-01
9.777975677972816637e-01
9.632959009071974110e-01
8.967042501607198624e-01
8.067198033846922911e-01
7.136585866579912008e-01
6.162839221134052137e-01
5.153582021251391643e-01
4.164024870490761754e-01
3.266038378211424398e-01
2.545366788132796265e-01
1.992906987632577787e-01
1.521333809837511486e-01
1.051060069888205689e-01
5.151111349702179598e-02
-1.468074013246720155e-02
-1.001286951577242124e-01
-2.149241309774899134e-01
-3.656618033516165767e-01
-5.471333373763237473e-01
-7.436272052004415656e-01
-9.348224082473851615e-01
-1.100635748417731596e+00
-1.220712203778737681e+00
-1.270225285842822238e+00
-1.213516574273085791e+00
-1.008008630247952286e+00
-6.568407956225550404e-01
-2.552992585554335059e-01
9.070838628300241513e-02
3.628324918885776351e-01
5.929998518258767781e-01
7.743859840093290092e-01
8.691842200087253056e-01
8.761819991151758025e-01
8.262416408108465005e-01
7.540762907964946304e-01
6.759451441326845833e-01
5.833939180983354067e-01
4.775533608837210786e-01
3.686063174894507743e-01
2.614400511161170670e-01
1.597840891808141595e-01
5.816889301462140061e-02
-4.409926014089607382e-02
-1.271132775049972352e-01
-1.771350763542342555e-01
-1.954053351541827355e-01
-1.848566220144804428e-01
-1.548993689298402976e-01
-1.196620457935266557e-01
-8.661293904703747104e-02
-5.899609755307300141e-02
-4.058342498621232003e-02
-3.250943583913002560e-02
-3.675491762233126791e-02
-5.378577482891097605e-02
-7.635183625494547377e-02
-9.990412692651712279e-02
-1.276582970366617054e-01
-1.618378860424572463e-01
-1.985694758620965283e-01
-2.314832922452643160e-01
-2.529981452877585468e-01
-2.516070749751838642e-01
-2.172757066376840573e-01
-1.395560346410015529e-01
-4.450521979730080735e-03
1.569736117875265291e-01
2.715910166483999633e-01
3.105243205636166737e-01
2.887465555166989217e-01
2.231781815577104366e-01
1.280236983190984335e-01
1.603270884906940474e-02
-9.991688357637558415e-02
-2.045511206753694577e-01
-2.758160046365260576e-01
-2.867799139453998114e-01
-2.178494947427909167e-01
-1.063426798795326644e-01
-2.987154739796715752e-02
-1.172221739593868814e-02
-3.333010896049665855e-02
-7.900691345350339956e-02
-1.300333817787511781e-01
-1.757524370145257531e-01
-2.090603639945988190e-01
-2.140480354634955729e-01
-1.852457336638609342e-01
-1.251877160498947872e-01
-1.924819911472684317e-02
1.291609243389588713e-01
2.787486229289087847e-01
3.997865816962375418e-01
4.901286273245616387e-01
5.464448342784282708e-01
5.539243780918784443e-01
5.103148558155270464e-01
4.287064162941521817e-01
3.250330832274856974e-01
2.126544163921869901e-01
1.024685586542345983e-01
9.366688296670810931e-03
-5.800081700254405837e-02
-1.038652709761129916e-01
-1.351944597827259287e-01
-1.544163351149130670e-01
-1.647696991536833910e-01
-1.717279163481688353e-01
-1.779987273944642345e-01
-1.843109153145834345e-01
-1.891129848631516175e-01
-1.864657319052110962e-01
-1.682366020638755288e-01
-1.365242884450630079e-01
-1.069379786724764386e-01
-8.907404985197717173e-02
-8.319082113554333857e-02
-9.565703522374655043e-02
-1.349109141235320386e-01
-1.966527141199616024e-01
-2.681354346263232213e-01
-3.337238193898002803e-01
-3.760953722895854501e-01
-3.773110435899961201e-01
-3.072124939722761239e-01
-1.703544515230342171e-01
-2.008612438936330583e-02
1.286062081248652844e-01
2.919920580789748810e-01
4.440363021063840065e-01
5.378851697717815794e-01
5.677113921938815588e-01
5.527280300910338839e-01
5.047510126712647649e-01
4.340282383521075205e-01
3.532864149235740436e-01
2.759181308572652980e-01
2.046977609300328904e-01
1.343880272569644430e-01
6.497096405108143680e-02
-6.568172398969417125e-03
-8.946670247688440214e-02
-1.828418799573452991e-01
-2.769523558481961079e-01
-3.682685773821164910e-01
-4.527166558024582343e-01
-5.099181738735409919e-01
-5.187336689932040557e-01
-4.672770953385566028e-01
-3.372524284658452443e-01
-1.487426012645637896e-01
3.570283823510337490e-02
1.708843259285151850e-01
2.286392670622143519e-01
2.064725720711942381e-01
1.219033268113997037e-01
-7.532126600287042395e-03
-1.548590373420136168e-01
-2.864118786338170630e-01
-3.681280090889401668e-01
-3.658695640385166703e-01
-2.439466869012768269e-01
-1.458562129609993624e-02
2.195199710182773045e-01
3.605158521279754336e-01
3.968013333267861320e-01
3.570864978519126542e-01
2.692810741155136078e-01
1.576978572253595057e-01
4.728259888821893103e-02
-3.174756114610283869e-02
-5.571118722724915234e-02
-1.388707214585804123e-02
1.042306346925891553e-01
2.637940943844985231e-01
3.799647047725832061e-01
4.180292601706273037e-01
3.952527462991379248e-01
3.309993465992177586e-01
2.406941374021828728e-01
1.366599524654390219e-01
3.499538084950028216e-02
-5.430912386562642552e-02
-1.324420822771862905e-01
-2.031264173352319014e-01
-2.658709676899447816e-01
-3.173685117920568288e-01
-3.588682884600744027e-01
-3.943157540646577419e-01
-4.231052044487849662e-01
-4.395239496930505307e-01
-4.436930398857834024e-01
-4.384776037294029205e-01
-4.133646021914476054e-01
-3.511237789671057818e-01
-2.372325950939914718e-01
-5.755340722831663036e-02
1.644067338938104417e-01
3.542955940903185774e-01
4.667962011552335699e-01
5.109371900379092724e-01
5.046594282604262016e-01
4.629219356045891076e-01
4.015358584164961386e-01
3.303142888819651790e-01
2.530052967935564889e-01
1.753457333198994994e-01
1.014530760901354439e-01
3.205681511524003519e-02
-3.261540306485775920e-02
-9.367055297569740202e-02
-1.551237164211847208e-01
-2.220872140480758539e-01
-2.899517725980519378e-01
-3.398008001242243115e-01
-3.506966748887818675e-01
-3.098806209972423953e-01
-2.302019169403323184e-01
-1.483954338965095543e-01
-8.296627277668314204e-02
-2.890902774251977170e-02
2.024236717035279159e-02
6.886325189799528956e-02
1.144547690960625030e-01
1.494651774182458037e-01
1.722471293430690442e-01
1.863266640486899717e-01
1.935987302619353312e-01
1.934836130441879298e-01
1.848489444762660416e-01
1.651075501994057615e-01
1.325958481165161740e-01
9.138590550680909808e-02
4.727807964496245907e-02
7.435363136623730079e-03
-2.318454977866624134e-02
-4.984028233191668822e-02
-7.900812958910213846e-02
-1.095889964823196228e-01
-1.367405905509066766e-01
-1.593336892291546958e-01
-1.822478628656069854e-01
-2.069891365328383470e-01
-2.250043438593584411e-01
-2.240851116417126865e-01
-1.932972553120797243e-01
-1.323321140908097493e-01
-6.130147906732246604e-02
-1.786662190682518012e-03
4.784466341182805338e-02
9.492997303434055900e-02
1.313786357298174778e-01
1.512820159381727814e-01
1.583895819215921097e-01
1.570298511173610079e-01
1.499086400857030377e-01
1.405436329410239549e-01
1.310076837180635945e-01
1.184035271513708826e-01
9.992804960074876119e-02
7.394062526469437346e-02
3.920568204823895314e-02
-2.511404423974703936e-03
-4.618781794729007878e-02
-8.535337930868508449e-02
-1.138322285300551462e-01
-1.320675419002511619e-01
-1.442859088720317984e-01
-1.496001683808134697e-01
-1.455733277386489222e-01
-1.279264817743001603e-01
-9.160677945126373400e-02
-3.837611718632860658e-02
2.246816221549779308e-02
7.852636152288167137e-02
1.221018037985318327e-01
1.510783833109846097e-01
1.659074709254212965e-01
1.690614905064932727e-01
1.590246785251855921e-01
1.332823671553744205e-01
8.929083606785637173e-02
3.273207414846579510e-02
-1.594756791363097920e-02
-4.754135845417466200e-02
-6.730745484912098453e-02
-7.951510701421718452e-02
-8.207185032820618620e-02
-7.235598670334876525e-02
-5.560905695266448595e-02
-3.679916098735934449e-02
-1.551903684966746133e-02
9.190060522820992991e-03
3.600101470786062907e-02
6.803919789259549322e-02
1.075964143049955857e-01
1.476989107084123731e-01
1.821472281337432886e-01
2.068191726344565662e-01
2.214156740487478459e-01
2.309639825284175441e-01
2.372184765077995638e-01
2.382820576875924468e-01
2.282549344456343277e-01
1.910833476007516851e-01
1.060559815805224293e-01
-2.558887525990646838e-02
-1.862699973712892421e-01
-3.671873439023046193e-01
-5.554454834975970368e-01
-7.329459568519212098e-01
-8.870392505133041228e-01
-9.960323515862344879e-01
-1.044678374588995595e+00
-1.035594556278095268e+00
-9.445363835541834563e-01
-7.608326852215044900e-01
-5.211676285180548707e-01
-2.262467924427668253e-01
1.268999450758158676e-01
4.646222880137497180e-01
7.189043771013983175e-01
9.087436741388555950e-01
1.065694509991052641e+00
1.161615127024054894e+00
1.163216997595392099e+00
1.082763142780724719e+00
9.493476977065273825e-01
7.862099345639359527e-01
6.109477404431727932e-01
4.367590219325601653e-01
2.745658153058399553e-01
1.297815570517646955e-01
3.729699316155243860e-03
-1.030309392946908709e-01
-1.905123461388695261e-01
-2.602223701061570083e-01
-3.146082771094497188e-01
-3.582007137703513422e-01
-3.989281061598373146e-01
-4.356910515379420756e-01
-4.533713318754526433e-01
-4.544510467057225056e-01
-4.588348680991313211e-01
-4.646611302816509026e-01
-4.538823434364581133e-01
-4.098497419293806177e-01
-3.397009679538943727e-01
-2.699818855573131171e-01
-1.968324826575247322e-01
-9.188231589679336786e-02
3.363848393567129419e-02
1.290558188558992014e-01
1.869232395754724385e-01
2.143060651521169757e-01
1.848313208545311059e-01
1.029394205975044940e-01
5.981499298739909043e-03
-7.518119396106473507e-02
-1.154149599270668791e-01
-1.076636712632571408e-01
-5.934285020559584845e-02
4.632685481740865530e-02
2.111561964493453014e-01
3.738961728867838397e-01
4.827782336189611612e-01
5.256956419334996022e-01
4.953992191800481448e-01
4.060591383118745679e-01
2.840893658781270537e-01
1.419376421534349619e-01
-1.193183244148723551e-02
-1.635228250391228266e-01
-2.972498644118615752e-01
-3.997983209329568077e-01
-4.569314053755384464e-01
-4.473500799093318436e-01
-3.457009036753715403e-01
-1.831513532203361549e-01
-4.783247471561156983e-02
2.267695920349114755e-02
4.777840053613487820e-02
5.090458789735507333e-02
5.507302188126087655e-02
8.180493323640035397e-02
1.494105361115565522e-01
2.335599127777351347e-01
2.706039073419883034e-01
2.406272408287934983e-01
1.633479620498910767e-01
5.582448539578673680e-02
-6.280470505422008909e-02
-1.736722525519917848e-01
-2.687629321199442867e-01
-3.464364001751168987e-01
-3.961372747610811262e-01
-3.999626673561290091e-01
-3.407676157718892984e-01
-2.013224155525080161e-01
-1.115929163041778915e-02
1.510348992896491660e-01
2.558120143553828663e-01
3.163842374591048223e-01
3.350839162458593146e-01
3.170817299647274989e-01
2.747458641286987246e-01
2.219763178384890345e-01
1.697816534372771635e-01
1.217485680599186548e-01
7.757610943281320615e-02
3.975944773746546701e-02
9.968856751927459431e-03
-1.195622541593261909e-02
-2.614591157098477767e-02
-3.879984270421499987e-02
-5.714399992378983717e-02
-8.158424483882922851e-02
-1.067505099504675592e-01
-1.250364995830146042e-01
-1.330212664673071643e-01
-1.330640650892043753e-01
-1.280712457386420089e-01
-1.152414627033889194e-01
-9.348038112579996894e-02
-6.804564870049435721e-02
-3.882188761920907921e-02
-1.918012643894066727e-03
3.742982722387987182e-02
6.726481700325886992e-02
8.545510683581626632e-02
9.556048602414242421e-02
9.472132669474078726e-02
8.107745754608693123e-02
6.044372685203235757e-02
3.974734187994627410e-02
1.892067074368245297e-02
-2.968913885317883347e-03
-2.215985432197502963e-02
-3.784460887212434677e-02
-5.345859952873509291e-02
-6.866061953248138450e-02
-8.111995618218534321e-02
-8.905633318879638272e-02
-8.835788690117819810e-02
-7.584761290781040499e-02
-5.246856921755342629e-02
-2.359937566085498067e-02
4.267171039101309155e-03
2.842679951030916558e-02
4.799530367293714656e-02
6.056334100948394805e-02
6.349056074291763163e-02
5.837973257395095983e-02
5.100676462257616034e-02
4.577019039364278036e-02
4.139756555668470256e-02
3.310327967172066455e-02
2.066712663812208389e-02
1.020691964632448531e-02
7.622058482127307827e-03
1.176480987142533227e-02
1.765370014243959618e-02
2.252098668599293932e-02
2.362591798420268785e-02
1.953987881728455958e-02
1.232502500796074305e-02
2.478084179275765863e-03
-1.034727152470827326e-02
-2.344550568301975377e-02
-3.439296297484415593e-02
-4.280347201836719878e-02
-4.743958980596111458e-02
-4.759139768019268052e-02
-4.389596630203697336e-02
-3.272881535764003008e-02
-1.705442893461816059e-02
-1.125118148630342360e-02
-2.086993038733901684e-02
-3.697863741899794221e-02
-4.728741848477925613e-02
-4.413858231677587896e-02
-2.951147179121701297e-02
-1.291104747901820719e-02
9.679856511496725754e-04
1.323797798442787402e-02
2.646054077104066649e-02
3.970035740013917736e-02
4.505482928444219659e-02
3.967274046560908402e-02
2.959654516550785930e-02
2.126285626218678282e-02
1.638777011147720536e-02
1.324554325731855040e-02
8.736619970850078437e-03
1.452972294549702628e-03
-6.031840822579240952e-03
-1.122286328021885118e-02
-1.108051415629474935e-02
-6.880436501477123039e-03
-8.083152120099679899e-03
-1.854311398409187739e-02
-3.148085576856529677e-02
-4.136332381629507365e-02
-4.772328378142443733e-02
-4.855892042214895316e-02
-4.200757805582013005e-02
-2.879949618246015891e-02
-1.179517409874803260e-02
5.845251883896010296e-03
2.389585860133539713e-02
4.297160768116996959e-02
5.932374884096963674e-02
6.946546508055288782e-02
7.856709084383615982e-02
9.164342839970239518e-02
1.060346224636350282e-01
1.158882566220957866e-01
1.189729413728747853e-01
1.160854291664940308e-01
1.077782731066763144e-01
9.689666113781610080e-02
8.475477702609186814e-02
7.149748741996826695e-02
6.130995449287804377e-02
5.655654093157926748e-02
5.476560117788550897e-02
5.158650853326811336e-02
4.325779351212354074e-02
2.859464107028789059e-02
8.066671283786509133e-03
-1.610025199475047242e-02
-4.139653114677555035e-02
-6.445883358257045725e-02
-7.773934107214375278e-02
-8.766328765545958190e-02
-1.185705567676095251e-01
-1.807281164589509825e-01
-2.685708210104019722e-01
-3.745372928918784816e-01
-4.862632164919584721e-01
-5.871182793986334802e-01
-6.553289625818141673e-01
-6.657426407863122897e-01
-5.929968474193823003e-01
-4.046690315861793397e-01
-9.905960480489603426e-02
2.381711215428132522e-01
5.105650036289912652e-01
7.049321705777769065e-01
8.236420721191135552e-01
8.444486750744322201e-01
7.761014611729977197e-01
6.523704130497129938e-01
4.969782946387313327e-01
3.267325648121388593e-01
1.642846978458408769e-01
3.025967826415499121e-02
-6.457173531448068271e-02
-1.298301553701829980e-01
-1.941213347298804404e-01
-2.702232741162340357e-01
-3.523948852499639850e-01
-4.325317315190921885e-01
-5.035533564113718885e-01
-5.583239836175848403e-01
-5.827266176811066734e-01
-5.523645451062237921e-01
-4.386868638567223422e-01
-2.456647837560539116e-01
-5.598634822778284642e-03
2.325938020117415406e-01
4.014889693077816624e-01
4.817449133150190077e-01
4.995478612246828654e-01
4.782215943086428611e-01
4.347656251961681817e-01
3.778624787925083939e-01
3.117367656680515853e-01
2.394215008711287063e-01
1.639297029164075159e-01
8.712683535379493749e-02
1.448684752840696463e-02
-4.415903300226736716e-02
-8.439498373323076064e-02
-1.072135037083455089e-01
-1.173531995828354657e-01
-1.214104353235987144e-01
-1.208229814621356590e-01
-1.147115021290838616e-01
-1.049317664405057249e-01
-9.356876416132368923e-02
-8.068437395009823987e-02
-6.442297159494905778e-02
-4.551175686295241829e-02
-3.131211170831446622e-02
-3.131374686566623655e-02
-5.357838366870074781e-02
-9.964584296887239734e-02
-1.620365914846335076e-01
-2.312607254832950154e-01
-2.966709701776115149e-01
-3.470000512841233675e-01
-3.707124944670706634e-01
-3.529267725229680575e-01
-2.788445074026409953e-01
-1.384873864359196793e-01
3.687895251863922141e-02
1.801354076954316819e-01
2.671268473605911131e-01
3.152900282102478191e-01
3.367090085196619564e-01
3.343345565665936658e-01
3.086821324304005465e-01
2.644321844823022682e-01
2.094260132243582206e-01
1.530290745654811491e-01
1.062597647749833757e-01
7.456251083396292501e-02
5.866554444832893650e-02
5.589191701669712908e-02
5.876710066071885730e-02
6.400812046510118147e-02
7.390545847852210415e-02
8.875876594863565949e-02
1.041448182490252727e-01
1.180179420431231724e-01
1.339615051775300270e-01
1.537942626572303406e-01
1.763438793331888466e-01
1.999122409657777544e-01
2.227434854513455353e-01
2.416725910359127372e-01
2.540908236385819863e-01
2.590860091400913334e-01
2.519189224302986196e-01
2.251386824466842795e-01
1.742474528828504288e-01
9.560182835005953672e-02
-1.706205077670885917e-02
-1.660730794745054195e-01
-3.458904710277090344e-01
-5.470103503414392998e-01
-7.557774067766779291e-01
-9.527150802609040126e-01
-1.112830646666438383e+00
-1.232259583019062799e+00
-1.325990176898075079e+00
-1.371532646211936601e+00
-1.340157612494613959e+00
-1.227450327539916231e+00
-9.975320447226758702e-01
-6.031596674645655076e-01
-6.090830812502377040e-02
5.339198804160494305e-01
1.054878611955139434e+00
1.423033726410063649e+00
1.632877436245242064e+00
1.682358593032081018e+00
1.566504517937895802e+00
1.325528328052965277e+00
1.012326651664636312e+00
6.666540470529076501e-01
3.241409187865231245e-01
1.630660392199880307e-02
-2.307808999262414562e-01
-3.958627191581994276e-01
-4.602900268590218724e-01
-4.352342448170580802e-01
-3.611788647147700093e-01
-2.518474888909962850e-01
-9.250302254328574003e-02
9.688492173543061803e-02
2.580941718666215912e-01
3.620376740450025332e-01
4.093936471088415741e-01
4.032581015053097184e-01
3.521281129414257083e-01
2.613529250577175667e-01
1.425403850974034659e-01
2.181663562039496546e-02
-8.354214676957247288e-02
-1.737468191207298673e-01
-2.530195171028682966e-01
-3.202195248987297904e-01
-3.717456587719389915e-01
-4.071043986676732840e-01
-4.269602166187689285e-01
-4.359386164203467029e-01
-4.373373951426898776e-01
-4.212133051877232082e-01
-3.838123053053370537e-01
-3.398140116468956751e-01
-2.914626605156483419e-01
-2.212558429012104477e-01
-1.057719974270438235e-01
7.111315833758070915e-02
2.668841956989059239e-01
3.998852959423924158e-01
4.430027823701818135e-01
4.126498560428974449e-01
3.245089862261685276e-01
1.968546510221854673e-01
4.909082083428026322e-02
