-4.996544122695922852e-02
-2.857109308242797852e-01
-2.807596921920776367e-01
-3.323927521705627441e-01
-2.665858268737792969e-01
-3.065413236618041992e-01
-2.819488644599914551e-01
-2.550567388534545898e-01
-2.681487202644348145e-01
-2.900949716567993164e-01
-2.636019587516784668e-01
6.611773967742919922e-01
-2.517759799957275391e-01
-3.171753883361816406e-01
-2.761126756668090820e-01
-2.774088978767395020e-01
-2.620394229888916016e-01
-2.659238576889038086e-01
-2.807418107986450195e-01
-2.996930480003356934e-01
-2.711681127548217773e-01
-2.476287484169006348e-01
-2.380559444427490234e-01
-2.760961651802062988e-01
-1.883655786514282227e-03
-3.511314988136291504e-01
-2.736241221427917480e-01
-2.976535558700561523e-01
-2.234309911727905273e-01
-2.523490786552429199e-01
-2.911869883537292480e-01
-2.710500359535217285e-01
-2.570399641990661621e-01
-3.052989840507507324e-01
-2.747740745544433594e-01
-2.236353754997253418e-01
-2.212401032447814941e-01
-2.667850255966186523e-01
-2.511313557624816895e-01
-2.918820977210998535e-01
-2.204346060752868652e-01
-2.778272032737731934e-01
-2.918820977210998535e-01
-2.621086835861206055e-01
-2.710416913032531738e-01
-2.517369389533996582e-01
-2.890838980674743652e-01
-1.101960539817810059e-01
-2.178835868835449219e-01
-2.763324975967407227e-01
-2.519463300704956055e-01
-2.829682230949401855e-01
-2.615000009536743164e-01
-2.467818856239318848e-01
-2.438006401062011719e-01
-2.918823361396789551e-01
-2.788966894149780273e-01
-2.891291379928588867e-01
-2.074272036552429199e-01
-5.208729505538940430e-01
-7.357934117317199707e-02
-2.723724842071533203e-01
-6.829053163528442383e-02
-2.327383756637573242e-01
-2.687117457389831543e-01
-2.918817996978759766e-01
-2.132316231727600098e-01
-2.581387758255004883e-01
-3.132479190826416016e-01
-2.682436108589172363e-01
-2.328124642372131348e-01
-3.160665631294250488e-01
-1.654047966003417969e-01
-2.710416913032531738e-01
-3.277664184570312500e-01
-2.598080039024353027e-01
-2.736216783523559570e-01
-3.231962919235229492e-01
-2.778270840644836426e-01
-2.691147327423095703e-01
-3.232699632644653320e-01
-2.710793018341064453e-01
-2.778882980346679688e-01
-2.914624214172363281e-01
-2.075633406639099121e-01
-2.714440226554870605e-01
-1.602994799613952637e-01
-2.804513573646545410e-01
-2.492787837982177734e-01
-2.918785214424133301e-01
-2.271494269371032715e-01
-2.764689922332763672e-01
-2.426620125770568848e-01
-2.111974954605102539e-01
-2.778271436691284180e-01
-1.836194396018981934e-01
-1.872528195381164551e-01
-2.784465551376342773e-01
-3.056237697601318359e-01
-2.918802499771118164e-01
-2.723364233970642090e-01
-2.789424061775207520e-01
-2.635456919670104980e-01
-2.887353897094726562e-01
-2.594057321548461914e-01
-2.823355793952941895e-01
-2.890492081642150879e-01
-3.112073540687561035e-01
-1.457867622375488281e-01
-2.655677795410156250e-01
-2.778165340423583984e-01
-2.710417509078979492e-01
-2.872933745384216309e-01
-2.569866180419921875e-01
-2.613048553466796875e-01
-2.765259742736816406e-01
-2.861400842666625977e-01
-2.918795347213745117e-01
-3.091379404067993164e-01
-2.914217710494995117e-01
-2.129185795783996582e-01
-2.944209575653076172e-01
-2.657682895660400391e-01
-2.918822169303894043e-01
-2.646884918212890625e-01
-2.596222758293151855e-01
-2.456257343292236328e-01
-2.923994660377502441e-01
-2.415282726287841797e-01
-3.109351992607116699e-01
-2.622669935226440430e-01
-3.638743758201599121e-01
2.552196383476257324e-02
-2.576140761375427246e-01
-2.053233981132507324e-01
-2.918820977210998535e-01
-2.379899621009826660e-01
-2.918819785118103027e-01
-2.444425821304321289e-01
-2.915477752685546875e-01
-2.015079259872436523e-01
-2.736765742301940918e-01
-2.274889945983886719e-01
-2.655978202819824219e-01
1.221931874752044678e-01
-2.565360069274902344e-01
-2.336922883987426758e-01
-2.918820977210998535e-01
-2.478535175323486328e-01
-3.008318543434143066e-01
-2.203524708747863770e-01
-2.968802452087402344e-01
-2.397560477256774902e-01
-2.918820977210998535e-01
-2.409197092056274414e-01
-4.057564139366149902e-01
-2.023582458496093750e-01
-2.814884185791015625e-01
-2.634757757186889648e-01
-2.710443139076232910e-01
-2.918820977210998535e-01
-2.594954371452331543e-01
-2.918820977210998535e-01
-2.900909781455993652e-01
-3.109236955642700195e-01
-2.715104222297668457e-01
-2.569867372512817383e-01
-2.793305516242980957e-01
-2.660995125770568848e-01
-2.544211149215698242e-01
-2.853037118911743164e-01
-2.411819100379943848e-01
-2.480506896972656250e-01
-2.682412266731262207e-01
-2.648107409477233887e-01
-2.581140995025634766e-01
-2.569866180419921875e-01
-2.506991028785705566e-01
-3.084034323692321777e-01
-2.767191529273986816e-01
5.574455857276916504e-02
-2.970231771469116211e-01
-2.680357694625854492e-01
-2.777050733566284180e-01
-2.726399898529052734e-01
-2.467752695083618164e-01
-2.588832378387451172e-01
-2.725142836570739746e-01
-2.733653187751770020e-01
-2.778292894363403320e-01
-2.595350146293640137e-01
-2.525730133056640625e-01
-1.835763454437255859e-01
-2.364256978034973145e-01
-2.645860910415649414e-01
-3.125778436660766602e-01
-2.740576267242431641e-01
-2.831583023071289062e-01
-2.571252584457397461e-01
-2.734317779541015625e-01
-2.756984233856201172e-01
-2.944079041481018066e-01
-2.569941878318786621e-01
-3.375176191329956055e-01
-3.013386130332946777e-01
-2.675180435180664062e-01
-3.047872781753540039e-01
-2.783685326576232910e-01
-3.274030089378356934e-01
-2.841228842735290527e-01
-3.095667958259582520e-01
-2.840519547462463379e-01
-2.947476506233215332e-01
-2.747212648391723633e-01
-2.341973781585693359e-01
-2.913810610771179199e-01
6.134603023529052734e-01
-2.059678435325622559e-01
-2.774758934974670410e-01
-2.782044410705566406e-01
-2.580102086067199707e-01
-2.324011325836181641e-01
-2.969124913215637207e-01
-2.988058328628540039e-01
-2.862649559974670410e-01
-2.747842669486999512e-01
-2.626647353172302246e-01
-3.033481836318969727e-01
-1.638441681861877441e-01
-2.800147533416748047e-01
-2.843051552772521973e-01
-2.349895834922790527e-01
-3.227094411849975586e-01
-2.485304474830627441e-01
-2.344440221786499023e-01
-2.634630203247070312e-01
-2.617312669754028320e-01
-2.664700746536254883e-01
-2.807289958000183105e-01
-3.009765744209289551e-01
-2.055345177650451660e-01
-2.667270302772521973e-01
-2.589453458786010742e-01
-2.716068029403686523e-01
-2.820421457290649414e-01
-3.028985261917114258e-01
-2.556370496749877930e-01
-2.621294856071472168e-01
-2.918820977210998535e-01
-2.807014584541320801e-01
-2.533617019653320312e-01
-3.070044517517089844e-01
-1.568477749824523926e-01
-2.642674446105957031e-01
-2.469714879989624023e-01
-2.794470191001892090e-01
-2.710416316986083984e-01
-2.908397316932678223e-01
-2.744885683059692383e-01
-2.885233759880065918e-01
-2.570303082466125488e-01
-2.918820977210998535e-01
-2.758077383041381836e-01
-2.711437344551086426e-01
-2.237566709518432617e-01
-2.673494815826416016e-01
-2.844728827476501465e-01
-2.851567268371582031e-01
-2.573168873786926270e-01
-2.890499234199523926e-01
-2.715073823928833008e-01
-2.456355690956115723e-01
-2.520481348037719727e-01
-2.553151249885559082e-01
-2.516062259674072266e-01
1.140978634357452393e-01
-2.392084598541259766e-01
-3.568547964096069336e-01
-3.170260787010192871e-01
-2.950158715248107910e-01
-2.916349768638610840e-01
-2.617155313491821289e-01
-2.564929723739624023e-01
-2.761982083320617676e-01
-2.768305540084838867e-01
-2.541903257369995117e-01
-2.778271436691284180e-01
-2.470159530639648438e-01
-2.225804924964904785e-01
-2.909471392631530762e-01
-2.078619599342346191e-01
-3.010153174400329590e-01
-2.658963799476623535e-01
-2.626824378967285156e-01
-2.287626266479492188e-01
-2.683706283569335938e-01
-2.327559590339660645e-01
-2.542513012886047363e-01
-2.247876524925231934e-01
-1.863987445831298828e-01
-5.074420571327209473e-02
-2.819029688835144043e-01
-2.795140743255615234e-01
-2.922141551971435547e-01
-2.649244666099548340e-01
-2.967121005058288574e-01
-3.053053617477416992e-01
-2.756692767143249512e-01
-2.632302641868591309e-01
-2.631008028984069824e-01
-2.918820977210998535e-01
-2.826964259147644043e-01
-2.289403080940246582e-01
-3.004608750343322754e-01
-2.588316202163696289e-01
-2.918820977210998535e-01
-2.831404209136962891e-01
-2.886297106742858887e-01
-2.918820977210998535e-01
-2.918816804885864258e-01
-3.027720451354980469e-01
-1.964957118034362793e-01
-2.414712309837341309e-01
-3.123730421066284180e-01
2.752344906330108643e-01
-3.135550618171691895e-01
-2.272632718086242676e-01
-2.789807915687561035e-01
-2.099038362503051758e-01
-2.414482235908508301e-01
-2.292181849479675293e-01
-2.914831042289733887e-01
-2.970148324966430664e-01
-3.163359761238098145e-01
-2.573619484901428223e-01
-8.471608161926269531e-02
-1.360762417316436768e-01
-3.298078179359436035e-01
-2.341001629829406738e-01
-2.953170537948608398e-01
-2.688553929328918457e-01
-3.027256727218627930e-01
-2.710913419723510742e-01
-2.605504393577575684e-01
-2.710366249084472656e-01
-2.434378862380981445e-01
-2.262541055679321289e-01
-2.246920466423034668e-01
-8.880692720413208008e-02
-2.816837430000305176e-01
-2.169137001037597656e-01
-2.787526845932006836e-01
-2.612360119819641113e-01
-3.027566671371459961e-01
-2.760084271430969238e-01
-2.826663851737976074e-01
-1.965041160583496094e-01
-2.736755609512329102e-01
-2.385972142219543457e-01
-1.477450132369995117e-01
-1.452621221542358398e-01
-2.667171359062194824e-01
-2.439718246459960938e-01
-2.933718562126159668e-01
-2.777876853942871094e-01
-2.918807268142700195e-01
-2.419310808181762695e-01
-2.015596032142639160e-01
-2.752748727798461914e-01
-2.902918457984924316e-01
-2.710518836975097656e-01
1.244672060012817383e+00
-2.187668681144714355e-01
-2.579430937767028809e-01
-2.912723422050476074e-01
-3.005030155181884766e-01
-2.308994531631469727e-01
-2.573767900466918945e-01
-2.667233347892761230e-01
-2.890838980674743652e-01
-2.558449506759643555e-01
-2.883418798446655273e-01
-2.569867372512817383e-01
-5.816249251365661621e-01
-1.528748869895935059e-01
-2.639047503471374512e-01
-2.833015322685241699e-01
-2.571653127670288086e-01
-2.624242901802062988e-01
-2.598870992660522461e-01
-2.009910941123962402e-01
-2.926792502403259277e-01
-2.559633255004882812e-01
-2.990299463272094727e-01
-2.954646944999694824e-01
8.878873586654663086e-01
-1.357341110706329346e-01
-2.789784073829650879e-01
-2.465061545372009277e-01
-2.974185347557067871e-01
-2.452965378761291504e-01
-2.778188586235046387e-01
-2.679377198219299316e-01
-2.105577588081359863e-01
-2.785851359367370605e-01
-2.559133172035217285e-01
-2.803637385368347168e-01
-2.235659956932067871e-01
-1.694262623786926270e-01
-2.831177115440368652e-01
-2.379300594329833984e-01
-2.588059902191162109e-01
-2.514917850494384766e-01
-2.918820977210998535e-01
-2.584511041641235352e-01
-3.032292127609252930e-01
-2.864124178886413574e-01
-2.528381347656250000e-01
-2.015065550804138184e-01
-2.377225160598754883e-01
2.829633951187133789e-01
-3.049517869949340820e-01
-2.493078112602233887e-01
-2.918822169303894043e-01
-2.881477475166320801e-01
-2.793151736259460449e-01
-2.259867787361145020e-01
-3.244560360908508301e-01
-2.778271436691284180e-01
-2.999301552772521973e-01
-2.628628611564636230e-01
9.519131183624267578e-01
-1.684572100639343262e-01
-3.394840955734252930e-01
-1.152467429637908936e-01
-2.234358787536621094e-01
-2.146490812301635742e-01
-2.910082340240478516e-01
-2.752805948257446289e-01
-2.710670828819274902e-01
-2.724883556365966797e-01
-2.710416913032531738e-01
-2.644636631011962891e-01
-1.474136710166931152e-01
-9.589305520057678223e-02
-3.234238624572753906e-01
-2.660201787948608398e-01
-2.916830182075500488e-01
-3.363441824913024902e-01
-2.492598891258239746e-01
-2.448891997337341309e-01
-2.844185829162597656e-01
-2.286008596420288086e-01
-2.784337401390075684e-01
-2.761837840080261230e-01
1.201804161071777344e+00
1.027760505676269531e-01
-3.152495622634887695e-01
-2.850804328918457031e-01
-2.770616412162780762e-01
-2.613395452499389648e-01
-3.072398900985717773e-01
-2.806060314178466797e-01
-2.592592835426330566e-01
-2.527669072151184082e-01
-2.812166213989257812e-01
-2.918819189071655273e-01
-3.934450745582580566e-01
-3.200337290763854980e-02
-3.244802355766296387e-01
-2.481337189674377441e-01
-2.929470539093017578e-01
-2.644115686416625977e-01
-3.062641024589538574e-01
-2.918813824653625488e-01
-3.073047399520874023e-01
-2.570553421974182129e-01
-2.851417064666748047e-01
-2.780436873435974121e-01
-4.819228649139404297e-01
-4.931172728538513184e-02
-2.646261453628540039e-01
-2.506260871887207031e-01
-2.867836356163024902e-01
-2.783585786819458008e-01
-2.996664047241210938e-01
-2.918819785118103027e-01
-2.918953895568847656e-01
-2.437898516654968262e-01
-2.778271436691284180e-01
-2.795048356056213379e-01
-5.531411170959472656e-01
7.844692468643188477e-02
-2.732313275337219238e-01
-2.596807479858398438e-01
-2.918815612792968750e-01
-2.143860459327697754e-01
-2.918444871902465820e-01
-2.917442917823791504e-01
-3.951711654663085938e-01
-2.496502995491027832e-01
-2.944913506507873535e-01
-2.579752802848815918e-01
-3.350902795791625977e-01
-2.452381849288940430e-01
-2.517904639244079590e-01
-2.750290632247924805e-01
-2.429730296134948730e-01
-2.964973449707031250e-01
-2.890254259109497070e-01
-2.786506414413452148e-01
-2.891010642051696777e-01
-2.644243240356445312e-01
-2.698678374290466309e-01
-2.918500900268554688e-01
-2.916354537010192871e-01
-2.186381220817565918e-01
-2.944535613059997559e-01
-2.805688381195068359e-01
-2.658577561378479004e-01
-2.568541169166564941e-01
-2.589541673660278320e-01
-2.649963498115539551e-01
-2.890838384628295898e-01
-2.917103767395019531e-01
-2.903650403022766113e-01
-2.890210747718811035e-01
-2.417205572128295898e-01
-2.611746788024902344e-01
-2.520006895065307617e-01
-2.844904065132141113e-01
-2.918820977210998535e-01
-2.778274416923522949e-01
-2.890790700912475586e-01
-2.601002454757690430e-01
-2.480607032775878906e-01
-2.890840172767639160e-01
-2.890841960906982422e-01
-2.893698215484619141e-01
-3.248581290245056152e-01
-2.271685004234313965e-01
-3.254370093345642090e-01
-2.808315753936767578e-01
-2.918812036514282227e-01
-2.922703623771667480e-01
-2.918574213981628418e-01
-2.968801856040954590e-01
-2.418978214263916016e-01
-2.570239305496215820e-01
-2.890698313713073730e-01
-2.717832326889038086e-01
-2.114096283912658691e-01
-9.659510850906372070e-02
-3.121738433837890625e-01
-2.290631532669067383e-01
-2.890822887420654297e-01
-2.624203562736511230e-01
-2.890840172767639160e-01
-2.596253156661987305e-01
-2.890834212303161621e-01
-2.890114784240722656e-01
-2.876246571540832520e-01
-2.609615325927734375e-01
-2.898054718971252441e-01
-5.359295010566711426e-02
-2.621278166770935059e-01
-2.274278998374938965e-01
-2.890833020210266113e-01
-2.701404690742492676e-01
-2.692523002624511719e-01
-2.223476767539978027e-01
-2.572466135025024414e-01
-2.391536831855773926e-01
-2.597104310989379883e-01
-2.889165282249450684e-01
-2.876810431480407715e-01
-2.402362227439880371e-01
-2.466654777526855469e-01
-2.646491527557373047e-01
-2.622486352920532227e-01
-1.963867545127868652e-01
-3.109102845191955566e-01
-2.912253141403198242e-01
-2.885045409202575684e-01
-2.624202966690063477e-01
-2.890840172767639160e-01
-2.848090529441833496e-01
-2.387109994888305664e-01
-2.023347020149230957e-01
-2.960523366928100586e-01
-2.778285741806030273e-01
-2.710418105125427246e-01
-2.677789926528930664e-01
-2.778291702270507812e-01
-2.676889896392822266e-01
-2.890749573707580566e-01
-2.778509855270385742e-01
-2.918820977210998535e-01
-2.209659218788146973e-01
-3.135401010513305664e-01
-3.086659908294677734e-01
-3.240632414817810059e-01
-2.570058107376098633e-01
-2.750284671783447266e-01
-2.778559923171997070e-01
-2.918733954429626465e-01
-2.324250340461730957e-01
-2.569085359573364258e-01
-2.759347558021545410e-01
-2.778270840644836426e-01
-3.286556005477905273e-01
-7.269114255905151367e-03
-2.498943209648132324e-01
-2.951938509941101074e-01
-2.918565869331359863e-01
-2.468096017837524414e-01
-2.918820977210998535e-01
-2.760811448097229004e-01
-2.710530161857604980e-01
-2.897388935089111328e-01
-2.624294161796569824e-01
-2.863458991050720215e-01
-2.826471328735351562e-01
-2.723469734191894531e-01
-1.448749005794525146e-01
-2.840736508369445801e-01
-2.400870919227600098e-01
-2.890840768814086914e-01
-2.408031225204467773e-01
-2.702576518058776855e-01
-2.569876909255981445e-01
-2.707589864730834961e-01
-2.809275984764099121e-01
-2.890840172767639160e-01
-2.898750305175781250e-01
-1.180182099342346191e-01
-2.500195503234863281e-01
-2.853978872299194336e-01
-2.710416913032531738e-01
-2.918820381164550781e-01
-2.722686529159545898e-01
-2.918820977210998535e-01
-2.878333330154418945e-01
-2.890840768814086914e-01
-2.317296266555786133e-01
-2.886258363723754883e-01
-2.736778855323791504e-01
-2.568325400352478027e-01
-2.359287738800048828e-01
-2.941035032272338867e-01
-2.741105556488037109e-01
-2.568615078926086426e-01
-2.596037387847900391e-01
-2.621708512306213379e-01
-2.643778324127197266e-01
-2.890841364860534668e-01
-2.458835244178771973e-01
-2.760443687438964844e-01
-2.404325604438781738e-01
-3.395284414291381836e-01
-1.409018933773040771e-01
-3.314584493637084961e-01
-2.577596306800842285e-01
-2.918668389320373535e-01
-2.919759154319763184e-01
-2.844845056533813477e-01
-2.891176939010620117e-01
-2.917888164520263672e-01
-2.918810844421386719e-01
-2.636678814888000488e-01
-2.541886568069458008e-01
-1.979882717132568359e-01
-2.897844314575195312e-01
-2.829682230949401855e-01
-3.158398270606994629e-01
-2.912961244583129883e-01
-2.918733954429626465e-01
-2.657401561737060547e-01
-2.730850577354431152e-01
-2.917600870132446289e-01
-2.891076207160949707e-01
-2.607392668724060059e-01
-2.428843975067138672e-01
-3.228728175163269043e-01
-2.715945839881896973e-01
-3.187125325202941895e-01
-2.766098380088806152e-01
-2.907174229621887207e-01
-2.318893671035766602e-01
-2.816545367240905762e-01
-2.392798066139221191e-01
-2.890840172767639160e-01
-2.541862130165100098e-01
-2.795814275741577148e-01
-2.496320605278015137e-01
-2.217132449150085449e-01
-2.919196486473083496e-01
-3.116381764411926270e-01
-2.580562829971313477e-01
-2.918816804885864258e-01
-2.890142798423767090e-01
-2.768094539642333984e-01
-2.542200088500976562e-01
-2.928985953330993652e-01
-2.918526530265808105e-01
-2.903331518173217773e-01
-2.890626192092895508e-01
-2.866161465644836426e-01
-2.617211937904357910e-01
-2.781512737274169922e-01
-2.440278530120849609e-01
-2.890841364860534668e-01
-2.710475921630859375e-01
-2.698587179183959961e-01
-2.720656394958496094e-01
-2.957642674446105957e-01
-2.918704152107238770e-01
-2.918814420700073242e-01
-2.596818208694458008e-01
-3.251386880874633789e-01
-1.994124054908752441e-02
-2.791827917098999023e-01
-2.155618667602539062e-01
-2.890624403953552246e-01
-2.541303634643554688e-01
-2.778270840644836426e-01
-2.596830725669860840e-01
-2.890917658805847168e-01
-2.918751239776611328e-01
-2.456281185150146484e-01
-2.918809056282043457e-01
-9.296813607215881348e-02
-1.569184660911560059e-01
-3.240003585815429688e-01
-2.732099890708923340e-01
-2.815123200416564941e-01
-2.717325091361999512e-01
-2.740082740783691406e-01
-2.918586730957031250e-01
-2.918748855590820312e-01
-2.917665243148803711e-01
-2.777334451675415039e-01
-2.918760180473327637e-01
-2.297893762588500977e-01
-1.475906372070312500e-01
-2.981244325637817383e-01
-2.381071448326110840e-01
-2.750194668769836426e-01
-2.736944556236267090e-01
-3.850373625755310059e-01
-3.128294944763183594e-01
-2.379989027976989746e-01
-2.709147930145263672e-01
-2.365295886993408203e-01
-2.659606337547302246e-01
2.188227027654647827e-01
-2.331432700157165527e-02
-2.718899846076965332e-01
-2.510251998901367188e-01
-2.751888036727905273e-01
-2.772202491760253906e-01
-2.750756144523620605e-01
-2.901113629341125488e-01
-2.893029451370239258e-01
-3.170549869537353516e-01
-2.918424010276794434e-01
-2.710452675819396973e-01
-3.574450016021728516e-01
-1.927573680877685547e-01
-2.645767927169799805e-01
-2.287718057632446289e-01
-2.918820977210998535e-01
-2.915821075439453125e-01
-2.918285131454467773e-01
-2.918786406517028809e-01
-2.918801307678222656e-01
-2.915812134742736816e-01
-2.426331639289855957e-01
-2.813143730163574219e-01
-3.316367268562316895e-01
-1.329080462455749512e-01
-2.891058921813964844e-01
-2.687864899635314941e-01
-2.918820977210998535e-01
-2.832049131393432617e-01
-2.780004143714904785e-01
-2.996079921722412109e-01
-2.890840172767639160e-01
-3.109350800514221191e-01
-2.784116864204406738e-01
-2.936491966247558594e-01
-1.697655320167541504e-01
-1.955986022949218750e-01
-2.683790326118469238e-01
-2.271600365638732910e-01
-2.912833094596862793e-01
-3.277640342712402344e-01
-2.918805480003356934e-01
-2.717574834823608398e-01
-2.918295860290527344e-01
-2.900217771530151367e-01
-2.775127887725830078e-01
-2.928488850593566895e-01
-2.622739076614379883e-01
-1.595315337181091309e-01
-2.836708426475524902e-01
-2.900947928428649902e-01
-2.918433547019958496e-01
-3.121800422668457031e-01
-3.249775767326354980e-01
-2.829911112785339355e-01
-2.638008594512939453e-01
-2.842558026313781738e-01
-2.938565611839294434e-01
-2.885348200798034668e-01
-3.592329621315002441e-01
-1.362914741039276123e-01
-2.915940880775451660e-01
-2.724608778953552246e-01
-2.762151956558227539e-01
-3.103453516960144043e-01
-2.918820977210998535e-01
-2.918820977210998535e-01
-2.809084057807922363e-01
-2.763002514839172363e-01
-2.811571955680847168e-01
-2.917989492416381836e-01
-2.769875526428222656e-01
-1.769285798072814941e-01
-2.870503067970275879e-01
-3.169556260108947754e-01
-2.894579768180847168e-01
-3.109350800514221191e-01
-2.736741304397583008e-01
-2.957494854927062988e-01
-2.778272032737731934e-01
-2.719312906265258789e-01
-2.752236127853393555e-01
-2.956748008728027344e-01
-3.051022887229919434e-01
-2.110989689826965332e-01
-2.901490330696105957e-01
-2.553445696830749512e-01
-2.623153328895568848e-01
-2.570250630378723145e-01
-2.710480093955993652e-01
-2.810962796211242676e-01
-2.683066725730895996e-01
-2.918820977210998535e-01
-2.874069809913635254e-01
-2.572537064552307129e-01
-3.442596197128295898e-01
-1.854719519615173340e-01
-2.873373627662658691e-01
-2.395901679992675781e-01
-2.918820977210998535e-01
-2.761837840080261230e-01
-2.569867372512817383e-01
-2.602318525314331055e-01
-2.831101417541503906e-01
-2.918822169303894043e-01
-2.918173074722290039e-01
-2.901585102081298828e-01
-2.714976072311401367e-01
-1.481792330741882324e-01
-2.904572486877441406e-01
-2.890320420265197754e-01
-2.918820381164550781e-01
-2.917951941490173340e-01
-2.626745700836181641e-01
-3.181006312370300293e-01
-2.918770909309387207e-01
-2.918809056282043457e-01
-2.682436108589172363e-01
-2.710416913032531738e-01
-1.656255125999450684e-01
-2.498643994331359863e-01
-3.155453205108642578e-01
-3.107215762138366699e-01
-2.778453230857849121e-01
-2.918820977210998535e-01
-2.778271436691284180e-01
-2.918820977210998535e-01
-2.779162526130676270e-01
-2.980287671089172363e-01
-2.778403759002685547e-01
-2.918821573257446289e-01
-2.802100181579589844e-01
-2.616781592369079590e-01
-2.946764230728149414e-01
-2.729676365852355957e-01
-2.778271436691284180e-01
-2.784494161605834961e-01
-2.778272032737731934e-01
-3.064901232719421387e-01
-2.624142765998840332e-01
-3.044068813323974609e-01
-2.778271436691284180e-01
-3.102056980133056641e-01
-3.289234042167663574e-01
-2.096729278564453125e-01
-3.157794475555419922e-01
-2.553433775901794434e-01
-2.538347840309143066e-01
-2.918820977210998535e-01
-2.918668389320373535e-01
-2.918820977210998535e-01
-2.875408530235290527e-01
-2.918864488601684570e-01
-2.778519392013549805e-01
-2.588219642639160156e-01
-2.325519323348999023e-01
-2.080803513526916504e-01
-2.815943956375122070e-01
-2.529217600822448730e-01
-2.918820977210998535e-01
-2.534654140472412109e-01
-2.918077111244201660e-01
-2.905899286270141602e-01
-2.776231765747070312e-01
-2.902312278747558594e-01
-2.768039107322692871e-01
-2.918312549591064453e-01
-3.029719591140747070e-01
-3.589805960655212402e-02
-3.313769102096557617e-01
-2.710420489311218262e-01
-2.922251224517822266e-01
-2.275388240814208984e-01
-2.811332345008850098e-01
-2.918820977210998535e-01
-2.912417054176330566e-01
-2.945949435234069824e-01
-2.778264880180358887e-01
-2.918820977210998535e-01
-3.341616392135620117e-01
-5.908733606338500977e-02
-2.894120216369628906e-01
-2.262291908264160156e-01
-2.848261594772338867e-01
-2.475559115409851074e-01
-2.918214797973632812e-01
-2.918820977210998535e-01
-2.919703722000122070e-01
-2.620639801025390625e-01
-2.918694019317626953e-01
-2.918819189071655273e-01
-2.470218539237976074e-01
-8.525773882865905762e-02
-3.060469627380371094e-01
-2.580562829971313477e-01
-2.918820977210998535e-01
-2.662174105644226074e-01
-2.918820977210998535e-01
-2.778277993202209473e-01
-2.905684113502502441e-01
-2.918328046798706055e-01
-2.918820977210998535e-01
-2.918820977210998535e-01
-3.070666790008544922e-01
-2.392649650573730469e-02
-2.639197707176208496e-01
-2.710416913032531738e-01
-2.918493151664733887e-01
-2.494847774505615234e-01
-2.621288299560546875e-01
-2.710416913032531738e-01
-2.761660814285278320e-01
-2.425835132598876953e-01
-2.703582644462585449e-01
-2.577100992202758789e-01
-2.981110215187072754e-01
-1.590669155120849609e-01
-2.742535471916198730e-01
-1.812448501586914062e-01
-2.778707146644592285e-01
-2.751902341842651367e-01
-2.699044346809387207e-01
-2.689657211303710938e-01
-2.891750931739807129e-01
-2.980046868324279785e-01
-2.746878862380981445e-01
-2.915930151939392090e-01
-3.100724816322326660e-01
-2.320791482925415039e-01
-2.747188210487365723e-01
-2.887672781944274902e-01
-3.175644874572753906e-01
-2.451297044754028320e-01
-2.919262647628784180e-01
-2.917155027389526367e-01
-2.751601338386535645e-01
-2.890840172767639160e-01
-2.918820381164550781e-01
-2.918813228607177734e-01
-3.033027648925781250e-01
-1.948221921920776367e-01
-2.608456015586853027e-01
-2.667540311813354492e-01
-3.366602659225463867e-01
-2.151765823364257812e-01
-2.385520935058593750e-01
-2.624178528785705566e-01
-2.890840172767639160e-01
-2.682436108589172363e-01
-2.890838384628295898e-01
-2.870148420333862305e-01
-1.994669437408447266e-04
-2.062826752662658691e-01
-2.661024928092956543e-01
-1.965270042419433594e-01
-3.052338957786560059e-01
-2.699344754219055176e-01
-2.803779840469360352e-01
-2.569363713264465332e-01
-2.778004407882690430e-01
-2.710416913032531738e-01
-2.918820381164550781e-01
-3.179908990859985352e-01
-2.967545986175537109e-01
-2.351942658424377441e-01
-2.661099433898925781e-01
-1.903237104415893555e-01
-2.769669890403747559e-01
-2.289593815803527832e-01
-2.377806305885314941e-01
-2.134165167808532715e-01
-2.813239693641662598e-01
-2.011474370956420898e-01
-2.136947512626647949e-01
-2.537852525711059570e-01
-3.580533266067504883e-01
-2.983205318450927734e-01
-2.761839032173156738e-01
-2.517780065536499023e-01
-2.911047339439392090e-01
-2.751381993293762207e-01
-2.918810844421386719e-01
-2.621294856071472168e-01
-2.919376492500305176e-01
-2.622248530387878418e-01
-2.918819785118103027e-01
-2.730180621147155762e-01
-2.376722097396850586e-01
-2.661630511283874512e-01
-2.836099267005920410e-01
-2.704253196716308594e-01
-2.886773347854614258e-01
-2.513954639434814453e-01
-2.680584788322448730e-01
-2.485383749008178711e-01
-2.399345040321350098e-01
-2.710389494895935059e-01
-2.398232221603393555e-01
-2.415799498558044434e-01
-2.031860351562500000e-01
-2.244750261306762695e-01
-2.683485150337219238e-01
-2.607136368751525879e-01
-2.429956793785095215e-01
-2.771117687225341797e-01
-2.711153626441955566e-01
-2.782498598098754883e-01
-2.764133214950561523e-01
-2.746972441673278809e-01
-2.826235294342041016e-01
-2.853853106498718262e-01
-3.092918992042541504e-01
-1.935836672782897949e-01
-2.574726939201354980e-01
-2.710416316986083984e-01
-2.713275551795959473e-01
-2.590962052345275879e-01
-2.915355563163757324e-01
-2.093812823295593262e-01
-2.442947030067443848e-01
-2.779135107994079590e-01
-2.632493376731872559e-01
-2.719516158103942871e-01
-3.193982243537902832e-01
-2.535581588745117188e-01
-2.804653644561767578e-01
-2.470633387565612793e-01
-2.790002226829528809e-01
-2.769464850425720215e-01
-2.899886369705200195e-01
-2.621119022369384766e-01
-3.235031366348266602e-01
-2.771092057228088379e-01
-2.914863228797912598e-01
-2.743848562240600586e-01
-1.963961720466613770e-01
-1.783995628356933594e-01
-2.647950649261474609e-01
-2.247876524925231934e-01
-2.555004358291625977e-01
-1.966934800148010254e-01
-2.266219854354858398e-01
-2.710388302803039551e-01
-2.442787885665893555e-01
-2.792496681213378906e-01
-2.918332219123840332e-01
-2.791876792907714844e-01
-3.128010630607604980e-01
-2.374799847602844238e-01
-2.607101202011108398e-01
-2.455540895462036133e-01
-2.596322298049926758e-01
-2.750771641731262207e-01
-2.733511328697204590e-01
-2.476400136947631836e-01
-2.610693573951721191e-01
-2.734615802764892578e-01
-2.442765831947326660e-01
-2.567334175109863281e-01
-2.941655516624450684e-01
-3.115513324737548828e-01
-2.813471555709838867e-01
-2.561358809471130371e-01
-2.132796645164489746e-01
-2.745907306671142578e-01
-2.723686695098876953e-01
-2.682530283927917480e-01
-2.918816804885864258e-01
-2.771093845367431641e-01
-2.918659448623657227e-01
-3.034011721611022949e-01
-2.379045486450195312e-01
-2.928053736686706543e-01
-2.658616900444030762e-01
-2.564452886581420898e-01
-2.469067573547363281e-01
-2.770746946334838867e-01
-2.918766140937805176e-01
-2.743849158287048340e-01
-2.858847379684448242e-01
-2.771093845367431641e-01
-2.918820381164550781e-01
-2.771093845367431641e-01
-2.535998821258544922e-01
-2.799266576766967773e-01
-2.948871254920959473e-01
-2.866972088813781738e-01
-2.609664201736450195e-01
-2.739634513854980469e-01
-2.591008543968200684e-01
-2.452967762947082520e-01
-2.844434976577758789e-01
-2.831038832664489746e-01
-2.918524742126464844e-01
-2.580797672271728516e-01
-1.594887375831604004e-01
-2.092242240905761719e-01
-2.896835803985595703e-01
-2.584409713745117188e-01
-2.710862755775451660e-01
-2.863387465476989746e-01
-2.510848641395568848e-01
-2.581352591514587402e-01
-2.969066500663757324e-01
-2.772821784019470215e-01
-2.765109539031982422e-01
-2.771225571632385254e-01
-3.003970384597778320e-01
-3.027487397193908691e-01
-2.938695549964904785e-01
-3.053691387176513672e-01
-2.960117459297180176e-01
-2.770867943763732910e-01
-2.609745860099792480e-01
-2.645072937011718750e-01
-2.761296629905700684e-01
-2.744003534317016602e-01
-2.918817996978759766e-01
-2.771092653274536133e-01
-2.901878952980041504e-01
-2.398828268051147461e-01
-2.891296744346618652e-01
-2.885703444480895996e-01
-2.760713696479797363e-01
-2.739963531494140625e-01
-2.883506417274475098e-01
-2.553189992904663086e-01
-2.918815612792968750e-01
-2.743948101997375488e-01
-2.835946679115295410e-01
-2.647880911827087402e-01
-2.745042443275451660e-01
-2.622072100639343262e-01
-2.910951972007751465e-01
-2.528585791587829590e-01
-2.761840224266052246e-01
-2.748553752899169922e-01
-2.818508744239807129e-01
-2.743964791297912598e-01
-2.589321732521057129e-01
-2.732995152473449707e-01
-2.909792065620422363e-01
-2.743959426879882812e-01
-3.661012053489685059e-01
-2.904129028320312500e-01
-3.038467764854431152e-01
-2.873072028160095215e-01
-2.914655804634094238e-01
-2.771092057228088379e-01
-2.918801307678222656e-01
-2.817345857620239258e-01
-2.705880403518676758e-01
-2.482614517211914062e-01
-2.607409954071044922e-01
-2.760487794876098633e-01
-3.474032282829284668e-01
-2.612390518188476562e-01
-3.069697022438049316e-01
-2.914958000183105469e-01
-2.646564841270446777e-01
-2.682917118072509766e-01
-2.918837070465087891e-01
-2.771093845367431641e-01
-2.709107995033264160e-01
-2.771093845367431641e-01
-2.878091931343078613e-01
-2.770296335220336914e-01
-2.419126629829406738e-01
-1.191772520542144775e-01
-2.948182821273803711e-01
-2.757034897804260254e-01
-2.918815016746520996e-01
-2.765409350395202637e-01
-2.688390016555786133e-01
-2.771093845367431641e-01
-2.682433724403381348e-01
-2.759747505187988281e-01
-2.916153669357299805e-01
-2.771093845367431641e-01
-2.218497395515441895e-01
1.827203333377838135e-01
-2.922433614730834961e-01
-2.572174668312072754e-01
-3.081328868865966797e-01
-2.476511001586914062e-01
-2.844356894493103027e-01
-2.751267552375793457e-01
-2.761048674583435059e-01
-2.713890075683593750e-01
-2.761605978012084961e-01
-2.672919631004333496e-01
-2.318676114082336426e-01
-1.782088875770568848e-01
-3.161091208457946777e-01
-2.561864852905273438e-01
-2.918820977210998535e-01
-2.952362298965454102e-01
-3.073089122772216797e-01
-2.918453216552734375e-01
-2.890791893005371094e-01
-2.685381174087524414e-01
-2.879186272621154785e-01
-2.614272236824035645e-01
-2.067204713821411133e-01
-2.835568785667419434e-02
-2.446275949478149414e-01
-2.090361118316650391e-01
-2.715139389038085938e-01
-2.765567302703857422e-01
-2.908333539962768555e-01
-2.569867372512817383e-01
-2.918775677680969238e-01
-2.709612846374511719e-01
-2.593835592269897461e-01
-2.819927930831909180e-01
-3.221071958541870117e-01
-7.894858717918395996e-02
-2.918861508369445801e-01
-2.104237079620361328e-01
-2.926759719848632812e-01
-2.620071172714233398e-01
-2.766522169113159180e-01
-2.903521656990051270e-01
-2.543861269950866699e-01
-2.822351455688476562e-01
-2.750291824340820312e-01
-2.915795445442199707e-01
-2.623718976974487305e-01
3.743222355842590332e-02
-3.017864823341369629e-01
-2.596431374549865723e-01
-2.776625752449035645e-01
-2.365301847457885742e-01
-3.056268095970153809e-01
-2.541868090629577637e-01
-2.795257568359375000e-01
-2.334332466125488281e-01
-2.736764550209045410e-01
-2.318023443222045898e-01
-4.432891607284545898e-01
-7.849472761154174805e-02
-2.847200036048889160e-01
-3.081829547882080078e-01
-2.562496662139892578e-01
-2.918820977210998535e-01
-3.093600869178771973e-01
-2.783796191215515137e-01
-2.918809652328491211e-01
-2.918628454208374023e-01
-2.775864601135253906e-01
-2.910378575325012207e-01
-2.835034728050231934e-01
-1.819059848785400391e-01
-2.675113081932067871e-01
-2.992367744445800781e-01
-2.710407972335815430e-01
-2.914655208587646484e-01
-2.875483036041259766e-01
-2.947605252265930176e-01
-2.865898609161376953e-01
-2.918791174888610840e-01
-2.272242903709411621e-01
-2.498175501823425293e-01
-3.188294172286987305e-01
-2.043384313583374023e-01
-2.510281801223754883e-01
-2.765543460845947266e-01
-2.867083549499511719e-01
-2.662861347198486328e-01
-2.916551828384399414e-01
-2.918820977210998535e-01
-2.918764948844909668e-01
-2.398394942283630371e-01
-2.778269052505493164e-01
-2.918820977210998535e-01
-2.873616218566894531e-01
-8.878213167190551758e-02
-2.555135488510131836e-01
-2.885950207710266113e-01
-2.698076367378234863e-01
-2.710397243499755859e-01
-2.391065955162048340e-01
-2.862553596496582031e-01
-2.840718030929565430e-01
-2.918820977210998535e-01
-2.778270840644836426e-01
-2.918820977210998535e-01
-3.063693642616271973e-01
-1.198531687259674072e-01
-3.147814869880676270e-01
-2.751778364181518555e-01
-2.776682376861572266e-01
-2.899319529533386230e-01
-2.284197807312011719e-01
-2.188364863395690918e-01
-2.660184502601623535e-01
-2.750338912010192871e-01
-2.891389727592468262e-01
-2.821578979492187500e-01
-3.919497132301330566e-01
-2.175262570381164551e-01
-2.806909084320068359e-01
-2.723359465599060059e-01
-2.778003215789794922e-01
-2.918820977210998535e-01
-2.656917572021484375e-01
-2.918820977210998535e-01
-2.918821573257446289e-01
-2.918820977210998535e-01
-2.778386473655700684e-01
-2.918923497200012207e-01
-3.559237718582153320e-01
-2.598130106925964355e-01
-2.463883161544799805e-01
-2.755498290061950684e-01
-2.890766859054565430e-01
-2.827844619750976562e-01
-2.872968316078186035e-01
-2.693286538124084473e-01
-2.762029170989990234e-01
-2.755289673805236816e-01
-2.891114950180053711e-01
-2.786769270896911621e-01
-3.212087154388427734e-01
-1.902877688407897949e-01
-2.183383107185363770e-01
-2.710416913032531738e-01
-2.947500944137573242e-01
-2.880922555923461914e-01
-2.890830636024475098e-01
-2.918822765350341797e-01
-2.889878153800964355e-01
-3.011516332626342773e-01
-2.918787002563476562e-01
-3.109343647956848145e-01
-3.322184681892395020e-01
-2.831425070762634277e-01
-2.615033984184265137e-01
-2.888451814651489258e-01
-2.790239453315734863e-01
-2.927106618881225586e-01
-2.791174054145812988e-01
-2.798254489898681641e-01
-2.569863200187683105e-01
-2.710409760475158691e-01
-2.833901047706604004e-01
-2.820403575897216797e-01
-2.752153277397155762e-01
-2.661172747611999512e-01
-2.389029860496520996e-01
-2.773326635360717773e-01
-2.802706956863403320e-01
-2.778373956680297852e-01
-3.047825098037719727e-01
-2.909892797470092773e-01
-2.567970752716064453e-01
-2.890790700912475586e-01
-2.890840768814086914e-01
-2.890933156013488770e-01
-2.662503123283386230e-01
-2.232795953750610352e-02
-2.277287244796752930e-01
-3.018201589584350586e-01
-2.765156030654907227e-01
-2.918933033943176270e-01
-2.918812632560729980e-01
-2.920511960983276367e-01
-2.610958814620971680e-01
-2.918215394020080566e-01
-2.918507456779479980e-01
-2.958971858024597168e-01
-3.330050110816955566e-01
-3.124316334724426270e-01
-2.576934099197387695e-01
-2.918820977210998535e-01
-2.792060971260070801e-01
-2.918819785118103027e-01
-2.898134589195251465e-01
-2.918820977210998535e-01
-2.778263688087463379e-01
-2.918797135353088379e-01
-2.918735146522521973e-01
-2.918820977210998535e-01
-2.665952444076538086e-01
6.910440325736999512e-02
-2.533420324325561523e-01
-2.918717861175537109e-01
-2.889137268066406250e-01
-2.910428643226623535e-01
-2.890840172767639160e-01
-2.778285741806030273e-01
-2.918820977210998535e-01
-2.634632587432861328e-01
-2.918838262557983398e-01
-2.914134860038757324e-01
-2.723760604858398438e-01
-2.391741871833801270e-01
-2.672625184059143066e-01
-2.778270840644836426e-01
-2.867465019226074219e-01
-2.776632905006408691e-01
-2.918820977210998535e-01
-2.766222953796386719e-01
-2.918820977210998535e-01
-2.778221964836120605e-01
-2.596309781074523926e-01
-2.144508957862854004e-01
-2.912729382514953613e-01
-2.194551825523376465e-01
-3.001152276992797852e-01
-2.617017030715942383e-01
-2.918820977210998535e-01
-2.654958963394165039e-01
-2.829682230949401855e-01
-2.918804287910461426e-01
-2.778272032737731934e-01
-2.559980154037475586e-01
-2.828129529953002930e-01
-2.918820977210998535e-01
-2.599300742149353027e-01
-2.161950469017028809e-01
-2.557859420776367188e-01
-2.812685370445251465e-01
-2.743589878082275391e-01
-2.913324832916259766e-01
-3.045039176940917969e-01
-2.856677770614624023e-01
-2.890841364860534668e-01
-2.622573375701904297e-01
-2.890840172767639160e-01
-2.624701261520385742e-01
-3.230149149894714355e-01
-2.268958091735839844e-01
-2.732204198837280273e-01
-2.353029251098632812e-01
-2.918770313262939453e-01
-2.732651829719543457e-01
-2.890551090240478516e-01
-2.908905148506164551e-01
-2.890840172767639160e-01
-2.778297066688537598e-01
-2.942433953285217285e-01
-2.824401259422302246e-01
1.166893839836120605e-01
-1.315409839153289795e-01
-3.181009888648986816e-01
-2.680400609970092773e-01
-2.339669466018676758e-01
-2.467363476753234863e-01
-2.893185019493103027e-01
-2.710415720939636230e-01
-2.890840172767639160e-01
-2.199778556823730469e-01
-2.890458106994628906e-01
-2.710416913032531738e-01
-2.420781254768371582e-01
-1.719160676002502441e-01
-3.387752771377563477e-01
-2.853493690490722656e-01
-2.781967520713806152e-01
-2.682435512542724609e-01
-2.890735268592834473e-01
-2.890839576721191406e-01
-2.738730311393737793e-01
-2.206431031227111816e-01
-2.447158694267272949e-01
-2.250192761421203613e-01
-3.817043900489807129e-01
-1.721113920211791992e-01
-2.925786972045898438e-01
-2.402492761611938477e-01
-2.744069099426269531e-01
-2.757051587104797363e-01
-2.912728786468505859e-01
-2.517855763435363770e-01
-2.764753103256225586e-01
-2.726739645004272461e-01
-2.596222758293151855e-01
-2.918822765350341797e-01
-3.826409578323364258e-01
-1.990497112274169922e-01
-3.325782418251037598e-01
-2.883690595626831055e-01
-2.918822765350341797e-01
-2.918773293495178223e-01
-2.687964439392089844e-01
-2.918820381164550781e-01
-2.918099164962768555e-01
-2.755221128463745117e-01
-2.890673875808715820e-01
-2.890919446945190430e-01
-3.406871557235717773e-01
-1.936883330345153809e-01
-3.344351053237915039e-01
-2.905128598213195801e-01
-2.918919920921325684e-01
-2.595090866088867188e-01
-2.867419719696044922e-01
-2.700253129005432129e-01
-2.865011096000671387e-01
-2.566080093383789062e-01
-2.710596323013305664e-01
-2.918820977210998535e-01
-2.722626328468322754e-01
-2.142952084541320801e-01
-3.221392035484313965e-01
-3.100324869155883789e-01
-2.944359183311462402e-01
-2.813733816146850586e-01
-2.906412482261657715e-01
-2.572506070137023926e-01
-2.918819189071655273e-01
-2.576422095298767090e-01
-2.919055819511413574e-01
-2.569869756698608398e-01
-3.632812500000000000e-01
5.577394366264343262e-02
-3.326836228370666504e-01
-2.983809709548950195e-01
-2.841216921806335449e-01
-2.646517157554626465e-01
-2.551005482673645020e-01
-2.679831981658935547e-01
-2.918820977210998535e-01
-2.918820977210998535e-01
-2.710416913032531738e-01
-2.710500359535217285e-01
-2.955910563468933105e-01
-2.028352022171020508e-02
-3.187435269355773926e-01
-2.608545422554016113e-01
-2.891688942909240723e-01
-2.748691439628601074e-01
-2.389552593231201172e-01
-2.888620495796203613e-01
-2.918736934661865234e-01
-3.097373843193054199e-01
-2.917222976684570312e-01
-2.765903472900390625e-01
-3.280369043350219727e-01
-1.526715159416198730e-01
-2.686164975166320801e-01
-2.719128131866455078e-01
-2.924479246139526367e-01
-2.602458596229553223e-01
-2.693213820457458496e-01
-2.918316125869750977e-01
-2.918823361396789551e-01
-2.921442985534667969e-01
-2.776336073875427246e-01
-2.896975278854370117e-01
-3.675267100334167480e-01
-1.348700523376464844e-01
-2.931211590766906738e-01
-2.746245861053466797e-01
-2.918780446052551270e-01
-2.918819189071655273e-01
-2.863101959228515625e-01
-2.819498777389526367e-01
-2.908444404602050781e-01
-2.918426394462585449e-01
-2.778220176696777344e-01
-2.624203562736511230e-01
-3.091326355934143066e-01
-4.465240240097045898e-02
-3.095514178276062012e-01
-2.774808406829833984e-01
-2.918530106544494629e-01
-2.778271436691284180e-01
-2.812039256095886230e-01
-2.778059244155883789e-01
-2.918820977210998535e-01
-2.918819785118103027e-01
-2.918809652328491211e-01
-2.780279517173767090e-01
-2.638793587684631348e-01
8.730879426002502441e-02
-2.927921414375305176e-01
-2.719128131866455078e-01
-2.921865582466125488e-01
-2.778252363204956055e-01
-2.918818593025207520e-01
-2.542032599449157715e-01
-2.503470182418823242e-01
-2.592445015907287598e-01
-2.918931841850280762e-01
-2.597104310989379883e-01
-2.954577803611755371e-01
1.914529055356979370e-01
-2.873926162719726562e-01
-2.761848568916320801e-01
-2.450224757194519043e-01
-2.912942767143249512e-01
-2.770180106163024902e-01
-2.539624571800231934e-01
-2.778270244598388672e-01
-2.867935299873352051e-01
-2.918813824653625488e-01
-2.797759175300598145e-01
1.547846198081970215e-02
-1.092925965785980225e-01
-2.658417224884033203e-01
-2.707578539848327637e-01
-2.820349931716918945e-01
-2.910698652267456055e-01
-2.918820977210998535e-01
-2.786328196525573730e-01
-2.287897467613220215e-01
-2.614547014236450195e-01
-2.918817996978759766e-01
-2.764314413070678711e-01
-3.261812329292297363e-01
-1.437392532825469971e-01
-3.188356757164001465e-01
-2.584593892097473145e-01
-2.628008127212524414e-01
-2.607131004333496094e-01
-2.918798327445983887e-01
-2.918820977210998535e-01
-2.914454936981201172e-01
-2.918820977210998535e-01
-2.918812632560729980e-01
-2.918820381164550781e-01
-3.335162401199340820e-01
-1.159964203834533691e-01
-2.838907837867736816e-01
-2.049230933189392090e-01
-2.918822765350341797e-01
-2.783326506614685059e-01
-2.944394946098327637e-01
-2.910886406898498535e-01
-2.682519555091857910e-01
-2.857495546340942383e-01
-2.762035131454467773e-01
-2.816270589828491211e-01
-3.899046778678894043e-01
-1.959744095802307129e-01
-2.874561548233032227e-01
-2.562144994735717773e-01
-2.597030401229858398e-01
-2.898895740509033203e-01
-2.878214120864868164e-01
-2.891367077827453613e-01
-2.693703174591064453e-01
-3.062283396720886230e-01
-2.908916473388671875e-01
-2.596081495285034180e-01
-3.281544446945190430e-01
-2.630044221878051758e-01
-2.655707597732543945e-01
-2.614681720733642578e-01
-2.880640029907226562e-01
-1.355281174182891846e-01
-2.569867372512817383e-01
-2.199189066886901855e-01
-2.631665468215942383e-01
-1.965036988258361816e-01
-2.338240146636962891e-01
-2.918780446052551270e-01
-9.430637955665588379e-02
-2.256236076354980469e-01
-2.571410536766052246e-01
-1.969579458236694336e-01
-2.674799561500549316e-01
-2.467285394668579102e-01
-3.072981238365173340e-01
-2.918820977210998535e-01
-2.736775875091552734e-01
-2.918820977210998535e-01
-2.918815612792968750e-01
-2.890840172767639160e-01
-3.141834735870361328e-01
-2.445772886276245117e-01
-2.821484208106994629e-01
-2.574778199195861816e-01
-2.943164706230163574e-01
-2.794834375381469727e-01
-2.918817996978759766e-01
-2.918794751167297363e-01
-2.739036679267883301e-01
-2.735852599143981934e-01
-2.890837788581848145e-01
-2.657721042633056641e-01
-2.930134534835815430e-01
-2.788726687431335449e-01
-2.745472788810729980e-01
-2.595661282539367676e-01
-3.106361627578735352e-01
-2.823257446289062500e-01
-2.918820381164550781e-01
-2.710112929344177246e-01
-2.477295994758605957e-01
-2.918818593025207520e-01
-3.504950404167175293e-01
-2.083345055580139160e-01
-2.434599995613098145e-01
-1.279159486293792725e-01
-2.918487191200256348e-01
-2.384954690933227539e-01
-2.918819189071655273e-01
-2.755234837532043457e-01
-2.890840172767639160e-01
-2.918848395347595215e-01
-2.918821573257446289e-01
-2.918821573257446289e-01
-2.911614775657653809e-01
-2.752531170845031738e-01
-2.936272621154785156e-01
-1.371209621429443359e-01
-2.736194729804992676e-01
-2.553977370262145996e-01
-2.890837788581848145e-01
-2.778271436691284180e-01
-2.918820381164550781e-01
-2.497900128364562988e-01
-2.753584980964660645e-01
-2.509163618087768555e-01
-2.724227905273437500e-01
-2.656947970390319824e-01
-1.565915346145629883e-01
-1.343909502029418945e-01
-2.525910139083862305e-01
-2.927786707878112793e-01
-2.868465781211853027e-01
-2.578080296516418457e-01
-2.942336797714233398e-01
-2.918820977210998535e-01
-2.891184687614440918e-01
-2.750280499458312988e-01
-2.890858650207519531e-01
-2.744376659393310547e-01
-3.395777940750122070e-01
-2.319545149803161621e-01
-2.441045045852661133e-01
-2.915531396865844727e-01
-2.880005240440368652e-01
-2.918776273727416992e-01
-2.732259631156921387e-01
-2.737301588058471680e-01
-2.778258919715881348e-01
-2.918808460235595703e-01
-2.918818593025207520e-01
-2.682430744171142578e-01
-2.819576859474182129e-01
