2.733749805134207123e-02
1.440807375332397999e-02
-7.962677778015542218e-03
-4.198241351116976938e-02
-8.707616654008171198e-02
-1.494487764349213266e-01
-2.347010181161420517e-01
-3.328744679377660387e-01
-4.279635302839503441e-01
-5.080915407394582806e-01
-5.584718772096589623e-01
-5.645462223440311789e-01
-5.202487391912105075e-01
-4.145033038166905937e-01
-2.781473165179492169e-01
-1.900819816845386589e-01
-1.700066930821923505e-01
-1.845812358358379091e-01
-2.069509254589528835e-01
-2.096126946668903090e-01
-1.683177723948401927e-01
-6.637495983283206447e-02
1.231841869557050856e-01
3.753166258082762385e-01
5.821252272623940183e-01
6.746889891288735397e-01
6.662524852969886613e-01
5.885615699482822372e-01
4.731408042715150586e-01
3.552536618037153149e-01
2.591491823619374579e-01
1.958008604637671290e-01
1.593582604791615454e-01
1.290840738692909662e-01
9.626411500769843643e-02
7.269775514853507592e-02
6.096490264151305238e-02
4.209398120312835001e-02
5.675715933745800745e-03
-4.635106347937436450e-02
-1.122351483386431065e-01
-1.859130144118718853e-01
-2.571773762986985790e-01
-3.198239574656903117e-01
-3.696185459866275780e-01
-3.970138068746977833e-01
-3.935841340508745012e-01
-3.766813695381336924e-01
-3.773102784398785214e-01
-3.933431884594058570e-01
-4.158592373205307058e-01
-4.511415005895330621e-01
-4.824220916605330700e-01
-4.742308388548405196e-01
-4.176365291832130344e-01
-3.296396249730885186e-01
-1.996949417560995310e-01
1.583107398621448614e-02
3.197531800789737977e-01
6.177878861544158218e-01
8.056791741760651604e-01
8.686809862249118552e-01
8.376322818233705725e-01
7.369982518986406550e-01
5.923126457499056086e-01
4.298754568819111999e-01
2.674984019384899492e-01
1.196185509828231464e-01
-4.296489446794466566e-03
-9.966478881024701253e-02
-1.595994936582443291e-01
-1.853355505585490004e-01
-1.941470666803947753e-01
-2.016449375727858984e-01
-2.088569621660036901e-01
-2.106533828050001778e-01
-2.081668537756731496e-01
-2.086616111418653774e-01
-2.112989310544491073e-01
-2.068219679801030497e-01
-1.855956452016214453e-01
-1.377742879444370516e-01
-5.354517276256864911e-02
5.076940709139844687e-02
1.315701710643673583e-01
1.710585692650980483e-01
1.777715188155845616e-01
1.576562381429397752e-01
1.197058684894437286e-01
8.003573336371172520e-02
5.054706683361305519e-02
3.146164651524956113e-02
1.709104842906579436e-02
1.687195908190029098e-03
-2.034680445992797029e-02
-4.865124362134216202e-02
-7.354672123756840485e-02
-8.503414863494339337e-02
-8.091876059948775735e-02
-6.599579686811245238e-02
-4.612315824775810313e-02
-2.665461784242831311e-02
-1.191814151508948164e-02
-6.184481600535855772e-03
-1.060998929221251136e-02
-2.052255759287350406e-02
-3.334597878547657795e-02
-4.918059688357528936e-02
-6.297827394735390494e-02
-6.652592799985684868e-02
-5.771779797940553708e-02
-4.055871877456599522e-02
-1.919213665575587174e-02
3.442431880594329363e-03
2.471881022147241064e-02
4.295629521695866482e-02
5.773902343065531045e-02
6.818905267817763904e-02
7.276253309945229786e-02
7.364849368389747575e-02
7.596998118556543000e-02
8.082552617859535549e-02
8.384064288950165977e-02
8.170308911137681707e-02
7.660646853987553018e-02
6.991892814431242831e-02
5.831760207888539438e-02
3.693004261871807303e-02
4.586485660779809730e-03
-3.326421365704387151e-02
-7.190017926794158021e-02
-1.062997539498507782e-01
-1.263860590137997619e-01
-1.266344867007366815e-01
-1.092011419087072499e-01
-7.943839475960694230e-02
-4.461339901725946272e-02
-1.145532028892293913e-02
1.667132085519277412e-02
4.070848709665021714e-02
6.346759169387207467e-02
8.398999102535438521e-02
9.888716319298709867e-02
1.040173255154119430e-01
9.264386199345506223e-02
6.186146422640745324e-02
1.475465850006175104e-02
-4.296174326066504179e-02
-1.019181615114378853e-01
-1.529852263343253471e-01
-1.900248244316116442e-01
-2.073314192228575270e-01
-2.015031727288829067e-01
-1.705681799445898372e-01
-1.118084398538643914e-01
-3.507449443827670432e-02
3.663623380150518583e-02
9.097000892871959232e-02
1.272923035198709474e-01
1.448226397230669704e-01
1.423326084928607238e-01
1.229074389995226529e-01
9.407544844749146651e-02
6.413618608477933414e-02
3.975905514459883439e-02
2.468490026223892769e-02
2.114673198668818449e-02
2.984195570934911404e-02
4.817314009113968926e-02
6.940127853936443880e-02
8.889389026186578224e-02
1.056066680479877812e-01
1.196086577292964082e-01
1.314858738382148340e-01
1.389118535993731918e-01
1.358749938188074102e-01
1.181092799834702056e-01
8.546769138378484953e-02
3.587588608237059912e-02
-2.905985607229552570e-02
-9.446514362236556328e-02
-1.445582406821856736e-01
-1.766395165012123458e-01
-1.951447681590892935e-01
-2.030499517178833702e-01
-1.990404634098444925e-01
-1.800738464409131212e-01
-1.462143089999855539e-01
-1.018877549170258134e-01
-5.149595871734127805e-02
4.759184699054456319e-03
5.284941249173907146e-02
6.541111614629857574e-02
3.664864026561458904e-02
-2.053642468402462617e-02
-9.720913418533341788e-02
-1.842281494758099547e-01
-2.663272699647555308e-01
-3.267458675470957252e-01
-3.509436552248307861e-01
-3.250481836022398596e-01
-2.349470000275734882e-01
-6.636516700893488330e-02
1.461812924765538146e-01
3.201309736270467332e-01
4.224053609785695107e-01
4.640425203921165753e-01
4.533724931631750721e-01
4.049418990475156521e-01
3.387326137469190979e-01
2.669110998861282669e-01
1.905787494486578248e-01
1.117590864989801286e-01
3.388398591044177594e-02
-4.241837722549431089e-02
-1.087417700561998379e-01
-1.513277130647497082e-01
-1.674241187399161945e-01
-1.600625243995440483e-01
-1.326540199457587055e-01
-9.182555315223338288e-02
-4.409597265820095618e-02
4.311427299158759885e-03
4.541255320442819099e-02
7.083705930439040954e-02
7.608149490414821414e-02
6.168489626413945631e-02
3.446390552621630965e-02
7.456629422592417865e-03
-8.900281803035169081e-03
-1.297547358061212908e-02
-9.758442927119947638e-03
-6.229724567526488330e-03
-6.108026490754784807e-03
-9.740596158970380933e-03
-1.794494697470121886e-02
-3.128475784856677572e-02
-4.717226976959806861e-02
-6.054012181134978132e-02
-6.360809523012836419e-02
-5.730225686328684065e-02
-5.568198410392859177e-02
-6.517889496654466486e-02
-8.441628201717367441e-02
-1.120416813397576011e-01
-1.418980164174813430e-01
-1.652751521846041460e-01
-1.740802498122173414e-01
-1.612229666336806866e-01
-1.229099218825930873e-01
-5.707605568400796886e-02
2.419665214980530610e-02
9.084146076237292755e-02
1.271209638546548226e-01
1.378732223680757540e-01
1.310065534417427791e-01
1.136986229335646692e-01
9.266388972771170962e-02
7.181025781402579355e-02
5.245228871233550971e-02
3.589882614899035651e-02
2.287733667185770647e-02
1.427227099319137125e-02
1.182113744427359253e-02
1.586426157450656141e-02
2.433799889756899440e-02
3.513578740650275672e-02
4.616634684074354816e-02
5.481108751268042728e-02
5.890760312547374533e-02
5.783159827931608904e-02
5.294557342189366161e-02
4.655693397884675538e-02
4.061581423234073701e-02
3.569588347758757135e-02
3.239538912460411535e-02
3.002031534270917928e-02
2.616739478065995342e-02
2.032004918795918963e-02
1.274140191956219664e-02
4.219572877069130423e-03
-5.530377638979577098e-03
-1.671531373669096765e-02
-2.731690238033840021e-02
-3.939832287147772283e-02
-5.661459781362769561e-02
-8.015396946708559789e-02
-1.070064640004575462e-01
-1.292928634241765351e-01
-1.433512507406292935e-01
-1.498598053065997027e-01
-1.477799553080806905e-01
-1.352964701859697694e-01
-1.131781680091694664e-01
-8.362129364295793621e-02
-4.822167893457544874e-02
-7.932311468176730940e-03
3.725603657469116897e-02
8.661964529008811531e-02
1.322257306831366719e-01
1.605593953208569458e-01
1.661437544296112123e-01
1.530963353048863940e-01
1.310733771053175234e-01
1.086787460464911370e-01
8.801386330981138262e-02
6.935542646676201572e-02
5.155124383752296424e-02
3.121408360103018059e-02
7.985721978292118634e-03
-1.708218403963514612e-02
-4.399889672537862784e-02
-6.987996095648880968e-02
-9.206869346080802374e-02
-1.095661161214191714e-01
-1.189109265910116703e-01
-1.172193700113173809e-01
-1.057131796858798573e-01
-8.495656138391230461e-02
-5.662125015062020178e-02
-2.552275008074112242e-02
6.193548591020872109e-03
3.728070058674434750e-02
6.362804518461549763e-02
8.081788351410722215e-02
8.692166117518519697e-02
8.339744749723614070e-02
7.382958127927814751e-02
6.125796729557937692e-02
4.765086463717072007e-02
3.368607596662887699e-02
2.097988862456922135e-02
1.088907836176581170e-02
-1.816428943102578811e-05
-1.568836671536416594e-02
-3.208713419276246898e-02
-4.002476381221203167e-02
-3.844523757315111701e-02
-3.303844486290732907e-02
-2.606971013180806387e-02
-1.749848586172818299e-02
-8.068689447777360746e-03
1.007775101642944746e-03
8.073779135347809027e-03
1.148347448163835986e-02
1.073630255632069923e-02
5.900482855346351335e-03
-9.499649283150159770e-04
-5.045289533047881553e-03
-5.762916926518624715e-03
-5.461313619539262532e-03
-4.973453352727414192e-03
-5.963769447013155499e-03
-9.686912686741308565e-03
-1.441417588051504238e-02
-1.696938767484367297e-02
-1.715832274092232365e-02
-1.678287561400984909e-02
-1.678314668768060569e-02
-1.704375946957327123e-02
-1.792256672213747223e-02
-2.022534989328959518e-02
-2.147123053965597009e-02
-1.753458242641264125e-02
-6.892604693624728926e-03
8.694426221091549473e-03
2.480428841621753339e-02
3.668089590378913883e-02
4.048790610692034470e-02
3.515009894807825941e-02
2.355597364935872046e-02
1.132490736251073535e-02
4.486845329484097714e-03
3.667526487017301867e-03
5.909518412114411062e-03
9.441288361417337835e-03
1.291543296365870244e-02
1.607985057609385635e-02
1.974331530967135540e-02
2.288617716466336688e-02
2.172823210540654471e-02
1.348826308896353132e-02
-8.325896305842973508e-04
-1.717284459327173343e-02
-3.139659040096941939e-02
-4.337073213002233529e-02
-5.269592792341568771e-02
-5.664781917671424250e-02
-5.680860690985173322e-02
-5.646066640835428058e-02
-5.387005502130119694e-02
-4.447733919813093295e-02
-2.680933591542593308e-02
-3.960365042762526572e-03
1.923969425121313526e-02
3.903773366752172347e-02
5.271731331214035698e-02
6.039298677803543736e-02
6.578838660650898618e-02
7.142839590237408387e-02
7.520277025291369211e-02
7.360371983177713129e-02
6.743506067931002990e-02
5.814174474040491314e-02
4.214641994987862461e-02
1.603731388884899536e-02
-1.929552020696214190e-02
-5.522522343937652511e-02
-7.832909682144992281e-02
-8.645966719730466266e-02
-8.679347071687895654e-02
-8.370926608403357616e-02
-7.745117390190486839e-02
-6.586433429797723671e-02
-4.830554310346853175e-02
-2.713417346630234497e-02
-5.678246819907129678e-03
1.430011661335729191e-02
3.071315530630216312e-02
4.164360808564576688e-02
5.013497351202043234e-02
5.927500391112726363e-02
6.834295217020801283e-02
7.494421195219948262e-02
7.573211688291967003e-02
6.955818818437645157e-02
5.906618753821270273e-02
4.811235644489062629e-02
3.867101953297516492e-02
2.837308152692263885e-02
1.241661448349992009e-02
-4.488020541069517866e-03
-1.093192088377065510e-02
-7.643474972715951984e-03
-2.070954357575859398e-03
2.657382483235593701e-03
3.332824249409560569e-03
-3.012098140224895443e-03
-1.543665144424833345e-02
-2.904691236745223643e-02
-3.883559420191728950e-02
-4.479217456300233630e-02
-4.896724257794386748e-02
-5.349426424228977822e-02
-6.221745251367015450e-02
-7.686636277344865986e-02
-9.541429840928510042e-02
-1.164208390974785651e-01
-1.384900299427743453e-01
-1.577080929471297577e-01
-1.697400916968135332e-01
-1.684173191313832474e-01
-1.459983410532317838e-01
-9.652301960037074080e-02
-1.653647628932580077e-02
7.786713173342389716e-02
1.549831262825810407e-01
2.046991660709319982e-01
2.329508428862692715e-01
2.431271742686706705e-01
2.384693770787846001e-01
2.192585917849596278e-01
1.858454509857510040e-01
1.430664056212846147e-01
9.569793774048104829e-02
4.517746152219771771e-02
-8.864853379825621271e-03
-6.052980681042220007e-02
-9.812344385900617638e-02
-1.179817332837379273e-01
-1.217924803434448922e-01
-1.100852555106407449e-01
-8.655253732944093170e-02
-5.688663693309815861e-02
-2.580708176873850943e-02
2.763130466381963357e-03
2.623566479398684037e-02
4.159360894262949249e-02
4.298947010585837253e-02
2.980053842096485814e-02
8.622534944587534333e-03
-1.883110542420708688e-02
-5.344585127486303766e-02
-9.100631125091601659e-02
-1.251921206984573931e-01
-1.492290726915471988e-01
-1.568217536018966241e-01
-1.460591101393903246e-01
-1.174169674468230895e-01
-6.943660994546452248e-02
1.683560038785409524e-03
8.775707863333877257e-02
1.636137045070444884e-01
2.130574744708813306e-01
2.357575260812263540e-01
2.355572635302218831e-01
2.158736577976037574e-01
1.800598339470255993e-01
1.305337079710632564e-01
7.019367555223963995e-02
9.234322703596697934e-03
-4.238520595959623105e-02
-8.381323042422797465e-02
-1.142033839883782181e-01
-1.277053246296047662e-01
-1.248861622930665938e-01
-1.131353391166407818e-01
-9.890815352723775211e-02
-8.664771297373727310e-02
-7.680978943198422948e-02
-6.773974026909415636e-02
-5.941381718566435960e-02
-5.222295679732731621e-02
-4.657264744563930498e-02
-4.256525576542076472e-02
-3.944200855472222711e-02
-3.680272013374925183e-02
-3.340118997233681303e-02
-2.864067004001921712e-02
-2.426311461890314283e-02
-1.882781134765402348e-02
-8.615704669165643106e-03
5.495213457848794128e-03
2.178391326524599034e-02
4.131943345445775878e-02
6.321883598336942856e-02
8.322158524660240586e-02
9.782852858904207694e-02
1.067945077116303626e-01
1.122163965513644085e-01
1.161600178681593543e-01
1.186190498720273157e-01
1.178816504268076354e-01
1.105070239568249901e-01
9.314942003376852631e-02
7.088228901229455536e-02
5.164855993560529129e-02
3.169967016859211173e-02
8.678121604301560627e-04
-3.871241455800415732e-02
-7.255308208835302419e-02
-9.406745080513481683e-02
-1.066095500297459114e-01
-1.150786403039151251e-01
-1.228306260627360785e-01
-1.294169246980249321e-01
-1.327667040958677436e-01
-1.298865122097124236e-01
-1.169834351577628273e-01
-9.224602899074715867e-02
-5.500989997584605079e-02
-9.989085832608657345e-03
3.081125357025282785e-02
5.996876777996604929e-02
7.639401195167025427e-02
8.011796655357542041e-02
7.429228707546926824e-02
6.391979379333519173e-02
5.084360845162932963e-02
3.511409137000424951e-02
1.830243309203321775e-02
4.257177094661711639e-03
-5.161276532002208144e-03
-1.028850960535247772e-02
-9.675968019108645291e-03
-4.399667663966557417e-03
1.442813465437137871e-03
5.147086176413371260e-03
7.358024801133556531e-03
9.860845798749880500e-03
1.163930671553749935e-02
1.002320623039255204e-02
4.714676761577964864e-03
-2.660723333140755254e-03
-1.255169730549605955e-02
-2.381697888501360313e-02
-3.132434655798960882e-02
-3.256883465354402235e-02
-2.965344226950291512e-02
-2.568564573393783759e-02
-2.101053685804749743e-02
-1.275190603515104562e-02
6.158128185096642133e-04
1.553115177769088390e-02
2.842048219982646826e-02
4.022658500263199405e-02
5.041247462922195804e-02
5.829317702300532839e-02
6.661519826173264991e-02
7.637129785813849547e-02
8.695284552599696903e-02
9.590093826468554239e-02
1.003859729191195899e-01
1.005153735083115091e-01
9.482943472634246251e-02
7.797710603603913437e-02
4.735964377928320035e-02
1.027476380391513511e-02
-2.408802488346560577e-02
-5.305310549090426486e-02
-7.933914023917323921e-02
-1.084247425471809440e-01
-1.433698842180376742e-01
-1.852595082201479448e-01
-2.297781741026191649e-01
-2.659523812539828502e-01
-2.868376249150639268e-01
-2.900263148958082127e-01
-2.675938795048730112e-01
-2.059669088770771928e-01
-9.414729017881189044e-02
4.825217358773643134e-02
1.715234787069929157e-01
2.520824996316329836e-01
2.947891549171408609e-01
3.040329679546668329e-01
2.877772395230572822e-01
2.558679827079278768e-01
2.131208056916252813e-01
1.626786797022602704e-01
1.076250541126259341e-01
5.052089561311245980e-02
-5.550206404241872851e-03
-5.569231783109817452e-02
-9.059063837874828384e-02
-1.059409385984829977e-01
-1.074819834427974546e-01
-1.006612979985526402e-01
-8.767585087985765857e-02
-7.281484476973672237e-02
-6.101761705810340025e-02
-5.274831196062530758e-02
-4.477118005664267042e-02
-3.532968112302376645e-02
-2.764272493030352565e-02
-2.328636172856155678e-02
-1.750397031659023037e-02
-7.095611098656053745e-03
5.372602807504983646e-03
1.677989156888621408e-02
2.615073123423383022e-02
3.326276331134309788e-02
3.691174535002161167e-02
3.419226859470893970e-02
2.667038347681707083e-02
2.070709805155033709e-02
1.811543778135381658e-02
1.964386155099089731e-02
2.876067479476897976e-02
4.454665817821742979e-02
6.198879782173706554e-02
7.548636007940545678e-02
8.167067382013569465e-02
8.027965020678534680e-02
7.031297565318933573e-02
5.036607871270491754e-02
2.220007727379162688e-02
-9.405145958416273599e-03
-4.289785578668148247e-02
-7.753826078256252641e-02
-1.094934370817391561e-01
-1.362991713109412972e-01
-1.556364940692384347e-01
-1.662376846576386069e-01
-1.674230612669419804e-01
-1.574034097550857103e-01
-1.363939713402389786e-01
-1.055875126852576923e-01
-6.504582298913665073e-02
-1.450169038889941725e-02
4.404924593046051495e-02
9.958566883431420325e-02
1.379167465456428709e-01
1.550970706552028122e-01
1.529461329228803401e-01
1.367377989416210804e-01
1.156536931256452738e-01
9.696015505268409940e-02
8.362078485379696724e-02
7.398350562444112877e-02
6.545034196240112623e-02
5.707484623603266416e-02
4.774042331703529096e-02
3.743335064410022173e-02
2.647743423895066936e-02
1.116369132543086271e-02
-1.167061439373261698e-02
-4.009770819674333964e-02
-6.956444760390949333e-02
-9.580244629088607855e-02
-1.164105327185954164e-01
-1.303951518096258255e-01
-1.352439791640181466e-01
-1.266430090729437352e-01
-1.033602302441597176e-01
-6.817878228707933974e-02
-2.799995751495360299e-02
8.231343099019449230e-03
3.375303040317275544e-02
4.523665439073599331e-02
4.442508351112320342e-02
3.446035771729782926e-02
1.874331790428689082e-02
3.046612516008481361e-03
-9.050228049985727802e-03
-1.661378120121605878e-02
-1.923599966910577441e-02
-1.761791231473006786e-02
-1.110936409671485145e-02
1.569628226307562963e-03
1.852035113754284951e-02
3.609371998191489989e-02
5.217876333410060435e-02
6.455408878568583142e-02
6.940789434245533962e-02
6.573349025869025530e-02
5.679090014638270290e-02
4.543223370008159234e-02
3.117360043297300390e-02
1.569439128519144189e-02
5.715892614401803934e-03
3.702780949565201776e-03
4.664216702939111107e-03
4.904781704190601214e-03
5.526975645289435544e-03
7.867437708293201562e-03
9.954547943958457629e-03
8.959166355997177228e-03
5.305757060742043695e-03
1.216533166454327429e-03
-1.534328336237429993e-03
-4.137734415811042399e-03
-9.244567991865827727e-03
-1.461308744292151574e-02
-1.775538618212474384e-02
-2.039447204635157218e-02
-2.230603563318476687e-02
-2.115104329748744572e-02
-1.670122273877097316e-02
-9.250405382521122155e-03
-2.920391866697855457e-04
7.208286990164501987e-03
1.077695626228443969e-02
8.099515564080344773e-03
-5.715843298771492321e-04
-1.391569093705776958e-02
-3.222912849668514712e-02
-5.521760136809678032e-02
-7.983950578246211405e-02
-9.870462736499245604e-02
-1.049281932731986194e-01
-9.768280547528040980e-02
-7.911063375487706328e-02
-5.210755122052040250e-02
-1.792268240788971040e-02
1.926404034650503611e-02
4.917184244828050332e-02
6.651882685660290284e-02
7.250588848814368270e-02
7.002025994248795016e-02
6.179006433185437602e-02
4.970612461342559241e-02
3.572700363214978414e-02
2.150584656635614461e-02
8.805553756791475659e-03
-1.539262378417415901e-03
-9.451145651293480290e-03
-1.390814066237551494e-02
-1.446497722815973976e-02
-1.233550068184202132e-02
-7.686142183269601726e-03
8.644047892218087144e-04
1.273165720467640642e-02
2.470312034826858613e-02
3.370188922586767055e-02
3.807671980142808554e-02
3.713344567173908206e-02
3.125027542988151330e-02
2.361482368900786125e-02
1.978539023025373961e-02
2.189363641778755212e-02
2.670730986285986888e-02
3.097698775611879701e-02
3.317338165130362393e-02
3.218594497892798140e-02
2.601103577667011196e-02
1.183927545480003077e-02
-8.697685714547586169e-03
-2.951314192738415526e-02
-4.675045186140330822e-02
-6.025346094594272867e-02
-6.866236361015344569e-02
-6.983469343235104709e-02
-6.523327861857242116e-02
-5.644586685073509080e-02
-4.214197570093990153e-02
-2.243295749347756080e-02
-9.714728581674894614e-04
1.949006737964352129e-02
3.690249765752551953e-02
4.695799845924943788e-02
4.604656200525216597e-02
3.138700572078106932e-02
7.603335137819374964e-03
-1.089946495934854265e-02
-1.569916696153012339e-02
-1.090412855448477311e-02
-6.167090733531564554e-03
-4.661027312816127914e-03
-3.069828132907825944e-03
-1.465851134225428518e-03
-9.059845497778938692e-05
2.730053993886733411e-03
4.905079778526859856e-03
5.793663860006832353e-04
-8.253049015461460386e-03
-9.790216943645194125e-03
9.301408317639540263e-04
1.846376226002114859e-02
3.611806791382609488e-02
4.941895211188832709e-02
5.386352750589377958e-02
4.820239358397692547e-02
3.756793217695040404e-02
2.405685713827604086e-02
4.288531845874156249e-03
-2.381392213441050135e-02
-5.414377992663788747e-02
-7.467856112240080224e-02
-8.234308223510566904e-02
-8.301162257040933801e-02
-8.017550476819423899e-02
-7.290925742570969481e-02
-6.108948233272740169e-02
-4.650095696728297201e-02
-2.835940879765976377e-02
-5.574975638469651523e-03
1.898065068052297300e-02
4.027931002023368151e-02
5.511561083879437661e-02
6.355840895165471016e-02
6.564508516982281439e-02
6.190065706495853637e-02
5.702454159176602311e-02
5.374542492524842646e-02
5.172886995880111860e-02
5.419847129042116435e-02
6.294660449120799417e-02
7.187370863346660699e-02
7.079948467116774224e-02
5.139761812822309789e-02
1.782205480698147160e-02
-1.392698354743663117e-02
-3.419014531923318667e-02
-4.172922066156641713e-02
-3.865256319206500368e-02
-3.002511616233225628e-02
-1.925433966064466623e-02
-6.203833510362815121e-03
7.416984506783826439e-03
1.653440870531238185e-02
1.747306659694618930e-02
6.393721325982159448e-03
-1.513622893764287117e-02
-3.901694751289194740e-02
-6.261146269363615513e-02
-8.567405445855579005e-02
-1.047014279820892707e-01
-1.169326647445794176e-01
-1.228077591042928268e-01
-1.237620375719425542e-01
-1.180580227843390090e-01
-1.028661424698431859e-01
-7.479497520011714473e-02
-2.544261173443385787e-02
3.795127428814878273e-02
8.817958603765016501e-02
1.128485794204230619e-01
1.175256864750416075e-01
1.103472081018130602e-01
9.615861566118501236e-02
7.790835234533287357e-02
6.099650807864547691e-02
4.779866201689866173e-02
3.648436690430757051e-02
2.583492802661132431e-02
1.670248169477682107e-02
9.531030541598021003e-03
3.616657895536908203e-03
-1.263809528136121928e-03
-5.738255948209394081e-03
-1.138006118677693801e-02
-1.923195270029690734e-02
-2.951144975671067539e-02
-4.025344753093566819e-02
-4.696898826153386719e-02
-4.684084404763763643e-02
-3.932303839111754573e-02
-2.412533802877443734e-02
-2.601286819475506079e-03
2.108981485364931976e-02
4.141660555261850174e-02
5.405245879522934532e-02
5.834279273183270997e-02
5.680846598889510712e-02
5.050795665944527585e-02
3.986568819408045639e-02
2.781071312102462861e-02
1.714667149703264296e-02
1.043212667739890770e-02
8.624459788411285160e-03
9.352517355163238524e-03
9.219397107337195391e-03
3.808459861698416764e-03
-7.369173305762254621e-03
-1.865997277973884677e-02
-2.777996081526788730e-02
-3.673713740281787932e-02
-4.418906181307859227e-02
-4.672567022579046658e-02
-4.417529863903318227e-02
-3.985765841798066117e-02
-3.569637805239810752e-02
-3.005764439814727004e-02
-2.339515847315361968e-02
-1.901307679656482133e-02
-1.653449912412840658e-02
-1.389465512347517855e-02
-1.332706818952834014e-02
-1.577779768786751954e-02
-1.735277443225968080e-02
-1.691166761812794642e-02
-1.653742240464829011e-02
-1.619227011004247679e-02
-1.314136097514460692e-02
-5.393790192923894611e-03
5.878702502467595715e-03
1.896765266369984659e-02
3.316396743741578668e-02
4.793802196831057488e-02
6.094493996497023225e-02
6.921589836736173618e-02
7.186468619145200409e-02
6.953167263343371096e-02
6.214648864032625009e-02
4.691260962046313321e-02
2.212948334023571995e-02
-5.214784304239428007e-03
-2.457387065361400086e-02
-3.449965007866784977e-02
-3.880203952035508885e-02
-4.013718076366304399e-02
-4.071023282412668948e-02
-3.916193016167222180e-02
-3.230314686169322852e-02
-2.158458836849216911e-02
-1.143136186597113954e-02
-5.283597372590268654e-03
-3.978992168626747754e-03
-5.559661172151298889e-03
-9.372600426058164472e-03
-1.629320304641068001e-02
-2.225782751569216691e-02
-2.096671168589029147e-02
-1.439867728129622451e-02
-7.714479447177076399e-03
-5.197020899178931511e-04
8.420540335493418432e-03
1.597924470650662759e-02
1.768549970100878610e-02
1.192670769323615591e-02
3.574841689741411165e-03
3.256250976457083189e-04
3.652640305869364959e-03
1.248211437490685111e-02
2.498758376404783960e-02
3.670128441211789605e-02
4.370967872345127986e-02
4.403009650314936713e-02
3.792275244249495442e-02
2.658209127938155475e-02
9.543425471570072399e-03
-1.389759239200860121e-02
-3.745726915750037522e-02
-5.092143958755241534e-02
-5.119488731032277584e-02
-4.147883833544400989e-02
-2.712910250208159027e-02
-1.303366395163058772e-02
-3.540312542691958532e-04
1.267099546466319074e-02
2.660602103729263479e-02
3.781090696984618083e-02
4.309324010963556245e-02
4.180504390403293191e-02
3.596064343861994639e-02
2.898429880929826591e-02
2.012928127922708824e-02
5.591921661342607978e-03
-1.571017270603526639e-02
-3.691230016901145966e-02
-4.886360018910017311e-02
-4.903456113785240045e-02
-4.002755172522125260e-02
-2.683782926201529889e-02
-1.688609549811415783e-02
-1.766573994424700325e-02
-2.742356410320388391e-02
-3.477221720561485957e-02
-3.309197623587992881e-02
-2.286005127987953897e-02
-6.157280953807121177e-03
1.394691925432514114e-02
3.459999428653009329e-02
5.220832476056629090e-02
6.271363679505317923e-02
6.503821062761848404e-02
6.065714225641208324e-02
5.006190970693542852e-02
3.517839201635466345e-02
2.006975822637145634e-02
5.926661919197918904e-03
-7.849438905275471154e-03
-2.015506128153324306e-02
-2.689854315598733461e-02
-2.580428373920450741e-02
-2.183344194956018947e-02
-2.012542033347310827e-02
-2.057564063434158541e-02
-2.250638130231044642e-02
-2.668189169458195023e-02
-3.242936196424479889e-02
-3.682315217617134623e-02
-3.802214848417365817e-02
-3.663292251781333914e-02
-3.249324103397331631e-02
-2.479018789627801533e-02
-1.586286908899940673e-02
-8.789025334827298488e-03
-2.670735276708157725e-03
4.649938282544866137e-03
1.303296789703275310e-02
2.052061647434016284e-02
2.570245051677443396e-02
2.892197472731355620e-02
2.973294228701706468e-02
2.660736782318945393e-02
1.903776331147480350e-02
8.331616076746248267e-03
-2.135644936941107942e-03
-1.031156437459266814e-02
-1.720243130173796861e-02
-2.229558559330717046e-02
-2.112257281086215091e-02
-1.026460752122141697e-02
7.342144504165074373e-03
2.606126530122301541e-02
4.236859634260248947e-02
5.424829233662095684e-02
5.989343533706010386e-02
5.867736142445671016e-02
5.261658900489803170e-02
4.297264313286450199e-02
2.899352838532142165e-02
1.103930179826024746e-02
-1.011264779668123899e-02
-3.602673180717113482e-02
-6.202140401431822242e-02
-7.539276456065957532e-02
-7.194332775988047934e-02
-5.720167058716513209e-02
-3.745683481233969686e-02
-1.601464170082824226e-02
5.685725643945901790e-03
2.442012875047673559e-02
3.643337223541669168e-02
4.081626003063060920e-02
4.018655589617451535e-02
3.691025683601126262e-02
3.178488244025319542e-02
2.705776339974498221e-02
2.490424743122366877e-02
2.316193263464417715e-02
1.912444086226048126e-02
1.397965227870665537e-02
8.600856145110673950e-03
1.745055587866723747e-03
-7.403341681798469159e-03
-1.889813483348581208e-02
-3.199465622611386700e-02
-4.552777835898630387e-02
-5.635213643066284972e-02
-5.970130998664737593e-02
-5.421337833695791947e-02
-4.358317292385722325e-02
-3.388068254152666603e-02
-2.726435281099837474e-02
-2.173607483227438242e-02
-1.666562064387761000e-02
-1.247855574004879883e-02
-8.397134249064679146e-03
-2.611307242464939397e-03
4.590403795037981474e-03
1.205760584323240479e-02
2.043082018047414836e-02
2.899317748699038050e-02
3.515106725168950369e-02
3.617965512928929261e-02
3.100661426410412577e-02
2.196267458589129529e-02
1.106855441302011245e-02
-6.364767146619524155e-04
-1.100391303551355449e-02
-1.973378225128188251e-02
-2.846820378565151355e-02
-3.441437909280464780e-02
-3.144120455294566879e-02
-2.064404354822133025e-02
-7.999994205418399160e-03
4.164471340839743900e-03
1.634203760479343778e-02
2.818989471065395935e-02
3.725327820691802516e-02
4.016458399336002988e-02
3.628434796098586185e-02
2.765667632980681884e-02
1.624198378258912695e-02
6.271999078367412710e-03
2.923025794632406419e-03
6.514741958277740254e-03
1.309286335015877670e-02
1.906589747194485651e-02
2.238483678665165871e-02
2.305341475152359113e-02
2.231857605133831177e-02
1.946956642710957405e-02
1.396213397738473722e-02
6.833866143685234790e-03
-2.779224938626046523e-03
-1.208704042610165771e-02
-1.376577092470189501e-02
-8.115353695129133571e-03
-3.339086242242164486e-03
-4.403748097850440288e-03
-1.036011945831922729e-02
-1.840968123618823976e-02
-2.552632712803834525e-02
-3.083885396081971833e-02
-3.629130853637099752e-02
-4.195999171679110074e-02
-4.149140498127990712e-02
-3.373714220891359250e-02
-2.633340529250230086e-02
-2.126335765710216097e-02
-1.602259904339212171e-02
-1.027492107145619796e-02
-4.541258148412488302e-03
2.519661888309685221e-03
1.079223267322368916e-02
1.745502983880788117e-02
2.080528353309175904e-02
2.028776170234225865e-02
1.571511423208536012e-02
8.254614423733245068e-03
7.269228640598961871e-04
-3.390038710468369632e-03
-9.956683523907191528e-04
7.212216729410154265e-03
1.692314019966238703e-02
2.477704395823574282e-02
3.003222406904480779e-02
3.258574570143946830e-02
3.118978711880342203e-02
2.333435138298160100e-02
5.558601072671232567e-03
-1.951681450497574216e-02
-4.160455113208737232e-02
-5.438026783274473031e-02
-5.781304515942892880e-02
-5.377794875583311041e-02
-4.423860762095484928e-02
-2.910110744362696261e-02
-9.079144790185662492e-03
1.243987138378840028e-02
3.179028556424952356e-02
4.675869960314887191e-02
5.663813639947250234e-02
6.382707123353591194e-02
7.138017377206530567e-02
7.576410419487010495e-02
7.272466451077874705e-02
6.349567273232749332e-02
5.162244974607018561e-02
3.976262121861184190e-02
2.545395227875290461e-02
4.113355756831989403e-03
-2.220554171844695696e-02
-4.660487292138647264e-02
-6.659730797241662781e-02
-8.154925290127297555e-02
-8.838666423221930302e-02
-8.728814279072688587e-02
-8.170556897864676704e-02
-7.343677796764054577e-02
-6.222531016763079709e-02
-4.783632180097202591e-02
-3.223131346914448470e-02
-1.938638407698618435e-02
-1.132351087392534719e-02
-6.055752067359053414e-03
-1.371340636020306272e-03
3.993506150665628376e-03
1.295703721981339776e-02
2.584535990762281202e-02
3.759512385033054321e-02
4.288238713178776917e-02
4.143090893788211465e-02
3.755078476762420403e-02
3.418067560249066217e-02
3.134207596781015542e-02
2.953889134921919984e-02
2.903955705862139650e-02
2.648475225926434987e-02
1.973387697505833357e-02
1.217884733371553049e-02
5.714029704086348929e-03
-2.434964897428960537e-03
-1.286169489164124859e-02
-2.342267339869059939e-02
-3.151787153046142764e-02
-3.303274613065645265e-02
-2.646445831628153889e-02
-1.464855931797734781e-02
-7.323308235891684385e-04
1.195313126940794612e-02
2.269465500085824511e-02
3.670806153169167696e-02
5.653821796252509607e-02
7.755481648676518236e-02
9.342473304847961901e-02
1.021373177779015401e-01
1.040828355066263367e-01
9.804745917530838240e-02
8.456511152146851951e-02
6.546236406239343275e-02
4.079139321916458449e-02
1.023881001355497235e-02
-2.081874188488994429e-02
-4.564270850907908850e-02
-6.502033150417263485e-02
-8.074695350970295671e-02
-9.325667404062805421e-02
-1.048255381133571806e-01
-1.169284954116456693e-01
-1.303277978356887634e-01
-1.441640217764950938e-01
-1.549689510863895281e-01
-1.593081031913815560e-01
-1.515047569255268956e-01
-1.353623640745846013e-01
-1.280902948612581971e-01
-1.335802185543170928e-01
-1.393354821305312907e-01
-1.289711559697834797e-01
-8.284411927230091177e-02
1.787697184526746211e-02
1.503873429969508901e-01
2.545240427703314712e-01
3.091111666445365280e-01
3.272631475755269359e-01
3.167253408543927451e-01
2.830284769885483831e-01
2.317273550686562156e-01
1.680137108225107090e-01
9.831551490474434163e-02
2.780523784551668445e-02
-4.202082463315204991e-02
-1.099176400228003558e-01
-1.742384824049814374e-01
-2.353795491020633235e-01
-2.906648161125227059e-01
-3.290487100884214589e-01
-3.365721980562149662e-01
-3.034704255729007150e-01
-2.244561617170635071e-01
-9.267759949673581854e-02
6.609310329137954576e-02
1.922295834001210013e-01
2.674784492790761581e-01
3.107751406750329237e-01
3.339928082729023417e-01
3.427599108970019182e-01
3.332701689022207758e-01
2.949536072704160850e-01
2.293432231187085280e-01
1.559664593113275488e-01
9.458718037535537859e-02
4.658612879279684649e-02
3.219386356497440371e-03
-3.932681656775630780e-02
-8.128126094042273375e-02
-1.222026065079413332e-01
-1.612985265186971384e-01
-2.002934218385709342e-01
-2.419901881331782689e-01
-2.844505347287260566e-01
-3.204072594624475800e-01
-3.421851096696287842e-01
-3.442816187284062912e-01
-3.187290617834998008e-01
-2.595412313826300221e-01
-1.659833766242160003e-01
-5.556878134880560705e-02
3.650335092656013802e-02
9.644837145032084114e-02
1.316484843428551432e-01
1.519775493813683986e-01
1.672522071941136834e-01
1.884550814212769820e-01
2.159159345067238611e-01
2.302610300408847732e-01
2.204173632171335939e-01
1.920656778694987965e-01
1.544352460949607875e-01
1.124488544393739409e-01
6.437717618326367630e-02
1.241194178245711224e-02
-3.343554673430376711e-02
-6.476525712246684885e-02
-7.855682562014601467e-02
-7.321305269382506753e-02
-5.446296922102392135e-02
-3.656090009779581346e-02
-2.603734989787289539e-02
-2.112108253772593952e-02
-2.068024094423517173e-02
-2.237394110341362277e-02
-1.956706928429362280e-02
-7.626814755105760027e-03
9.306024289631072144e-03
2.484061396116120368e-02
3.730953329406304364e-02
4.888203274201059073e-02
6.160126629196282372e-02
7.616128127008754689e-02
8.992479170935960275e-02
9.981473503980552164e-02
1.063424984156652320e-01
1.089653108934447445e-01
1.062162291251435159e-01
9.875613740438064780e-02
8.545733266361008051e-02
6.094299000808432731e-02
2.037818484997131613e-02
-3.776188309113762825e-02
-1.058236904880555801e-01
-1.687135014388766452e-01
-2.200054620075410916e-01
-2.626563442272604743e-01
-2.995544484173373045e-01
-3.303418281416409807e-01
-3.537954987325350187e-01
-3.672742609182800821e-01
-3.612647515662183451e-01
-3.198542051881084758e-01
-2.270840601612438558e-01
-6.901057099301644016e-02
1.239030902592852118e-01
2.768514674768675632e-01
3.609032075121536565e-01
3.920449931073654026e-01
3.846381491584524026e-01
3.513830177448402647e-01
3.023644396842296023e-01
2.455466594544560843e-01
1.865353260625984000e-01
1.285792613425627007e-01
7.389489008656326130e-02
2.143614765088826951e-02
-2.612163677975494480e-02
-6.037761515697857850e-02
-7.984406883128782051e-02
-8.683678749820250564e-02
-8.196308980175393000e-02
-6.951555159298040965e-02
-5.605601120493051981e-02
-4.346007992532935349e-02
-3.089472728037032795e-02
-2.180282279147966601e-02
-2.076415339032697954e-02
-2.969355668668105519e-02
-4.396220093658291528e-02
-5.412823434121880745e-02
-5.800967465978514731e-02
-5.860711631243169933e-02
-5.534192002399500321e-02
-4.685341372029849794e-02
-3.467412305968126801e-02
-1.944890920613732629e-02
-1.553340283333203096e-03
1.497128807868133848e-02
2.695573400246184526e-02
3.454830512801006920e-02
4.006194979369678832e-02
4.616945315116878501e-02
5.053379683293910546e-02
4.709058912188877205e-02
3.441185279443571832e-02
1.981125594339800539e-02
9.803715737111107567e-03
2.600001591263397839e-03
-4.781023202549299078e-03
-1.377155894051102988e-02
-2.479289820620787441e-02
-3.619568016988006232e-02
-4.415120785469366094e-02
-4.433223588260600673e-02
-3.700259077066865576e-02
-2.389551954996265576e-02
-5.937370504044707856e-03
1.403162431190364823e-02
3.288293164364314292e-02
4.801365210070962508e-02
5.592786152026613805e-02
5.232992438838966059e-02
3.443227344913731697e-02
4.841625490277983584e-03
-2.461477125150681941e-02
-4.132403899833396455e-02
-4.351229257462797817e-02
-3.590250507182207729e-02
-2.268500680184279417e-02
-7.699959633319587021e-03
5.196797977652790716e-03
1.458242545505714777e-02
2.192651715184264563e-02
2.788871876763056659e-02
3.106417102486975709e-02
2.921307952228036076e-02
2.246650484199996453e-02
1.316478699482419648e-02
4.417408244788887349e-04
-1.645897335805601019e-02
-3.530289408480151436e-02
-5.472972954265454409e-02
-7.372257685702571228e-02
-8.810413780373080317e-02
-9.104967621230118657e-02
-8.112470525839030056e-02
-6.382942835752485056e-02
-4.260924967380547157e-02
-1.632686501550896507e-02
1.409805951129989958e-02
4.399683073934682748e-02
6.929796528200557471e-02
8.851546950924484014e-02
1.022438137999756441e-01
1.113509227215499081e-01
1.164910729105099185e-01
1.182334902177879649e-01
1.154170840036756879e-01
1.047393699968557634e-01
8.428432679305036812e-02
5.849728042256586991e-02
3.352075024438141981e-02
8.222779345327009548e-03
-1.798686104717072548e-02
-4.165341008565666414e-02
-6.340354171663434291e-02
-8.309719755428657262e-02
-9.686362482326893453e-02
-1.034941291281457759e-01
-1.035198501088435696e-01
-9.714577795659448678e-02
-8.729182455436858279e-02
-7.581533350383851122e-02
-6.301538231865311257e-02
-5.155974843342987085e-02
-4.285921795870037410e-02
-3.464615992011233631e-02
-2.383953343879246026e-02
-1.117120637740563575e-02
4.777778826702151066e-04
1.122895236034887091e-02
2.237790452235774441e-02
3.482952761483897736e-02
5.026207077217630104e-02
6.468177878850291107e-02
6.888854257558101046e-02
6.070748749450922271e-02
4.701399848282539207e-02
3.542108244712952742e-02
2.769568476752257147e-02
2.071621459765569939e-02
1.414185438504056945e-02
1.096176344410107299e-02
1.047980616657526350e-02
9.427390083139796165e-03
4.808160569909104842e-03
-3.489238375179880627e-03
-1.149266623991408200e-02
-1.683157640417226597e-02
-1.967028916739884878e-02
-2.120113633333091732e-02
-2.228275184202239620e-02
-2.308580193392862148e-02
-2.560768715072500243e-02
-2.965956252249522113e-02
-3.129187706077282000e-02
-2.792480933966368095e-02
-2.001589244150108957e-02
-9.703664455404509975e-03
1.931331046741736239e-03
1.346363376320696553e-02
2.212114008992158154e-02
2.743360818881443799e-02
3.050642153466872827e-02
3.100658315320927241e-02
2.825476123108513343e-02
2.294653853852091085e-02
1.629152724284919918e-02
9.028411822439559239e-03
9.685299826629543540e-04
-7.840743166642414122e-03
-1.536155198997433621e-02
-1.901731586428962242e-02
-1.959831217567854431e-02
-1.893138423048611879e-02
-1.529422211212231458e-02
-7.171317448330832497e-03
4.352789470365188776e-03
1.725903184518699437e-02
2.844613345718016370e-02
3.478140591224469780e-02
3.315885907707948055e-02
2.207029430140200477e-02
5.165729512881165469e-03
-1.191686684103369573e-02
-2.556864257157800274e-02
-3.286595690819075349e-02
-3.106149865143328567e-02
-2.066545911845367456e-02
-4.244517775145516952e-03
1.570306828040543556e-02
3.492907732736793419e-02
4.796647640486857017e-02
4.880411208498554310e-02
3.766062371885273152e-02
2.305586340760586855e-02
1.131424769440861171e-02
3.218898611332324591e-03
-4.389373260635339932e-03
-1.448007981729157456e-02
-2.565176930994963328e-02
-3.570730872061551875e-02
-4.371642893614120784e-02
-4.881324401445070321e-02
-5.164641116930476783e-02
-5.346575099012505772e-02
-5.292456451657621963e-02
-4.698373131060337021e-02
-3.536380614352218482e-02
-2.049100839200012486e-02
-4.126046222736028807e-03
1.095831067113700943e-02
2.193278241212075555e-02
2.867310216197537648e-02
3.295333143551282262e-02
3.729227933086658175e-02
4.199618649200593384e-02
4.405496253572281640e-02
4.040223434438217770e-02
3.084124417125558293e-02
1.760850558542681465e-02
3.436891969218658534e-03
-9.767503666509651586e-03
-2.028636109954738698e-02
-2.599039272713908263e-02
-2.634963269432268398e-02
-2.378483958015319144e-02
-2.116800666646348472e-02
-1.906674022137450769e-02
-1.723895076484624478e-02
-1.476599644612993159e-02
-8.834085001079296576e-03
1.818272125158092558e-03
1.530457175338890106e-02
2.922499323348999589e-02
4.144084796637718948e-02
4.894357023923841948e-02
4.900878807467218268e-02
4.265528805898276266e-02
3.378809668140397154e-02
2.483226957832345566e-02
1.502900682374842117e-02
3.213706200662961709e-03
-8.304323441017912033e-03
-1.540248591695904043e-02
-1.715000831991255609e-02
-1.576974599784680686e-02
-1.058753191626112325e-02
4.643672171769502866e-04
1.391672757916129037e-02
2.389835637468619087e-02
2.878356284652280189e-02
2.880951512879673451e-02
1.996531945168300223e-02
2.189275903262744190e-03
-1.680664309345914278e-02
-3.451310047340543086e-02
-5.404696601121156824e-02
-7.652888984027626795e-02
-9.937637907670347770e-02
-1.163925413046647123e-01
-1.228439886962714861e-01
-1.180114537465419278e-01
-9.997895436345788367e-02
-6.632676759242125963e-02
-1.654663057264368908e-02
4.000860763070689802e-02
8.416711239010642165e-02
1.077763163287508152e-01
1.137993210632670671e-01
1.041201981527572623e-01
8.300582751173200824e-02
5.981770594965350740e-02
4.041753485117682149e-02
2.504350117791877273e-02
1.389346346019913053e-02
7.158202442095594302e-03
3.768723794997257126e-03
1.988404063259108494e-03
8.580837144031737071e-04
7.181572741239120213e-04
2.605109117915903154e-03
6.846762690595764762e-03
1.336868891426941028e-02
2.187347646241681945e-02
3.046168492267117139e-02
3.553705364617693041e-02
3.635580287555864598e-02
3.493707018824586397e-02
2.952932265502619322e-02
1.957738636900287904e-02
9.416645637142567402e-03
2.244327802016880813e-04
-1.128300771168796318e-02
-2.745833677821645641e-02
-4.647305534341776567e-02
-6.309837463092578258e-02
-7.414071833379014265e-02
-8.122741328011029438e-02
-8.512196548001685348e-02
-8.234033505580107271e-02
-6.990846105688965084e-02
-5.158334492634999990e-02
-3.565617273396171072e-02
-2.638863064144786330e-02
-2.366013623498980367e-02
-2.552843866503234915e-02
-2.868675259857565718e-02
-3.050461787104438022e-02
-3.026360029300970839e-02
-2.750712623377499222e-02
-1.946423345617169856e-02
-2.891696564124893523e-03
2.440826331196396456e-02
5.848130941152342860e-02
8.763082973486868710e-02
1.048718227719446505e-01
1.116499236899603092e-01
1.126731758160896962e-01
1.119631075100281509e-01
1.104299845546379971e-01
1.059686580885986218e-01
9.345380310620314546e-02
6.993216085673895077e-02
3.749618415226480678e-02
-2.001304165599179091e-03
-4.501928949760119342e-02
-8.205819974998024291e-02
-1.042292057451052328e-01
-1.095105472719807987e-01
-1.027373995703348419e-01
-9.019246764151014895e-02
-7.595870863028290898e-02
-6.225903367925076509e-02
-4.779393665425564486e-02
-3.124243242166201834e-02
-1.403337285396749623e-02
2.278573892354106723e-03
1.704314711314953296e-02
3.103870498119917082e-02
4.308764551883274146e-02
5.006989073639513121e-02
5.220872197188021480e-02
5.158267085498090265e-02
4.922093238414449595e-02
4.583180734884893803e-02
4.157312383435867592e-02
3.614716615812047645e-02
2.903383429053940645e-02
1.726283671735445030e-02
1.176368129945022309e-03
-1.002629364343208054e-02
-9.978296507701812229e-03
-3.921043163954775895e-03
-2.378761082527327056e-03
-9.846649917632057866e-03
-2.075522511044305962e-02
-3.075022552986146976e-02
-4.089629622356780181e-02
-5.008355051747914732e-02
-5.576439291795537434e-02
-5.692160586417724377e-02
-5.381165071398191085e-02
-4.627499404954816403e-02
-3.188374678141595725e-02
-1.010162421978338596e-02
1.537673033927785919e-02
4.024271190883844940e-02
6.030325670700615454e-02
7.181012502872949343e-02
7.163756451365657640e-02
5.853948943995857662e-02
3.618996327243705069e-02
8.108122269579501676e-03
-2.220969185172775445e-02
-4.771006096514727318e-02
-6.388950530924318583e-02
-7.104518577462883011e-02
-7.231759500439687016e-02
-7.094591332572258713e-02
-6.838731180397256137e-02
-6.501270280332030471e-02
-5.976593697628432983e-02
-4.954579164182871392e-02
-3.035622825759802870e-02
1.498172231059295917e-03
4.028324893389053502e-02
7.330690728012329016e-02
9.861124366574652855e-02
1.183931476976468611e-01
1.307636572209527059e-01
1.347949515203188953e-01
1.300327056547995741e-01
1.153221624398256123e-01
8.903457098574732442e-02
4.954385525774573917e-02
-3.533549342753477922e-04
-5.313017983916758918e-02
-9.804039997570677956e-02
-1.227041577267949796e-01
-1.240850265514652495e-01
-1.082036737954730904e-01
-8.090781973622480916e-02
-4.766097492384562678e-02
-1.430263384965120219e-02
1.480268667741424168e-02
3.459071316471993424e-02
4.080954618718560245e-02
3.510392648956262018e-02
2.124077629958417285e-02
4.340756441962316872e-03
-8.998272461953452789e-03
-1.624830279027390106e-02
-1.829387191711167454e-02
-1.674893678108653125e-02
-1.324544002420981886e-02
-7.762718299157615395e-03
9.837230194729663577e-04
1.221604221681802174e-02
2.137346667992905125e-02
2.313332387707799087e-02
1.516348925701348910e-02
1.988085981459505359e-03
-7.985847207940060047e-03
-1.381567932833602588e-02
-1.836353206047794742e-02
-2.072577385653714965e-02
-2.238048794442189585e-02
-2.444537835974699633e-02
-2.317188651265411625e-02
-1.666690150646958982e-02
-6.405556288031442197e-03
5.019651839835776418e-03
1.533665633879497010e-02
2.494355186735804086e-02
3.484622603688161679e-02
4.528089385517538451e-02
5.679642921148862766e-02
6.982080856597805418e-02
8.340741027042182509e-02
9.476720926797720101e-02
1.020290032917496592e-01
1.039096194695856290e-01
9.718531061005407368e-02
7.971256556887174050e-02
5.117327558584719438e-02
1.403466979993138117e-02
