3.329601282329651586e-03
6.068561900514052310e-03
1.544311880688581211e-02
2.700093885110181613e-02
2.861126623621898513e-02
1.749675588947217572e-02
-2.014783814498963092e-03
-2.531439037620185351e-02
-4.419723196411031590e-02
-5.377025484384589243e-02
-5.792895411551941126e-02
-6.054528106084319100e-02
-6.103150164175492887e-02
-5.661028221484498690e-02
-4.402697280594800033e-02
-2.175741221605727999e-02
8.423124885575563117e-03
4.202573748284627736e-02
7.315287950825175023e-02
9.353016789854638746e-02
1.001763866270971165e-01
1.016940507291478335e-01
1.041023517594544395e-01
1.038514455973346962e-01
9.693766468799697167e-02
8.241153813337480372e-02
5.911052380597575651e-02
2.416817165155088834e-02
-2.106686814749411663e-02
-7.042064403214066959e-02
-1.213265828049890360e-01
-1.724742734427305302e-01
-2.172201337394955023e-01
-2.483186124157024111e-01
-2.612855576900255938e-01
-2.517224611629657605e-01
-2.128113548915380182e-01
-1.341591370390011750e-01
-3.838338861392849577e-03
1.520049844726925337e-01
2.683713221901252721e-01
3.204971945552988477e-01
3.262610408974380705e-01
3.012421653770438468e-01
2.534341339941806326e-01
1.867811985149157861e-01
1.046367036687566171e-01
7.916852419089806525e-03
-1.042934640639423538e-01
-2.251974528795438191e-01
-3.378942345397765723e-01
-4.256208936915295560e-01
-4.730064798558042405e-01
-4.643860909144065241e-01
-3.853628219624271045e-01
-2.205650980550624696e-01
-5.914573599784957170e-03
1.698232515655685726e-01
2.687446679141585748e-01
3.042945775737679881e-01
2.910943578807593801e-01
2.486390893770221711e-01
1.973398840565650236e-01
1.558871514439113815e-01
1.327686886146544343e-01
1.185659938451619211e-01
1.082992231126747029e-01
1.022725182367111713e-01
9.366114349177724618e-02
7.879995179097402935e-02
5.812723371185049559e-02
3.207616699324363635e-02
1.065914719650846998e-03
-3.131734952595717492e-02
-5.893118707130418771e-02
-7.932667365276908911e-02
-8.907423596867172777e-02
-8.357053378453302428e-02
-6.538758840310016085e-02
-4.220602156472283428e-02
-2.219138652834937858e-02
-9.784492407595721600e-03
-4.202441842115782825e-03
-3.365118243616633219e-03
-5.901097819294426686e-03
-1.065776990197347951e-02
-1.582785661201749003e-02
-1.917247937676876124e-02
-1.897877626160902539e-02
-1.588629464223205098e-02
-1.303542486859063029e-02
-1.297752399348572200e-02
-1.382582426950909604e-02
-1.264367329894667755e-02
-9.818175515884871446e-03
-7.112138085219061462e-03
-8.590779366528786265e-03
-1.655037446231823542e-02
-2.763526267475606424e-02
-3.673778686002362320e-02
-3.804501813338714150e-02
-3.158616053596940976e-02
-2.196960369117692546e-02
-1.237310000352914545e-02
-5.604553161252282326e-03
-1.911038517583653340e-03
-4.100324291279463032e-03
-1.247726149903073678e-02
-1.907557378618627772e-02
-1.995299333231068117e-02
-1.474248513400105293e-02
-4.433248843905477493e-03
5.323119913014226143e-03
1.150203361028054837e-02
1.550698947081430822e-02
1.815289043983001407e-02
1.973813007943379938e-02
2.207723625577698301e-02
2.645079998976882299e-02
3.075603860032839754e-02
3.258255372715555820e-02
3.423452869845777097e-02
3.851236974098616594e-02
4.380371710630898141e-02
4.697312759494420148e-02
4.513231642064765431e-02
3.813458653815030019e-02
2.899273440613489225e-02
1.986479630864110626e-02
1.148228233006264379e-02
5.015540432768137054e-03
3.220084855517580183e-04
-3.208867450594637787e-03
-5.060547023599029290e-03
-6.009185025434854097e-03
-5.855789237190214651e-03
-1.873520392579011012e-03
8.084671144431898604e-03
2.266773490738206720e-02
3.927344992900981546e-02
5.707863172266103985e-02
7.332512104336322278e-02
8.589026465904094076e-02
9.495071280778091816e-02
9.795536645438111811e-02
9.252631650551088049e-02
7.558869775756721365e-02
4.310358097506139519e-02
-4.374339430544507690e-03
-6.476168558419256871e-02
-1.372722418659435006e-01
-2.191032471899392875e-01
-3.028082173563895196e-01
-3.757921957986560813e-01
-4.240694399523003977e-01
-4.378616268513389476e-01
-4.079948854716598516e-01
-3.221615585646407931e-01
-1.670096262816390398e-01
2.501290064830963972e-02
1.764792483604484263e-01
2.591675551405565603e-01
2.919766061338265328e-01
2.913849798575464112e-01
2.715364283434814618e-01
2.432260597488015985e-01
2.139601938403057069e-01
1.860886963438400099e-01
1.562615308387904078e-01
1.243445037658765517e-01
9.246286412626458784e-02
5.972116029569606716e-02
2.429866035441142699e-02
-1.112514358381055252e-02
-3.629267925154609775e-02
-4.400246736659208652e-02
-3.798030612885305857e-02
-2.567517178590470947e-02
-1.335933215249255311e-02
-7.942973921615104418e-03
-1.045364596939659003e-02
-1.320340139413576572e-02
-9.710960462729607487e-03
-1.657438242594918773e-03
3.821887771948901877e-03
2.968786073153787883e-03
-3.839736193391714812e-03
-1.652970079227760250e-02
-3.457581899719099072e-02
-5.374994711220665300e-02
-6.664445137500657479e-02
-6.890092844674715333e-02
-5.843648034196113200e-02
-3.424509935272524591e-02
-1.455648984727947112e-03
2.870952478518965303e-02
4.821128381126429246e-02
6.009437190999059042e-02
6.912521908115225322e-02
7.390133068728305110e-02
7.338943855205980193e-02
6.973308293280856829e-02
6.317112953662394614e-02
5.420783649335724624e-02
4.658872085998950335e-02
4.027385737970323731e-02
3.178192924701522815e-02
1.864011421929066131e-02
-6.035223067462486268e-04
-2.414704107928165866e-02
-4.659434225700843923e-02
-6.225307425440369108e-02
-6.989582615339458294e-02
-7.557685924655310750e-02
-8.484359831276294672e-02
-9.707625095631919332e-02
-1.075827644896595325e-01
-1.216090067364133109e-01
-1.593373862344980019e-01
-2.213222794016255768e-01
-2.830155104909694574e-01
-3.229296201617074535e-01
-3.235236897129868949e-01
-2.754410035293201608e-01
-1.808909527774305026e-01
-3.442919566791308866e-02
1.377899983900550684e-01
2.672369839854841778e-01
3.275615091977767124e-01
3.374146494976739685e-01
3.171188325310022593e-01
2.857598469111940487e-01
2.533242520342198212e-01
2.189729304171168511e-01
1.832051813706752907e-01
1.490255911791707744e-01
1.171311956167901541e-01
8.889767730677324009e-02
6.538893677439777674e-02
4.557572976460928793e-02
2.919957750420392253e-02
1.887136193819688099e-02
1.844789675544506596e-02
2.661031184694028634e-02
3.562255155218854025e-02
4.304391716836066667e-02
5.232290485989263967e-02
6.484918574868106522e-02
8.041050481126693628e-02
9.183234913770685348e-02
8.650108089601801775e-02
5.858258730489199206e-02
9.100118101936508636e-03
-6.195424476544611481e-02
-1.568210053958741246e-01
-2.711602753416834100e-01
-3.945315423729763293e-01
-5.141854028610729488e-01
-6.130715038905446557e-01
-6.757874875506327816e-01
-6.853315085561821896e-01
-6.382566987262423552e-01
-5.502853783089018957e-01
-4.160257536072924367e-01
-2.063742929474700338e-01
6.030901102167032790e-02
3.197006564510906923e-01
5.284272890350079077e-01
6.575099457698458938e-01
7.017911985302065503e-01
6.793120236753258379e-01
6.088332376451797145e-01
5.116247006572343103e-01
4.047371832870561570e-01
3.035762836231641892e-01
2.166677481498952562e-01
1.414139379257917106e-01
7.618926716090160256e-02
2.440137530448902026e-02
-1.340928594340110025e-02
-4.078826626266948002e-02
-6.268922438579019318e-02
-8.564320103272970996e-02
-1.115803955701807071e-01
-1.347083383864850770e-01
-1.525294556917422273e-01
-1.674990844124607248e-01
-1.791993544744954758e-01
-1.864646171499220739e-01
-1.900490336822630855e-01
-1.893650233864883348e-01
-1.863029970447059869e-01
-1.857210941966160600e-01
-1.859757108377036450e-01
-1.803252195107528377e-01
-1.610989186876303492e-01
-1.189020153192774099e-01
-4.167058658531552773e-02
6.087669656957152980e-02
1.491896780726165161e-01
2.028892838628896522e-01
2.273304280636277430e-01
2.295538379423265329e-01
2.187416765020222531e-01
2.033797116060954979e-01
1.853216253106070022e-01
1.612458786119974896e-01
1.310020663313620215e-01
9.736474214721116405e-02
5.979283676855103730e-02
1.944486642309023461e-02
-1.707357196092869692e-02
-4.804134756190554800e-02
-7.905624322573470697e-02
-1.108479311495362829e-01
-1.384184716809442328e-01
-1.620151013624972491e-01
-1.855758304350334786e-01
-2.116823518295196938e-01
-2.411471992399809028e-01
-2.713169075997620139e-01
-2.950772203767311752e-01
-2.998056693046344812e-01
-2.687360920031319211e-01
-1.881310341479932313e-01
-5.942022794281034970e-02
8.629870729782927741e-02
2.045722495174247535e-01
2.769549387213176006e-01
3.098133155187023369e-01
3.123163481503834493e-01
2.947316095882168141e-01
2.689337830992953315e-01
2.418279502807260672e-01
2.165959860833394646e-01
1.942492007666077047e-01
1.719349660935229340e-01
1.471641257954164617e-01
1.196667694701658985e-01
8.789888108266115385e-02
5.034677644217502163e-02
7.527929456387989077e-03
-4.063530819563639096e-02
-9.199915248049164718e-02
-1.427124194397606516e-01
-1.917011086014288879e-01
-2.388464349917855389e-01
-2.790349114039429868e-01
-3.014558653948570255e-01
-2.960647275346344198e-01
-2.532459338044237840e-01
-1.864375384493021370e-01
-1.364399125426462578e-01
-1.206303798494349350e-01
-1.257819448832469267e-01
-1.308232247822629091e-01
-1.118973972142629780e-01
-4.648921508802907748e-02
8.765789809185176029e-02
2.638207773041174042e-01
4.029791580418068397e-01
4.684403275203277706e-01
4.705841915804087616e-01
4.242578163628858423e-01
3.451127466028470203e-01
2.452902339510397434e-01
1.319893863382387289e-01
8.431405495454567453e-03
-1.219315129151629234e-01
-2.532209685375469421e-01
-3.771076336163442511e-01
-4.852496874602278965e-01
-5.698079131000273190e-01
-6.207141884929833209e-01
-6.236261140610440679e-01
-5.623384995865864378e-01
-4.214042035369610084e-01
-2.030192259814409816e-01
7.224247838156429291e-02
3.493556763324643932e-01
5.413817655689011632e-01
6.206499038251912514e-01
6.169932599934262463e-01
5.590139979324055819e-01
4.703599602933821733e-01
3.675636397179303239e-01
2.639705769283199333e-01
1.692376652880912824e-01
8.597536238030534239e-02
1.275213589656477506e-02
-5.149340804978180114e-02
-1.066429671878766083e-01
-1.524279415184645603e-01
-1.856727656010431771e-01
-2.028574224456837494e-01
-2.036906042416778972e-01
-1.891515421353696103e-01
-1.633953567104406424e-01
-1.319802740584047340e-01
-9.792699253492079259e-02
-6.500962673553614679e-02
-3.872142840774771971e-02
-2.130114716649358572e-02
-1.066574674059201505e-02
-5.130804838502668434e-03
-9.945878891581341752e-04
9.452964735259519399e-03
2.628596747257446603e-02
4.157233714363255811e-02
5.402768159156835781e-02
7.072765601765992893e-02
9.601272771180681398e-02
1.258026135433844284e-01
1.517840430393523066e-01
1.668229977369704298e-01
1.689847787475360630e-01
1.591793120581826426e-01
1.347328619537220828e-01
9.433349650950344223e-02
4.367601025676192544e-02
-1.197425180603898728e-02
-7.161243518820760434e-02
-1.331522795648758528e-01
-1.928056638909385889e-01
-2.480850251439671861e-01
-2.964819821587130755e-01
-3.339839318832626969e-01
-3.572360208436185514e-01
-3.619377726630503833e-01
-3.459139335271266269e-01
-3.088565623616396638e-01
-2.391407951492453554e-01
-1.065096943347760283e-01
8.037735448443522612e-02
2.432174737546341226e-01
3.314922872392065401e-01
3.567306484260343025e-01
3.425075387053129194e-01
3.110052110619921928e-01
2.808041143721793920e-01
2.631195020964017806e-01
2.544098606444272770e-01
2.409196749935642312e-01
2.175715283509631615e-01
1.865518818900605003e-01
1.504339975012361774e-01
1.115100635030650544e-01
7.216366877049977535e-02
3.779299403192898366e-02
2.144825005476198865e-03
-5.485093306987042644e-02
-1.381296942000325156e-01
-2.364957148344393190e-01
-3.419693686346476080e-01
-4.467915894022381762e-01
-5.363866419759721893e-01
-5.915012554680143531e-01
-5.929598815587161509e-01
-5.196972371607841978e-01
-3.865440408904545211e-01
-2.477719633432507729e-01
-1.143613717195685470e-01
5.033417506443242651e-02
2.327388232878010443e-01
3.618883405549680465e-01
4.142143033420075948e-01
4.170901220853057145e-01
3.932006959772060273e-01
3.552916272341889448e-01
3.035963287493133045e-01
2.328325337419867858e-01
1.526903120429340399e-01
8.688267977899699623e-02
6.069432866290611767e-02
6.873810191782658841e-02
7.297716391765500521e-02
6.112906989054531226e-02
4.319134389169389937e-02
2.516935205433436240e-02
1.846103523040168448e-02
3.776906463527252011e-02
9.080125937402820646e-02
1.578071681243685687e-01
2.022865443348461911e-01
2.144075498687601500e-01
2.057855413861814919e-01
1.831585436194115291e-01
1.454272575221469133e-01
9.209145340495242249e-02
2.515171899381888482e-02
-5.427609361986712733e-02
-1.460171544594569548e-01
-2.497304560553425534e-01
-3.616303539311687132e-01
-4.760088357624588928e-01
-5.800643792576091196e-01
-6.490048796422934752e-01
-6.543593982780654406e-01
-5.706485673535004466e-01
-4.229028691846565824e-01
-2.838554895952145607e-01
-1.749141333511178287e-01
-6.606357501951753974e-02
5.147399007184898928e-02
1.672464051281856712e-01
2.619371867008398747e-01
3.039136015554986248e-01
3.066278826129411605e-01
3.301050102174726830e-01
3.773785104246758504e-01
3.862883080679585523e-01
3.320929317342510845e-01
2.366210786341577665e-01
1.256696870523443810e-01
2.714298799334756776e-02
-4.592210046068475465e-02
-9.600221200329091265e-02
-1.073397108622393542e-01
-4.802923789535141347e-02
6.238991595207291768e-02
1.544767682912979723e-01
2.035568972341128269e-01
2.324984113231903793e-01
2.496809712591236130e-01
2.466133833989997137e-01
2.259077085572395449e-01
1.985901648186594315e-01
1.703081452057377543e-01
1.434479277682326748e-01
1.157141962750108943e-01
8.242525082854917917e-02
3.656885239365794543e-02
-3.189239185793765752e-02
-1.215402630004510098e-01
-2.161867948024585318e-01
-2.928727878231296433e-01
-3.289129265624143872e-01
-3.172281821552357384e-01
-2.885079279375412087e-01
-2.989207002735162488e-01
-3.770508921734890828e-01
-5.093229055596040222e-01
-6.654677411791446451e-01
-8.097619574189786062e-01
-8.992216338486730409e-01
-8.869432520370554851e-01
-7.246939194104095039e-01
-4.218525662988532599e-01
-4.951245105269552749e-02
3.302180500655250150e-01
6.698678477927768604e-01
9.263479362155846442e-01
1.057194675139077944e+00
1.064423950655173590e+00
9.884409302639289852e-01
8.611960259866802136e-01
7.112781651037973774e-01
5.594477649355883431e-01
4.175131614024132909e-01
2.886134178981371035e-01
1.706596161865677752e-01
6.657839846768026648e-02
-1.873921251735370663e-02
-8.588905549610721668e-02
-1.381054154138150747e-01
-1.764305784277152567e-01
-1.981903437012529356e-01
-2.070002366157895901e-01
-2.145659890988769192e-01
-2.280890537091957437e-01
-2.522899410518442131e-01
-2.875839938806412643e-01
-3.269558180936614766e-01
-3.624379099637267676e-01
-3.852842236409368959e-01
-3.988724444366613664e-01
-4.176260967664672252e-01
-4.396223965217991303e-01
-4.454393054156954856e-01
-4.202814500155621635e-01
-3.577193552294810064e-01
-2.380819657336689099e-01
-7.369872389023653103e-02
6.978861334466590627e-02
1.700729395135827660e-01
2.455746914886499654e-01
2.999181918596838803e-01
3.462966261605345264e-01
4.125051160967124764e-01
4.895958401624029843e-01
5.290251474020420952e-01
5.148256051214916695e-01
4.619632025044297929e-01
3.807580005292124925e-01
2.816266360246990064e-01
1.688650934256815117e-01
4.784328713171319414e-02
-6.002770641349712555e-02
-1.322661324830953777e-01
-1.725534603730332628e-01
-2.062082776379119131e-01
-2.458026145232177773e-01
-2.868091520883211398e-01
-3.242190748062436789e-01
-3.536885878912083281e-01
-3.661486229958668126e-01
-3.476471520524500591e-01
-2.867583195343975100e-01
-1.725257481063180165e-01
-2.440105579635371696e-02
1.064952530629399985e-01
2.063112284981217237e-01
2.795186439643734810e-01
3.121815502199613013e-01
3.022628694385210979e-01
2.603384692781414156e-01
1.968476389899476986e-01
1.207510232324170152e-01
3.923715799406148064e-02
-4.139548732781019036e-02
-1.154286903779341289e-01
-1.756959579171615271e-01
-2.148390466432754942e-01
-2.273123736476442003e-01
-2.060012189195108978e-01
-1.404632571832102050e-01
-2.196447573900979500e-02
1.228859876796993544e-01
2.375772430749482633e-01
3.015719122882694059e-01
3.268314748988094820e-01
3.220748142769057076e-01
2.937817145805058372e-01
2.487475988673034655e-01
1.919803979956208884e-01
1.250022167493602121e-01
4.732072499111995845e-02
-3.940145276196829055e-02
-1.317128070244295568e-01
-2.268388017909035437e-01
-3.199911378245863802e-01
-4.032877270382504986e-01
-4.678276123276361442e-01
-5.131172224034725726e-01
-5.450705912715019252e-01
-5.572831706998092605e-01
-5.302689399300344331e-01
-4.442209314289844446e-01
-2.806907401816860492e-01
-6.583499045360496904e-02
1.295614388656927407e-01
2.886747795541435013e-01
4.536139728975436824e-01
6.209819252263925060e-01
7.265718056019510040e-01
7.427596183189777435e-01
6.895277656145817335e-01
5.862624819143581467e-01
4.482934660501967095e-01
2.902012621333062703e-01
1.241721682016958678e-01
-4.350989377481323528e-02
-2.078348046429544516e-01
-3.603774585354899140e-01
-4.884476517609790402e-01
-5.779235980096935066e-01
-6.171283552592565780e-01
-5.935194237322014565e-01
-4.868466185229614052e-01
-3.160745257240559214e-01
-1.480162202535110216e-01
-1.322255965624542957e-02
9.855118779832322540e-02
2.028877305197626102e-01
3.183283195994808246e-01
4.301744216434680856e-01
4.937610195419257497e-01
4.959905805530819278e-01
4.534734504578931125e-01
3.807368137845846823e-01
2.887072173210717962e-01
1.874665328819924148e-01
8.624714167340340187e-02
-1.415149932460737017e-02
-1.208191346846365088e-01
-2.347125030519458255e-01
-3.489060670118990237e-01
-4.570785698904190064e-01
-5.515602222862190374e-01
-6.155740112784541251e-01
-6.255906635929806558e-01
-5.629390397232304499e-01
-4.129354062114398705e-01
-1.626007752425174258e-01
1.419445535579122453e-01
3.911757101311809648e-01
5.270170641084067631e-01
5.668815069710440024e-01
5.422278716385076081e-01
4.707902290403768175e-01
3.594040676164904635e-01
2.183641970645434083e-01
6.017160140389328504e-02
-1.020236051718495796e-01
-2.525957105560561189e-01
-3.765864384379117302e-01
-4.570679747025004902e-01
-4.749171808946479612e-01
-4.165736731105146307e-01
-2.702111776923596387e-01
-7.357108809628032375e-02
8.495728728691756548e-02
1.778914907038234294e-01
2.364924048704699355e-01
2.855726987651758808e-01
3.418997031730841019e-01
3.993241559932494966e-01
4.292496922137274962e-01
4.238947526582614311e-01
3.945406940770519455e-01
3.505718212205470863e-01
3.027192895047901011e-01
2.536596510219470968e-01
1.984232674717947842e-01
1.350642145998376675e-01
6.468220062802204628e-02
-1.160770630016449978e-02
-9.301019751190216234e-02
-1.795767645106444432e-01
-2.702495405155986852e-01
-3.567116736368865504e-01
-4.290713916804284045e-01
-4.817215036335719125e-01
-5.072531645308429038e-01
-4.944026093542192579e-01
-4.545755411918462330e-01
-4.223723665128105154e-01
-4.112104161551408121e-01
-4.112115968095629848e-01
-3.990666806803286892e-01
-3.397432667672525830e-01
-2.401220308813172832e-01
-1.480291724304879375e-01
-6.061753236257667182e-02
7.277525626354167110e-02
2.458723231549426735e-01
3.900100174486977322e-01
4.827234008075508287e-01
5.567635325738967689e-01
6.056866761135994981e-01
5.817139756768586745e-01
4.778134609601912830e-01
3.234403009796860684e-01
1.443005401034029300e-01
-3.431574712295933777e-02
-1.875085697862927392e-01
-2.927663657444742884e-01
-3.446684907361119432e-01
-3.511833659541598873e-01
-3.018545659516689295e-01
-1.719186682130193211e-01
8.453482892618234545e-03
1.576388370807838002e-01
2.416466936517110420e-01
2.732673400126952590e-01
2.661385545222183513e-01
2.344792518929226244e-01
1.908338368870278190e-01
1.428478520772369920e-01
9.272876170274238494e-02
4.129462817015026183e-02
-6.910647295521514175e-03
-4.455254637636549275e-02
-6.672213959658675198e-02
-7.261312741500877688e-02
-6.526617736142106829e-02
-5.113217511561615747e-02
-3.860972637251591788e-02
-3.138676159230267826e-02
-2.401558374269217172e-02
-1.065149328560236960e-02
7.092633551465315350e-03
2.480414211043464531e-02
4.275220180755789218e-02
6.344116845315964093e-02
8.632280291990920840e-02
1.088508404607164970e-01
1.281034513655011087e-01
1.406524648237787167e-01
1.452277635006997969e-01
1.467774441874021008e-01
1.523967147326650007e-01
1.638024743837923347e-01
1.747686365588700386e-01
1.753534551794764251e-01
1.623483539593995051e-01
1.390970327062632517e-01
9.931482551520398605e-02
2.808609198345626834e-02
-7.963172276730429155e-02
-2.187722115799163314e-01
-3.802826625756779433e-01
-5.505296041111714667e-01
-7.151461484601736585e-01
-8.564129729067813113e-01
-9.451667838178710035e-01
-9.462318584777797970e-01
-8.232748502615705455e-01
-5.811640149002956779e-01
-3.181188203686386995e-01
-1.355954277833897326e-01
-3.636507919947362666e-02
3.113197340284490355e-02
9.462152844805371554e-02
1.552987222298702064e-01
2.406487296559241817e-01
3.466592135381750817e-01
4.140637474884308888e-01
4.444595342855296449e-01
4.950835097415824393e-01
5.962028665539623740e-01
7.020458882945384005e-01
7.347087221707067073e-01
6.815315382560831470e-01
5.731620857719873507e-01
4.342092179847819589e-01
2.816423656908220163e-01
1.300818133979303459e-01
-7.412239648838313960e-03
-1.220516551056141236e-01
-2.036713335268716119e-01
-2.376053947913977227e-01
-2.138860663483137525e-01
-1.391972490900066917e-01
-4.074934613496759839e-02
4.552253217522662931e-02
1.019575906164231216e-01
1.286209010427940835e-01
1.279980466881049384e-01
1.054023235503292882e-01
7.272789104298843510e-02
3.985714547941745373e-02
3.060566176260937077e-03
-4.240553806302205242e-02
-9.549186507042702055e-02
-1.549935121673294836e-01
-2.177509003374010765e-01
-2.768137930627454502e-01
-3.223475057639097474e-01
-3.445215516372118758e-01
-3.306208963140213064e-01
-2.662663528645966560e-01
-1.430666669671568081e-01
4.015540342850537625e-03
1.043586112183167991e-01
1.353305263368421163e-01
1.188839803790424365e-01
6.465688660525582832e-02
-3.412205322975139787e-02
-1.727842418443905903e-01
-3.280410957694145369e-01
-4.737978702530995512e-01
-5.826299637443370649e-01
-6.225851264666999452e-01
-5.577940157296312762e-01
-3.932379774602449141e-01
-1.765803913885308496e-01
6.117924955376267959e-02
3.013331142169118348e-01
5.002831108957653816e-01
6.001884968321629099e-01
5.959022104229790839e-01
5.301846792225265448e-01
4.516101773620223025e-01
4.113754509292765205e-01
4.081242180989743673e-01
3.884400932590187372e-01
3.346887832152733999e-01
2.640840832544003036e-01
1.882767721801095195e-01
1.120685748042024865e-01
3.689843152624884548e-02
-3.575150292039045580e-02
-1.047540141871636105e-01
-1.691725909009875461e-01
-2.307799596828659650e-01
-2.933058795610010705e-01
-3.561412018747477370e-01
-4.127171402911300468e-01
-4.540262536404358618e-01
-4.696582844660261991e-01
-4.430368487846476633e-01
-3.505818669842332147e-01
-1.704813207126437691e-01
5.797006627136118417e-02
2.420951454466522268e-01
3.476194495673518015e-01
3.906908108188633655e-01
3.850678220261997686e-01
3.463251305566871219e-01
2.888512877609271667e-01
2.233514203461816894e-01
1.578932926806256021e-01
9.987683313501072302e-02
5.512905407014830061e-02
1.923695843984401382e-02
-2.039169666167590586e-02
-6.487021479215297759e-02
-1.060428240488042323e-01
-1.403586680206909965e-01
-1.652219662957612467e-01
-1.751608850916602234e-01
-1.671828910098225318e-01
-1.422579308653243446e-01
-9.804667632164600077e-02
-3.459510227271642840e-02
4.129961226639461414e-02
1.124727430811629514e-01
1.509072700514653143e-01
1.491765163455579801e-01
1.202845345524622134e-01
7.412609098195940827e-02
1.956224280412780653e-02
-3.108480381541145476e-02
-6.361058248055367903e-02
-6.637705464910936826e-02
-5.257684765847331354e-02
-5.819474888834853810e-02
-9.718736126341061266e-02
-1.613629893701000739e-01
-2.401324841619249251e-01
-3.196484808666140709e-01
-3.845300507917799315e-01
-4.163914249799613443e-01
-3.943082324601391297e-01
-2.979626892157091200e-01
-1.358492626361515465e-01
5.653224724110426924e-02
2.722504846582522453e-01
4.878259819674220510e-01
6.363740444969017140e-01
6.949278857660308173e-01
6.821964015471670972e-01
6.156802995783015042e-01
5.105331354622477669e-01
3.765600468601409956e-01
2.237154035593873491e-01
6.553806347598145621e-02
-8.721890650146232882e-02
-2.293699018333976714e-01
-3.532536554345144242e-01
-4.429291078990609809e-01
-4.814050811080903824e-01
-4.812205718649979480e-01
-4.782304867795917902e-01
-4.812087331353376296e-01
-4.864126458327193703e-01
-4.946015854600962491e-01
-4.848472445348953053e-01
-4.187232989711632269e-01
-2.712515517667892784e-01
-8.185927383431307325e-02
7.732917612404290042e-02
1.959134806164617992e-01
3.096348290706539830e-01
4.121991269298632687e-01
4.570664484977162711e-01
4.391682417892300294e-01
3.872626453090056708e-01
3.271756872338076327e-01
2.875483345950599068e-01
2.975002343594832510e-01
3.472802696397221389e-01
3.813561631149747222e-01
3.739280748737517368e-01
3.356943767123372613e-01
2.761511796857461509e-01
1.998761877819276722e-01
1.058794493426918337e-01
-1.845244444944597884e-03
-1.101576466398586363e-01
-2.059709022566496572e-01
-2.808441205306034805e-01
-3.258608468907996936e-01
-3.229409559879272140e-01
-2.493550881000647923e-01
-9.627276554453134683e-02
8.107927964510329433e-02
1.919222116472864559e-01
2.122928517022571182e-01
1.624482574990835926e-01
5.796679326356738576e-02
-8.457961730310836757e-02
-2.519810364001630054e-01
-4.317106786645928951e-01
-6.047849665785732798e-01
-7.457539813073162938e-01
-8.255112947134032320e-01
-8.125346704267379927e-01
-7.235160876581585576e-01
-6.212300669803140218e-01
-5.136385218438779265e-01
-3.549339632261291344e-01
-1.322595995967239535e-01
1.343568568713472688e-01
4.305634989007297575e-01
6.997222907041444895e-01
8.662521037135306745e-01
9.220263933691934533e-01
8.987248206173414911e-01
8.225498356015247259e-01
7.085810213960208603e-01
5.679672150401735564e-01
4.152308571776659463e-01
2.623158529005054640e-01
1.167954134361317009e-01
-1.252163308224469099e-02
-1.174065678891274833e-01
-1.952614023884364780e-01
-2.478093439438448509e-01
-2.765609006203310072e-01
-2.819350954339378545e-01
-2.669080059584919562e-01
-2.368137859238349519e-01
-1.962529633083734681e-01
-1.471681998587801576e-01
-8.935798888035123566e-02
-2.839760761637644126e-02
2.441974600124007660e-02
6.252124103685435808e-02
8.358897922253478996e-02
8.830743521295401910e-02
7.898742749168811972e-02
5.677129056116146655e-02
2.677341518583862753e-02
-2.081688286782637509e-03
-2.253109880384315811e-02
-3.053072557304712872e-02
-3.003517738165698697e-02
-3.494287030701820340e-02
-5.381649372740550386e-02
-8.197446241331704520e-02
-1.105956734964460841e-01
-1.301732774346807675e-01
-1.323550457713302542e-01
-1.091749082439949087e-01
-6.681230258494536001e-02
-3.165793006400474674e-02
-1.847378054825839569e-02
-2.757619957105463676e-02
-6.057990176419535827e-02
-1.098323601849008208e-01
-1.556818905983635148e-01
-1.839358155318580879e-01
-1.895190892320781917e-01
-1.664459291829675502e-01
-1.035175909579890835e-01
-1.037241120620995515e-02
7.280615036034140952e-02
1.183973914491081719e-01
1.288226508379187452e-01
1.229557360025131801e-01
1.157982541184589959e-01
1.133877006436058432e-01
1.235801405673782605e-01
1.438718038057911208e-01
1.615794703319684278e-01
1.752294832970083815e-01
1.883142304313926707e-01
1.983801544357265689e-01
1.997134816804975455e-01
1.842788083227079043e-01
1.506028594005632548e-01
1.117592231003108338e-01
7.948144029621315165e-02
5.167152909781226600e-02
2.527516441817391490e-02
4.249350336660621952e-03
-6.109765990610561970e-03
-6.864549099920201625e-03
-3.978434407673224482e-03
3.377823119487949333e-04
6.485388245592305090e-03
1.308967039880545857e-02
1.918238687848763946e-02
2.176228260257877245e-02
1.425967151831535745e-02
-4.426376795169981171e-03
-2.546187567096417498e-02
-3.975170470075960194e-02
-4.618045256419114203e-02
-5.833467095057748297e-02
-9.886991178673029679e-02
-1.755116709597636104e-01
-2.810383850758194080e-01
-4.060481397772193746e-01
-5.379657537293409675e-01
-6.579354840941624705e-01
-7.407059208348210078e-01
-7.745553926049599802e-01
-7.601889049838834733e-01
-6.795915973724278025e-01
-4.988704854235370689e-01
-2.318136454682105108e-01
6.133330957073836881e-02
3.477089291697562645e-01
6.150321758876589051e-01
8.288786780138522881e-01
9.391965046764403358e-01
9.427020094370267556e-01
8.805531356437059642e-01
7.804690916734770001e-01
6.534313121723540618e-01
5.095429012861196760e-01
3.642991710856763876e-01
2.303356577272941685e-01
1.089217373901871511e-01
-2.091851035383722468e-03
-1.027578626729147571e-01
-1.923310774744331764e-01
-2.636809549824349341e-01
-3.081004375441643295e-01
-3.248015543170915675e-01
-3.167831484603762515e-01
-2.884436997111270995e-01
-2.450413386130023685e-01
-1.879783737410284927e-01
-1.226545448946095296e-01
-6.136806799752798913e-02
-8.529778587232115378e-03
4.045246310521922323e-02
8.428539705358084611e-02
1.121718477586358259e-01
1.218119412374884802e-01
1.244171036599445168e-01
1.260491831783246697e-01
1.239309905044325422e-01
1.140411867217057534e-01
9.409233097997561635e-02
6.183140528616391796e-02
1.519991263223796629e-02
-4.501996238926007921e-02
-1.162725745570926394e-01
-1.947310195435503766e-01
-2.747730280696035754e-01
-3.487231045936143303e-01
-4.077644894919052465e-01
-4.450682355411906266e-01
-4.549013598167279682e-01
-4.277229196818715939e-01
-3.504397786781592861e-01
-2.131656685982937227e-01
-1.123400359418619265e-02
2.119517911089816298e-01
3.712578206859998287e-01
4.397970931577332987e-01
4.412437523854241817e-01
3.993288041388123322e-01
3.356075815412368213e-01
2.652100766575943291e-01
2.061512899871116300e-01
1.772911344929120891e-01
1.913824019389753217e-01
2.281366448605750830e-01
2.389502188640530156e-01
2.087313036119845255e-01
1.475663303314352359e-01
5.660304242246475687e-02
-6.274355260204710072e-02
-2.019385835928483308e-01
-3.490182869785523612e-01
-4.907828866807295576e-01
-6.068573509010702915e-01
-6.728002928766586566e-01
-6.662255316108617320e-01
-5.881003055294531379e-01
-4.598263038929207847e-01
-2.728048132020507444e-01
-4.769288900647992990e-02
1.365631978252054290e-01
2.585463699131710369e-01
3.528790537079943279e-01
4.550252491751465289e-01
5.590350633173466477e-01
6.086390366741192270e-01
5.838063959081025711e-01
5.033124809944464761e-01
3.846041193788261037e-01
2.468527765783234407e-01
1.079954651663064813e-01
-1.906996861445829639e-02
-1.245226796238960015e-01
-1.943753001606704778e-01
-2.111516102518019578e-01
-1.639211227164145135e-01
-5.749288590387380271e-02
7.192290668324913261e-02
1.742334259871268776e-01
2.308895868005144125e-01
2.455631637136892476e-01
2.223632127404531478e-01
1.669173782005491380e-01
8.515839296950150628e-02
-1.972862738825363962e-02
-1.465439128983296313e-01
-2.888781376046227756e-01
-4.372511926260534976e-01
-5.803632369712339312e-01
-7.032414117168233059e-01
-7.913521069007537490e-01
-8.308808246497018102e-01
-8.043420846876874197e-01
-6.873411431098633839e-01
-4.753555195402272560e-01
-1.870421119505065177e-01
1.268481630406841365e-01
3.850750071355579784e-01
5.670864009097719149e-01
6.950180956608467131e-01
7.633668033362230876e-01
7.668627675530064192e-01
7.192214980791421519e-01
6.373502228165131012e-01
5.319698953434540689e-01
4.113512047881975886e-01
2.843758107032167692e-01
1.620771804040203878e-01
5.447108919466837895e-02
-3.185167761210998955e-02
-9.191512383568113675e-02
-1.247100545139026156e-01
-1.340703565371134665e-01
-1.255528868757055383e-01
-1.029491644712117460e-01
-6.969236358914158991e-02
-3.729087608602799087e-02
-2.060478720751459866e-02
-1.728049214644426790e-02
-2.259247250814257896e-02
-4.756549964734852615e-02
-9.551232553596644692e-02
-1.588524233651587292e-01
-2.306549982598884441e-01
-3.031325245757933162e-01
-3.647296807835385124e-01
-3.997642164344304971e-01
-3.919073761639145781e-01
-3.252056337421031507e-01
-1.830119086761810843e-01
-2.430736317522011469e-03
1.248443100756571889e-01
1.629222391564734418e-01
1.350133295779614162e-01
6.549590346510342220e-02
-2.250786328132797082e-02
-1.143453775482483198e-01
-2.049994755107048539e-01
-2.814424460538315631e-01
-3.224538023377578333e-01
-3.003719819531669999e-01
-1.806869988679847550e-01
2.041004182827638527e-02
2.348174685422508290e-01
4.068338333969953591e-01
4.968133336668163480e-01
5.045509097855880309e-01
4.652787451468748392e-01
4.084320607052052132e-01
3.543548104973826551e-01
3.097637666163639003e-01
2.678529503381838484e-01
2.187147094475164755e-01
1.550681700864983137e-01
7.794716739842312558e-02
-3.469009323621350532e-03
-8.190540834862841679e-02
-1.538307748792897001e-01
-2.127289351821907148e-01
-2.495158503049691445e-01
-2.690115827766517143e-01
-2.874045749611387479e-01
-3.134175541894103634e-01
-3.465601529253213298e-01
-3.761787382991979012e-01
-3.838417746098273797e-01
-3.511782291394590638e-01
-2.616786296812283474e-01
-9.630421016888322805e-02
1.159887368647834205e-01
2.921270360776301311e-01
3.987991835528573725e-01
4.520687097237044982e-01
4.635584192879719789e-01
4.414358069792839734e-01
3.932881788439656079e-01
3.276475410205801353e-01
2.489788053647769839e-01
1.580987609673777938e-01
5.622805558263375969e-02
-5.307364699473571951e-02
-1.629735096146153750e-01
-2.660595919100109952e-01
-3.573232828112230530e-01
-4.322693057193480737e-01
-4.838528914530905167e-01
-5.090164095287492696e-01
-5.084194481054636894e-01
-4.765751002821124183e-01
-3.987498557466043758e-01
-2.604188475131220537e-01
-5.564502623948427290e-02
1.743319518935735890e-01
3.470112072303818129e-01
4.317278008753572260e-01
4.483369262106812747e-01
4.186009522609974720e-01
3.622771569304606420e-01
2.939425473482301654e-01
2.242526766500196056e-01
1.603414475598847755e-01
1.052731741642903979e-01
5.733772885610016745e-02
1.518430524467121769e-02
-1.811291318004230183e-02
-4.083285219901191393e-02
-5.546059132963772342e-02
-6.541350109297333626e-02
-7.043215508940897651e-02
-6.518970783740907216e-02
-5.000203638780174181e-02
-3.479812178567720515e-02
-2.425443542084899234e-02
-1.644410635631887024e-02
-1.261180572574930984e-02
-1.425344574620437954e-02
-2.067160848975871726e-02
-3.055356547049287858e-02
-3.916558757977398053e-02
-4.116701996155130994e-02
-3.730690806928588926e-02
-3.073390923489183885e-02
-2.523777068206421031e-02
-2.653782532153181606e-02
-3.721179418286820612e-02
-5.597518836536298503e-02
-8.062322515529490863e-02
-1.074154887087553217e-01
-1.308444009012686982e-01
-1.444456475430508646e-01
-1.418062091024842875e-01
-1.201009982434027568e-01
-7.990646218013064406e-02
-2.108248685964268787e-02
4.289355764373033175e-02
8.679073775778357869e-02
1.060649285015633214e-01
1.114751251064521886e-01
1.086760210077463568e-01
1.027499229633202227e-01
1.002640052050958602e-01
1.026348680567256422e-01
1.061315912997189970e-01
1.069988320628205702e-01
1.034422383678604979e-01
9.443618086832789027e-02
7.870986226099194183e-02
5.751063719128057805e-02
3.457776158289937313e-02
1.304680840535310526e-02
-5.268587357499984400e-03
-2.001036951824887444e-02
-3.179055637409346213e-02
-3.986696580423232383e-02
-4.277729422126660963e-02
-3.907032958361021657e-02
-2.887686298274451391e-02
-1.635357577511626498e-02
-6.152058621255706780e-03
7.291289921719148331e-04
5.339041112985280085e-03
6.245675963824378826e-03
1.440779612312126888e-03
-8.096595804294328888e-03
-1.899977018819268629e-02
-2.780082926029063539e-02
-3.408815237120394609e-02
-4.084653448163906575e-02
-5.207037470524344264e-02
-6.901751817675567946e-02
-9.077393314775743238e-02
-1.130366791694599193e-01
-1.277122751555734848e-01
-1.312959949570559892e-01
-1.248320422003707658e-01
-1.118113093114312950e-01
-9.895828899389372268e-02
-8.923236248957359951e-02
-7.911193157751783556e-02
-5.837358032887809273e-02
-1.016322278784515497e-02
8.109367653112210805e-02
1.963977619649140693e-01
2.859980141072666626e-01
3.312035661147446075e-01
3.412820535655133325e-01
3.213263182220369441e-01
2.778722245634540067e-01
2.207952977998086375e-01
1.558665541541936483e-01
8.412983469904689038e-02
9.729052453629410263e-03
-6.173889152064472585e-02
-1.289949408337322800e-01
-1.929750662073166090e-01
-2.543529295577521832e-01
-3.124414624250131944e-01
-3.652152703553786517e-01
-4.088128704522259182e-01
-4.346025539780824509e-01
-4.301901820472021076e-01
-3.821457686394820197e-01
-2.759698681579089152e-01
-9.640239221626395461e-02
1.214921570977882948e-01
2.938973579298410632e-01
3.893408107812063035e-01
4.274847964357378904e-01
4.264612408046116743e-01
3.988100656749010708e-01
3.524756336090589248e-01
2.944537738206995381e-01
2.307648591082328282e-01
1.649595348296505615e-01
9.889782980565658965e-02
3.568398916132523024e-02
-1.876523420950786461e-02
-5.847556535396926380e-02
-8.177141214927829971e-02
-9.137273102627591070e-02
-8.927306420771605189e-02
-7.272948738135390223e-02
-5.002233707578085387e-02
-4.156025674681097098e-02
-5.431378409817146091e-02
-8.566568669400886904e-02
-1.324252933703210511e-01
-1.870712945149326234e-01
-2.407104850759199943e-01
-2.857117494145884895e-01
-3.125254214469607161e-01
-3.052266359944063590e-01
-2.458223809931975867e-01
-1.128183647115693911e-01
6.824512331331655801e-02
2.156168401151170866e-01
2.930728872946448127e-01
3.158037862961889375e-01
2.985981884766784611e-01
2.516676216307748848e-01
1.801965534593175933e-01
8.788896279240657194e-02
-1.887796560006339830e-02
-1.277353371486734390e-01
-2.196946667669994468e-01
-2.780545157975378712e-01
-2.925053949836112221e-01
-2.515180582757043370e-01
-1.371255845238814608e-01
2.463166126015229468e-02
1.599182069431195063e-01
2.389442682231890935e-01
2.716744419747892936e-01
2.657477855018500756e-01
2.322621690153400253e-01
1.825764711611762015e-01
1.241072082890313372e-01
6.267048744159495199e-02
2.455333250368918821e-03
-5.698915605814010299e-02
-1.150696841516516133e-01
-1.684670099547067312e-01
-2.130080498213244022e-01
-2.394979469282226825e-01
-2.379670663058809088e-01
-2.068472183017285859e-01
-1.540048383974814694e-01
-8.829245405964039617e-02
-9.543345329653313280e-03
7.597704077669967249e-02
1.491609173722156789e-01
1.980735662728695112e-01
2.196706759295170008e-01
2.153137592170236980e-01
1.900822840608302478e-01
1.529758114727639562e-01
1.157505288041202479e-01
8.630999102250370980e-02
6.474388820068888162e-02
4.251505308984433740e-02
1.677711533845780562e-02
-4.830766286319163050e-03
-1.915331601745212664e-02
-2.834287489439407323e-02
-3.538431864557146922e-02
-4.349324883810397335e-02
-5.336103409043158052e-02
-6.390401186699486147e-02
-7.440206966265941468e-02
-8.501493113985943151e-02
-9.637133061141905932e-02
-1.092006433653709974e-01
-1.244985861797038157e-01
-1.408551151722652328e-01
-1.543892169152071558e-01
-1.625586336736448145e-01
-1.627011413186698063e-01
-1.489260257680903032e-01
-1.129952073877559526e-01
-4.837135675533522916e-02
2.934934407401542517e-02
8.851508060981889969e-02
1.206236791161687805e-01
1.359216934538641230e-01
1.412487635971590438e-01
1.375243280070925500e-01
1.251848779807252510e-01
1.081532088371744277e-01
8.955592377351548339e-02
7.157461050682115133e-02
5.704832961594522023e-02
4.724984612226068581e-02
3.941944601447588958e-02
2.861581548494944796e-02
1.510746848879128065e-02
2.674673671375982394e-03
-7.908336987522236045e-03
-1.610383495471381932e-02
-1.932592602607971846e-02
-1.589163924022635177e-02
-8.611317962219219510e-03
-1.562505804254318148e-03
5.490667210666272044e-03
1.456826194385849559e-02
2.286016892603917605e-02
2.318863219390518426e-02
1.310341968430905196e-02
-3.066384874629673931e-03
-2.279991254269948808e-02
-4.440627450727215042e-02
-6.210254849760796225e-02
-7.285958976687931243e-02
-7.653967781941678483e-02
-7.051954629416361253e-02
-5.420725852137547179e-02
-3.072389560669832112e-02
-6.744791319716697542e-03
1.093416156138173577e-02
2.094568354753656436e-02
2.158666114566575381e-02
1.176194524632923066e-02
-4.814403466663201223e-03
-2.430182196211920498e-02
-4.389184093264011238e-02
-6.030725682415367939e-02
-6.997148420574574035e-02
-6.752078881293657742e-02
-4.808185291036104481e-02
-1.799008821779723988e-02
1.133507670786119276e-02
3.821438022080106411e-02
6.273321219314845210e-02
8.072745471331332912e-02
9.065191943411561593e-02
9.421463927143219896e-02
9.222900672677038225e-02
8.549410671743279400e-02
7.522249219800224151e-02
6.064274686317748519e-02
4.016941471590158158e-02
1.443916376717657886e-02
-1.181039546343490981e-02
-3.252371209754412879e-02
-4.563412628475132377e-02
-5.462885191205070490e-02
-6.229602491184133006e-02
-6.676612024827327518e-02
-6.578347719398407178e-02
-5.815893503402512488e-02
-4.628065744460874847e-02
-3.554191861776044570e-02
-2.718964674072238061e-02
-1.888672486629290950e-02
-7.493680584784349376e-03
8.935638542169336423e-03
3.158181867346784161e-02
5.606625009615162636e-02
6.930733281590513439e-02
6.672509111894660283e-02
5.558504179319049415e-02
4.243448235763370990e-02
3.192008347161663651e-02
2.616366233367348887e-02
2.332598068686176848e-02
2.160942525701892505e-02
1.975633191015353091e-02
1.562848514366856068e-02
7.994872073114594330e-03
-3.322134000482908876e-03
-1.716278098453660056e-02
-2.806082654251914471e-02
-2.771140173345874869e-02
-1.692178192555866822e-02
-5.593873609079457951e-03
2.299831436076885116e-03
1.183572263425104742e-02
2.621784786565910935e-02
4.115915389013996561e-02
5.279372515729705700e-02
6.080745709512908048e-02
5.890283763459233657e-02
3.456457631568506800e-02
-1.521431000276739567e-02
-8.302984695226016398e-02
-1.604678494931094657e-01
-2.388326556736724282e-01
-3.088608432156390027e-01
-3.611406273280058365e-01
-3.842254747986894592e-01
-3.641253173756248684e-01
-2.858665706385574712e-01
-1.331937936519880239e-01
6.378560114184568530e-02
2.291864917271735913e-01
3.327355421349533771e-01
3.868405857941116799e-01
4.011488301912929932e-01
3.827920251884303626e-01
3.391789831826366175e-01
2.786536767397622127e-01
2.066425301410904081e-01
1.273861124368924069e-01
4.794984752938080685e-02
-2.555462830579729311e-02
-8.954426255495237519e-02
-1.376131501372476751e-01
-1.639340680113133830e-01
-1.665800467161479559e-01
-1.509513212607194177e-01
-1.292976699290661058e-01
-1.084920703118170959e-01
-9.005672313365675752e-02
-7.270385910311960576e-02
-5.053001266754269388e-02
-1.751601350702888457e-02
2.217696572568507440e-02
5.376029720169521464e-02
7.167111598989639454e-02
8.126992071759203684e-02
8.447964937452064060e-02
8.069275953605853369e-02
6.900335762462708744e-02
5.098905196768412085e-02
3.083478036589243354e-02
1.161451169876937667e-02
-3.415171185484087990e-03
-1.335032294121741431e-02
-1.947972457079280573e-02
-2.237374353306180799e-02
-1.882291790551493191e-02
-3.586991688004841777e-03
2.179091452125263284e-02
5.009566958171234041e-02
7.481609487084925347e-02
9.240849220498781325e-02
1.005244905117048115e-01
9.820452910145416325e-02
8.814021461433924065e-02
7.296351992504541972e-02
5.246211378975222661e-02
2.450657773565924347e-02
-1.168553171177883626e-02
-5.306009136801279058e-02
-9.634518769805458516e-02
-1.396294236917235143e-01
-1.803345266839051497e-01
-2.163897872352655016e-01
-2.474494969425768687e-01
-2.774328906390406413e-01
-3.096324697821124516e-01
-3.386320560342555575e-01
-3.541672198902638957e-01
-3.457237519503882917e-01
-2.997053946500806698e-01
-2.017580850020445904e-01
-5.261106057475623682e-02
1.420496663251283875e-01
3.464127086581500481e-01
4.872088495799993257e-01
5.411295712402439673e-01
5.296295421373662382e-01
4.699694279250091755e-01
3.822353148810308521e-01
2.836586793329964884e-01
1.840883423728426338e-01
8.988073117653334887e-02
5.863439680229452430e-03
-6.441558708936137578e-02
-1.207947855417801086e-01
-1.653231754918761953e-01
-1.969431928788430430e-01
-2.080866521105775857e-01
-2.033321749829788416e-01
-2.037138877089010314e-01
-2.128102490016190451e-01
-2.190096837430510479e-01
-2.152803022970648794e-01
-1.937183357056030952e-01
-1.432003741306319688e-01
-5.472301999845077813e-02
5.188903689974805333e-02
1.350843590631471969e-01
1.814991681055486139e-01
1.987024567433253730e-01
1.907888430008095604e-01
1.655273745522586881e-01
1.358194005253350600e-01
1.112266389381147275e-01
9.536999374860476164e-02
8.742312324096053466e-02
8.346640750232706130e-02
8.061008932608518252e-02
7.593825556118019571e-02
6.581978395117023262e-02
5.029797430073491143e-02
3.073591138366930237e-02
5.643767389363479881e-03
-2.554131556536858375e-02
-6.097057519627421818e-02
-9.926887970879602618e-02
-1.368872159248630815e-01
-1.661316618681513979e-01
-1.816319487412755840e-01
-1.843714020480825000e-01
-1.783526525149671249e-01
-1.642785047629668205e-01
-1.384184245652626266e-01
-9.758707535003008360e-02
-4.008182056346549366e-02
3.560903578919556028e-02
1.164039651307499229e-01
1.760328835923666846e-01
2.065951866748195476e-01
2.159200047961897795e-01
2.095966275757321085e-01
1.935909985651221854e-01
1.732296714265163240e-01
1.499989315559705771e-01
1.228491800153469760e-01
9.161883291060840540e-02
5.775093174667238205e-02
2.126641068743591670e-02
-1.986232073951909108e-02
-6.813077936552174030e-02
-1.250934584658583149e-01
-1.896689405891138769e-01
-2.578127020148153203e-01
-3.249778817578885537e-01
-3.865828521501696313e-01
-4.338973951225058578e-01
-4.536418997328270919e-01
-4.295758382233993977e-01
-3.428602186074120040e-01
-1.739080475428450845e-01
4.443623754090371414e-02
2.291261701904263870e-01
3.507502748565429207e-01
4.307032976331118812e-01
4.781244883459171979e-01
4.899940364493189371e-01
4.700912658074296036e-01
4.277686950187902792e-01
3.654187512290634210e-01
2.818900189681877722e-01
1.827845122101060538e-01
7.571799386642662222e-02
-3.381848921553219645e-02
-1.422203156828000248e-01
-2.490623666223511501e-01
-3.503977575985351423e-01
-4.379929219702537457e-01
-5.030726374348886143e-01
-5.355369721877518696e-01
-5.230631333366315694e-01
-4.707722516083104880e-01
-3.991333887148705295e-01
-3.236540566492674409e-01
-2.578735750482376576e-01
-1.928328766952352169e-01
-1.256859315194021609e-01
-8.048944623044468338e-02
