2.940223367870642424e-03
-7.233698357642326382e-02
-1.350177189176899606e-01
-1.736920792004226499e-01
-1.794999405882867771e-01
-1.523854057806613982e-01
-9.891516145423243089e-02
-3.652978478683613361e-02
1.398071305030050560e-02
4.840391202889374189e-02
7.060926786375794351e-02
8.385115050501978917e-02
9.126801166731611514e-02
9.295634606357910945e-02
9.111982836851702239e-02
9.137160249981313154e-02
9.793863881155472073e-02
1.137708117346081793e-01
1.390876049319428598e-01
1.652397743645795114e-01
1.790254046686171052e-01
1.745911020557966986e-01
1.489494331711070929e-01
9.478482241453296819e-02
8.946454241282736364e-03
-1.030548760254069579e-01
-2.354556849039875221e-01
-3.835054902034978896e-01
-5.321749374700324164e-01
-6.560741262774156812e-01
-7.329641198525270740e-01
-7.492420826797064892e-01
-6.916704415332574074e-01
-5.511020788838270068e-01
-3.290275742868898345e-01
-6.366865291214385270e-02
1.772745300355623166e-01
3.706286945761871898e-01
5.355958598512463587e-01
6.700353722264748013e-01
7.504925603725146610e-01
7.697197748980375565e-01
7.318762000128894440e-01
6.456672978986497391e-01
5.272516175370355329e-01
3.934502533378849698e-01
2.587635815083175750e-01
1.299317560955514927e-01
7.280704019088354850e-03
-1.114814656625506967e-01
-2.300569826927324479e-01
-3.495407287924623407e-01
-4.628565976699987039e-01
-5.583011499474794803e-01
-6.245828969470971215e-01
-6.474183489679350423e-01
-6.082362571086601388e-01
-4.817118443352256252e-01
-2.742657212026261560e-01
-6.942927361812935294e-02
5.086200042396191862e-02
8.146164175754527781e-02
5.171186964907203976e-02
-5.029839612141873140e-03
-4.898710007720898790e-02
-4.022629349185020270e-02
2.829830867778566558e-02
1.179319110030651874e-01
2.059657498366355421e-01
3.005075472117701429e-01
4.087759815750143799e-01
5.081855341140661952e-01
5.502220380030466984e-01
5.267371224867234414e-01
4.601223311911760150e-01
3.635921048694125135e-01
2.534969852273752933e-01
1.483720251682503211e-01
6.271717948859223402e-02
4.738467816703048618e-04
-4.858742448535786906e-02
-9.310028511295409537e-02
-1.355337214606133767e-01
-1.831329131115844722e-01
-2.415728880863715067e-01
-3.050611005007002330e-01
-3.607123535819822813e-01
-3.939876090341972725e-01
-3.857069536294560619e-01
-3.429371568393842495e-01
-3.108504485526527028e-01
-3.115852295760357937e-01
-3.304723615027583827e-01
-3.446305523966698980e-01
-3.440996210422390122e-01
-3.312662353973205853e-01
-2.916478399885817363e-01
-1.971277179297682702e-01
-2.505663688176987258e-02
1.895232494077207508e-01
3.628754302230771667e-01
4.694652616151828717e-01
5.238209008164504965e-01
5.221282839911636220e-01
4.711178559892982287e-01
3.937055159500905122e-01
3.093371256326186702e-01
2.293107282470551733e-01
1.601857946196724169e-01
1.054007550222258449e-01
6.361626393630438747e-02
3.012085528636634923e-02
1.178352231991027649e-03
-2.307429860877117239e-02
-4.090141627325057788e-02
-4.992017728832009310e-02
-4.730873109457730402e-02
-3.408401904047954345e-02
-1.301747762139946960e-02
1.192428074155846979e-02
3.586313763890129624e-02
5.871482552926030746e-02
7.960960558085572458e-02
9.420017281820244892e-02
1.017139304304975900e-01
1.049476754462964068e-01
1.049696153017427858e-01
9.532971120494285189e-02
6.713224776227660895e-02
2.038766531972297305e-02
-4.002076740060920429e-02
-1.155243535587868603e-01
-2.084916421353330274e-01
-3.120445890518362408e-01
-4.136788239267403244e-01
-5.014777726061139251e-01
-5.637014464603260500e-01
-5.866910139164489557e-01
-5.600680891962295238e-01
-4.817440995676385285e-01
-3.463219307059162699e-01
-1.485999418198556410e-01
8.189974055311131929e-02
2.703380477523646963e-01
3.528981344120102892e-01
3.329750175204108098e-01
2.498913054869648653e-01
1.349960078109112560e-01
1.507072788255781060e-02
-8.373905365349017249e-02
-1.381374593259455663e-01
-1.426797866349200083e-01
-1.037526415493135734e-01
-6.873084309074754296e-03
1.529438808829809981e-01
3.179100902828375097e-01
4.171471265624056013e-01
4.440528265518377538e-01
4.261346531029456264e-01
3.810153852037411193e-01
3.226586015107397176e-01
2.600560518680291588e-01
1.959234690797862777e-01
1.327194787405816534e-01
7.279530064006671519e-02
1.978770911915983879e-02
-2.235492980810216412e-02
-5.550270889175721450e-02
-8.116337367963188942e-02
-9.603930998041784739e-02
-1.009171819816158389e-01
-1.007853898536163056e-01
-9.796655635716558508e-02
-9.221911664731599623e-02
-8.404869316823793124e-02
-7.728335981755124484e-02
-7.707448901300945066e-02
-8.187326032490366279e-02
-8.143686601993074814e-02
-7.023478276215883165e-02
-5.550423794898265428e-02
-4.531954541806719472e-02
-4.236895674077334473e-02
-4.537018282289412285e-02
-4.827671578401419167e-02
-4.665347086191794918e-02
-4.360470647492596663e-02
-4.461805643682644623e-02
-5.052022604525412824e-02
-5.881779368054000645e-02
-6.802846352318837886e-02
-7.981304331701793986e-02
-9.686583052477894251e-02
-1.172727287276118108e-01
-1.339506221117974794e-01
-1.380401841638654037e-01
-1.189520804649019659e-01
-6.309269540908267471e-02
3.745301515412743920e-02
1.561965771991675744e-01
2.483463428401602724e-01
3.016043238679842475e-01
3.221445920313225075e-01
3.114287852984120586e-01
2.749921788223813057e-01
2.219742624052488678e-01
1.571092498328258147e-01
7.716549495796284908e-02
-2.159460877347730429e-02
-1.358010173027335565e-01
-2.567237140108888926e-01
-3.718203568176634555e-01
-4.645080292265431621e-01
-5.052857737992679787e-01
-4.568148202728681828e-01
-3.301504093849300658e-01
-1.770981272574860543e-01
-1.658283068539879307e-02
1.636435532174711494e-01
3.472564951811534240e-01
4.813559816705689220e-01
5.408863780184034464e-01
5.335858121539720500e-01
4.677736645495931822e-01
3.572000939936775255e-01
2.179092234466849243e-01
6.396828497481918396e-02
-8.938262832154593440e-02
-2.302378455721808825e-01
-3.523004381281801822e-01
-4.495572532263319432e-01
-5.128742832173425192e-01
-5.278635130191517977e-01
-4.768205641645633652e-01
-3.504716364036766785e-01
-1.685909527453695045e-01
3.835254476010176161e-02
2.331689113581660588e-01
3.634126264046689259e-01
4.098874022310532439e-01
3.855947018618930966e-01
3.076897599777858594e-01
1.983693220941019353e-01
7.739682495241674565e-02
-3.982456788514853602e-02
-1.376520555000043944e-01
-2.012937953773055455e-01
-2.199319187868029879e-01
-1.850067865974840964e-01
-1.128757036724354068e-01
-4.222349838001768912e-02
1.713078792154466151e-02
7.308994109871411182e-02
1.163332537640118791e-01
1.408114828896143422e-01
1.502004398027649290e-01
1.436064126435160071e-01
1.200126405652188893e-01
8.402564867591753861e-02
4.388989833444048583e-02
5.659990127412491308e-03
-2.630766019709582584e-02
-4.697939719839797079e-02
-5.207872966779128476e-02
-4.049864127420836624e-02
-1.479672001590978322e-02
2.549009537077193827e-02
7.357072058473125564e-02
1.104858302397177250e-01
1.243863895697816663e-01
1.127538061253575419e-01
7.975651146110868117e-02
3.332898888810955501e-02
-2.260720784545480408e-02
-8.210678767471647765e-02
-1.337648560817685517e-01
-1.671994193999761791e-01
-1.855251322351489929e-01
-2.006412461498048583e-01
-2.121973331007412089e-01
-2.114936099986169382e-01
-1.958782641625026466e-01
-1.648772330062163172e-01
-1.071980956217692960e-01
-2.073100938253393324e-02
6.203632816801430555e-02
1.099767181782949355e-01
1.233602442785354525e-01
1.162277212944390903e-01
1.002412617094891323e-01
8.260061517635540473e-02
6.706205478771949668e-02
5.215794439047193032e-02
3.545381086844837104e-02
1.918247607374603397e-02
8.411545187654353301e-03
6.409363376069922985e-03
1.109059940601675280e-02
1.804212253297082097e-02
2.615478550021131665e-02
3.644245081438705902e-02
4.920436603523358626e-02
6.408360357443521060e-02
7.850851432290008314e-02
8.849664482632955964e-02
9.515832704959914512e-02
1.022836122371445500e-01
1.074288858452186329e-01
1.067628830021376263e-01
1.004214982501369091e-01
8.844577020199750894e-02
7.100061642102614701e-02
5.143445021533013528e-02
3.439753795124288194e-02
1.848982641879261951e-02
-2.135412864388751275e-03
-2.818848390227371090e-02
-5.926358136221206163e-02
-9.805455097244195062e-02
-1.451546021059764990e-01
-2.018109993127413515e-01
-2.710325597095459282e-01
-3.451359525671799378e-01
-4.076213076839106386e-01
-4.464770718782713477e-01
-4.512051208563959692e-01
-4.060180572742548288e-01
-2.969262705366687016e-01
-1.166301686023032413e-01
9.495899677426269947e-02
2.560758192128888555e-01
3.413878147341785074e-01
3.755524854986723726e-01
3.754626438977564096e-01
3.516964535921758284e-01
3.127658527537604538e-01
2.648676286901384125e-01
2.148803716851626078e-01
1.720806539364890253e-01
1.409515411002687235e-01
1.204549687866054986e-01
1.078137850674745907e-01
9.960290603001926979e-02
9.194679888263618261e-02
7.948056477163223388e-02
5.798146566230225063e-02
2.766054805165639452e-02
-6.858876569135953505e-03
-4.184419885184702953e-02
-7.812829805961017671e-02
-1.175000543604000636e-01
-1.588220942930656521e-01
-1.990460091437517287e-01
-2.383917843133566972e-01
-2.771816348740461233e-01
-3.090246170390733016e-01
-3.214166093591555584e-01
-2.997975213084920210e-01
-2.334144098701754766e-01
-1.153676470866371040e-01
6.164033619601389652e-02
2.590223878487424858e-01
3.930551042062460088e-01
4.349513440980644075e-01
4.097920031046236033e-01
3.411748769124313685e-01
2.511087454881101300e-01
1.597937159113360372e-01
8.574589872401210122e-02
2.680291039871485204e-02
-4.282720563494290394e-02
-1.276656314983326823e-01
-2.097595620868315247e-01
-2.769679202094132431e-01
-3.184982207447933367e-01
-3.214516512275468196e-01
-2.781476694716550346e-01
-2.179320849853470521e-01
-1.956936161051849310e-01
-2.075906219374409056e-01
-2.001089226076491756e-01
-1.658733569674928354e-01
-1.394827546722517408e-01
-1.147912745959217551e-01
-4.920958834928240710e-02
5.522023876598249753e-02
1.546575041855321742e-01
2.184832806293443563e-01
2.291791872216504822e-01
1.916031770462152672e-01
1.347069888989804176e-01
9.371199283617359654e-02
1.057476465355866174e-01
1.551030997842822445e-01
1.702225306805462968e-01
1.260043706130853924e-01
4.933177708575740839e-02
-3.093020179662029842e-02
-8.565548315954872594e-02
-9.078694876020339255e-02
-2.847286030391991268e-02
7.579425065057188160e-02
1.553676135862104846e-01
1.859534790043512464e-01
1.833589557200013820e-01
1.609898484902856086e-01
1.279818828097341876e-01
8.706197611206495379e-02
4.019132009182695142e-02
-7.555606605269537049e-03
-4.605357642312518651e-02
-6.085078427888090946e-02
-5.357507526696605321e-02
-4.571217780978481526e-02
-4.580309616630815622e-02
-4.800084662661735502e-02
-4.964870457283053484e-02
-4.895115347374350001e-02
-4.544633999321737866e-02
-4.100753282684665990e-02
-3.535785159961440938e-02
-2.495686543753356662e-02
-5.735783845257557897e-03
1.783354514758237266e-02
3.387345328156495666e-02
3.597320702597402164e-02
2.084005555221766018e-02
-6.603655724347330322e-03
-2.973325999839007000e-02
-4.203137141004467670e-02
-4.598009878361564162e-02
-4.088544154365041094e-02
-3.903241367715165611e-02
-5.753876024645877829e-02
-9.354681223579394689e-02
-1.303639983650517198e-01
-1.545685288116570300e-01
-1.667993652021337314e-01
-1.724654685413061217e-01
-1.663769772752388687e-01
-1.440598790772694149e-01
-1.089319088119204554e-01
-5.835621274175569612e-02
1.702923232422559607e-02
1.057381499567935645e-01
1.733934206137673628e-01
2.062730637756675089e-01
2.129927297575558987e-01
2.012222696368548558e-01
1.766079833090921647e-01
1.439811874324247731e-01
1.094341458054418070e-01
7.816102835851194974e-02
5.088983339328406047e-02
2.598234420253073620e-02
2.207737894122090150e-03
-2.302796654056426043e-02
-5.110820759017455778e-02
-7.841321270982626324e-02
-9.799663559466327556e-02
-1.046896206787507333e-01
-9.807146563817267793e-02
-8.112151775850730273e-02
-5.735979867262555598e-02
-2.867850001563579387e-02
4.580993875569867695e-03
5.062237085049508395e-02
1.070202914743750011e-01
1.502555729048353217e-01
1.678635588814944013e-01
1.586545419394806145e-01
1.278108259897256238e-01
8.597808615861048109e-02
3.737696666920985178e-02
-1.179479018151026980e-02
-5.124331648940346623e-02
-7.720378434456298677e-02
-9.162326397733211447e-02
-9.517330275035325304e-02
-9.189032397129076601e-02
-8.991155338914912087e-02
-9.555192958643460299e-02
-1.134941509877195193e-01
-1.429592202092552222e-01
-1.745223243244551636e-01
-1.969691579458597297e-01
-2.072074241828490149e-01
-2.038238660748338260e-01
-1.795673972736698265e-01
-1.412663009570265527e-01
-1.051054050131715323e-01
-6.313035152385298998e-02
1.363820007362080353e-02
1.161807142141262073e-01
1.922434865267109716e-01
2.249156550867252580e-01
2.326014617760817083e-01
2.327183360439889215e-01
2.427359907697952401e-01
2.590129120887851299e-01
2.581476523575215176e-01
2.332549990426385222e-01
1.928522277027881759e-01
1.433115534456949336e-01
9.087602221101698241e-02
4.061811363905854649e-02
-6.799109693676211319e-03
-5.401520401216768075e-02
-1.012718620682298565e-01
-1.419400950759791558e-01
-1.719464768285310363e-01
-1.952944446885979402e-01
-2.104928641149948765e-01
-2.038440062079080739e-01
-1.760472419707149183e-01
-1.495404304282986763e-01
-1.288009530794533009e-01
-8.880348087196443529e-02
1.462108335741073989e-03
1.248370163633469310e-01
2.172082760541964586e-01
2.533386857241050616e-01
2.517279271018112996e-01
2.280482057222627257e-01
1.899270842236036316e-01
1.468239240742187368e-01
1.126210544887519122e-01
8.803351663140562833e-02
5.994766570457427807e-02
2.235190847909516304e-02
-2.647440377233066175e-02
-8.585299732919121629e-02
-1.496434500128071277e-01
-2.089732291601946179e-01
-2.464232680656755492e-01
-2.474285329129302102e-01
-2.194444947689658532e-01
-1.742663760360201874e-01
-9.664095467180394694e-02
1.640148158706538489e-03
5.780878721260358788e-02
5.176556413994760214e-02
1.380246811247553065e-02
-2.521571604705523384e-02
-3.873625113574526158e-02
-3.874254165438564823e-02
-6.749440084320323940e-02
-1.352125462445433746e-01
-2.272220331663107606e-01
-3.262817371336536598e-01
-4.072085384159279120e-01
-4.366112073077083044e-01
-3.766875654582054755e-01
-2.291139376207378953e-01
-3.626190512334981353e-02
1.600277069155322807e-01
3.186389083740918671e-01
4.351188589158802023e-01
5.451239007861420349e-01
6.456161002135324400e-01
6.876678071299672235e-01
6.564220332029312432e-01
5.752877565948202321e-01
4.617887504910494489e-01
3.256982890459744762e-01
1.726609999276144947e-01
8.104578016349974628e-03
-1.577672057216628343e-01
-3.075612214488260276e-01
-4.259424062671368083e-01
-5.103969097468724625e-01
-5.564206502466854110e-01
-5.436757142026104050e-01
-4.520005613975182079e-01
-2.694961360731870093e-01
-3.992595683623771652e-02
1.351758881484985408e-01
2.118320065147621667e-01
2.157790818770346508e-01
1.826163768285659905e-01
1.440322814815048758e-01
1.208505971577598370e-01
1.250938674925262117e-01
1.400427694149682933e-01
1.280397053276973174e-01
8.584005577783419827e-02
3.321274346839424296e-02
-2.402500504394128322e-02
-8.955215548153246108e-02
-1.653069768479513146e-01
-2.428213072984500287e-01
-3.041306360560620536e-01
-3.300795277462929000e-01
-3.075095137609621943e-01
-2.248900967320032473e-01
-1.030803101350643847e-01
2.909284709177790539e-03
7.697758808684423970e-02
1.386468367808080804e-01
1.874940358306330657e-01
2.033380227320353284e-01
1.847756857168526279e-01
1.487177482238232762e-01
1.021113508659812485e-01
4.629933981329254628e-02
-1.415986438082648263e-02
-6.783547340474499476e-02
-9.567850927626027346e-02
-8.061355151064063251e-02
-3.417353154766269996e-02
1.069647143076428442e-02
4.174551931787414544e-02
6.191771660553561235e-02
7.633885159407341470e-02
9.397761926767506102e-02
1.110082947225293631e-01
1.196450151730651390e-01
1.278952245360189810e-01
1.322933734234524872e-01
1.122354457201803213e-01
6.381624087696696757e-02
7.920374468961684580e-03
-2.906076275525476885e-02
-4.083649326952662473e-02
-3.499501996570694023e-02
-1.369597244078297679e-02
1.573140231096148769e-02
3.947825326980534261e-02
5.301580982989202717e-02
5.784286472321320538e-02
5.834288513139463533e-02
5.492062161455373015e-02
3.955802628289147721e-02
7.160699998277642378e-03
-4.041878256625162924e-02
-9.320411633340455748e-02
-1.381946413424211817e-01
-1.687737490293307885e-01
-1.904001047868378038e-01
-2.118205570088368406e-01
-2.267560321583445559e-01
-2.162972144589686840e-01
-1.579065902012274925e-01
-6.789722170273597424e-02
-5.474884645786640483e-03
8.023005280917781812e-03
-4.687166612518535447e-03
-2.737050640668793958e-02
-5.685051666494760070e-02
-9.397466972260526408e-02
-1.393255455703395762e-01
-1.830981663092007272e-01
-2.043718058181480945e-01
-1.785774060898414894e-01
-1.085772500078520386e-01
-2.716152479297557695e-02
5.797720105141197788e-02
1.521159082127307161e-01
2.567204491952899681e-01
3.600121402804279946e-01
4.183868961138833553e-01
4.150048775962725811e-01
3.676988322879264359e-01
2.965323413398250896e-01
2.235883165399654426e-01
1.568498918257987540e-01
9.364324221051018027e-02
3.834379988839863029e-02
-5.073245309626328581e-03
-4.221686294145241686e-02
-8.011350023759808425e-02
-1.182260833809388456e-01
-1.519167990673464808e-01
-1.786387818930277871e-01
-1.934159435328418331e-01
-1.869916389167530779e-01
-1.528021632708942423e-01
-9.915889237695779679e-02
-4.788267345929591440e-02
-1.306621408689947680e-02
6.125677556458108269e-03
1.829517551394471350e-02
2.933321521512250937e-02
3.714096610711630636e-02
4.003291228752264841e-02
3.969203047922607169e-02
3.742480638358714612e-02
3.471011198386023816e-02
3.432629640397058535e-02
3.654392315467640262e-02
3.786696580575367455e-02
3.360673936076543494e-02
2.129333378696934842e-02
4.358183782902154413e-03
-1.166040065780638534e-02
-2.275095366122987378e-02
-2.949667436839243512e-02
-3.739856072347760158e-02
-4.870430785399026269e-02
-6.190618664684015282e-02
-7.751170194752909914e-02
-9.515036775966563554e-02
-1.082793418301722516e-01
-1.075339922191690945e-01
-8.704849426367296250e-02
-5.563214037252829647e-02
-3.075992000151277911e-02
-1.484969223565989899e-02
9.816441735610755004e-04
2.734353146741898971e-02
5.953205408949545363e-02
7.275775395621920938e-02
5.836686214699582376e-02
2.591538556094164641e-02
-1.351759417858895349e-02
-4.876847136258980614e-02
-6.944168223472449442e-02
-6.195587699564411577e-02
-1.024762249587345131e-02
7.624944764400638786e-02
1.594889962072255640e-01
2.136836594105929188e-01
2.265189543000624695e-01
1.956412038285786081e-01
1.327842956658939477e-01
5.658933548572183531e-02
-1.038687428151830426e-02
-6.002789929263101926e-02
-9.797820248973684865e-02
-1.193139553803751751e-01
-1.225143294798484161e-01
-1.181168673029926314e-01
-9.928725490563583556e-02
-4.414292362390396379e-02
7.164229788726750314e-02
2.247641302229854698e-01
3.328709090139911897e-01
3.547742284342605412e-01
3.033496910310570227e-01
2.036808575542977673e-01
8.674414012271097763e-02
-2.451362050903835299e-02
-1.082175867762780463e-01
-1.652919928603462929e-01
-2.306722049593787904e-01
-3.170091658662163026e-01
-4.058713456631947158e-01
-4.655662801178137578e-01
-4.503658702003485725e-01
-3.674561266681485305e-01
-2.816347104086341369e-01
-2.069343425204941411e-01
-1.436916665484000433e-01
-1.249051405034091455e-01
-1.385463923004199849e-01
-1.595321688522121084e-01
-1.868767548123563271e-01
-1.903917797494070197e-01
-1.131902557597206371e-01
4.232574428106879866e-02
2.164984645978759448e-01
3.678289882201390415e-01
4.659083447238425713e-01
5.042631309130402029e-01
5.115821990836318944e-01
5.030559014959664621e-01
4.655430121620530159e-01
3.980761455398443283e-01
3.180969711760816554e-01
2.433005892458361963e-01
1.983952853811215000e-01
1.786781810367703005e-01
1.417431165282255490e-01
7.144686467592117896e-02
-1.458703330445628582e-02
-1.008261257436868924e-01
-1.828783906956700789e-01
-2.564642731180072355e-01
-3.094876070608451601e-01
-3.236651748556711450e-01
-2.785954425389648437e-01
-1.949398486289448118e-01
-1.297721001241071703e-01
-9.196016370247690752e-02
-4.684615703286648669e-02
4.251115859793888618e-03
2.771495882692259424e-02
1.675454245385067653e-02
-2.167719666228127076e-02
-9.530841473313608758e-02
-2.024496680488515610e-01
-3.149318219834224553e-01
-4.004360189137997073e-01
-4.471344436735585348e-01
-4.389102894347047257e-01
-3.610977729421546711e-01
-2.248372942516787543e-01
-6.154657992594502608e-02
8.792509944859080995e-02
2.267233295004595917e-01
3.609367721175693600e-01
4.483714059762488047e-01
4.767317169093608364e-01
4.690071307768642339e-01
4.387351995880760525e-01
3.908602656639469375e-01
3.305290018841947619e-01
2.638861288020498685e-01
1.917569015501666696e-01
1.145930590152519080e-01
3.609667689491663500e-02
-3.696861063867256519e-02
-9.517251920372016283e-02
-1.362625357932074344e-01
-1.646880023361683709e-01
-1.814248426683013338e-01
-1.854833462670937849e-01
-1.785679247312263185e-01
-1.618145091544201664e-01
-1.315073303892199397e-01
-8.530060298019677412e-02
-3.813992241746785861e-02
-1.026376665360312183e-02
-1.483455637118942082e-03
-3.134962543846508010e-03
-1.023595365947882821e-02
-1.969760762443711899e-02
-3.168635375684466376e-02
-4.644770166260976663e-02
-6.304020647553285062e-02
-8.025743396674406283e-02
-8.442432219905124380e-02
-5.392018377338191060e-02
2.757461239949951515e-04
4.657871968154741332e-02
7.805207054998192229e-02
9.944493170379649361e-02
1.088548527184187709e-01
1.072520224080834444e-01
9.909129329491962734e-02
8.912284312182389145e-02
8.476544827744940391e-02
9.339506224293264713e-02
1.070965461711170519e-01
1.038829897505511579e-01
7.354203444406429147e-02
2.198311871633335662e-02
-3.796927706228576255e-02
-9.535301496972896362e-02
-1.467703072213229765e-01
-1.868654498338180314e-01
-2.084875494324294198e-01
-2.115382255424179958e-01
-2.121302273962646645e-01
-2.326257884386875863e-01
-2.729851807966618416e-01
-3.165064076960140693e-01
-3.459881155890303095e-01
-3.418678175723761092e-01
-2.813275627867278805e-01
-1.400763757301942691e-01
6.089512270544676642e-02
2.587491852147716931e-01
4.174212748982057408e-01
5.175864535412932899e-01
5.512908668782198207e-01
5.302140616984817312e-01
4.698130178765600462e-01
3.872155527817484066e-01
2.990969939691314194e-01
2.217203822261981649e-01
1.684821713282645683e-01
1.287782863181631821e-01
6.991372477012033904e-02
-1.842433970713426225e-02
-1.202275292301465126e-01
-2.219786615138130137e-01
-3.193137425456615830e-01
-4.089805270143715976e-01
-4.843624723930952669e-01
-5.386275786069201210e-01
-5.649943232964753648e-01
-5.471428707280862058e-01
-4.607464369480207544e-01
-2.836703118432236104e-01
-4.609903862624221277e-02
1.695252136533679788e-01
3.330333703765607223e-01
4.695399794660586323e-01
5.762198467442735117e-01
6.180444934391958745e-01
5.864443530068202959e-01
5.014274683849011538e-01
3.833907743906556087e-01
2.519467625179286352e-01
1.213179011711196936e-01
4.432248782656897368e-03
-8.907159003069109460e-02
-1.572143900718668830e-01
-1.997626858951848106e-01
-2.243712769510414207e-01
-2.466151021084772854e-01
-2.712384679346308558e-01
-2.883096412987958823e-01
-2.969581923845464599e-01
-3.088632731440010271e-01
-3.192398720167632931e-01
-3.049320752471954554e-01
-2.376292123281605329e-01
-1.185224292192376683e-01
8.456815630675474857e-03
1.096147516376592967e-01
1.730116725428103575e-01
1.953517627174868321e-01
1.872749553046046955e-01
1.681703054436673450e-01
1.584768510557505727e-01
1.522684638634033694e-01
1.219257640673317711e-01
6.222924607208312614e-02
-1.986575219564248179e-02
-1.207531984582384810e-01
-2.264897429354225389e-01
-3.155493268955514297e-01
-3.669343641859000305e-01
-3.641028951269247305e-01
-2.922137858411293365e-01
-1.457323776875316113e-01
6.638505762847918268e-02
2.934765252963669746e-01
4.531131470772374881e-01
5.211589421777798048e-01
5.222656432541138427e-01
4.762636012148241949e-01
4.037073415160460366e-01
3.220993516529317979e-01
2.392660559325763547e-01
1.606990386055757725e-01
9.330605569024347234e-02
4.088923820560358413e-02
4.412900941659567144e-03
-2.042377309842108302e-02
-4.153184304428218093e-02
-6.358889310612925172e-02
-8.869320954884332697e-02
-1.179549918266758757e-01
-1.504535883344926828e-01
-1.803341234659502912e-01
-1.968283559889527079e-01
-2.030080795275469585e-01
-2.182079835561045178e-01
-2.462678420953876846e-01
-2.735640734835146914e-01
-2.990342537913457388e-01
-3.300118001150931790e-01
-3.546275550657171372e-01
-3.470462913660348203e-01
-3.088759420214215456e-01
-2.664544462635127786e-01
-2.158807708348110532e-01
-1.247493973202599832e-01
-5.653830403078395628e-03
8.177277242179752104e-02
1.268744434404791566e-01
1.678047745047337724e-01
2.169907648559909752e-01
2.609483805285679470e-01
3.076451127019643739e-01
3.902938221917268691e-01
4.909677218427296319e-01
5.388888548978476578e-01
5.133709640314945144e-01
4.376633755008774163e-01
3.285628525563327740e-01
2.043975674032543211e-01
8.457062306591385525e-02
-1.923316444419766180e-02
-1.145462968723825886e-01
-2.155163932925256987e-01
-3.155683050653010913e-01
-3.969404613999653608e-01
-4.440721878742528439e-01
-4.363677611140683865e-01
-3.645133674167989613e-01
-2.372131637188067965e-01
-9.030005415173579519e-02
1.229819596023598409e-02
4.490263193413068787e-02
3.110658956519222682e-02
-3.340079599522455256e-03
-3.694841380541009912e-02
-4.447325316764167563e-02
-3.009051135269699695e-02
-2.995811222315531916e-02
-4.698526296543116543e-02
-4.988453372218372428e-02
-2.731289165672565536e-02
5.605837638650936622e-03
4.751427788285343679e-02
9.867285934556009608e-02
1.389519974864896756e-01
1.619445862643546785e-01
1.746729143190407230e-01
1.771898256316838671e-01
1.702180026298837912e-01
1.578968342648029433e-01
1.407272918261925354e-01
1.182211191724742566e-01
9.316439242627019834e-02
6.940018640699056884e-02
4.634177713850156505e-02
2.015758956298948495e-02
-9.308869967512279492e-03
-3.898681814899905562e-02
-6.408429594427880738e-02
-7.951999279906325768e-02
-8.381243030230092761e-02
-8.038040909706535564e-02
-7.639654624622868595e-02
-7.446802328774226876e-02
-7.042748384995592414e-02
-6.444636506114190255e-02
-6.070226627647597878e-02
-6.061778786030456306e-02
-6.173926572611584951e-02
-5.701249935762212062e-02
-4.023399576263992500e-02
-1.348563365984052458e-02
1.925433478784217486e-02
5.442289011841189988e-02
8.174253828416347400e-02
9.235362896344190275e-02
8.529044884200359666e-02
6.563682738296859609e-02
4.128166361530858502e-02
1.473266010679443253e-02
-1.541428145897958540e-02
-4.566949176669846816e-02
-6.722979107164010759e-02
-7.134543155433428763e-02
-5.579624222907059866e-02
-2.536908968290325569e-02
1.429128288441523439e-02
5.443063458235993662e-02
8.544796748642402573e-02
1.089020663464001365e-01
1.259920520158029911e-01
1.264591981826958811e-01
1.029066541603195911e-01
5.520831951532895188e-02
-1.127760947003002279e-02
-8.494985116078036802e-02
-1.550390603356650021e-01
-2.159447871694456789e-01
-2.636086221363980742e-01
-2.932236384480091940e-01
-2.979003754771088475e-01
-2.647347582178753989e-01
-1.739872745606729776e-01
-2.930525447931434796e-02
1.373743232763155742e-01
2.991410264086197257e-01
4.354435600046104859e-01
5.233481637108777784e-01
5.376276187150814678e-01
4.756494490024112398e-01
3.563029694254217783e-01
1.920317288460660909e-01
-3.456979095961765225e-03
-2.122162260747725848e-01
-4.211775610439706385e-01
-6.192074117197536864e-01
-7.917662379303986864e-01
-9.172633453667156100e-01
-9.653407312988330213e-01
-9.037617765484936561e-01
-7.062238805142224685e-01
-3.798698702916258885e-01
1.962823413456733085e-02
4.022303090474671494e-01
6.829123201814315536e-01
8.455158208113524587e-01
9.130260039688952167e-01
8.959927353511043524e-01
8.102045634527264006e-01
6.808202621498214979e-01
5.312431894731365345e-01
3.762736744560446489e-01
2.215941553983591661e-01
6.934671125080625609e-02
-7.554050169460325981e-02
-2.026636315985064773e-01
-2.999600733539176112e-01
-3.592049651458956716e-01
-3.811696004301820540e-01
-3.739700436745996281e-01
-3.412962471093853312e-01
-2.785099879370804832e-01
-1.812746329109242716e-01
-7.115258669394540492e-02
1.312598608024239527e-02
6.242324946391101387e-02
8.469250304611904145e-02
8.347019392772903057e-02
6.501440946815671695e-02
3.542315956865568771e-02
1.510915606234399314e-03
-3.057507953332703685e-02
-5.617757256052711978e-02
-6.604343746440013985e-02
-5.407393240016461489e-02
-3.674253895802614273e-02
-3.688788652093689946e-02
-5.214134522445244835e-02
-6.811887533521558680e-02
-7.665064418540123992e-02
-6.885019975469457154e-02
-3.408583383320661075e-02
3.593099135775735392e-02
1.245141631354552553e-01
1.920770748108826531e-01
2.216786536133423247e-01
2.168832156153565061e-01
1.818145276302323143e-01
1.238532900009848697e-01
5.386746984030775509e-02
-1.732936272680873566e-02
-8.396415493267493646e-02
-1.441123068068085045e-01
-1.930211330276209170e-01
-2.205124890734794507e-01
-2.202629138176147583e-01
-1.917856058483211890e-01
-1.318485252058809731e-01
-4.659403123143761316e-02
3.027344188529041205e-02
6.489610544234195033e-02
5.721427165586437380e-02
2.520950497395899048e-02
-1.824625383910362386e-02
-6.361775195969084085e-02
-9.610715431021682464e-02
-9.228582534027034157e-02
-4.726078154759445066e-02
1.524191292598903874e-02
8.467052170524079491e-02
1.665859742121683085e-01
2.480451219098633586e-01
3.030854064089589794e-01
3.275175719825862419e-01
3.297544255412444558e-01
3.037525080512550879e-01
2.415097630933561723e-01
1.446197151718490725e-01
1.898838624979636014e-02
-1.248604125822193045e-01
-2.663801545023866679e-01
-3.810501008610190365e-01
-4.523290658767528671e-01
-4.648696761948523104e-01
-3.962188811460854443e-01
-2.590036000817605988e-01
-1.065943895784290940e-01
2.880617599988401223e-02
1.414087986837454236e-01
2.274383642011848228e-01
2.830747956699924961e-01
3.091094054494435417e-01
3.116193068605421224e-01
2.883957637340549551e-01
2.256776956455833760e-01
1.185959528184738210e-01
-2.109451276997941632e-02
-1.726686927840896391e-01
-3.164879283806182886e-01
-4.351813213068503328e-01
-5.062664627837347719e-01
-5.074778976394328511e-01
-4.181754265228830314e-01
-2.684350183534410794e-01
-1.396288048353399591e-01
-5.718004334229724595e-02
6.865146614050209040e-03
7.621258477978987145e-02
1.764681048345153602e-01
2.939039488067546890e-01
3.692516083669369342e-01
3.866623172545513576e-01
3.706777374830453331e-01
3.341459698881819596e-01
2.822302506312334702e-01
2.196386881984754291e-01
1.540027406545752819e-01
9.378831956597365183e-02
4.388330071116626485e-02
1.870626144818587910e-03
-3.398479163823346638e-02
-5.933030526003391786e-02
-7.529307218907015098e-02
-8.891322038151305840e-02
-1.020215348014118645e-01
-1.064734979551852645e-01
-9.683096787410330752e-02
-7.709076823752641916e-02
-5.292718237836807615e-02
-2.915805401190974325e-02
-9.532270885412587672e-03
3.226046616881672255e-03
9.374879236691358378e-03
1.229607167446442224e-02
1.264837508515890413e-02
6.916671308222415576e-03
-4.802545475560817366e-03
-1.535745944329412228e-02
-2.126699922183242220e-02
-2.718510363900294644e-02
-3.788946235364450132e-02
-5.370075317270477100e-02
-7.107544178859301343e-02
-8.583377338562674097e-02
-9.207118296341153252e-02
-8.436417651146740915e-02
-6.347632531105559806e-02
-3.720898326323480998e-02
-1.537118533243550522e-02
1.454362611192572090e-03
2.205718912799844653e-02
4.732694572380959086e-02
6.759403879168456031e-02
7.984415311543349714e-02
8.745942020003107109e-02
9.309989457505242483e-02
9.743719974981555898e-02
9.786851979765978649e-02
9.283829316459664416e-02
8.293142853293707095e-02
7.001540864174160550e-02
5.386488214692732729e-02
2.973778389485134607e-02
-6.807056818997268138e-03
-5.666395204430368926e-02
-1.154616442305777674e-01
-1.735916627941021528e-01
-2.214905698575387882e-01
-2.521861184677552381e-01
-2.608165811795440936e-01
-2.448590860207541797e-01
-1.983780762294149458e-01
-1.098721296789587631e-01
1.887271834414195118e-03
8.636792483067966264e-02
1.255078386384715361e-01
1.368500284976032211e-01
1.339476906377627952e-01
1.221020160462923387e-01
1.087735467015365221e-01
1.031467718324196314e-01
1.045111121470457954e-01
1.002103854249409842e-01
8.303507949760750850e-02
5.904967554420106207e-02
3.664055293586024331e-02
1.937299050263227920e-02
8.423590758027611064e-03
5.765462789622663974e-03
1.000080875030507320e-02
1.736585245728947471e-02
2.657387895154917495e-02
3.611369283183408357e-02
4.317729195281906629e-02
4.655541014008636458e-02
4.562502867959943031e-02
3.939739194753277829e-02
2.756230801397246272e-02
9.613661621308285110e-03
-1.325683050255314563e-02
-3.728867110152242481e-02
-5.943118615166011198e-02
-7.636823721092059203e-02
-8.359150339751547643e-02
-7.497904379256900564e-02
-5.134686868507501445e-02
-2.509863761576867913e-02
-4.429020453413144362e-03
7.849468431094646162e-03
7.134487781358613348e-03
-4.751476593159910215e-03
-1.985213357245752333e-02
-3.254878397917117944e-02
-4.057773702804426397e-02
-4.516816249092717173e-02
-4.717419401124249567e-02
-4.500755309647243296e-02
-3.885545649331027113e-02
-3.126914853679205880e-02
-2.445858223834317460e-02
-1.908649560097659334e-02
-1.632682452473956450e-02
-1.413079963591355043e-02
-8.468850850299171340e-03
-1.870720501548593651e-04
1.095396036845620175e-02
3.035275469174802607e-02
5.505202941524694332e-02
7.108880787176694027e-02
7.034097369408243150e-02
5.430785548183027223e-02
3.192501496950695544e-02
1.327902682768889939e-02
8.206575631818833171e-04
-7.805334573547006473e-03
-1.621276823400527589e-02
-2.479898424819180699e-02
-3.045732152565469239e-02
-3.378977957002490817e-02
-3.813214944004610085e-02
-4.280091911793738185e-02
-4.129583037474800211e-02
-2.420692140260598951e-02
8.047075097343925343e-03
4.388144002051146825e-02
7.835586282574857897e-02
1.131166656690830996e-01
1.459144057705321351e-01
1.702012276247667211e-01
1.773082097677641522e-01
1.611488215598013973e-01
1.247974212951910300e-01
7.665220856249882475e-02
2.446320830023063914e-02
-2.039066875298465448e-02
-5.124070217652382242e-02
-7.273348376633158308e-02
-8.942665367842228541e-02
-1.016503406834958212e-01
-1.068454795148869735e-01
-1.041755267961288339e-01
-9.867759834416252318e-02
-9.688843162588584024e-02
-1.031038408649865706e-01
-1.178075921036751406e-01
-1.399170632776022827e-01
-1.685704197855333042e-01
-1.976651864645370127e-01
-2.160270758761685395e-01
-2.138626922081527937e-01
-1.810634678500510630e-01
-1.009923724266828110e-01
1.053206676770232324e-02
9.873545287586774077e-02
1.433604378424585546e-01
1.622302583960432143e-01
1.727707448914340138e-01
1.844905802704439324e-01
1.933441470032222775e-01
1.887181460063718785e-01
1.667947008555529520e-01
1.303381740379315201e-01
8.632290953545998513e-02
4.794891499008217817e-02
2.339227217044094476e-02
1.067873496941241195e-02
7.391807913774731467e-03
1.086212267343113734e-02
1.676697706412312583e-02
2.114522802188889897e-02
2.287132282400401034e-02
2.465586912803476721e-02
2.650555007890567291e-02
2.595302555558062774e-02
2.435237277813561557e-02
2.380134517025450300e-02
2.118924905614745502e-02
1.259319948770312551e-02
-5.082930439981637322e-03
-3.079488019814760266e-02
-5.612706439867883035e-02
-7.819683765937585074e-02
-9.658494050574045753e-02
-1.056617543799828612e-01
-1.038356183710611030e-01
-9.549015351674447483e-02
-8.595012681501343343e-02
-7.821946354679071289e-02
-7.069945267084859486e-02
-6.046531775563043082e-02
-4.630853101230975044e-02
-2.662551516485496539e-02
-6.093106346846237104e-04
2.824334952011856026e-02
5.394385369620094406e-02
7.451134921744272110e-02
9.000966221090900277e-02
9.821634474157944772e-02
9.777462144140457168e-02
8.853485450511647259e-02
6.945133001461403777e-02
3.871576810917250894e-02
-2.658380788182946111e-03
-4.719409478259505020e-02
-8.786071401139115833e-02
-1.220994064373891741e-01
-1.456588668631503547e-01
-1.541420256657729249e-01
-1.484397996622865701e-01
-1.309871482828934841e-01
-9.889287312131520014e-02
-4.314681961234193702e-02
2.892167362945644721e-02
8.705131332080157103e-02
1.153746110611443831e-01
1.217065637061131578e-01
1.161887515954151961e-01
1.036480178942322528e-01
9.011875128855106887e-02
8.222176158924413003e-02
7.844263252944413956e-02
7.575861515604244423e-02
7.670918287671540936e-02
8.476940322004838935e-02
9.996643862040824335e-02
1.163662135229373840e-01
1.240680390370149933e-01
1.178403598202261843e-01
9.691756903146012125e-02
6.049624118125181138e-02
1.198565993991028422e-02
-4.223020025148115780e-02
-9.744537726772378727e-02
-1.481003730601853363e-01
-1.900590786033370949e-01
-2.201137785149486215e-01
-2.374327686002518645e-01
-2.483054978961310166e-01
-2.545017164160170986e-01
-2.514800072134805164e-01
-2.340784128029455291e-01
-1.920662579789426117e-01
-1.091609979489769067e-01
2.621750135053414581e-03
9.786114741111531790e-02
1.580641691587061914e-01
1.944454553582599665e-01
2.171719171856477670e-01
2.363936752952222331e-01
2.506017614626096512e-01
2.473460970384943891e-01
2.302469720418567622e-01
2.135302845333289790e-01
1.974286041181091689e-01
1.727352695829109108e-01
1.401127538435690267e-01
1.074533215282115484e-01
7.454032890828429792e-02
3.563607130002775791e-02
-1.012243180429751518e-02
-6.368361337469186090e-02
-1.287653006811625978e-01
-2.055814525491990730e-01
-2.934235947185009907e-01
-3.875774739199301933e-01
-4.720882585414388211e-01
-5.243551684297365068e-01
-5.220111232782209676e-01
-4.326869754240174615e-01
-2.698015856115535960e-01
-1.100243762327948321e-01
2.398547220923923085e-02
1.582365167284960072e-01
2.820280644357652244e-01
3.675171016427286053e-01
4.050356299906305857e-01
3.942047814292798935e-01
3.451233744780984880e-01
2.767810320478301112e-01
2.017298423597000401e-01
1.292291524184424889e-01
6.892140217841230543e-02
3.250082002599342240e-02
3.214557779574821195e-02
6.856128659178595264e-02
1.156282274003867794e-01
1.414932010711070498e-01
1.427585593779562012e-01
1.290589469739569783e-01
9.941712811620645462e-02
4.885990807733026769e-02
-1.775966676787298429e-02
-9.075660445879224492e-02
-1.662790966589001440e-01
-2.407744027616601779e-01
-3.053937787772870727e-01
-3.528245403189166907e-01
-3.853542899701779545e-01
-4.062900454754205803e-01
-4.105327911695844101e-01
-3.863838616170541806e-01
-3.150453982059789326e-01
-1.752403830126458839e-01
1.007168955870489831e-02
1.750657957524542341e-01
2.960510653615119891e-01
3.792998852545217403e-01
4.160726592261754231e-01
4.095879412046522505e-01
3.768910811243722514e-01
3.327599167349024611e-01
2.807011851159219584e-01
2.147173363851378469e-01
1.372222557128008891e-01
5.799584472914709465e-02
-1.790104482196496621e-02
-9.142703900540041784e-02
-1.596726615547165440e-01
-2.112971959038343062e-01
-2.396421907842672949e-01
-2.454259923972845203e-01
-2.250850515326527912e-01
-1.717084602980031849e-01
-1.014701058662996480e-01
-4.993886751713993988e-02
-2.705467520925805558e-02
-2.023200237872984156e-02
-2.152331880507074580e-02
-2.573466035547317815e-02
-2.523286109439890068e-02
-1.205643005554357314e-02
1.764613117594301950e-02
6.669899295753108082e-02
1.234466144359027406e-01
1.582649888011544159e-01
1.609857012389225295e-01
1.427028306853430628e-01
1.151430743219399311e-01
9.052779536375993308e-02
7.899912620540920638e-02
8.857456513324787895e-02
1.116937603080199182e-01
1.220143897535773680e-01
1.075444192609752575e-01
7.412473193586903430e-02
2.528634471695941077e-02
-3.906217589194935225e-02
-1.173190885213838408e-01
-2.021579157078614297e-01
-2.826803469573477279e-01
-3.465192758175458798e-01
-3.794151931983150150e-01
-3.650543893783291804e-01
-2.845301194151510504e-01
-1.653093690662624793e-01
-7.907487426897297222e-02
-4.879317357891565371e-02
-5.563224402118101958e-02
-8.092548499430143871e-02
-1.008805233341499158e-01
-8.940078570770723654e-02
-2.238231268548573905e-02
1.130573568056755379e-01
2.750832110246873574e-01
3.840048926288728293e-01
4.165481699198821386e-01
3.955215017817163003e-01
3.377552883620615343e-01
2.563951496889300130e-01
1.648552679193180381e-01
7.581621374831037929e-02
-1.357050058244868617e-03
-6.010605319840923999e-02
-9.685867579100558566e-02
-1.134615896747924041e-01
-1.149250124471714596e-01
-1.040723631211494526e-01
-8.000486815015953046e-02
-4.707966029377663730e-02
-1.504534033020461445e-02
1.316558604069067127e-02
3.727817908493012006e-02
5.263507361524064759e-02
5.521861613208197545e-02
4.699864280902606856e-02
3.491590485072785383e-02
1.906846916500477829e-02
-6.321614068308313572e-03
-3.854205329748335018e-02
-6.538286930139049213e-02
-7.641286141630695972e-02
-7.277752495217620909e-02
-5.907725312025719627e-02
-3.417535286460645499e-02
9.009513257425202926e-04
3.828058541109016777e-02
7.264708579543627254e-02
1.045261810585372403e-01
1.326671541010294997e-01
1.516498455360162367e-01
1.590911915404092103e-01
1.590929289282825565e-01
1.519874991908962691e-01
1.301133799356148091e-01
8.687692613196752733e-02
2.296191294080911563e-02
-5.496209444188667609e-02
-1.408579867064623514e-01
-2.284696802118987291e-01
-3.088252629722006426e-01
-3.783945493238125013e-01
-4.406306992107547615e-01
-4.976095473456724760e-01
-5.408288269837087103e-01
-5.564245456422129976e-01
-5.366369696866275518e-01
-4.673856114286328856e-01
-3.196444103944837134e-01
-8.588043092058592065e-02
1.702719116786277631e-01
3.658404459797508501e-01
4.822177459032175317e-01
5.389329857548537106e-01
5.515905421798570352e-01
5.267638345215268636e-01
4.716320023585564014e-01
3.972387577362629929e-01
3.144109893722971671e-01
2.392857947009012776e-01
1.853312669998316287e-01
1.540638712473686445e-01
1.337259995978299643e-01
1.086856761951894568e-01
7.497848253778800764e-02
4.138521530109606772e-02
1.616396347005392975e-02
-2.952124970365205270e-03
-2.080768039245651374e-02
-3.791417477292743921e-02
-5.452007968088794232e-02
-7.032173658302229291e-02
-8.111649399596237986e-02
-8.190535699475662290e-02
-7.093282970734773873e-02
-5.267311679824934756e-02
-3.754389804885895077e-02
-3.403119742360346395e-02
-4.463697050167424185e-02
-6.720420132788490486e-02
-1.000844519382260989e-01
-1.429459332486192058e-01
-1.910986539107825122e-01
-2.377469783692928995e-01
-2.732383389158480891e-01
-2.818846122923935882e-01
-2.728972324512828895e-01
-2.804796252174061588e-01
-3.083132576913128475e-01
-3.318323380828113733e-01
-3.298533534511840504e-01
-2.843064905632914363e-01
-1.895460547286810793e-01
-4.887594418433287291e-02
1.119480891839971098e-01
2.422141915285090652e-01
3.336951679558571859e-01
4.019956713678640714e-01
4.325900591500579928e-01
4.169025582143272013e-01
3.773762083991793470e-01
3.327857715519389470e-01
2.797617081043065057e-01
2.199964666361179655e-01
1.632305313800380686e-01
1.111070129313911775e-01
5.685172250652810455e-02
-3.274491714833915185e-03
-6.070268013226200188e-02
-1.032039629509166612e-01
-1.219309737280481476e-01
-1.039562480951136125e-01
-5.171827282918629864e-02
4.109893342708052788e-03
4.061958664011618148e-02
5.423175844849956184e-02
5.281868361191478095e-02
4.359795737432048401e-02
2.248163381036404063e-02
-1.149763734201555629e-02
-5.428090772928358121e-02
-1.028421534264363224e-01
-1.512562241968399002e-01
-1.891747942365002988e-01
-2.098523007303650934e-01
-2.099373946514007661e-01
-2.015890554036798565e-01
-2.155223615131852677e-01
-2.559635573304577805e-01
-3.002935130830381438e-01
-3.279059722688694722e-01
-3.173445410611898110e-01
-2.547753720250424125e-01
-1.297780728236178349e-01
3.834844452632994727e-02
1.897497790453216149e-01
3.045753617904353727e-01
4.073060785762972480e-01
4.952042785876333841e-01
5.382957619072161748e-01
5.294774050719501801e-01
4.827441071508650206e-01
4.089189248963716050e-01
3.178276270867900766e-01
2.180396712579405205e-01
1.146474348531251741e-01
1.171312215729350750e-02
-8.454031647886198209e-02
-1.697183835335044078e-01
-2.423937574661713668e-01
-2.990583183980463078e-01
-3.311034997403859426e-01
-3.302558501192163209e-01
-3.064588373268521959e-01
-2.818400036541252596e-01
-2.537082170176223617e-01
-1.958014937723376869e-01
-8.725176773230865213e-02
4.646596440426341290e-02
1.465982968546678811e-01
2.060449600033862905e-01
2.612471013709545264e-01
3.106176452382880537e-01
3.155061139599826259e-01
2.683323982270301999e-01
1.939747946294487768e-01
1.041363144156508685e-01
-2.428597938722634568e-03
-1.177311998975587304e-01
-2.279786574378152020e-01
-3.312026226847346599e-01
-4.270433110567778967e-01
-4.884067120178184895e-01
-4.721757889667884123e-01
-3.931351042578319355e-01
-3.187080139694421499e-01
-2.638041238087688312e-01
-1.921620668611637717e-01
-1.066166435703024690e-01
-4.754143701109772580e-02
-1.014973489321550210e-02
5.605135493346453252e-02
1.577083429098890544e-01
2.508558162653218293e-01
3.248235108781925562e-01
4.076813989410709160e-01
5.073842592274082630e-01
5.847350940663801344e-01
5.980036691737392607e-01
5.501157865304054928e-01
4.551372846825555984e-01
3.175043672960951024e-01
1.501281125819111661e-01
-2.794575335260491081e-02
-1.911704756768171920e-01
-3.104039723625401370e-01
-3.797882057251736887e-01
-4.036482409422779138e-01
-3.930291122689557604e-01
-3.754347258375739238e-01
-3.544719453915812779e-01
-3.123205294986013958e-01
-2.466058473208604940e-01
-1.548787995369229065e-01
-4.831566711842174427e-02
3.255342273485440502e-02
8.753407045680881848e-02
1.388182195160383436e-01
1.903302216103074374e-01
2.359484462685181305e-01
2.506860304463813249e-01
2.361231961904541876e-01
2.095052777875199002e-01
1.746333946901715284e-01
1.307677955927524227e-01
6.386155837729878826e-02
-2.902282386996868357e-02
-1.324356984367742462e-01
-2.193345506281085544e-01
-2.435328698095672317e-01
-1.982119915683620559e-01
-1.351075840083165447e-01
-7.934635963346388376e-02
-1.081251585592895095e-02
7.019516189682208085e-02
1.305490280773408118e-01
1.633518510072808350e-01
1.818089393999036685e-01
1.914333634749076640e-01
2.067316417885007584e-01
2.246249242782750455e-01
2.184048960548164164e-01
1.784710666037155891e-01
1.146318397096947328e-01
4.202825098892352257e-02
