-2.335306702281073066e-02
-6.088852915471051203e-02
-9.928505351199479190e-02
-1.373133395258154810e-01
-1.720132440969201204e-01
-2.014577741157280999e-01
-2.232233367180830041e-01
-2.331792558203502064e-01
-2.269779893487461342e-01
-2.012461621834289172e-01
-1.738761361043694442e-01
-1.745858560733903608e-01
-2.028004524166078237e-01
-2.394971625600820220e-01
-2.665783965361546159e-01
-2.626227290733982311e-01
-2.061510629255070282e-01
-7.870716272680262915e-02
9.314942713892586379e-02
2.394961594806003236e-01
3.306044148805755700e-01
3.787063410892778093e-01
3.998253870989428860e-01
4.036924392444544152e-01
3.855718559994051331e-01
3.446524518185683506e-01
2.909339534094735891e-01
2.313129664808800945e-01
1.677357687863551550e-01
1.014038981695766228e-01
3.385810637173840287e-02
-2.791807685591454063e-02
-7.398762556089621967e-02
-1.043192274523123686e-01
-1.283887637851458263e-01
-1.496022960896261078e-01
-1.628858208809758346e-01
-1.639295229238254548e-01
-1.511373486478863326e-01
-1.270988953439402269e-01
-9.698245204815390819e-02
-6.597429545431915399e-02
-3.986943345329937299e-02
-2.303769148242098067e-02
-1.880823636870945781e-02
-2.920160809893684872e-02
-5.239797946007201945e-02
-8.155607951088374163e-02
-1.085367896230173129e-01
-1.283901834490310812e-01
-1.449950805083098093e-01
-1.701726146000906714e-01
-2.053420786990832747e-01
-2.410784833937114624e-01
-2.698083402254475294e-01
-2.816450160876791120e-01
-2.562196093860493185e-01
-1.665107779817572853e-01
9.426508066660555657e-03
2.313464921423734610e-01
4.047791764754664623e-01
4.935322293330947629e-01
5.159247067678940368e-01
4.900896850711493613e-01
4.328285427982769829e-01
3.576706797983071895e-01
2.759400130323433342e-01
1.950537486708599222e-01
1.195006611867822782e-01
5.352741490843072186e-02
-5.218814451909484231e-04
-4.786708708608680002e-02
-9.971464184007605702e-02
-1.625755513820419940e-01
-2.348632241233076234e-01
-3.099948854733521331e-01
-3.783634644341604680e-01
-4.259548492622592386e-01
-4.453777302898917489e-01
-4.390118585268970586e-01
-4.000955372998684090e-01
-3.142560585475562829e-01
-1.679599077873302759e-01
1.393470086460147847e-02
1.675230728765789157e-01
2.669932636085307065e-01
3.232044908180387033e-01
3.475342932580594013e-01
3.505606163321434154e-01
3.354967019860108923e-01
3.019625697238171314e-01
2.526343199303296982e-01
1.922977363249697702e-01
1.263263790655211050e-01
6.027365709123305715e-02
1.133100644377459110e-03
-4.479468730166157042e-02
-7.594476465081817507e-02
-9.264588002733450955e-02
-9.624476654686626997e-02
-9.068785632133888330e-02
-8.062631936877906469e-02
-6.925267232223444869e-02
-5.925882859042220369e-02
-5.209802225616919080e-02
-4.675507395120460929e-02
-4.196791418858845935e-02
-3.890771652982059209e-02
-4.137579448981239250e-02
-5.104328998002032741e-02
-6.693770117167030520e-02
-8.831380667757933456e-02
-1.135709224254530941e-01
-1.384071137021988807e-01
-1.569825479086855435e-01
-1.648593235051747929e-01
-1.557381927270916622e-01
-1.179550176322269467e-01
-3.936684437829075789e-02
6.248842355346001520e-02
1.430125724266373133e-01
1.853325926855069472e-01
1.991121050573856910e-01
1.920030830734793803e-01
1.691434055918848434e-01
1.363782002250813752e-01
1.014231490810292291e-01
6.994570911081944564e-02
4.465896791798149718e-02
2.711050542639056524e-02
1.537579712459552841e-02
5.960976988065636896e-03
-1.642451998668859048e-03
-7.188218100021978238e-03
-1.147614353497165667e-02
-1.657314364212003621e-02
-2.344457232928133517e-02
-2.992596473672010787e-02
-3.465135443319206088e-02
-3.842002771854013260e-02
-4.157381546538427286e-02
-4.377269555134659373e-02
-4.565382636814378781e-02
-4.647034723936405154e-02
-4.419881452925064624e-02
-3.818857166891338056e-02
-2.897855001548459847e-02
-1.740909832477492356e-02
-4.535982267871524476e-03
8.065532527441653110e-03
1.964647666283847460e-02
2.848567472232448397e-02
3.266360422121020179e-02
3.247419092048842854e-02
2.813819840707964398e-02
1.956800039829196744e-02
7.559311274996116138e-03
-5.255046815140650487e-03
-1.376973922243225450e-02
-1.500106370506779085e-02
-1.002323264522365920e-02
-1.027939122039147300e-03
8.749078472735091067e-03
1.557332178498309523e-02
1.635770053094149842e-02
1.032988065736429283e-02
6.359298029675565164e-04
-7.771362175228541287e-03
-1.246083902444750785e-02
-1.454778227645739386e-02
-1.624608469034685004e-02
-1.914995470848561768e-02
-2.271131950976367983e-02
-2.425975298750356404e-02
-2.188822136063249199e-02
-1.663338182943228244e-02
-1.142613160702817682e-02
-8.014126135574454329e-03
-5.897938165857401736e-03
-3.202447747359905492e-03
1.737559986580043203e-03
8.967512470787022613e-03
1.810311992520117694e-02
2.710369647140772192e-02
3.302212374314529575e-02
3.505251180375002634e-02
3.324763788652908975e-02
2.800109807554307037e-02
1.979375240385169987e-02
9.525125871698392893e-03
-1.762186252175827533e-03
-1.264521397749809872e-02
-1.999296810643095418e-02
-2.220168239865711809e-02
-2.113916299403576643e-02
-1.943417561961022916e-02
-1.913194777850952752e-02
-2.072014081724490864e-02
-2.272027412186276504e-02
-2.384587667322303484e-02
-2.278873285419496034e-02
-1.902880994295690770e-02
-1.410170599848620081e-02
-8.412012349744139861e-03
-3.337961827644658069e-04
1.156222923356888845e-02
2.709180255410108956e-02
4.218491019656696317e-02
5.215220073988965921e-02
5.813862989238532952e-02
6.253649082575797602e-02
6.405743339077002441e-02
5.923139722202396679e-02
4.501668736089629863e-02
2.199395384161332428e-02
-5.481940229140221804e-03
-3.065936636653578823e-02
-4.875836865562106770e-02
-5.935826200825782689e-02
-6.406037384234988807e-02
-6.577909873403627039e-02
-6.654125964244650415e-02
-6.455964466939580204e-02
-5.647350035628262432e-02
-3.865659064309159842e-02
-6.474341387363646144e-03
4.478951563052818718e-02
1.059121479596684817e-01
1.513203915695056634e-01
1.711659246016305480e-01
1.722334279742918917e-01
1.555090476051425030e-01
1.218168074948899060e-01
7.700665178187059146e-02
2.711723755795780733e-02
-2.594444707265795153e-02
-8.416479678762253669e-02
-1.480308281630626221e-01
-2.149555899173064555e-01
-2.793065237577200821e-01
-3.332400785238065488e-01
-3.678806295382918146e-01
-3.734305941391757866e-01
-3.392634822503621250e-01
-2.538375270158948482e-01
-1.064504610316594768e-01
7.305747993056517509e-02
2.153173932080053865e-01
2.917168662337658036e-01
3.157479878806775941e-01
3.036556344160680210e-01
2.713715107628342782e-01
2.296878429585319792e-01
1.832918401655541651e-01
1.357158511709162796e-01
9.263324722622427732e-02
5.668021533996477762e-02
2.671431089286981087e-02
2.325248515322101209e-03
-1.720983682743022422e-02
-3.325946809948899380e-02
-4.475723156067848429e-02
-4.945979048935218725e-02
-4.486847531216368867e-02
-3.043575243964210392e-02
-1.060801738718889983e-02
1.020295689644912240e-02
2.820005107279605072e-02
3.922581778172216233e-02
4.275452541527500344e-02
4.080023859983255424e-02
3.425065235849134027e-02
2.244164139639099123e-02
5.648685755258487338e-03
-1.363356235507299022e-02
-3.389244346178769268e-02
-5.471065082921230949e-02
-7.343746284526096735e-02
-8.744404904368555109e-02
-9.553563594839623030e-02
-9.618918161798989397e-02
-8.898141916535862173e-02
-7.595325277614230208e-02
-6.012126800887968719e-02
-4.407252267765614240e-02
-3.062190090889483490e-02
-2.161976549538654688e-02
-1.575581446513639808e-02
-1.074100195412402980e-02
-6.053958352831616263e-03
-1.542692019079673627e-03
4.139096312295767466e-03
1.090891904756267385e-02
1.656608155018744061e-02
2.088944642244337790e-02
2.616986577767031405e-02
3.368173796593935260e-02
4.162034859793860286e-02
4.511074436295402917e-02
4.281484691851408786e-02
3.945217176277837634e-02
3.690270047503103890e-02
3.346099596460977432e-02
2.985005702200966768e-02
2.843915625457969429e-02
3.028402046143160997e-02
3.390739744794937782e-02
3.492940823187479921e-02
2.982535089268101292e-02
1.745606309138363413e-02
-1.593259592067799383e-03
-2.165518558102952004e-02
-3.618449255290480393e-02
-4.344450071678709197e-02
-4.355861314959806607e-02
-3.718210740498904127e-02
-2.608703402341705849e-02
-1.298667146238640518e-02
-6.545557583873158614e-05
1.151684830214398485e-02
1.869137538276850058e-02
1.727783797156317788e-02
7.781682892244186356e-03
-4.950386211023624985e-03
-1.764654612088271263e-02
-2.787314411989838883e-02
-3.300548535658234112e-02
-3.217549895309133184e-02
-2.649611424793479539e-02
-1.947625283839180335e-02
-1.386908346800470003e-02
-7.606924097308412347e-03
2.405770792503810190e-03
1.499479389610746879e-02
2.649518083047406811e-02
3.298186569314744132e-02
3.088672493605983810e-02
2.140424828782320349e-02
1.001274450390270132e-02
5.751920599567869087e-04
-6.660328417297268003e-03
-1.342432208040283785e-02
-1.938478776379781027e-02
-2.213838357061991349e-02
-2.158466910525650220e-02
-2.014557805465549273e-02
-1.857887603753701281e-02
-1.581661989822544939e-02
-1.237184731524747748e-02
-1.027519779367917600e-02
-9.533029356607287258e-03
-8.290365821433956506e-03
-5.908420414507834471e-03
-9.542784324962907613e-04
7.258746564874539453e-03
1.590597181355650133e-02
2.317805532701377319e-02
2.811698181405927061e-02
2.948964525455640903e-02
2.986059478443429949e-02
3.277879975629331699e-02
3.839838662138294473e-02
4.690203945351197057e-02
5.838801209886763238e-02
6.882699085359184066e-02
7.389331142530303209e-02
7.503617858919217620e-02
7.718615724579118431e-02
8.371798997220455951e-02
9.579002926777743787e-02
1.102163152319756145e-01
1.206913267480400620e-01
1.252169803487181432e-01
1.249134680311478895e-01
1.198505715026786655e-01
1.079105263428658118e-01
8.410371960098518562e-02
4.634370979048260675e-02
-4.918900986335569131e-03
-6.969844343379986984e-02
-1.455653208816177491e-01
-2.309573650744796147e-01
-3.331404962424353577e-01
-4.546737051658439333e-01
-5.778904428864449772e-01
-6.796600935474338412e-01
-7.379528514502292635e-01
-7.292077028830208363e-01
-6.291807513578873134e-01
-4.108884181238937616e-01
-1.003420165125456648e-01
2.235635566728552126e-01
4.943688323219079250e-01
6.570726447281963756e-01
7.017828308315985364e-01
6.628126851331832547e-01
5.702661711750056650e-01
4.476762307422174070e-01
3.124027869955897652e-01
1.781180965400639138e-01
5.756243357397360788e-02
-3.710950136588056503e-02
-9.468053066917465899e-02
-1.058979384534446816e-01
-7.969780835639311833e-02
-4.322269642520829708e-02
-1.091707162011308629e-02
1.608272793771454295e-02
3.662230427274149047e-02
5.093994312583047940e-02
6.088133697310262049e-02
7.097491154634992527e-02
8.331717043452825655e-02
9.346582358246874334e-02
9.900974951456770201e-02
1.005096735836471522e-01
9.628573189688299783e-02
8.575716929212898187e-02
7.039873160165770194e-02
5.439225522929086454e-02
4.053895044774481760e-02
2.444836181460577351e-02
1.270520572939484727e-03
-3.126436634609780496e-02
-7.390514064774675318e-02
-1.251989135725440905e-01
-1.835386745689877031e-01
-2.454371083902545103e-01
-3.038348957152801066e-01
-3.510452261970880006e-01
-3.791827987066251904e-01
-3.790327377974561651e-01
-3.409414768143162466e-01
-2.545980596087478176e-01
-1.087282213005034137e-01
6.724148564879081635e-02
2.012398489481430075e-01
2.626262209653390522e-01
2.677243258868287623e-01
2.377343573001706734e-01
1.908013955331145373e-01
1.392817295889877405e-01
9.617087450787090153e-02
6.844313648373802350e-02
5.257993242219728691e-02
4.666201139970822809e-02
4.752424923212293650e-02
4.447963843356957103e-02
3.005939548662701216e-02
5.856865903673694196e-03
-2.595783104004971767e-02
-6.346299232056497319e-02
-1.028699667336073487e-01
-1.415509439680110171e-01
-1.739047314364946251e-01
-1.907636457409647990e-01
-1.886234287998214687e-01
-1.710654006190822085e-01
-1.372981002635719483e-01
-8.064979698859554846e-02
-8.967009404170930842e-03
5.716874532347422655e-02
1.129322713222805363e-01
1.668664946049656372e-01
2.152005316105365107e-01
2.431169716314016405e-01
2.462070035834816872e-01
2.317624783285675005e-01
2.101409705470348999e-01
1.875608649428109898e-01
1.636164423415515656e-01
1.386179806440400175e-01
1.156931853423799339e-01
9.595870286121992165e-02
7.603401445471608122e-02
5.246971553652732961e-02
2.555721674868286289e-02
-3.915506386728044574e-03
-3.810019471380578920e-02
-7.583183583666155969e-02
-1.117116528468816983e-01
-1.454185210211765278e-01
-1.810259872105689227e-01
-2.205737884106565017e-01
-2.620072494305891175e-01
-2.998121832202118031e-01
-3.259364822026242781e-01
-3.309264048093207844e-01
-3.061884487083659234e-01
-2.451383839383050600e-01
-1.382166016999256397e-01
-3.355998752497698495e-03
1.080872570833466828e-01
1.746475754808222425e-01
2.063633186552809029e-01
2.130571775292374737e-01
2.031299911158065408e-01
1.811572609792771738e-01
1.497365220315489964e-01
1.154680466692112883e-01
8.595230237260859107e-02
6.271875471438494165e-02
4.387231795300616799e-02
2.741536177439074518e-02
1.275970141773999887e-02
8.338130408381697403e-04
-8.724797603569946908e-03
-1.774440690341227631e-02
-2.630610934107129734e-02
-3.226284632219159759e-02
-3.400426449009329166e-02
-3.098453383085571916e-02
-2.320504873542469926e-02
-1.240169283540465753e-02
-1.050586804747394645e-03
1.000600309060639161e-02
1.881994737363952910e-02
2.235474497789366119e-02
1.992173904406198404e-02
1.233724593194593898e-02
8.488891014962773353e-04
-1.276403893533930439e-02
-2.501137397009032398e-02
-3.198262274056917764e-02
-3.159836321592367214e-02
-2.349419656579016663e-02
-9.208690650193609301e-03
7.146176074910521973e-03
2.028773847431712338e-02
2.836228840678409538e-02
3.170744331144989547e-02
2.945310833346127810e-02
2.214739163962789470e-02
1.187752376889925771e-02
-5.352664544888646823e-04
-1.499182053011970453e-02
-2.990243539446330728e-02
-3.998188318190542406e-02
-3.913672619586545942e-02
-2.913025508262322844e-02
-1.834110419237473810e-02
-1.077981449678346200e-02
-4.818315035181713543e-03
7.798633859552318555e-04
7.520267940934756944e-03
1.791959652506688525e-02
3.152235285861532121e-02
4.512767582539972677e-02
5.507281608244851689e-02
5.774714715685766442e-02
5.173651596180408457e-02
3.803600506278138199e-02
1.895274640434699981e-02
-1.685795802240148359e-03
-2.156461449895978252e-02
-4.187579006595026909e-02
-6.301389503361846944e-02
-8.128356103203047966e-02
-9.255558209694370042e-02
-9.540292617115123108e-02
-9.074792603198589269e-02
-8.063233070423658777e-02
-6.574546725506281997e-02
-4.449154552826554282e-02
-1.458569375196267295e-02
2.316946248818112924e-02
6.327697796150728859e-02
9.720783004387713311e-02
1.180737164467499378e-01
1.251421015220294808e-01
1.214097444217421551e-01
1.089307839124820654e-01
8.966432556796291586e-02
6.690452126651663667e-02
4.182051811075286618e-02
1.456063000378507444e-02
-1.200445300803736071e-02
-3.512797045394750600e-02
-5.437349232725148529e-02
-6.965648843556825065e-02
-8.118024702534452908e-02
-8.957800496757140074e-02
-9.497981549070109997e-02
-9.662299700732362995e-02
-9.266373488946275105e-02
-8.038206557811510000e-02
-5.695037743856449369e-02
-2.777723547590284572e-02
-3.246555887610462487e-03
1.628986295861103994e-02
3.388136356530183774e-02
4.905484804404500188e-02
6.140428564440832127e-02
6.865111418873220961e-02
6.802341090478117303e-02
6.100060903950249580e-02
5.201282191270861777e-02
4.340255874273400705e-02
3.300007297373074716e-02
1.952251485054360899e-02
7.974746350408994794e-03
3.458432804878840659e-03
6.185980395586897218e-03
1.302257124963538543e-02
1.993414769568125841e-02
2.443285346523779711e-02
2.650404256653612553e-02
2.537329686375170562e-02
1.812082178553456671e-02
4.173176292854358614e-03
-1.690859966233962744e-02
-4.355011684116897458e-02
-6.734920720051221221e-02
-8.182986740075198773e-02
-8.659758778128331946e-02
-8.425599781702690361e-02
-7.831084862479843756e-02
-7.009692912593373793e-02
-5.924819194347490103e-02
-4.565245450594269255e-02
-2.962301110333186160e-02
-1.267605073799632845e-02
2.714346155757614565e-03
1.398217445517927100e-02
2.068166670728673051e-02
2.736873548990444854e-02
3.858283887153537983e-02
5.439446620055242432e-02
7.229345121065214319e-02
8.829732525201988702e-02
9.770179296240968925e-02
9.692256875693026907e-02
8.584316593246403559e-02
6.558742520578761392e-02
3.746861462092371253e-02
5.951105516853531265e-03
-2.356361034476542674e-02
-4.607205880097551415e-02
-5.876724188265267101e-02
-6.357988721707956425e-02
-6.184100802528491592e-02
-5.211380568467756380e-02
-3.467514887101960652e-02
-1.331454767572432668e-02
6.612708434794545113e-03
1.992867092624179409e-02
2.317814529283811556e-02
1.785082137428741639e-02
7.330145628964338661e-03
-7.289587189112856601e-03
-2.499734127111338453e-02
-4.175150416938704090e-02
-5.407164224472146841e-02
-6.111344598180624282e-02
-6.167849123793493760e-02
-5.636481467528860895e-02
-4.384640348322162151e-02
-1.920060617074709208e-02
2.309862790485994744e-02
7.645912588671210930e-02
1.186170080661637788e-01
1.374040874440540794e-01
1.368477324330027722e-01
1.233187766769227589e-01
1.005221358849902880e-01
7.366759307868231410e-02
4.999540961841818926e-02
3.239189583337848816e-02
2.010545489490894733e-02
1.324468765815628099e-02
1.225262271708996500e-02
1.656525640652616038e-02
2.616963362906410059e-02
4.093533788502173865e-02
5.280758149483162633e-02
4.887623816626319312e-02
2.692997112684916705e-02
-7.280358948743599970e-03
-4.814101851634150497e-02
-9.390407326727334691e-02
-1.435605499928174211e-01
-1.900013186990476555e-01
-2.263319189209181403e-01
-2.583139524287463296e-01
-3.005087055828468690e-01
-3.524221333138076173e-01
-3.954099437891174795e-01
-4.032394306470343248e-01
-3.462576782286189703e-01
-1.971380714785639088e-01
9.522309017055568398e-03
1.792428853479443029e-01
2.781370595164653903e-01
3.326826864192605204e-01
3.675035757778749024e-01
3.859925155741521507e-01
3.700525902153647406e-01
3.185665675923045059e-01
2.486187599395076608e-01
1.753942523566676681e-01
1.132734733629313928e-01
7.644656672370117589e-02
6.173000428503662429e-02
4.732127546400882040e-02
2.021663930803356546e-02
-1.859930840051975814e-02
-6.053321817030822560e-02
-9.347329469445755934e-02
-1.088300464234541187e-01
-1.016356542522426909e-01
-7.798824141380569785e-02
-5.525633677294686935e-02
-4.195372921050927184e-02
-3.823979465233524888e-02
-4.547002174125443219e-02
-6.024592055649821698e-02
-7.660309561296080316e-02
-8.828026059546759119e-02
-8.511176022100594429e-02
-6.338660078014676791e-02
-2.943301261804935620e-02
1.571335250888067359e-02
6.399619644952740660e-02
9.180926983771306449e-02
9.276945533201759464e-02
7.861522146923358156e-02
5.794625171763437277e-02
3.663719840912318948e-02
1.864725939483239531e-02
5.989321767280423800e-03
-6.396151463886192573e-03
-2.612603698033092239e-02
-5.013941899287974180e-02
-7.150995876641247362e-02
-8.502179098088713527e-02
-8.634734572645498540e-02
-7.748807111590078067e-02
-6.522219057252655328e-02
-5.673680149561620423e-02
-5.817146105007851842e-02
-6.879073531290126609e-02
-8.023788885387525549e-02
-8.532058529732718111e-02
-8.396515631995578322e-02
-7.776404365952242770e-02
-6.246042821996856259e-02
-3.174071910259408658e-02
1.533145572723739608e-02
7.471715337637430121e-02
1.370476009184576072e-01
1.876922001803708051e-01
2.180695551987613667e-01
2.294282144046301819e-01
2.263230093410096844e-01
2.118235006625049932e-01
1.893648358099253026e-01
1.643009839784771442e-01
1.395885514355036383e-01
1.155043808182171922e-01
9.242003139273664847e-02
7.092087174571323760e-02
4.815469999364889453e-02
1.884641007951687666e-02
-1.662464300986615101e-02
-5.073774156164587157e-02
-7.801206864758684911e-02
-9.871810083182844253e-02
-1.158630469944472025e-01
-1.356384994677080069e-01
-1.643038020844750924e-01
-2.011631435517061972e-01
-2.415504458021955903e-01
-2.818134973118437969e-01
-3.183181255455985736e-01
-3.480592671174712605e-01
-3.639657057286134201e-01
-3.542793406719565996e-01
-3.098718480347860127e-01
-2.199819981182981332e-01
-7.158723859561966218e-02
1.086429943444878754e-01
2.564211189261221824e-01
3.452613247851936684e-01
3.884166603293432996e-01
3.981393490345820352e-01
3.814491383100625521e-01
3.436401969971204506e-01
2.906103128075010478e-01
2.292928130782666829e-01
1.646440565788138688e-01
9.676915564814493609e-02
2.736176479307950507e-02
-3.644264374355714320e-02
-8.864153442270703009e-02
-1.287579902119770914e-01
-1.595391049050970955e-01
-1.823520324178917185e-01
-1.954928234122421116e-01
-1.964130109923660772e-01
-1.840160426915411485e-01
-1.581072293016023977e-01
-1.167939720990221752e-01
-5.603509030922675105e-02
1.502210769158862647e-02
7.257245181807218948e-02
1.058450184282908602e-01
1.192501938481225349e-01
1.192060983861787105e-01
1.117333662358199198e-01
1.004201456531170628e-01
8.582000002840267650e-02
6.790715717957920838e-02
4.799659596835786912e-02
2.682899180165873934e-02
3.649817875052842765e-03
-1.918677690021164048e-02
-3.564012112562981588e-02
-4.447704593807504103e-02
-4.844538436280636240e-02
-4.861610260427987051e-02
-4.567773349021249374e-02
-3.988079007629825173e-02
-3.146142920411182375e-02
-2.307797629082648447e-02
-1.764731111852415116e-02
-1.699105036828936488e-02
-2.193930241232009901e-02
-2.861629936675756311e-02
-3.163955416847356178e-02
-3.026435393417204953e-02
-2.548266725083569995e-02
-1.862927584835856118e-02
-1.130120938112829168e-02
-3.589100478526060373e-03
4.308987026375379545e-03
1.133213075253022492e-02
1.741433569000343934e-02
2.413461435080049844e-02
3.300950487263639571e-02
4.293915581054558173e-02
5.031706265044527671e-02
5.296929150448827228e-02
5.128029791126881287e-02
4.642121303368607066e-02
3.815408858429551742e-02
2.555627104779567213e-02
1.071626205301543129e-02
-2.316418470784494497e-03
-1.228140047584341289e-02
-2.055848211997089378e-02
-2.841374655549176731e-02
-3.463653221835387430e-02
-3.560756029459664213e-02
-3.118934571815249954e-02
-2.473644216905412571e-02
-1.761166591488600233e-02
-9.717609595190246363e-03
-3.391293106918592988e-03
-8.844224399853722971e-04
-6.937578859036387831e-04
3.985651740497972830e-04
4.235970240016482743e-03
7.466336690447508695e-03
6.485284903115911062e-03
2.988876086163942854e-03
-6.892545004794222666e-04
-2.880480439450425634e-03
-3.953753575127624299e-03
-5.670127150265058709e-03
-8.458644241975829536e-03
-1.211171573056469067e-02
-1.454284323641099816e-02
-1.419726395142831971e-02
-1.235915311800701161e-02
-9.478576195886326966e-03
-4.332026482958564739e-03
2.663084579072531703e-03
8.969441951962548593e-03
1.342241897285350802e-02
1.634820061819102291e-02
1.727805215414326967e-02
1.538654226681275203e-02
1.077185399852911493e-02
6.118438973585996025e-03
3.806128637941528364e-03
3.036033138695673483e-03
1.489342927456873290e-03
-1.224505983165724262e-03
-3.228139849912944372e-03
-5.699889912755486295e-03
-1.014017921984913112e-02
-1.470347225753701643e-02
-1.722901278884548387e-02
-1.696170701965418054e-02
-1.432871677949955347e-02
-8.866092438613023402e-03
-1.785271354915480635e-03
3.170231511827987896e-03
4.924914248130830841e-03
5.848186169406455019e-03
7.985428281951676560e-03
1.051627463074098108e-02
1.311246685905536127e-02
1.817788670736858458e-02
2.473235426264729087e-02
2.896528913898825663e-02
3.005588460917073268e-02
2.854725709197521166e-02
2.458170459593939094e-02
1.757358176431064734e-02
7.436711200927930907e-03
-1.900633278157278557e-03
-6.909371096778533193e-03
-9.221644122178697042e-03
-9.616685274175168496e-03
-7.248243653537659453e-03
-3.648869169470263674e-03
-1.481245796178965596e-04
4.186881118331718492e-03
1.016212161589778382e-02
1.495463393829729766e-02
1.327265985000240789e-02
2.737486423599591080e-03
-1.254775577567895060e-02
-2.589996003377596084e-02
-3.454356392684284488e-02
-3.909856456255111218e-02
-3.924378918421835699e-02
-3.250647318518573581e-02
-1.928865435941722745e-02
-4.684661091201557277e-03
6.614181066385214393e-03
1.329001792898637860e-02
1.661588484595983087e-02
1.907693201881652256e-02
2.211721866728225822e-02
2.333058675342819868e-02
1.838081006949832466e-02
4.283447353829517024e-03
-1.913405833467372169e-02
-4.888466628618752530e-02
-7.995723791863439123e-02
-1.064529578313331143e-01
-1.245593582611215222e-01
-1.321087310209567989e-01
-1.240112419634341878e-01
-9.255284824519253994e-02
-4.274513475774970039e-02
6.439021341621678496e-03
4.680362467289791994e-02
8.143167691988098533e-02
1.122995350575640150e-01
1.398853308028968345e-01
1.626689797594782771e-01
1.761567428310702732e-01
1.752012809948536864e-01
1.585275435442846659e-01
1.265707648949432051e-01
7.961967661653576722e-02
2.633354769404578147e-02
-1.923507144378646880e-02
-5.216005094416993615e-02
-7.342198111438967556e-02
-8.240298655392291893e-02
-7.875107189031800570e-02
-6.580579551296007745e-02
-4.984000471852961800e-02
-3.497522343854660154e-02
-2.282364960949761004e-02
-1.521044092477535914e-02
-1.403190477726143706e-02
-1.712854149692373193e-02
-2.017020043468501639e-02
-2.406027168476579381e-02
-3.006848698563087396e-02
-3.423127444312297485e-02
-3.378858387724348322e-02
-2.942207885058904793e-02
-2.136594504211879533e-02
-9.794767077923854232e-03
2.900227811619823445e-03
1.452858439512955818e-02
2.512701334724846969e-02
3.534749937464792130e-02
4.383108349251487595e-02
4.577099214590987092e-02
3.815453054146168699e-02
2.277883910378092347e-02
4.640682450518382289e-03
-1.004111840455888284e-02
-1.696038974139379985e-02
-1.438728801726560716e-02
-5.045268603151812671e-03
4.685983598595181571e-03
1.009560372444480957e-02
8.784736085144580209e-03
9.148193948645892519e-04
-1.063484938821300692e-02
-2.442622579495082324e-02
-3.912532513078511437e-02
-5.023812836175768626e-02
-5.488193476762685818e-02
-5.444631382406432685e-02
-5.151767645193428002e-02
-4.606104378655985487e-02
-3.520643685163303560e-02
-1.746091769920260148e-02
5.360416148212452520e-03
2.859849833796785507e-02
4.823668842480077767e-02
6.188645022015751979e-02
6.554188944359418123e-02
5.862921365368060911e-02
4.832562101784260156e-02
4.108977078808783573e-02
3.845997463342137879e-02
3.841186588866131457e-02
3.499487968125394866e-02
2.244568825925539329e-02
2.752795209960438947e-03
-1.564831146159808076e-02
-2.779875420461482005e-02
-3.162180375678911443e-02
-2.508750482251276975e-02
-9.295144635135185740e-03
1.131460055539644342e-02
3.066013702038361891e-02
4.246966162519695553e-02
4.323810003823916337e-02
3.465190713982089360e-02
1.887994135712199595e-02
-2.579573063790700088e-03
-2.587974010041978884e-02
-4.943760143555325781e-02
-7.268276328260736552e-02
-9.133984008089514328e-02
-1.018608983618226327e-01
-1.046792602765964225e-01
-1.017014263894455706e-01
-9.341584514674808326e-02
-7.772464265356139601e-02
-4.922292031820221098e-02
-1.760417039170489133e-03
5.556477962035812068e-02
1.020887323257787388e-01
1.321727583583830745e-01
1.497713559609455125e-01
1.565257447567759141e-01
1.555892360825717746e-01
1.514791446500050320e-01
1.469997326285118200e-01
1.387704260561774539e-01
1.216175637920750563e-01
9.363680048338732242e-02
5.323929509455595926e-02
7.061669421987836620e-04
-5.996487436439724289e-02
-1.257559338744133337e-01
-1.960771840645057773e-01
-2.678029627358335385e-01
-3.330977075588829606e-01
-3.815924013708934526e-01
-4.051622676695764147e-01
-3.990887692450487689e-01
-3.546389708299467758e-01
-2.574362237587471958e-01
-9.451728869371237018e-02
1.021537559763832231e-01
2.599073602519932913e-01
3.505333945658948291e-01
3.888451456692888497e-01
3.887765304014237366e-01
3.602059111596619401e-01
3.093495869108821572e-01
2.444851110546155115e-01
1.776618229660424375e-01
1.188271758553565982e-01
7.199186943084909251e-02
3.654340781024056906e-02
8.589975608144919533e-03
-1.684031322544900233e-02
-4.456436363598537120e-02
-7.774484231074157981e-02
-1.147632077267007611e-01
-1.507729232261077468e-01
-1.803698666759132874e-01
-1.985693750860106632e-01
-2.016521537612962212e-01
-1.851685517704827477e-01
-1.426745852728466268e-01
-6.930048418159243107e-02
2.024587357740082957e-02
9.388840298891698577e-02
1.375453820665156202e-01
1.580203232758836118e-01
1.635310750299391325e-01
1.592337093919528601e-01
1.483016223225012975e-01
1.335513495939682771e-01
1.180082883676024375e-01
1.034057363961060488e-01
8.748370677280373209e-02
6.373014147199121404e-02
2.589681405137084919e-02
-2.436590087789845815e-02
-7.558264313119239519e-02
-1.161862440656029338e-01
-1.403528596139487217e-01
-1.473607554956259114e-01
-1.429157704062833378e-01
-1.292693025495612880e-01
-9.661838993907630180e-02
-3.127065444708454489e-02
6.032881455493031841e-02
1.351573187798016940e-01
1.558728576982728042e-01
1.267284139514100183e-01
6.157400281495922084e-02
-3.861608700374412340e-02
-1.707834187772860612e-01
-3.200429405013943129e-01
-4.639564011791115217e-01
-5.745675481937341234e-01
-6.199164583667569062e-01
-5.672959259118069975e-01
-3.832491619448778475e-01
-8.610655390175353530e-02
2.053723792600650466e-01
3.790415218004818398e-01
4.258820611340722873e-01
3.848672001948031385e-01
2.952717722053904703e-01
1.955800224035614265e-01
1.204277151218614145e-01
1.023777446437022232e-01
1.732881659023465526e-01
3.048477373376557442e-01
4.072121664506472838e-01
4.466101999020539171e-01
4.365767213650433298e-01
3.788423291395139891e-01
2.845024850433094943e-01
1.708806720921431377e-01
4.785389966188761945e-02
-7.742506723716874317e-02
-1.958755930217377927e-01
-2.979215075770816901e-01
-3.719638361478271316e-01
-4.048390333720706113e-01
-3.885082610001482362e-01
-3.131529314204565262e-01
-1.784472340419152037e-01
-3.417638923559109670e-02
5.268613784473115402e-02
6.611654609980752162e-02
2.476616526198927026e-02
-5.081715220247899623e-02
-1.384686288470610149e-01
-2.187096340022491037e-01
-2.857001798991657404e-01
-3.368193283772155100e-01
-3.546742390317859095e-01
-3.118705049075667368e-01
-2.043621197061094019e-01
-5.766566533408729045e-02
1.221671147968270699e-01
3.109813770368837216e-01
4.441217277811339015e-01
5.000760609029418768e-01
4.965777902859940252e-01
4.488397890966885351e-01
3.728749322757080042e-01
2.822335153574270783e-01
1.858413989895426055e-01
9.225705290734921571e-02
1.088649115735449389e-02
-5.129764150885524066e-02
-9.349287528010588599e-02
-1.187542125564095274e-01
-1.299605107852692676e-01
-1.304904779289448591e-01
-1.224984730571083147e-01
-1.095121442452501592e-01
-9.884825649727400909e-02
-8.915124636133567315e-02
-7.118619308143103730e-02
-4.305893441729911897e-02
-1.409300303381977489e-02
3.066631507062708012e-03
2.611947499664887470e-03
-1.574495387024954507e-02
-4.914321574479683929e-02
-9.177527189901965587e-02
-1.357937832877041118e-01
-1.721986303126126217e-01
-1.938135269745043243e-01
-1.932235868776738252e-01
-1.596872059399378208e-01
-7.980500393433440087e-02
3.010588962462099755e-02
1.224011543060897211e-01
1.749498483242833968e-01
1.916715911604867373e-01
1.773482558428391698e-01
1.409980347171403969e-01
9.402974461924448746e-02
4.529069908483870921e-02
5.123627432693770092e-03
-1.368023698741083552e-02
-1.665874492342912447e-03
4.235352993369002894e-02
9.973593941024676279e-02
1.414491817706142185e-01
1.539467853653815055e-01
1.376935756835901692e-01
9.801219051502389756e-02
4.165920144839251049e-02
-2.574949665068720916e-02
-9.597270730667797900e-02
-1.603363586774092520e-01
-2.129726741827845382e-01
-2.495887317478459322e-01
-2.654507225640712620e-01
-2.478920351762702035e-01
-1.794641272132915799e-01
-5.564698639428669602e-02
9.073272226707944366e-02
1.984070928495048902e-01
2.327629083430636792e-01
2.026059472055775912e-01
1.337690656845103576e-01
4.931907209301955586e-02
-3.442327837900690385e-02
-1.002682258177292479e-01
-1.286969933384233822e-01
-1.142476612597814328e-01
-6.832895164583631387e-02
6.576308002094015392e-03
9.214380083026062207e-02
1.427671059286384492e-01
1.423609872668117060e-01
1.016401249063602769e-01
2.826975502688190006e-02
-6.874102461983803980e-02
-1.756318433135783397e-01
-2.738967681242582830e-01
-3.413003217186786342e-01
-3.612250784195510378e-01
-3.272820182346429796e-01
-2.318892334727719884e-01
-8.413118244224444819e-02
8.882791754886402991e-02
2.555260239243474785e-01
3.738991910974031607e-01
4.272329963545488107e-01
4.313376169584099418e-01
4.033016048497933825e-01
3.520594322552298427e-01
2.815993404343040685e-01
2.004846596440092721e-01
1.176203257326412094e-01
3.673418894425094228e-02
-3.993013174659761078e-02
-1.108773902348642731e-01
-1.751034585676350674e-01
-2.294804676436606461e-01
-2.685302064887493678e-01
-2.856264424686432157e-01
-2.759831102669282887e-01
-2.399909299816168073e-01
-1.806531400733016324e-01
-1.106113061115830271e-01
-5.036141167204687824e-02
-7.834454550619965665e-03
2.016992953459878501e-02
3.852674480650297023e-02
5.106011368536567813e-02
5.759192180285947760e-02
5.757602760091326544e-02
5.249318463208910851e-02
4.299689976859268070e-02
2.919121435525075248e-02
1.220746791490708721e-02
-3.266581787340466433e-03
-9.333461425189280847e-03
-3.781289565425969678e-03
1.067227710020220849e-02
3.320882516160880010e-02
5.949779906521272116e-02
8.139926893461431334e-02
9.547463796800507996e-02
1.031052135029083272e-01
1.064595837902355402e-01
1.056496860426422157e-01
9.924794190075302003e-02
8.964884920743949881e-02
8.116964616120930787e-02
7.352952396426097603e-02
6.480619150823876962e-02
5.533390145694194046e-02
4.531821752755953170e-02
3.392692711421711749e-02
2.104939772543096277e-02
7.664614921692333716e-03
-7.656762326120843121e-03
-2.929796313202327057e-02
-5.945430515013457040e-02
-9.686703557711645596e-02
-1.377953601369604208e-01
-1.782149059134787161e-01
-2.154826599542772059e-01
-2.455545761033122165e-01
-2.649904572712634687e-01
-2.744043151916799594e-01
-2.735369530219731171e-01
-2.575697380231358191e-01
-2.201382194483740284e-01
-1.548661985564193377e-01
-5.255081886232727123e-02
7.077169351369484718e-02
1.701074451498141848e-01
2.262037665834790157e-01
2.472412276834977662e-01
2.428942592605327355e-01
2.237435475268373664e-01
1.985285842726026984e-01
1.724619661653568059e-01
1.478511193652201627e-01
1.246070183938766118e-01
1.003244769299048850e-01
7.223601805803306353e-02
4.134328098920186934e-02
1.091030938281934738e-02
-1.858479526927288641e-02
-4.626753308169126444e-02
-6.810810282507079316e-02
-8.234704725760903787e-02
-9.218430463829588306e-02
-1.001544492465540892e-01
-1.038100391620578322e-01
-9.829621539625996163e-02
-8.271279853133246818e-02
-6.015845861119094307e-02
-3.358012554243190728e-02
-7.341926342610535783e-03
1.500819738535198733e-02
3.195162549291345744e-02
4.097247667328410975e-02
4.149741759212863257e-02
3.625457755637961910e-02
2.880968089356650275e-02
2.320073089415463502e-02
2.095901048939366462e-02
1.836877228294915565e-02
1.327309617102654868e-02
8.226250511216290709e-03
3.890073247806047352e-03
-6.657729672128690629e-04
-3.411009886833418336e-03
-1.126993903490162204e-03
8.748583514905537359e-03
2.793357600665619112e-02
5.361882035256416990e-02
7.946925039002206148e-02
1.008602675551879824e-01
1.146939320840324877e-01
1.194957065987175548e-01
1.171354131228934531e-01
1.105586882176521485e-01
1.002858920625327999e-01
8.459850816153713371e-02
6.239284340931754852e-02
3.534567508759312027e-02
6.166922850156183328e-03
-2.360439782610484691e-02
-5.387803509491861237e-02
-8.628496751847834767e-02
-1.228236342889635624e-01
-1.631151925307139372e-01
-2.048545785898656102e-01
-2.450886054018934224e-01
-2.771218574928008271e-01
-2.914559226620266341e-01
-2.790504274312519684e-01
-2.285611447881529257e-01
-1.268693188901209024e-01
-5.380750834823254045e-03
6.466731117858950939e-02
6.037783473475822477e-02
4.639018694228183581e-03
-7.788636807937751594e-02
-1.584842984832627866e-01
-2.070526007522084655e-01
-2.006375354904996744e-01
-1.185120503422914945e-01
5.922111928485640497e-02
2.898865156036602997e-01
4.719505750002528366e-01
5.604906213889901956e-01
5.706568110193379617e-01
5.256742902503136472e-01
4.499392859862677008e-01
3.601566337639805493e-01
2.698364647341827682e-01
1.898252895023264386e-01
1.208430548510411040e-01
5.566006860894901626e-02
-1.305564942650645766e-02
-8.860834779157966690e-02
-1.717056207901294096e-01
-2.618874433883251474e-01
-3.557242204543521469e-01
-4.439267906123256502e-01
-5.121887587427295108e-01
-5.481655181078207706e-01
-5.547493975457767901e-01
-5.420068973198853834e-01
-5.026186316304291912e-01
-4.151379232812372200e-01
-2.547701793366118905e-01
-5.210224594473509413e-02
1.057510626881467408e-01
1.887864842703106116e-01
2.232105937098652904e-01
2.344374901708300429e-01
2.472255528152593751e-01
2.857026334318241712e-01
3.409348020194841733e-01
3.693146963500907876e-01
3.592869557245486067e-01
3.305679499736052240e-01
2.935395519270692088e-01
2.496190498780216926e-01
1.983851590856705038e-01
1.429757739597299071e-01
8.857201261530321668e-02
3.812655691635707250e-02
-9.277347313210903418e-03
-5.885887151357284408e-02
-1.070204288680500909e-01
-1.387517336133964885e-01
-1.486321832817961708e-01
-1.418369745892998635e-01
-1.238214963419672354e-01
-1.002927092483621857e-01
-7.654240979589915783e-02
-5.706125134019970208e-02
-4.455056597721362976e-02
-3.906243454748263566e-02
-4.002887760014555568e-02
-4.779854025131837630e-02
-5.924109729343276370e-02
-6.890425307324654636e-02
-7.553661306473773152e-02
-7.755247674266074753e-02
-7.084616237543872597e-02
-5.504534296081858846e-02
-3.379880131829827300e-02
-8.606486447587680458e-03
1.974058441619945883e-02
4.649449980309619535e-02
6.703297638934765934e-02
8.099924708300919318e-02
9.124382209551155920e-02
1.000732321473769698e-01
1.077385187013566448e-01
1.165960790189633084e-01
1.322148956608048820e-01
1.537312210220566633e-01
1.711057144965139887e-01
1.764970867090613904e-01
1.691111067562906800e-01
1.518105285078292233e-01
1.270261497710659659e-01
9.471995864703555701e-02
5.553487316057241496e-02
8.693129785988074065e-03
-5.165291259636671517e-02
-1.289583460778291057e-01
-2.183438062981255534e-01
-3.099779898110418541e-01
-3.936537314920702801e-01
-4.588442746671589911e-01
-4.910781772423272740e-01
-4.732632237315019808e-01
-3.901577778319443301e-01
-2.307668600378946777e-01
-3.351906048480497724e-02
1.192823976996620211e-01
1.944174844862819052e-01
2.057648944794877033e-01
1.687492522737123468e-01
9.989614819240690002e-02
1.627909108558550644e-02
-6.342807385126891795e-02
-1.206017495269560424e-01
-1.401956687954048486e-01
-1.060556297670475906e-01
1.872525246798383697e-03
1.553261431858103947e-01
2.771405828419609141e-01
3.361638654656862180e-01
3.464757404687381359e-01
3.203714033726743904e-01
2.696179042160539163e-01
2.075255692644835115e-01
1.449567733260908597e-01
8.812314742892565778e-02
4.361616675508991903e-02
1.767479725129863372e-02
1.279020683322687132e-02
2.070037451135787326e-02
2.478206393449385037e-02
1.943115295057986844e-02
9.906627558170590792e-03
-6.175029006588970970e-04
-1.318814568625928732e-02
-2.956741576724011139e-02
-4.992089654697176582e-02
-7.379211480609820795e-02
-1.001930707808336707e-01
-1.276501397407503458e-01
-1.541399897667296848e-01
-1.764322856302535936e-01
-1.925488124877180740e-01
-2.014815855079975515e-01
-1.995606499380650212e-01
-1.830769946074665422e-01
-1.499193067638744103e-01
-9.613293484948785828e-02
-2.976311267015591122e-02
2.678181190189034971e-02
6.406018368688892739e-02
8.644626875562687329e-02
9.965533391711743627e-02
1.072572707024399274e-01
1.094972022978470128e-01
1.085647143758223243e-01
1.055052828246946239e-01
9.773084281305871590e-02
8.335575038298438655e-02
6.337944950041118908e-02
4.109448738484769437e-02
2.007486963463352841e-02
3.482234425799804554e-03
-5.427619225981588323e-03
-5.090576914517965131e-03
5.945976022941282940e-04
4.262599453790489289e-03
2.163317898447007000e-03
-4.704308352769167104e-03
-1.580196203592856494e-02
-3.036348620578530402e-02
-4.416592730420910301e-02
-5.352583306825323128e-02
-5.809003204964704320e-02
-5.848163835783840719e-02
-5.455362007531308621e-02
-4.676332461315892836e-02
-3.593315274442800827e-02
-2.211309535071636495e-02
-7.803372659297364358e-03
3.266863430457241091e-03
1.125133682306346701e-02
1.864801870331775357e-02
2.700165928644143731e-02
3.622364222800888989e-02
4.512765180059816889e-02
5.266603046143603778e-02
5.896266656968342929e-02
6.551123486995298617e-02
7.316440695740586420e-02
7.985887867624670566e-02
8.218811279111219725e-02
7.836157941816661310e-02
6.941081818367639267e-02
5.694518811938878433e-02
4.081128580161159924e-02
2.168583643014188739e-02
2.751773516198659231e-03
-1.240869437316557619e-02
-2.312403657530629278e-02
-3.137211299112935281e-02
-3.991440401900983592e-02
-5.168496437420930234e-02
-6.715705388004480914e-02
-8.582840867401042573e-02
-1.078440190719075348e-01
-1.299566496131374094e-01
-1.482131770008498495e-01
-1.587615901047652045e-01
-1.539124064754195387e-01
-1.284962990786023274e-01
-7.981938796190263252e-02
-5.687883863868630624e-03
7.645310036032200440e-02
1.345937463883403462e-01
1.552047607188679068e-01
1.417093510931120293e-01
9.916885605784941937e-02
3.386867102110637656e-02
-4.398956502750646369e-02
-1.187002217037369384e-01
-1.740670013724883725e-01
-1.962397634516041267e-01
-1.733353109653224811e-01
-9.706299025937369096e-02
1.256385719518248248e-02
1.087198093470159860e-01
1.685116035712644067e-01
1.950589453306753596e-01
1.970247915833127639e-01
1.828685983751811017e-01
1.551927074136000007e-01
1.180530019424227695e-01
7.628520814805062056e-02
3.248552965560418115e-02
-7.442981017420502964e-03
-3.624110976846416782e-02
-4.526552683031766222e-02
-3.313705385109716461e-02
-1.619965543101180988e-02
-5.086075745314003888e-03
3.870069984669254406e-03
1.115410530978476651e-02
1.379286521670071951e-02
1.445397892555464435e-02
1.886252299760261472e-02
2.826973512732913751e-02
3.947197826833821754e-02
5.006983449453387969e-02
5.693831266249359258e-02
5.325268428168473955e-02
3.614845760246152007e-02
7.614043624693873913e-03
-2.975562579522152140e-02
-7.302101672547076094e-02
-1.198755036876556351e-01
-1.671911125851067714e-01
-2.092082371195518320e-01
-2.404779956273167263e-01
-2.574454658250247552e-01
-2.545073190702549781e-01
-2.250295555324315633e-01
-1.632596040372472912e-01
-6.082852397749330398e-02
5.889997500046137424e-02
1.404362329289814415e-01
1.661877192545955506e-01
1.548762486607274946e-01
1.226502397884196016e-01
8.264413711348354841e-02
4.734588195114922127e-02
2.726756876723259240e-02
3.256880991224646305e-02
6.775495574513852592e-02
1.135531893908456325e-01
1.423779544011113951e-01
1.500065340783577894e-01
1.430732003128589724e-01
1.236220244897355131e-01
9.481088507728702153e-02
6.156286653584215618e-02
2.769761415627635531e-02
-3.210589516078768066e-03
-2.788154876297153223e-02
-4.595927836826019242e-02
-5.968286584579016174e-02
-7.238320548809511201e-02
-8.568338760890749362e-02
-9.914648832681804969e-02
-1.119125189431541267e-01
-1.186197510021562151e-01
-1.104989165706868753e-01
-8.326481049132991585e-02
-3.600188313829759401e-02
2.168356509013897454e-02
6.837976661012851176e-02
9.431924016199108585e-02
1.037383502190357548e-01
1.000622866928367466e-01
8.337960463537616440e-02
5.526195072499007210e-02
2.135792181319273036e-02
-1.154481445186602076e-02
-3.970040464337666608e-02
-6.242241745208380876e-02
-8.100099955860884382e-02
-9.515756334704374153e-02
-9.739269647596880686e-02
-8.007038828917653617e-02
-4.687362675500406084e-02
-9.451667242354144099e-03
2.506490018934530439e-02
5.495922134174519025e-02
7.863567849733862913e-02
9.533839225639464954e-02
1.053156774773690435e-01
1.059942173161195073e-01
9.322857759354064022e-02
6.784839130829994902e-02
3.403277428760555223e-02
-4.060756449408243693e-03
-4.245636611428620782e-02
-7.699294446686290316e-02
-1.030924819096587647e-01
-1.186945005730980635e-01
-1.231053674804793580e-01
-1.158000651402103370e-01
-9.811559663829734490e-02
-7.531807374602601801e-02
-5.488710587142067721e-02
-3.817726293043707808e-02
-2.134392911516474339e-02
-2.999047680614787964e-03
1.430217048694720425e-02
2.868227002248654317e-02
4.080920122783313758e-02
5.204669404964730461e-02
6.406986583119030076e-02
7.685695938041672837e-02
8.850335103052310581e-02
9.487583036895994026e-02
9.209347631525725830e-02
8.121910779091472132e-02
6.471707134879065015e-02
4.318509598416211265e-02
1.857891647502689370e-02
-3.871992466956668960e-03
-1.996099675759089448e-02
-2.935397948321284006e-02
-3.421115171679163514e-02
-3.635350534032102954e-02
-3.535577480094508757e-02
-3.107640060740013421e-02
-2.445814877354928613e-02
-1.729069246012333860e-02
-1.145751512525184854e-02
-7.960521348180007312e-03
-8.107954298731278112e-03
-1.014249611390842867e-02
-9.443725818641411640e-03
-4.875884527548373509e-03
1.741663994495326866e-03
8.195686063882341027e-03
1.189849157434746778e-02
1.119553418260245577e-02
5.753504504886266038e-03
-3.565508421459928808e-03
-1.471032707664888563e-02
-2.656870318402296954e-02
-3.675029284600024593e-02
-4.075450656865509808e-02
-3.759276449494106803e-02
-2.876266728024618954e-02
-1.555119101624482039e-02
4.852568906398202399e-04
1.749008654846514327e-02
3.318895757140812725e-02
4.495400520785886728e-02
4.934462561984939016e-02
4.407933212974206316e-02
3.139806531664984801e-02
1.625243916450188481e-02
1.867728619469643473e-03
-1.116586033824674973e-02
-2.324226621966741374e-02
-3.368249630049809096e-02
-4.110913181050775828e-02
-4.619657349524580042e-02
-4.961600179732735677e-02
-4.737452941797318934e-02
-3.528723454334501547e-02
-1.582607501444758397e-02
6.025688409026909963e-03
2.700383616879904747e-02
4.364021893473578328e-02
5.390210426639280294e-02
5.869467942546469780e-02
5.963952542741510210e-02
5.727604518763785429e-02
5.083338146798875579e-02
4.101611910749222017e-02
3.019471144118696104e-02
1.789486885694247659e-02
3.043167533601378628e-03
-1.350832571683834374e-02
-3.032102411765612293e-02
-4.402543645261337152e-02
-5.171063320248216189e-02
-5.431832921350378263e-02
-5.464556570677926023e-02
-5.391497129550631290e-02
-5.225325319019137604e-02
-4.979755286001336101e-02
-4.625284395978137425e-02
-4.089111923143947530e-02
-3.318548811332107384e-02
-2.147907200977275388e-02
-5.008801887740157652e-03
