-8.202826976776123047e-02
-3.594442605972290039e-01
-2.783551812171936035e-01
-2.290123105049133301e-01
-2.328714132308959961e-01
-3.065827488899230957e-01
-3.122538924217224121e-01
-2.912443280220031738e-01
-2.701182365417480469e-01
-2.363479137420654297e-01
-2.207632660865783691e-01
-5.013580322265625000e-01
-1.588964462280273438e-01
-2.569106817245483398e-01
-2.740052938461303711e-01
-2.512081265449523926e-01
-2.208044528961181641e-01
-2.268003225326538086e-01
-3.011893630027770996e-01
-2.664251327514648438e-01
-2.918255329132080078e-01
-2.649770975112915039e-01
-2.702994346618652344e-01
4.542791843414306641e-02
-2.275485396385192871e-01
-2.585210204124450684e-01
-2.507561445236206055e-01
-2.506183981895446777e-01
-2.639946937561035156e-01
-4.397793412208557129e-01
-2.680388689041137695e-01
-2.845731377601623535e-01
-2.608605623245239258e-01
-2.541298270225524902e-01
-2.378812432289123535e-01
3.118283748626708984e-01
-1.417891085147857666e-01
-2.064393758773803711e-01
-2.684108614921569824e-01
-2.824875712394714355e-01
-2.715826034545898438e-01
-2.948437333106994629e-01
-2.519615292549133301e-01
-2.652260661125183105e-01
-2.552660107612609863e-01
-2.466196417808532715e-01
-2.563765048980712891e-01
-5.679363012313842773e-01
-2.176228165626525879e-01
-2.945039868354797363e-01
-2.765865325927734375e-01
-2.690181136131286621e-01
-2.557133436203002930e-01
-2.587848901748657227e-01
-2.815956473350524902e-01
-2.502947449684143066e-01
-2.565576434135437012e-01
-2.959154844284057617e-01
-6.891465187072753906e-02
5.267863869667053223e-01
-2.730841636657714844e-01
-3.031828999519348145e-01
-2.242431640625000000e-01
-2.636181116104125977e-01
-2.424809336662292480e-01
-3.116416931152343750e-01
-2.761040925979614258e-01
-2.683526277542114258e-01
-2.985016107559204102e-01
-2.640187740325927734e-01
-2.575949430465698242e-01
-2.314475774765014648e-01
-2.096765637397766113e-01
-2.732385396957397461e-01
-2.613117098808288574e-01
-2.150356173515319824e-01
-2.873101830482482910e-01
-2.780703902244567871e-01
-2.564489841461181641e-01
-2.306204438209533691e-01
-2.615278959274291992e-01
-2.723963260650634766e-01
-2.700875997543334961e-01
5.122774243354797363e-01
-2.129220962524414062e-01
-2.981546521186828613e-01
-2.641136646270751953e-01
-3.023214340209960938e-01
-1.977483630180358887e-01
-2.695345282554626465e-01
-2.714235782623291016e-01
-2.628948688507080078e-01
-8.823585510253906250e-02
-3.037167787551879883e-01
-2.731429934501647949e-01
-2.518903613090515137e-01
-2.288010716438293457e-01
-2.973360419273376465e-01
-2.258292436599731445e-01
-2.663714885711669922e-01
-2.635698914527893066e-01
-2.651956081390380859e-01
-2.909783720970153809e-01
-2.665235400199890137e-01
-2.623425722122192383e-01
-2.612865567207336426e-01
-2.650865912437438965e-01
-2.773919105529785156e-01
-1.524671316146850586e-01
-2.562317848205566406e-01
-2.571130990982055664e-01
-2.701150178909301758e-01
-2.650901079177856445e-01
-2.652622461318969727e-01
-2.648143172264099121e-01
-2.533221840858459473e-01
-2.708309888839721680e-01
-2.701001763343811035e-01
-2.238737940788269043e-01
-4.096086025238037109e-01
-2.014661431312561035e-01
-2.487341761589050293e-01
-2.765870690345764160e-01
-2.650857567787170410e-01
-2.899026274681091309e-01
-2.785906195640563965e-01
-2.545176744461059570e-01
-2.557260990142822266e-01
-2.853501439094543457e-01
-2.945095300674438477e-01
-2.708937525749206543e-01
-4.822912216186523438e-01
-2.066834568977355957e-01
-2.498548626899719238e-01
-2.565072774887084961e-01
-2.649984955787658691e-01
-2.651194930076599121e-01
-2.688736319541931152e-01
-2.857135534286499023e-01
-2.700859904289245605e-01
-2.562826275825500488e-01
-2.469013333320617676e-01
-2.136150598526000977e-01
-3.112758398056030273e-01
-1.564186811447143555e-01
-2.428156137466430664e-01
-2.599485516548156738e-01
-2.657902836799621582e-01
-3.213501572608947754e-01
-2.382996082305908203e-01
-2.507219910621643066e-01
-2.898615002632141113e-01
-2.717943787574768066e-01
-3.023486137390136719e-01
-2.803355455398559570e-01
-1.849684715270996094e-01
-1.606055498123168945e-01
-2.894340157508850098e-01
-2.750894427299499512e-01
-2.893112301826477051e-01
-2.423441410064697266e-01
-2.650662660598754883e-01
-2.766690850257873535e-01
-2.855190634727478027e-01
-2.760444283485412598e-01
-2.697618007659912109e-01
-2.654289007186889648e-01
-4.036295413970947266e-01
-2.215063571929931641e-01
-3.135825395584106445e-01
-2.557260990142822266e-01
-2.444297075271606445e-01
-2.517315149307250977e-01
-2.412720322608947754e-01
-2.643512487411499023e-01
-2.650592923164367676e-01
-2.500541210174560547e-01
-2.506183981895446777e-01
-2.615712285041809082e-01
-4.930067062377929688e-01
-1.957825422286987305e-01
-2.365003228187561035e-01
-2.731038928031921387e-01
-2.673035264015197754e-01
-2.542725801467895508e-01
-2.685105204582214355e-01
-3.105943202972412109e-01
-2.700430750846862793e-01
-2.822522521018981934e-01
-2.923626303672790527e-01
-2.507223486900329590e-01
4.033299982547760010e-01
-2.575865387916564941e-01
-2.432682514190673828e-01
-2.889562249183654785e-01
-2.703034877777099609e-01
-2.650910019874572754e-01
-2.810682654380798340e-01
-2.700887322425842285e-01
-2.734770178794860840e-01
-2.726610898971557617e-01
-2.711747884750366211e-01
-2.082802057266235352e-01
-2.861608862876892090e-01
-2.231962680816650391e-01
-2.421394586563110352e-01
-2.765979766845703125e-01
-2.735067605972290039e-01
-2.925619482994079590e-01
-2.608739137649536133e-01
-2.672559022903442383e-01
-2.789809703826904297e-01
-1.998242735862731934e-01
-2.920151948928833008e-01
-2.583479285240173340e-01
4.661973714828491211e-01
-2.293023467063903809e-01
-2.208820581436157227e-01
-2.412249445915222168e-01
-2.843632698059082031e-01
-2.650860548019409180e-01
-2.702767848968505859e-01
-2.715820670127868652e-01
-2.558962702751159668e-01
-2.503368854522705078e-01
-2.512550354003906250e-01
-2.804034352302551270e-01
-3.127348423004150391e-01
-2.136428356170654297e-01
-2.096555829048156738e-01
-2.855610251426696777e-01
-2.656066417694091797e-01
-2.650863528251647949e-01
-2.650817632675170898e-01
-2.700855135917663574e-01
-2.700904607772827148e-01
-2.368404269218444824e-01
-2.637553811073303223e-01
-2.271893620491027832e-01
-1.882880330085754395e-01
-2.716010808944702148e-01
-2.326815724372863770e-01
-2.882983088493347168e-01
-3.007858991622924805e-01
-3.012048006057739258e-01
-2.697848081588745117e-01
-2.718120813369750977e-01
-2.759925723075866699e-01
-2.855161428451538086e-01
-3.476288318634033203e-01
-2.188623547554016113e-01
-3.771390318870544434e-01
-2.684492468833923340e-01
-2.914261221885681152e-01
-2.520592808723449707e-01
-2.700875997543334961e-01
-2.650856971740722656e-01
-2.688752412796020508e-01
-2.664269208908081055e-01
-2.558268904685974121e-01
-2.770194411277770996e-01
-2.670483589172363281e-01
-2.715816497802734375e-01
-2.456011176109313965e-01
-2.289384007453918457e-01
-2.871850132942199707e-01
-2.650840282440185547e-01
-2.699738144874572754e-01
-2.272511124610900879e-01
-2.650862932205200195e-01
-2.664323449134826660e-01
-2.558729052543640137e-01
-2.790646553039550781e-01
-2.664322853088378906e-01
-2.765858769416809082e-01
-4.118256568908691406e-01
-2.965936660766601562e-01
-2.576934695243835449e-01
-2.608125209808349609e-01
-2.658925056457519531e-01
-2.655639052391052246e-01
-2.700110077857971191e-01
-2.700589299201965332e-01
-2.699226737022399902e-01
-2.651470899581909180e-01
-2.650861740112304688e-01
-2.700890898704528809e-01
-2.520402669906616211e-01
-3.084548115730285645e-01
-2.914506793022155762e-01
-2.558727860450744629e-01
-2.688625454902648926e-01
-2.700822949409484863e-01
-2.697830796241760254e-01
-2.650864720344543457e-01
-2.642546892166137695e-01
-3.355517983436584473e-01
-2.691029310226440430e-01
-2.700436115264892578e-01
-2.007576823234558105e-02
-2.825193405151367188e-01
-2.838978767395019531e-01
-2.650033235549926758e-01
-2.475464940071105957e-01
-2.556362152099609375e-01
-2.377020716667175293e-01
-2.507303953170776367e-01
-2.735176682472229004e-01
-2.507223486900329590e-01
-2.700253129005432129e-01
-2.657009363174438477e-01
5.284589529037475586e-02
-2.266603708267211914e-01
-3.046023845672607422e-01
-2.766323089599609375e-01
-2.832567095756530762e-01
-2.853173017501831055e-01
-2.857036590576171875e-01
-2.700896859169006348e-01
-2.714359164237976074e-01
-2.413393259048461914e-01
-2.576005458831787109e-01
-2.767271995544433594e-01
-2.506861090660095215e-01
-2.778769731521606445e-01
-3.002784252166748047e-01
-2.718681097030639648e-01
-2.714416980743408203e-01
-2.676242589950561523e-01
-2.716814279556274414e-01
-2.650853991508483887e-01
-2.513132691383361816e-01
-2.662751674652099609e-01
-3.221606612205505371e-01
-2.868069410324096680e-01
-3.546569347381591797e-01
-3.172332048416137695e-01
-2.001723647117614746e-01
-2.703543305397033691e-01
-2.415087819099426270e-01
-2.541526556015014648e-01
-2.650838494300842285e-01
-2.667385935783386230e-01
-2.700299620628356934e-01
-2.395070195198059082e-01
-2.650863528251647949e-01
-2.506493926048278809e-01
-3.380293846130371094e-01
-2.728346586227416992e-01
-2.807956933975219727e-01
-2.558727860450744629e-01
-2.650063633918762207e-01
-2.506236433982849121e-01
-2.631781101226806641e-01
-2.650145888328552246e-01
-2.650862932205200195e-01
-2.506791949272155762e-01
-2.650573849678039551e-01
-2.414065599441528320e-01
4.126140475273132324e-02
-2.314488887786865234e-01
-2.650871276855468750e-01
-2.558730840682983398e-01
-2.807967066764831543e-01
-2.797530293464660645e-01
-2.700516581535339355e-01
-2.454057931900024414e-01
-2.525529861450195312e-01
-2.557318806648254395e-01
-2.716495990753173828e-01
-2.557247877120971680e-01
-2.912440299987792969e-01
-1.994703412055969238e-01
-2.937346696853637695e-01
-2.804867029190063477e-01
-2.815169095993041992e-01
-2.651311159133911133e-01
-2.613812088966369629e-01
-2.780659794807434082e-01
-2.700755000114440918e-01
-2.655135989189147949e-01
-2.699089050292968750e-01
-2.700901031494140625e-01
-2.922747135162353516e-01
-2.147954106330871582e-01
-2.567560672760009766e-01
-2.465632557868957520e-01
-2.562477588653564453e-01
-2.564048767089843750e-01
-2.985159754753112793e-01
-2.893432974815368652e-01
-2.818800210952758789e-01
-2.649033069610595703e-01
-2.971518039703369141e-01
-2.650779485702514648e-01
-1.865307092666625977e-01
-2.205377221107482910e-01
-2.720990777015686035e-01
-2.558728456497192383e-01
-2.760854959487915039e-01
-2.593955397605895996e-01
-2.557261586189270020e-01
-2.695899009704589844e-01
-2.700358033180236816e-01
-2.695899009704589844e-01
-2.700358033180236816e-01
-2.569679021835327148e-01
-2.666181325912475586e-01
-2.683086991310119629e-01
-3.197535276412963867e-01
-2.482401728630065918e-01
-2.458482384681701660e-01
-2.557258009910583496e-01
-2.788901925086975098e-01
-2.855648994445800781e-01
-2.557886838912963867e-01
-2.557260990142822266e-01
-2.692602276802062988e-01
-2.765861749649047852e-01
-2.041696906089782715e-01
-1.754739880561828613e-01
-2.636677622795104980e-01
-2.731926441192626953e-01
-2.727286219596862793e-01
-2.857998609542846680e-01
-2.419778108596801758e-01
-2.507202625274658203e-01
-2.574247717857360840e-01
-2.765648365020751953e-01
-2.748496532440185547e-01
-2.661730051040649414e-01
-3.089521527290344238e-01
-1.382881402969360352e-01
-3.204548954963684082e-01
-2.765842080116271973e-01
-2.679533362388610840e-01
-2.673934102058410645e-01
-2.700906395912170410e-01
-2.497708201408386230e-01
-2.557294368743896484e-01
-2.558273077011108398e-01
-2.699247598648071289e-01
-2.665795683860778809e-01
-2.404547929763793945e-01
-1.287310719490051270e-01
-3.388552665710449219e-01
-2.773560881614685059e-01
-2.700901627540588379e-01
-3.012280464172363281e-01
-2.772333621978759766e-01
-2.722618579864501953e-01
-2.590047121047973633e-01
-2.368549108505249023e-01
-3.012288808822631836e-01
-2.694845795631408691e-01
-3.704354166984558105e-01
-2.780635952949523926e-01
-2.819862365722656250e-01
-2.778279781341552734e-01
-2.832825183868408203e-01
-2.627528905868530273e-01
-2.700222730636596680e-01
-2.776460647583007812e-01
-2.692016363143920898e-01
-2.605233192443847656e-01
-2.620251774787902832e-01
-2.819786071777343750e-01
-2.158109545707702637e-01
-1.929293870925903320e-01
-3.145214319229125977e-01
-2.751201391220092773e-01
-3.047298789024353027e-01
-2.714359164237976074e-01
-2.900481820106506348e-01
-2.714359164237976074e-01
-2.902640104293823242e-01
-2.747600674629211426e-01
-2.834287285804748535e-01
-2.749616503715515137e-01
-4.362125396728515625e-01
-2.129014134407043457e-01
-2.807961702346801758e-01
-2.745158672332763672e-01
-2.680830359458923340e-01
-2.649766802787780762e-01
-2.700883746147155762e-01
-2.700902819633483887e-01
-2.700805068016052246e-01
-2.557062506675720215e-01
-2.700893282890319824e-01
-2.700909376144409180e-01
-1.767082810401916504e-01
-1.735640168190002441e-01
-2.860107421875000000e-01
-2.888545989990234375e-01
-2.807987928390502930e-01
-2.700918316841125488e-01
-2.704769968986511230e-01
-2.417827248573303223e-01
-4.686560630798339844e-01
-2.484560608863830566e-01
-2.701309323310852051e-01
-2.700903415679931641e-01
-3.252137899398803711e-01
-2.131333351135253906e-01
-2.534753680229187012e-01
-2.650883793830871582e-01
-2.765859961509704590e-01
-2.862938642501831055e-01
-2.228487133979797363e-01
-2.695940732955932617e-01
-2.572678327560424805e-01
-3.265572190284729004e-01
-2.699327468872070312e-01
-2.699327468872070312e-01
-2.088863849639892578e-01
-2.173281908035278320e-01
-2.672116756439208984e-01
-2.808083295822143555e-01
-2.736342549324035645e-01
-2.653316855430603027e-01
-2.689279317855834961e-01
-2.676205635070800781e-01
-2.696630954742431641e-01
-2.673413753509521484e-01
-2.522379159927368164e-01
-3.012282252311706543e-01
-3.962489962577819824e-01
-1.947776079177856445e-01
-2.379721403121948242e-01
-2.701312899589538574e-01
-2.654805183410644531e-01
-2.868648767471313477e-01
-2.839414477348327637e-01
-2.820338010787963867e-01
-2.537003755569458008e-01
-2.695550322532653809e-01
-2.556189298629760742e-01
-2.371098399162292480e-01
-3.798781037330627441e-01
-2.043951153755187988e-01
-2.672696709632873535e-01
-2.268287539482116699e-01
-2.660726308822631836e-01
-2.583478689193725586e-01
-2.804871797561645508e-01
-2.699951529502868652e-01
-2.650863528251647949e-01
-2.868619561195373535e-01
-2.558727860450744629e-01
-2.565487027168273926e-01
-2.211571931838989258e-01
-2.156833410263061523e-01
-2.556114792823791504e-01
-2.470293641090393066e-01
-2.671204209327697754e-01
-2.716084718704223633e-01
-2.715765833854675293e-01
-2.581636309623718262e-01
-2.859701514244079590e-01
-2.650418877601623535e-01
-2.822754979133605957e-01
-2.700905203819274902e-01
-2.597362995147705078e-01
-2.496477365493774414e-01
-2.660473585128784180e-01
-2.412486076354980469e-01
-2.790138721466064453e-01
-2.573549747467041016e-01
-2.507223486900329590e-01
-2.644515037536621094e-01
-2.784799933433532715e-01
-2.855657339096069336e-01
-2.623726129531860352e-01
-2.414048314094543457e-01
-2.477944493293762207e-01
-2.371073365211486816e-01
-2.660473585128784180e-01
-2.640690207481384277e-01
-2.718760967254638672e-01
-2.756297588348388672e-01
-2.623472213745117188e-01
-2.364424467086791992e-01
-2.700168490409851074e-01
-2.675536274909973145e-01
-2.420521974563598633e-01
-2.654436230659484863e-01
-3.334566354751586914e-01
-2.822464108467102051e-01
-2.581964731216430664e-01
-2.613963484764099121e-01
-2.708043456077575684e-01
-2.778025865554809570e-01
-2.700749039649963379e-01
-2.817231416702270508e-01
-2.416245341300964355e-01
-2.650405764579772949e-01
-2.850162386894226074e-01
-2.487028241157531738e-01
-2.993308305740356445e-01
-3.227745294570922852e-01
-2.880322933197021484e-01
-2.954447269439697266e-01
-2.623798251152038574e-01
-2.700700759887695312e-01
-2.650318145751953125e-01
-2.650858759880065918e-01
-2.671892642974853516e-01
-2.668111920356750488e-01
-2.700085043907165527e-01
-2.700085043907165527e-01
-1.673008203506469727e-01
-3.167223334312438965e-01
-2.335417866706848145e-01
-2.619604468345642090e-01
-2.650863528251647949e-01
-2.511980533599853516e-01
-2.616853117942810059e-01
-2.507008910179138184e-01
-2.678804993629455566e-01
-2.700357437133789062e-01
-2.700448632240295410e-01
-2.700712084770202637e-01
-2.221553921699523926e-01
-2.574791908264160156e-01
-2.633344531059265137e-01
-2.558730840682983398e-01
-2.700597047805786133e-01
-2.308248281478881836e-01
-3.035410642623901367e-01
-2.714641690254211426e-01
-2.022679448127746582e-01
-2.056556344032287598e-01
-2.693050503730773926e-01
-2.781595587730407715e-01
-1.060912311077117920e-01
-2.564751505851745605e-01
-2.566837668418884277e-01
-2.544997334480285645e-01
-2.672932744026184082e-01
-2.705420851707458496e-01
-2.696070671081542969e-01
-2.564298510551452637e-01
-2.505453228950500488e-01
-2.940727472305297852e-01
-2.651667594909667969e-01
-2.748064994812011719e-01
-2.416417002677917480e-01
-2.017157673835754395e-01
-2.506183981895446777e-01
-2.471963763236999512e-01
-2.700610756874084473e-01
-3.012256026268005371e-01
-2.700649499893188477e-01
-2.557197213172912598e-01
-2.694911360740661621e-01
-2.543470859527587891e-01
-2.530149221420288086e-01
-3.218204379081726074e-01
-5.082266330718994141e-01
-1.967548727989196777e-01
-2.597391009330749512e-01
-2.650967240333557129e-01
-3.012282848358154297e-01
-2.729228138923645020e-01
-2.819114923477172852e-01
-2.828792929649353027e-01
-2.910446524620056152e-01
-2.700300216674804688e-01
-2.362763285636901855e-01
-2.868648767471313477e-01
-3.484444022178649902e-01
-2.317680120468139648e-01
-2.663840055465698242e-01
-2.716647982597351074e-01
-2.464200258255004883e-01
-2.663117647171020508e-01
-2.700142264366149902e-01
-2.650863528251647949e-01
-2.507225275039672852e-01
-2.571616172790527344e-01
-2.650862932205200195e-01
-2.807405591011047363e-01
-3.283717632293701172e-01
-2.260276675224304199e-01
-2.805044054985046387e-01
-2.933037877082824707e-01
-2.656015753746032715e-01
-2.650411725044250488e-01
-2.714345455169677734e-01
-2.805152535438537598e-01
-2.517832517623901367e-01
-2.855783104896545410e-01
-3.051291108131408691e-01
-2.697885036468505859e-01
-2.419984936714172363e-01
-2.379274368286132812e-01
-2.793696522712707520e-01
-2.707366347312927246e-01
-2.558380365371704102e-01
-2.688810229301452637e-01
-2.640420198440551758e-01
-2.650861144065856934e-01
-2.650879621505737305e-01
-2.650863528251647949e-01
-2.650874853134155273e-01
-2.828044295310974121e-01
-2.408417463302612305e-01
-2.955569028854370117e-01
-2.556207180023193359e-01
-2.755270600318908691e-01
-2.650864124298095703e-01
-2.735958695411682129e-01
-1.856148242950439453e-01
-2.495927214622497559e-01
-2.919585704803466797e-01
-2.757418751716613770e-01
-2.668911218643188477e-01
-2.453551292419433594e-01
-3.412693738937377930e-01
-1.322767138481140137e-01
-2.865488529205322266e-01
-2.579108476638793945e-01
-2.869887948036193848e-01
-2.700913548469543457e-01
-2.700884342193603516e-01
-2.675866484642028809e-01
-2.556503415107727051e-01
-2.651144266128540039e-01
-3.012286424636840820e-01
-2.700627446174621582e-01
-3.248389363288879395e-01
-1.756117939949035645e-01
-2.690590620040893555e-01
-2.857999205589294434e-01
-2.689250707626342773e-01
-2.710852622985839844e-01
-2.765932083129882812e-01
-2.608753442764282227e-01
-2.254710793495178223e-01
-2.960414886474609375e-01
-2.700895071029663086e-01
-2.688094377517700195e-01
1.292254328727722168e-01
-2.040153741836547852e-01
-2.699816226959228516e-01
-2.557848095893859863e-01
-2.869378328323364258e-01
-2.321798205375671387e-01
8.187928795814514160e-02
-2.312749028205871582e-01
-2.246018648147583008e-01
-2.817053794860839844e-01
-2.716320157051086426e-01
-2.857996225357055664e-01
1.115113019943237305e+00
-1.532227993011474609e-01
-3.178612589836120605e-01
-2.704063057899475098e-01
-2.700218558311462402e-01
-2.700452804565429688e-01
-2.700834274291992188e-01
-2.700452804565429688e-01
-2.608919739723205566e-01
-2.700436711311340332e-01
-2.700460553169250488e-01
-2.700827121734619141e-01
-2.330704927444458008e-01
-2.758235335350036621e-01
-2.776510119438171387e-01
-2.579600214958190918e-01
-2.714881896972656250e-01
-2.550503611564636230e-01
-2.551522254943847656e-01
-2.700377702713012695e-01
-2.693551778793334961e-01
-2.700376510620117188e-01
-2.669845223426818848e-01
-2.639028429985046387e-01
-3.284844160079956055e-01
-2.233921885490417480e-01
-2.815734148025512695e-01
-3.393855094909667969e-01
-2.506891489028930664e-01
-2.623621821403503418e-01
-2.661581039428710938e-01
-2.512043118476867676e-01
-2.650877237319946289e-01
-2.563457489013671875e-01
-2.699040770530700684e-01
-2.700903415679931641e-01
-3.278082609176635742e-01
-2.133243680000305176e-01
-2.650993466377258301e-01
-2.854643464088439941e-01
-2.695486545562744141e-01
-2.665457725524902344e-01
-2.701145410537719727e-01
-2.699986696243286133e-01
-2.700815796852111816e-01
-2.701212763786315918e-01
-2.608858346939086914e-01
-2.800421118736267090e-01
-2.490913271903991699e-01
-2.295163273811340332e-01
-2.650843858718872070e-01
-2.630714178085327148e-01
-3.036229610443115234e-01
-2.769948840141296387e-01
-2.853029370307922363e-01
-2.197128534317016602e-01
-2.651714682579040527e-01
-1.816205382347106934e-01
-2.650863528251647949e-01
-2.698840498924255371e-01
9.888911247253417969e-02
-2.487792372703552246e-01
-2.938030362129211426e-01
-2.793356776237487793e-01
-2.717481851577758789e-01
-2.749211788177490234e-01
-2.248674631118774414e-01
-2.650863528251647949e-01
-2.664321660995483398e-01
-2.742313742637634277e-01
-2.510160803794860840e-01
-2.809864878654479980e-01
-2.434303760528564453e-01
-2.852730154991149902e-01
-2.807961702346801758e-01
-2.506183981895446777e-01
-2.650863528251647949e-01
-2.553662657737731934e-01
-2.650863528251647949e-01
-2.650865316390991211e-01
-2.506192922592163086e-01
-2.638422846794128418e-01
-2.650721073150634766e-01
-2.536628842353820801e-01
-2.011805176734924316e-01
-2.723660469055175781e-01
-2.808223366737365723e-01
-2.837620377540588379e-01
-2.578370571136474609e-01
-2.804211974143981934e-01
-2.694033384323120117e-01
-2.564578056335449219e-01
-2.650274634361267090e-01
-2.700867652893066406e-01
-2.767041325569152832e-01
-2.764151692390441895e-01
-2.381494045257568359e-01
-2.449621558189392090e-01
-2.599562406539916992e-01
-2.794899940490722656e-01
-2.648121118545532227e-01
-2.550608515739440918e-01
-2.650861740112304688e-01
-2.650704383850097656e-01
-2.650864124298095703e-01
-2.683043479919433594e-01
-2.576599121093750000e-01
-2.666576504707336426e-01
-1.900110840797424316e-01
-3.137272596359252930e-01
-2.864080667495727539e-01
-2.649745345115661621e-01
-2.439835071563720703e-01
-2.399116754531860352e-01
-2.659689784049987793e-01
-2.700631618499755859e-01
-1.414431929588317871e-01
-2.604628205299377441e-01
-2.803978323936462402e-01
-2.698922157287597656e-01
5.103007555007934570e-01
-2.600521445274353027e-01
-2.743626832962036133e-01
-2.700899839401245117e-01
-2.998142838478088379e-01
-2.623702883720397949e-01
-2.651101946830749512e-01
-2.685795426368713379e-01
-1.724270582199096680e-01
-2.717517614364624023e-01
-2.325490117073059082e-01
-2.506289482116699219e-01
1.720622181892395020e-02
-3.508252501487731934e-01
-2.713274955749511719e-01
-2.836811542510986328e-01
-2.732243537902832031e-01
-1.948629617691040039e-01
-2.574987411499023438e-01
-2.604296207427978516e-01
-2.805092930793762207e-01
-2.709655165672302246e-01
-2.868624925613403320e-01
-2.215985655784606934e-01
3.424684405326843262e-01
-2.115104794502258301e-01
-2.418248057365417480e-01
-2.571229934692382812e-01
-2.860151529312133789e-01
-2.816291451454162598e-01
-2.769975066184997559e-01
-2.857999205589294434e-01
-2.404326200485229492e-01
-2.652212381362915039e-01
-2.507227063179016113e-01
-2.700865864753723145e-01
1.672927141189575195e-01
-2.666524052619934082e-01
-2.826655507087707520e-01
-2.869883775711059570e-01
-2.642627358436584473e-01
-2.506844401359558105e-01
-2.543705701828002930e-01
-2.615846991539001465e-01
-2.857999205589294434e-01
-2.539613842964172363e-01
-2.507025003433227539e-01
-2.650863528251647949e-01
-2.739346027374267578e-01
-2.783007621765136719e-01
-2.825859189033508301e-01
-2.791082859039306641e-01
-2.701957821846008301e-01
-2.479055523872375488e-01
-2.506728172302246094e-01
-2.754158377647399902e-01
-1.851062774658203125e-01
-2.868648767471313477e-01
-2.780823111534118652e-01
-2.651833891868591309e-01
-1.218251287937164307e-01
-2.901923656463623047e-01
-3.010655045509338379e-01
-2.865021228790283203e-01
-2.558728456497192383e-01
-2.700901627540588379e-01
-2.610120177268981934e-01
-2.857714295387268066e-01
-2.857999205589294434e-01
-2.857391238212585449e-01
-2.702009081840515137e-01
-2.623440623283386230e-01
-2.892975807189941406e-01
-2.736355066299438477e-01
-2.942930459976196289e-01
-2.725558876991271973e-01
-2.650965452194213867e-01
-2.508895397186279297e-01
-2.650856375694274902e-01
-2.763769626617431641e-01
-2.777874469757080078e-01
-2.874085307121276855e-01
-2.641166448593139648e-01
-2.511484026908874512e-01
6.094824671745300293e-01
-2.975028157234191895e-01
-2.758631706237792969e-01
-2.744318246841430664e-01
-2.680318355560302734e-01
-2.414185404777526855e-01
-2.513972520828247070e-01
-2.727190256118774414e-01
-2.410494685173034668e-01
-2.877724170684814453e-01
-3.227138519287109375e-01
-2.734416723251342773e-01
1.214730143547058105e-01
-2.914504408836364746e-01
-2.892810106277465820e-01
-2.662787437438964844e-01
-2.650960683822631836e-01
-2.558727860450744629e-01
-2.855435609817504883e-01
-2.412648797035217285e-01
-1.754483580589294434e-01
-3.002074956893920898e-01
-2.358844280242919922e-01
-2.506336569786071777e-01
6.254826784133911133e-01
-3.026119470596313477e-01
-2.288148999214172363e-01
-2.959496378898620605e-01
-3.012288212776184082e-01
-2.287131547927856445e-01
-2.548572421073913574e-01
-2.868647575378417969e-01
-2.911741733551025391e-01
-2.754684090614318848e-01
-2.863172292709350586e-01
-2.531875371932983398e-01
-1.810076236724853516e-01
-2.900907993316650391e-01
-2.694908380508422852e-01
-2.857999205589294434e-01
6.687766313552856445e-01
-2.785763144493103027e-01
-2.650863528251647949e-01
-2.506183981895446777e-01
-2.506078481674194336e-01
-2.414164543151855469e-01
-2.521663904190063477e-01
-2.414063811302185059e-01
-2.609124183654785156e-01
-3.221590518951416016e-01
-2.823719382286071777e-01
-2.650784850120544434e-01
-2.417383193969726562e-01
-2.560017108917236328e-01
-2.700779438018798828e-01
-2.698053121566772461e-01
-2.679358720779418945e-01
-2.650578022003173828e-01
-2.598736286163330078e-01
-2.732269763946533203e-01
-2.681186199188232422e-01
-2.855428457260131836e-01
-2.844497561454772949e-01
-2.571129202842712402e-01
-2.761979103088378906e-01
-2.608621716499328613e-01
-2.556759715080261230e-01
-2.868645787239074707e-01
-2.701715826988220215e-01
-2.649055719375610352e-01
-2.686413526535034180e-01
-2.700505256652832031e-01
-3.172031641006469727e-01
-2.667921185493469238e-01
-2.650560140609741211e-01
-2.558742761611938477e-01
-2.650835514068603516e-01
-2.663998603820800781e-01
-2.700638771057128906e-01
-2.650805115699768066e-01
-2.640249729156494141e-01
-2.650931477546691895e-01
-2.715737819671630859e-01
-2.837513685226440430e-01
-2.945654988288879395e-01
-3.091598153114318848e-01
-2.628201842308044434e-01
-2.650865316390991211e-01
-2.868632674217224121e-01
-2.584819197654724121e-01
-1.983224749565124512e-01
-2.649476528167724609e-01
-3.304145336151123047e-01
-2.320871949195861816e-01
-2.455406188964843750e-01
-2.550754547119140625e-01
7.909440994262695312e-01
-2.603871822357177734e-01
-2.844013571739196777e-01
-2.766618132591247559e-01
-2.697211503982543945e-01
-2.671734690666198730e-01
-2.664566636085510254e-01
-2.531254291534423828e-01
-2.744470238685607910e-01
-2.641559839248657227e-01
-2.687438130378723145e-01
-2.558730244636535645e-01
-3.246033191680908203e-02
-3.078845143318176270e-01
-2.700854539871215820e-01
-2.650870680809020996e-01
-2.700948715209960938e-01
-2.556830048561096191e-01
-2.759261131286621094e-01
-2.642230987548828125e-01
-2.700892090797424316e-01
-2.701547145843505859e-01
-2.700930237770080566e-01
-2.476088404655456543e-01
-2.405959367752075195e-01
-3.206359148025512695e-01
-2.668948769569396973e-01
-2.533492445945739746e-01
-2.651008367538452148e-01
-2.855190634727478027e-01
-2.700901031494140625e-01
-2.778326869010925293e-01
-2.804908156394958496e-01
-2.556220889091491699e-01
-2.778003215789794922e-01
-2.681026458740234375e-01
-2.801247835159301758e-01
-2.157946228981018066e-01
-2.312261462211608887e-01
-2.382431626319885254e-01
-1.994144320487976074e-01
-2.677897214889526367e-01
-2.781024575233459473e-01
-2.807919979095458984e-01
-2.696964144706726074e-01
-2.650863528251647949e-01
-2.650863528251647949e-01
-2.559642791748046875e-01
-2.440633773803710938e-01
-2.575647830963134766e-01
-3.033165931701660156e-01
-2.630574703216552734e-01
-2.908668518066406250e-01
-2.266553044319152832e-01
-2.534276247024536133e-01
-2.650684118270874023e-01
-2.704744935035705566e-01
-2.326700687408447266e-01
-2.700256109237670898e-01
-2.650864720344543457e-01
4.153314232826232910e-01
-2.707669138908386230e-01
-2.514548301696777344e-01
-2.557289600372314453e-01
-2.412785291671752930e-01
-2.619410157203674316e-01
-2.700018882751464844e-01
-2.557144761085510254e-01
-2.606214880943298340e-01
-2.700862884521484375e-01
-2.701438069343566895e-01
-2.695987224578857422e-01
-3.715825080871582031e-01
-2.764147520065307617e-01
-2.507228255271911621e-01
-1.963731050491333008e-01
-2.650616168975830078e-01
-2.700844407081604004e-01
-2.700800895690917969e-01
-2.473358511924743652e-01
-2.673755884170532227e-01
-2.700900435447692871e-01
-2.608765363693237305e-01
-3.059362173080444336e-01
-3.441694378852844238e-01
-2.789217829704284668e-01
-2.478039860725402832e-01
-2.810894846916198730e-01
-2.700900435447692871e-01
-2.769951820373535156e-01
-2.608652710914611816e-01
-2.568795680999755859e-01
-2.791837453842163086e-01
-2.705481648445129395e-01
-2.799029946327209473e-01
-2.700855135917663574e-01
-1.010334789752960205e-01
-2.308640480041503906e-01
-2.652249932289123535e-01
-2.700901031494140625e-01
-1.762279272079467773e-01
-2.871417403221130371e-01
-2.694255113601684570e-01
-2.614454030990600586e-01
-2.684421539306640625e-01
-2.673640847206115723e-01
-2.334732413291931152e-01
-2.563873529434204102e-01
3.967321515083312988e-01
-2.738664150238037109e-01
-2.557294964790344238e-01
-2.342928647994995117e-01
-2.607479691505432129e-01
-2.662762403488159180e-01
-3.121752142906188965e-01
-2.557260990142822266e-01
-2.662004828453063965e-01
-3.220477700233459473e-01
-2.560309171676635742e-01
-2.665643095970153809e-01
-3.212630748748779297e-02
-2.453657388687133789e-01
-2.993568181991577148e-01
-2.661565542221069336e-01
-2.412254810333251953e-01
-2.700833082199096680e-01
-2.868648171424865723e-01
-2.580078244209289551e-01
-2.563837170600891113e-01
-2.605832815170288086e-01
-2.470803260803222656e-01
-2.678220272064208984e-01
-2.393198609352111816e-01
-2.729924917221069336e-01
-2.391460537910461426e-01
-2.650941610336303711e-01
-2.612180113792419434e-01
-2.522866725921630859e-01
-2.700517773628234863e-01
-2.700842022895812988e-01
-2.700638175010681152e-01
-2.559494376182556152e-01
-2.700899243354797363e-01
-2.338709235191345215e-01
8.279335498809814453e-02
-3.135609030723571777e-01
-3.035667538642883301e-01
-2.857918143272399902e-01
-2.837301492691040039e-01
-2.849245667457580566e-01
-2.650863528251647949e-01
-2.650863528251647949e-01
-2.531571388244628906e-01
-2.668123841285705566e-01
-2.431616187095642090e-01
-2.700836658477783203e-01
-3.182239532470703125e-01
-2.807841897010803223e-01
-2.664276361465454102e-01
-2.769239544868469238e-01
-2.765852212905883789e-01
-2.653266191482543945e-01
-2.700814008712768555e-01
-2.650863528251647949e-01
-2.557260990142822266e-01
-2.805159687995910645e-01
-2.700899243354797363e-01
-2.646231651306152344e-01
-3.000863790512084961e-01
-2.711822986602783203e-01
-2.650863528251647949e-01
-2.765862345695495605e-01
-2.700880765914916992e-01
-3.074927330017089844e-01
-2.507532238960266113e-01
-2.857997417449951172e-01
-2.335414290428161621e-01
-2.700867056846618652e-01
-2.557238340377807617e-01
-2.768483161926269531e-01
-2.529538273811340332e-01
-2.080323100090026855e-01
-2.868616580963134766e-01
-2.651637196540832520e-01
-3.200973272323608398e-01
-2.700875997543334961e-01
-2.608766555786132812e-01
-2.748520970344543457e-01
-2.608507871627807617e-01
-2.801613211631774902e-01
-2.937080264091491699e-01
-2.702251672744750977e-01
-2.900747656822204590e-01
-2.231439948081970215e-01
5.406370162963867188e-01
-2.690691947937011719e-01
-2.736580967903137207e-01
-2.694012522697448730e-01
-2.804865837097167969e-01
-2.807960510253906250e-01
-2.765790224075317383e-01
-2.805300951004028320e-01
-2.750377655029296875e-01
-2.348867654800415039e-01
5.250694751739501953e-01
-1.574690341949462891e-01
-2.726207375526428223e-01
-2.581578493118286133e-01
-3.093119263648986816e-01
-2.507317066192626953e-01
-2.857999205589294434e-01
-2.558727860450744629e-01
-2.504493594169616699e-01
-2.700885534286499023e-01
-2.765862941741943359e-01
-2.690805792808532715e-01
-2.158572077751159668e-01
-1.321763098239898682e-01
-3.003417849540710449e-01
-2.710188031196594238e-01
-2.760624885559082031e-01
-2.715806365013122559e-01
-2.650863528251647949e-01
-2.551741003990173340e-01
-2.647476792335510254e-01
-2.461732029914855957e-01
-2.694780230522155762e-01
-2.280408143997192383e-01
-2.730073332786560059e-01
-1.555777788162231445e-01
-2.903175354003906250e-01
-2.558758258819580078e-01
-2.779300212860107422e-01
-2.703096866607666016e-01
-2.506366968154907227e-01
-2.678050994873046875e-01
-2.700902223587036133e-01
-2.700896859169006348e-01
-2.700892090797424316e-01
-2.757869362831115723e-01
-1.572665572166442871e-01
-1.393874585628509521e-01
-2.686046957969665527e-01
-2.668623328208923340e-01
-2.672510743141174316e-01
-2.725967168807983398e-01
-2.700873017311096191e-01
-2.920176386833190918e-01
-2.701001167297363281e-01
-2.765840291976928711e-01
-2.652938961982727051e-01
-2.765850424766540527e-01
-2.698934078216552734e-01
-2.237228155136108398e-01
-2.665486335754394531e-01
-2.640185952186584473e-01
-2.700641155242919922e-01
-2.532531619071960449e-01
-2.658467888832092285e-01
-2.650904655456542969e-01
-2.650863528251647949e-01
-2.715812921524047852e-01
-2.706876993179321289e-01
-2.775289416313171387e-01
-3.145645856857299805e-01
-1.560490727424621582e-01
-2.438375949859619141e-01
-2.922527790069580078e-01
-2.837641835212707520e-01
-2.717737555503845215e-01
-2.650864124298095703e-01
-2.723751068115234375e-01
-2.559715509414672852e-01
-2.637137770652770996e-01
-2.601372599601745605e-01
-2.591292262077331543e-01
-2.249283194541931152e-01
-2.288025617599487305e-01
-2.767017483711242676e-01
-2.644934654235839844e-01
-2.612136006355285645e-01
-2.715826034545898438e-01
-3.147342205047607422e-01
-2.849638462066650391e-01
-2.604808807373046875e-01
-2.628540992736816406e-01
-2.548773884773254395e-01
-2.507230043411254883e-01
-3.106281161308288574e-01
-4.620000720024108887e-02
-2.767018675804138184e-01
-2.676124572753906250e-01
-2.664349675178527832e-01
-2.721589207649230957e-01
-2.834340333938598633e-01
-1.808405518531799316e-01
-2.650861144065856934e-01
-2.808123826980590820e-01
-2.702259421348571777e-01
-2.807875275611877441e-01
-3.240789771080017090e-01
-1.605475544929504395e-01
-2.633649706840515137e-01
-2.530276179313659668e-01
-2.655969858169555664e-01
-2.437781095504760742e-01
-2.701123952865600586e-01
-2.798049449920654297e-01
-2.765862941741943359e-01
-2.774744629859924316e-01
-2.700906991958618164e-01
-2.774744629859924316e-01
-2.659756541252136230e-01
-1.852412223815917969e-01
-2.856245040893554688e-01
-2.961518764495849609e-01
-2.701391577720642090e-01
-2.437781095504760742e-01
-2.699102759361267090e-01
-2.715826034545898438e-01
-2.615497112274169922e-01
-2.650229930877685547e-01
-2.700901031494140625e-01
-2.659876346588134766e-01
-2.278591990470886230e-01
-1.563642024993896484e-01
-3.019523620605468750e-01
-2.386116981506347656e-01
-2.650721669197082520e-01
-2.600139379501342773e-01
-2.695026993751525879e-01
-2.622598409652709961e-01
-2.818274497985839844e-01
-2.763614058494567871e-01
-2.799006700515747070e-01
-2.725986242294311523e-01
-2.434932589530944824e-01
-1.718721985816955566e-01
-2.907965779304504395e-01
-2.581938505172729492e-01
-2.765861153602600098e-01
-2.715827226638793945e-01
-2.612727880477905273e-01
-2.573807239532470703e-01
-2.513803839683532715e-01
-2.751581668853759766e-01
-2.557260394096374512e-01
-2.715827822685241699e-01
-3.347342610359191895e-01
-1.421536505222320557e-01
-2.965678572654724121e-01
-2.424510121345520020e-01
-2.650863528251647949e-01
-2.566648721694946289e-01
-2.576684951782226562e-01
-2.622990608215332031e-01
-2.557260990142822266e-01
-2.808765769004821777e-01
-2.865471839904785156e-01
-2.699173092842102051e-01
1.935103833675384521e-01
-1.970184445381164551e-01
-2.577230334281921387e-01
-2.437781095504760742e-01
-2.655395865440368652e-01
-2.756351232528686523e-01
-2.650863528251647949e-01
-2.608796358108520508e-01
-2.650890946388244629e-01
-2.717352509498596191e-01
-2.605068087577819824e-01
-2.838333845138549805e-01
-2.596431374549865723e-01
-1.992066502571105957e-01
-2.385741472244262695e-01
-2.469011545181274414e-01
-2.650821208953857422e-01
-2.597723007202148438e-01
-2.700902223587036133e-01
-2.772058844566345215e-01
-2.702609896659851074e-01
-2.549700736999511719e-01
-2.845243215560913086e-01
-2.664321660995483398e-01
-3.146458268165588379e-01
-2.436142563819885254e-01
-2.867580652236938477e-01
-2.489806413650512695e-01
-2.627584934234619141e-01
-2.437781095504760742e-01
-2.692872881889343262e-01
-2.715826034545898438e-01
-2.856743931770324707e-01
-2.559126615524291992e-01
-2.618671059608459473e-01
-2.722499370574951172e-01
-3.161475062370300293e-01
-2.588603496551513672e-01
-2.848216891288757324e-01
-2.437781095504760742e-01
-2.568089962005615234e-01
-2.437784671783447266e-01
-2.691760063171386719e-01
-2.715829610824584961e-01
-2.767447829246520996e-01
-2.765859365463256836e-01
-2.802328467369079590e-01
-2.765844464302062988e-01
-7.091382145881652832e-02
-2.320181131362915039e-01
-2.661507725715637207e-01
-2.474316954612731934e-01
-2.650718688964843750e-01
-2.553783655166625977e-01
-2.730989456176757812e-01
-2.807961106300354004e-01
-2.947224378585815430e-01
-2.529916763305664062e-01
-2.671850323677062988e-01
-2.754583358764648438e-01
-4.487398862838745117e-01
-2.085309624671936035e-01
-2.561031579971313477e-01
-2.437933683395385742e-01
-2.538028955459594727e-01
-2.715826034545898438e-01
-2.530333399772644043e-01
-2.716831564903259277e-01
-2.557297348976135254e-01
-3.153769373893737793e-01
-2.554520368576049805e-01
-2.802361845970153809e-01
-2.770251631736755371e-01
-2.294380068778991699e-01
-2.157683968544006348e-01
-2.437781095504760742e-01
-2.511751651763916016e-01
-2.717661261558532715e-01
-2.700360417366027832e-01
-2.755581140518188477e-01
-2.703027725219726562e-01
-2.740098237991333008e-01
-2.650845050811767578e-01
-2.805742025375366211e-01
-2.523323893547058105e-01
-1.722732782363891602e-01
-2.458548545837402344e-01
-2.686193585395812988e-01
-2.728393077850341797e-01
-2.764950394630432129e-01
-2.763724327087402344e-01
-2.765863537788391113e-01
-2.700775265693664551e-01
-2.692503333091735840e-01
-2.700895071029663086e-01
-2.700484395027160645e-01
-3.105499148368835449e-01
-1.746866703033447266e-01
-2.615686058998107910e-01
-2.038543224334716797e-01
-2.833063602447509766e-01
-2.700783014297485352e-01
-2.650863528251647949e-01
-2.608692049980163574e-01
-2.559265494346618652e-01
-2.414048314094543457e-01
-2.416871190071105957e-01
-2.557787895202636719e-01
-2.659930586814880371e-01
-1.891499757766723633e-01
-2.605522871017456055e-01
-2.557260990142822266e-01
-2.509989738464355469e-01
-2.737281918525695801e-01
-2.570117712020874023e-01
-2.414048314094543457e-01
-2.700539827346801758e-01
-2.812748551368713379e-01
-2.507663369178771973e-01
-2.645754814147949219e-01
-2.407109737396240234e-01
-1.497808098793029785e-01
-2.523922920227050781e-01
-2.416499257087707520e-01
-2.868648767471313477e-01
-2.622389793395996094e-01
-2.622501850128173828e-01
-2.759453058242797852e-01
-2.818408608436584473e-01
-2.854962944984436035e-01
-2.818619608879089355e-01
-2.700891494750976562e-01
-3.118828535079956055e-01
-2.158398032188415527e-01
-2.278566360473632812e-01
-2.473789453506469727e-01
-2.661182880401611328e-01
-2.661513090133666992e-01
-2.919456362724304199e-01
-2.700878381729125977e-01
-2.664366364479064941e-01
-2.694244384765625000e-01
-2.523219585418701172e-01
-2.855497598648071289e-01
-3.588330149650573730e-01
-2.188195586204528809e-01
-2.844710946083068848e-01
-3.007114529609680176e-01
-2.701074481010437012e-01
-2.445060014724731445e-01
-2.665894031524658203e-01
-3.018527626991271973e-01
-2.641178965568542480e-01
-2.561321854591369629e-01
-2.635632753372192383e-01
-2.785847783088684082e-01
-2.133743166923522949e-01
-2.159600853919982910e-01
-2.864517569541931152e-01
-2.907083034515380859e-01
-2.613144516944885254e-01
-2.707890272140502930e-01
-2.650863528251647949e-01
-2.699474096298217773e-01
-2.814307808876037598e-01
-2.700860500335693359e-01
-2.700875997543334961e-01
-2.765863537788391113e-01
-2.548661231994628906e-01
-2.056795358657836914e-01
-2.594121694564819336e-01
-2.414048910140991211e-01
-2.700853347778320312e-01
-2.937347292900085449e-01
-2.650012373924255371e-01
-2.592375874519348145e-01
-2.700900435447692871e-01
-2.700900435447692871e-01
-2.228314876556396484e-01
-2.650955915451049805e-01
-3.136053085327148438e-01
-2.130236625671386719e-01
-2.478439211845397949e-01
-2.542549371719360352e-01
-2.366100549697875977e-01
-2.857465147972106934e-01
-2.808167338371276855e-01
-2.857792377471923828e-01
-2.700895667076110840e-01
-2.685961723327636719e-01
-2.651602625846862793e-01
-2.650863528251647949e-01
-3.177360296249389648e-01
-2.103237509727478027e-01
-2.828404307365417480e-01
-2.455548644065856934e-01
-2.600311040878295898e-01
-2.698865532875061035e-01
-2.700806260108947754e-01
-2.661204338073730469e-01
-2.659597396850585938e-01
-2.650863528251647949e-01
-2.651352882385253906e-01
-2.760748863220214844e-01
-3.127173781394958496e-01
-2.656225562095642090e-01
-2.762031555175781250e-01
-2.637115716934204102e-01
-2.506541013717651367e-01
-2.506297826766967773e-01
-2.753322124481201172e-01
-2.984969615936279297e-01
-2.512820363044738770e-01
-2.374637722969055176e-01
-2.686222791671752930e-01
-2.507241368293762207e-01
4.110415577888488770e-01
-3.229269981384277344e-01
-2.082951068878173828e-01
-2.543272972106933594e-01
-2.650863528251647949e-01
-2.716614603996276855e-01
-2.616170048713684082e-01
-2.414052486419677734e-01
-2.955445647239685059e-01
-2.700492739677429199e-01
-2.909532189369201660e-01
-2.559118270874023438e-01
-2.541589140892028809e-01
-2.819499373435974121e-01
-2.750956416130065918e-01
-2.329636216163635254e-01
-2.857819795608520508e-01
-3.188723921775817871e-01
-2.906019091606140137e-01
-2.529848217964172363e-01
-2.750888466835021973e-01
-2.962779402732849121e-01
-2.853705883026123047e-01
-2.741058468818664551e-01
-2.845219373703002930e-01
-2.630903720855712891e-01
-2.087383866310119629e-01
-2.470617294311523438e-01
-2.694693803787231445e-01
-2.414048314094543457e-01
-2.700901031494140625e-01
-2.531309723854064941e-01
-2.669985890388488770e-01
-2.699964642524719238e-01
-2.650865912437438965e-01
-2.700877189636230469e-01
-2.418664693832397461e-01
-2.082548141479492188e-01
-2.097703218460083008e-01
-2.607501745223999023e-01
-2.505843639373779297e-01
-2.414048314094543457e-01
-2.664290666580200195e-01
-2.623814940452575684e-01
-2.804390192031860352e-01
-2.899414300918579102e-01
-2.700894474983215332e-01
-2.445233464241027832e-01
-2.811579704284667969e-01
-1.893836259841918945e-01
-2.429370880126953125e-01
-2.393301725387573242e-01
-2.607703208923339844e-01
-2.715830206871032715e-01
-2.701141238212585449e-01
-2.650995850563049316e-01
-2.687612771987915039e-01
-2.522190809249877930e-01
-2.650816440582275391e-01
-2.706851959228515625e-01
-2.849861979484558105e-01
-2.228079438209533691e-01
-2.570402026176452637e-01
-2.438883185386657715e-01
-2.701179385185241699e-01
-2.842019796371459961e-01
-2.667085528373718262e-01
-2.716135382652282715e-01
-2.700890898704528809e-01
-2.700961828231811523e-01
-2.700901031494140625e-01
-2.253245115280151367e-01
-2.797465324401855469e-01
-1.782603859901428223e-01
-2.315735816955566406e-01
-2.001028656959533691e-01
-2.592297196388244629e-01
-2.656205296516418457e-01
-2.735980153083801270e-01
-3.321906328201293945e-01
-2.587967514991760254e-01
-2.650863528251647949e-01
-2.650863528251647949e-01
-2.658435106277465820e-01
-2.510359883308410645e-01
-1.820039749145507812e-01
-2.959160804748535156e-01
-2.487922310829162598e-01
-2.700901031494140625e-01
-2.807795405387878418e-01
-2.802835702896118164e-01
-2.389208078384399414e-01
-2.947145104408264160e-01
-2.711080908775329590e-01
-2.701659202575683594e-01
-2.868648171424865723e-01
-3.400861620903015137e-01
-1.475807428359985352e-01
-2.818567752838134766e-01
-2.869985103607177734e-01
-2.701285481452941895e-01
-2.765860557556152344e-01
-2.562260627746582031e-01
-2.700898647308349609e-01
-3.012288212776184082e-01
-2.716222405433654785e-01
-2.843469977378845215e-01
-3.215310573577880859e-01
-3.800244927406311035e-01
-2.360389828681945801e-01
-2.076389193534851074e-01
-2.379686832427978516e-01
-2.700521349906921387e-01
-2.807074189186096191e-01
-2.730129361152648926e-01
-2.701428532600402832e-01
-2.700891494750976562e-01
-2.701428532600402832e-01
-3.478174209594726562e-01
-1.694970130920410156e-01
-2.524909973144531250e-01
-2.653579711914062500e-01
-2.819169759750366211e-01
-2.373893857002258301e-01
-2.700961232185363770e-01
-2.700873613357543945e-01
-2.700766921043395996e-01
-2.700897455215454102e-01
-2.567322254180908203e-01
-2.700494527816772461e-01
-2.650863528251647949e-01
-2.699527740478515625e-01
-2.773737907409667969e-01
-2.622421979904174805e-01
-2.665410041809082031e-01
-2.366911768913269043e-01
-2.700852751731872559e-01
-2.873206734657287598e-01
-2.763013243675231934e-01
-2.684839367866516113e-01
-2.795076966285705566e-01
-2.716032862663269043e-01
-2.740580439567565918e-01
-2.700880169868469238e-01
-2.981458306312561035e-01
-3.170915246009826660e-01
-2.770909070968627930e-01
-2.507223486900329590e-01
-2.512020468711853027e-01
-2.654540538787841797e-01
-2.700672149658203125e-01
-2.700899243354797363e-01
-2.653927206993103027e-01
-2.700918316841125488e-01
-2.697373032569885254e-01
-2.558708190917968750e-01
-4.331350922584533691e-01
-3.049923181533813477e-01
-2.664387822151184082e-01
-2.662453651428222656e-01
-2.841038107872009277e-01
-2.714354991912841797e-01
-2.650861144065856934e-01
-2.499066591262817383e-01
-2.700269222259521484e-01
-2.650099396705627441e-01
-2.558725476264953613e-01
-2.936565876007080078e-01
-2.923871278762817383e-01
