-3.094692826271057129e-01
-3.350872397422790527e-01
-3.611158728599548340e-01
-2.670013904571533203e-01
-2.470060586929321289e-01
-3.011227250099182129e-01
-2.316513657569885254e-01
-2.870719432830810547e-01
-2.769310474395751953e-01
-2.937234640121459961e-01
-3.149096369743347168e-01
-3.286544680595397949e-01
-2.983579635620117188e-01
-2.995511889457702637e-01
-2.102901339530944824e-01
-3.340205550193786621e-01
-3.181841969490051270e-01
-3.162079453468322754e-01
-2.540012001991271973e-01
-3.296362757682800293e-01
-2.672568559646606445e-01
-2.386349439620971680e-01
-2.843604087829589844e-01
-3.033027052879333496e-01
-2.825101613998413086e-01
-3.100014925003051758e-01
-3.053135275840759277e-01
-2.814660668373107910e-01
-3.000960946083068848e-01
-3.565979003906250000e-01
-2.374300360679626465e-01
-2.791163921356201172e-01
-2.570534348487854004e-01
-2.012119889259338379e-01
-2.768750190734863281e-01
-2.641673088073730469e-01
-3.098015785217285156e-01
-3.343322873115539551e-01
-2.142010331153869629e-01
-2.744343876838684082e-01
-2.101873159408569336e-01
-2.361059784889221191e-01
-3.258732557296752930e-01
-2.546126246452331543e-01
-2.529779672622680664e-01
-2.765886187553405762e-01
-2.792462706565856934e-01
-4.006701707839965820e-01
-2.684137225151062012e-01
-3.442555665969848633e-01
-2.244926095008850098e-01
-2.618073821067810059e-01
-2.470203638076782227e-01
-2.719363570213317871e-01
-3.540236949920654297e-01
-2.707182168960571289e-01
-2.397931218147277832e-01
-2.310405969619750977e-01
-3.113256692886352539e-01
-3.165708780288696289e-01
-2.683889865875244141e-01
-2.643340229988098145e-01
-2.630375027656555176e-01
-2.504616379737854004e-01
-2.947006821632385254e-01
-2.296975255012512207e-01
-2.855538725852966309e-01
-2.879048585891723633e-01
-2.588893771171569824e-01
-2.602465748786926270e-01
-2.222810387611389160e-01
-3.614484071731567383e-01
-2.728631496429443359e-01
-2.965025901794433594e-01
-2.817548513412475586e-01
-3.122316002845764160e-01
-2.831208109855651855e-01
-2.583978772163391113e-01
-2.703643441200256348e-01
-2.932067513465881348e-01
-2.697457075119018555e-01
-2.899323701858520508e-01
-2.538731694221496582e-01
-2.860790491104125977e-01
-3.172740936279296875e-01
-2.926947474479675293e-01
-3.345605731010437012e-01
-2.809787392616271973e-01
-2.447916269302368164e-01
-2.592622041702270508e-01
-2.701573371887207031e-01
-2.843136191368103027e-01
-2.859391570091247559e-01
-2.531564235687255859e-01
-2.759360671043395996e-01
-3.053722977638244629e-01
-3.043745756149291992e-01
-2.224521636962890625e-01
-3.052220940589904785e-01
-2.842887043952941895e-01
-2.966194152832031250e-01
-2.971932888031005859e-01
-3.382312655448913574e-01
-3.229581117630004883e-01
-2.270504236221313477e-01
-3.126666545867919922e-01
-2.915161252021789551e-01
-3.004373908042907715e-01
-2.094817161560058594e-01
-2.612943053245544434e-01
-3.073353767395019531e-01
-3.060609698295593262e-01
-2.959808111190795898e-01
-2.356471419334411621e-01
-3.078643679618835449e-01
-3.135322332382202148e-01
-2.728521227836608887e-01
-2.450870871543884277e-01
-3.128523826599121094e-01
-3.681090474128723145e-01
-2.873147726058959961e-01
-2.613095641136169434e-01
-3.242757320404052734e-01
-3.009840846061706543e-01
-2.468898296356201172e-01
-3.329503536224365234e-01
-2.985508441925048828e-01
-2.357077002525329590e-01
-2.937930226325988770e-01
-3.476080298423767090e-01
-2.285232543945312500e-01
-3.222910761833190918e-01
-2.137417197227478027e-01
-2.531026005744934082e-01
-2.606349587440490723e-01
-2.314332723617553711e-01
-2.366660237312316895e-01
-2.623775005340576172e-01
-2.471165060997009277e-01
-2.321739792823791504e-01
-2.579851150512695312e-01
-2.665739059448242188e-01
-2.270501255989074707e-01
-3.996500968933105469e-01
-2.600839734077453613e-01
-2.174431085586547852e-01
-3.216105699539184570e-01
-2.681846022605895996e-01
-2.928486466407775879e-01
-2.547591328620910645e-01
-2.661365270614624023e-01
-3.704310655593872070e-01
-2.156808376312255859e-01
-2.287277579307556152e-01
-2.581546902656555176e-01
-2.688149809837341309e-01
-2.644996047019958496e-01
-2.867357134819030762e-01
-3.691055178642272949e-01
-2.547852993011474609e-01
-2.913056015968322754e-01
-2.702959179878234863e-01
-2.587749361991882324e-01
-3.042962551116943359e-01
-3.067090511322021484e-01
-2.946217656135559082e-01
-2.584061622619628906e-01
-3.268422484397888184e-01
-2.750557661056518555e-01
-2.597368359565734863e-01
-3.074893355369567871e-01
-2.582309246063232422e-01
-2.795341610908508301e-01
-2.910718917846679688e-01
-2.402373552322387695e-01
-2.303269505500793457e-01
-2.298516631126403809e-01
-2.567456364631652832e-01
-3.055099248886108398e-01
-2.993623614311218262e-01
-2.750551700592041016e-01
-2.266737818717956543e-01
-2.538138628005981445e-01
-2.303913235664367676e-01
-2.306973934173583984e-01
-2.775866389274597168e-01
-3.110194206237792969e-01
-2.839440107345581055e-01
-2.189399600028991699e-01
-3.069959878921508789e-01
-2.207373380661010742e-01
-2.333256006240844727e-01
-2.885934710502624512e-01
-3.295319676399230957e-01
-2.856779694557189941e-01
-2.421649694442749023e-01
-3.293004631996154785e-01
-3.029270768165588379e-01
-3.129454255104064941e-01
-2.303148508071899414e-01
-2.311830520629882812e-01
-2.739488482475280762e-01
-2.680805921554565430e-01
-3.140022158622741699e-01
-2.946040034294128418e-01
-2.233864665031433105e-01
-2.929672002792358398e-01
-2.417809963226318359e-01
-2.561091184616088867e-01
-2.554258704185485840e-01
-2.597489356994628906e-01
-2.496241927146911621e-01
-2.616334557533264160e-01
-2.115119099617004395e-01
-2.823633551597595215e-01
-3.318530321121215820e-01
-3.006134033203125000e-01
-2.325699329376220703e-01
-2.997320890426635742e-01
-2.716171741485595703e-01
-2.921223640441894531e-01
-2.509289383888244629e-01
-3.173050284385681152e-01
-2.199454307556152344e-01
-2.123072743415832520e-01
-3.037005066871643066e-01
-2.088818550109863281e-01
-3.563398718833923340e-01
-3.122611045837402344e-01
-2.818010449409484863e-01
-3.096224069595336914e-01
-3.280908465385437012e-01
-2.838743925094604492e-01
-2.992557287216186523e-01
-2.062929272651672363e-01
-2.873145341873168945e-01
-2.838831543922424316e-01
-2.722862362861633301e-01
-3.247702121734619141e-01
-3.374764323234558105e-01
-2.930416464805603027e-01
-2.611432671546936035e-01
-2.763245701789855957e-01
-3.282243013381958008e-01
-2.866770625114440918e-01
-2.650974392890930176e-01
-3.373821377754211426e-01
-2.575526237487792969e-01
-3.382278084754943848e-01
-3.855205774307250977e-01
-2.777984738349914551e-01
-3.079956173896789551e-01
-2.258439064025878906e-01
-1.920238733291625977e-01
-2.805455923080444336e-01
-3.395014405250549316e-01
-2.981398105621337891e-01
-2.319860458374023438e-01
-2.868514657020568848e-01
-2.558318972587585449e-01
-2.299039363861083984e-01
-2.357071638107299805e-01
-3.041769862174987793e-01
-3.092789649963378906e-01
-2.582566142082214355e-01
-2.343956232070922852e-01
-2.333863973617553711e-01
-2.663863897323608398e-01
-2.390035986900329590e-01
-2.183519005775451660e-01
-3.066160082817077637e-01
-2.784370183944702148e-01
-2.843574285507202148e-01
-2.459046840667724609e-01
-2.328559756278991699e-01
-3.530791401863098145e-01
-2.954403162002563477e-01
-2.528936862945556641e-01
-2.544670701026916504e-01
-2.768868207931518555e-01
-2.635952830314636230e-01
-2.233519554138183594e-01
-2.524481415748596191e-01
-2.510713934898376465e-01
-2.847707271575927734e-01
-3.213117122650146484e-01
-2.020786404609680176e-01
-2.956907749176025391e-01
-2.478073239326477051e-01
-2.637968659400939941e-01
-2.907649278640747070e-01
-2.314996719360351562e-01
-2.200803756713867188e-01
-2.305088043212890625e-01
-2.941203117370605469e-01
-2.618756890296936035e-01
-2.296755313873291016e-01
-2.543218135833740234e-01
-2.454507350921630859e-01
-2.956679463386535645e-01
-2.837256789207458496e-01
-2.571114897727966309e-01
-2.808125019073486328e-01
-2.807366251945495605e-01
-2.856169342994689941e-01
-2.426041960716247559e-01
-2.391856908798217773e-01
-3.019816279411315918e-01
-2.360928058624267578e-01
-2.304985523223876953e-01
-2.248305678367614746e-01
-3.464021682739257812e-01
-2.278125286102294922e-01
-2.794569730758666992e-01
-2.959570288658142090e-01
-2.355867624282836914e-01
-2.899173498153686523e-01
-2.673643827438354492e-01
-2.444331049919128418e-01
-2.653920650482177734e-01
-2.714087367057800293e-01
-3.233257532119750977e-01
-2.850330471992492676e-01
-2.778657078742980957e-01
-3.047858476638793945e-01
-2.230003476142883301e-01
-2.296891808509826660e-01
-2.868326306343078613e-01
-2.296946644783020020e-01
-2.088584303855895996e-01
-2.047253251075744629e-01
-3.141636252403259277e-01
-2.030991315841674805e-01
-2.456260919570922852e-01
-2.441136240959167480e-01
-2.977957129478454590e-01
-3.338683843612670898e-01
-2.287092208862304688e-01
-2.942114472389221191e-01
-2.530916333198547363e-01
-2.613307237625122070e-01
-3.373425006866455078e-01
-2.305685281753540039e-01
-2.450160384178161621e-01
-3.129832148551940918e-01
-2.545048594474792480e-01
-2.438148856163024902e-01
-2.233217954635620117e-01
-3.065583705902099609e-01
-2.034729719161987305e-01
-2.407853007316589355e-01
-2.539833188056945801e-01
-2.851467132568359375e-01
-2.557893395423889160e-01
-2.381138205528259277e-01
-2.305117845535278320e-01
-2.890080809593200684e-01
-3.118328452110290527e-01
-2.953228950500488281e-01
-3.128134608268737793e-01
-2.725882530212402344e-01
-2.493739128112792969e-01
-2.624124288558959961e-01
-2.657347917556762695e-01
-3.111768960952758789e-01
-2.904747724533081055e-01
-2.621866464614868164e-01
-2.344456315040588379e-01
-2.856239676475524902e-01
-2.389991879463195801e-01
-2.359575033187866211e-01
-3.351994752883911133e-01
-2.946312427520751953e-01
-2.586539983749389648e-01
-2.400361299514770508e-01
-2.513685226440429688e-01
-2.296888232231140137e-01
-2.592028379440307617e-01
-2.300348877906799316e-01
-2.301469445228576660e-01
-2.474889755249023438e-01
-2.661113142967224121e-01
-2.303047180175781250e-01
-2.515883445739746094e-01
-3.392965793609619141e-01
-2.086036801338195801e-01
-2.407944202423095703e-01
-2.392799258232116699e-01
-2.396590709686279297e-01
-2.429798841476440430e-01
-2.613027691841125488e-01
-2.298277020454406738e-01
-2.817879915237426758e-01
-2.227115631103515625e-01
-2.327489256858825684e-01
-2.715730667114257812e-01
-3.142508268356323242e-01
-2.082635760307312012e-01
-2.547698616981506348e-01
-2.440477609634399414e-01
-2.546260952949523926e-01
-2.301056981086730957e-01
-3.020621538162231445e-01
-2.504348754882812500e-01
-2.524536252021789551e-01
-2.328212261199951172e-01
-2.187150716781616211e-01
-3.311801552772521973e-01
-3.202580213546752930e-01
-2.198022007942199707e-01
-2.108404040336608887e-01
-2.325833439826965332e-01
-2.477503418922424316e-01
-3.145751357078552246e-01
-2.591845989227294922e-01
-2.504826188087463379e-01
-2.493219375610351562e-01
-2.522155046463012695e-01
-2.519989609718322754e-01
-3.405565619468688965e-01
-2.538019418716430664e-01
-2.254461050033569336e-01
-2.241747975349426270e-01
-2.538212537765502930e-01
-2.803215980529785156e-01
-2.408565878868103027e-01
-3.150600790977478027e-01
-2.379587888717651367e-01
-2.672410011291503906e-01
-2.595155239105224609e-01
-2.619661688804626465e-01
-3.051846027374267578e-01
-3.145253062248229980e-01
-2.641746401786804199e-01
-2.503286004066467285e-01
-2.907410264015197754e-01
-2.479464411735534668e-01
-2.205879688262939453e-01
-3.133147358894348145e-01
-2.954261898994445801e-01
-2.820129394531250000e-01
-2.723647356033325195e-01
-2.273755669593811035e-01
-2.231605648994445801e-01
-2.361132502555847168e-01
-2.273901700973510742e-01
-2.903959751129150391e-01
-2.410174012184143066e-01
-2.652612924575805664e-01
-2.601875066757202148e-01
-2.459633946418762207e-01
-2.872523069381713867e-01
-2.603954076766967773e-01
-2.385187745094299316e-01
-2.652861475944519043e-01
-2.869184017181396484e-01
-2.284519672393798828e-01
-2.111705541610717773e-01
-2.300846576690673828e-01
-2.706472873687744141e-01
-2.506915926933288574e-01
-2.312683463096618652e-01
-2.291168570518493652e-01
-2.088908553123474121e-01
-3.074554800987243652e-01
-2.147952318191528320e-01
-2.279317975044250488e-01
-3.710123896598815918e-01
-2.570594549179077148e-01
-2.061486244201660156e-01
-2.296867370605468750e-01
-2.221227884292602539e-01
-2.625477910041809082e-01
-2.329767346382141113e-01
-2.156936526298522949e-01
-2.605807781219482422e-01
-2.882937788963317871e-01
-3.008216023445129395e-01
-2.088369727134704590e-01
-3.896223306655883789e-01
-2.549598813056945801e-01
-2.610843181610107422e-01
-2.556363940238952637e-01
-2.778427004814147949e-01
-2.620769739151000977e-01
-2.534498572349548340e-01
-2.296934127807617188e-01
-3.067551851272583008e-01
-2.450123429298400879e-01
-2.204924225807189941e-01
-2.298884987831115723e-01
-2.921231389045715332e-01
-2.843358516693115234e-01
-2.122673988342285156e-01
-2.576501965522766113e-01
-2.716635465621948242e-01
-2.309358119964599609e-01
-2.313649058341979980e-01
-2.296952009201049805e-01
-3.071316480636596680e-01
-3.409618139266967773e-01
-3.128271102905273438e-01
-2.534690499305725098e-01
-9.256073832511901855e-02
-2.462898492813110352e-01
-2.125558853149414062e-01
-2.297301888465881348e-01
-2.514951229095458984e-01
-2.543518543243408203e-01
-2.852235436439514160e-01
-2.366231083869934082e-01
-3.302398920059204102e-01
-2.732912898063659668e-01
-2.296875715255737305e-01
-2.677701115608215332e-01
-2.618501782417297363e-01
-3.500701189041137695e-01
-2.265911102294921875e-01
-2.521932721138000488e-01
-2.375789284706115723e-01
-2.767332792282104492e-01
-2.344526648521423340e-01
-2.632468342781066895e-01
-2.435877919197082520e-01
-2.281090617179870605e-01
-2.813986539840698242e-01
-2.673618197441101074e-01
-2.264698743820190430e-01
-2.788202166557312012e-01
-2.294867038726806641e-01
-2.977464199066162109e-01
-2.779514789581298828e-01
-2.907966375350952148e-01
-2.601433992385864258e-01
-2.434666752815246582e-01
-2.349162101745605469e-01
-2.558211684226989746e-01
-2.197637557983398438e-01
-2.594452500343322754e-01
-3.453156352043151855e-01
-2.646045088768005371e-01
-2.789567112922668457e-01
-2.836064100265502930e-01
-2.291433215141296387e-01
-2.780305147171020508e-01
-2.722349762916564941e-01
-2.683649659156799316e-01
-3.024606108665466309e-01
-2.088621854782104492e-01
-2.828546762466430664e-01
-2.978882789611816406e-01
-3.369309902191162109e-01
-2.286849021911621094e-01
-3.152509927749633789e-01
-2.857938408851623535e-01
-2.347174882888793945e-01
-2.307862043380737305e-01
-2.980159521102905273e-01
-2.430536746978759766e-01
-2.176831960678100586e-01
-2.099691033363342285e-01
-2.437607645988464355e-01
-2.839504480361938477e-01
-3.603952527046203613e-01
-2.094817757606506348e-01
-3.003767728805541992e-01
-2.816183567047119141e-01
-2.669992446899414062e-01
-2.816513180732727051e-01
-2.846928834915161133e-01
-2.621992826461791992e-01
-2.532535791397094727e-01
-2.553263306617736816e-01
-3.302391767501831055e-01
-2.766267657279968262e-01
-3.092595934867858887e-01
-2.094874382019042969e-01
-3.248493671417236328e-01
-2.738882303237915039e-01
-3.098742365837097168e-01
-2.831977605819702148e-01
-3.031576871871948242e-01
-2.674660086631774902e-01
-2.730631828308105469e-01
-2.743977904319763184e-01
-2.281358242034912109e-01
-2.546580433845520020e-01
-2.745732665061950684e-01
-2.400582432746887207e-01
-2.892277836799621582e-01
-2.864865660667419434e-01
-2.650529146194458008e-01
-2.678843736648559570e-01
-2.516125440597534180e-01
-2.593216300010681152e-01
-3.008913397789001465e-01
-2.722270488739013672e-01
-2.861340045928955078e-01
-2.497152686119079590e-01
-3.727903366088867188e-01
-2.238072156906127930e-01
-2.087588310241699219e-01
-2.866471409797668457e-01
-2.260797023773193359e-01
-2.622025012969970703e-01
-2.843270897865295410e-01
-2.908958196640014648e-01
-2.599053978919982910e-01
-2.313981056213378906e-01
-3.000561594963073730e-01
-2.545340061187744141e-01
-2.555792331695556641e-01
-2.519538998603820801e-01
-2.885165214538574219e-01
-2.253462672233581543e-01
-2.739208340644836426e-01
-2.487727403640747070e-01
-3.068375587463378906e-01
-2.290925979614257812e-01
-2.610972523689270020e-01
-2.088816761970520020e-01
-2.680456638336181641e-01
-2.779467105865478516e-01
-2.676780223846435547e-01
-2.520235776901245117e-01
-2.611018419265747070e-01
-2.263329029083251953e-01
-2.103938460350036621e-01
-2.911149263381958008e-01
-2.408349514007568359e-01
-2.895452976226806641e-01
-2.270270586013793945e-01
-2.387366890907287598e-01
-2.277027368545532227e-01
-3.270907402038574219e-01
-3.130821585655212402e-01
-2.114160656929016113e-01
-2.959768176078796387e-01
-2.363178133964538574e-01
-2.617201805114746094e-01
-2.090543508529663086e-01
-2.992935180664062500e-01
-2.828443646430969238e-01
-2.517132759094238281e-01
-2.292500138282775879e-01
-3.039392232894897461e-01
-2.296777963638305664e-01
-2.662565708160400391e-01
-2.094833254814147949e-01
-2.837033867835998535e-01
-2.142324447631835938e-01
-2.192176580429077148e-01
-2.296919822692871094e-01
-2.313833236694335938e-01
-2.519347071647644043e-01
-2.305480241775512695e-01
-2.302799224853515625e-01
-2.439011931419372559e-01
-2.780255675315856934e-01
-3.558063507080078125e-01
-2.094833254814147949e-01
-3.256561160087585449e-01
-2.541894316673278809e-01
-2.453760504722595215e-01
-2.297453284263610840e-01
-2.758098840713500977e-01
-2.416794896125793457e-01
-2.420492768287658691e-01
-2.297700643539428711e-01
-2.734279036521911621e-01
-2.886630892753601074e-01
-2.237752079963684082e-01
-2.096176743507385254e-01
-3.037821054458618164e-01
-2.420587539672851562e-01
-2.444294691085815430e-01
-2.708719372749328613e-01
-2.818095088005065918e-01
-2.767947912216186523e-01
-2.666300535202026367e-01
-2.660058736801147461e-01
-2.614961862564086914e-01
-2.089089751243591309e-01
-2.993620634078979492e-01
-2.474601864814758301e-01
-2.704400420188903809e-01
-2.649357318878173828e-01
-3.085094094276428223e-01
-2.665029168128967285e-01
-3.202085494995117188e-01
-3.015079498291015625e-01
-2.349700927734375000e-01
-2.298669219017028809e-01
-2.345366477966308594e-01
-2.616723179817199707e-01
-2.777778506278991699e-01
-2.519134879112243652e-01
-2.643453478813171387e-01
-2.287414073944091797e-01
-2.733379602432250977e-01
-2.552435994148254395e-01
-2.307406067848205566e-01
-2.302745580673217773e-01
-2.603008151054382324e-01
-2.194953560829162598e-01
-2.705916762351989746e-01
-2.351466417312622070e-01
-3.209752440452575684e-01
-2.466969490051269531e-01
-2.097132205963134766e-01
-2.715335488319396973e-01
-2.489709258079528809e-01
-2.495229840278625488e-01
-3.177962303161621094e-01
-3.165857791900634766e-01
-2.353580594062805176e-01
-2.815830111503601074e-01
-2.541693449020385742e-01
-3.123802542686462402e-01
-2.787101268768310547e-01
-2.149364352226257324e-01
-2.088651657104492188e-01
-2.304642796516418457e-01
-2.302750945091247559e-01
-1.962135434150695801e-01
-2.901002764701843262e-01
-2.361262440681457520e-01
-2.551007270812988281e-01
-2.348717451095581055e-01
-2.360020875930786133e-01
-2.480838298797607422e-01
-2.614156603813171387e-01
-2.261091470718383789e-01
-2.590169906616210938e-01
-2.325633764266967773e-01
-2.406237125396728516e-01
-2.296776771545410156e-01
-3.029010891914367676e-01
-2.437717914581298828e-01
-2.540197968482971191e-01
-2.669399380683898926e-01
-2.762491106986999512e-01
-2.548992633819580078e-01
-2.770628929138183594e-01
-2.328334450721740723e-01
-2.809199690818786621e-01
-2.394766211509704590e-01
-2.343661785125732422e-01
-2.298846244812011719e-01
-3.221724629402160645e-01
-3.652011752128601074e-01
-3.568574786186218262e-01
-2.470253705978393555e-01
-2.298970818519592285e-01
-2.378174066543579102e-01
-4.442524909973144531e-01
-2.777049541473388672e-01
-2.607586383819580078e-01
-2.771236896514892578e-01
-3.546482920646667480e-01
-2.588756084442138672e-01
-2.232708930969238281e-01
-3.074972033500671387e-01
-2.529675364494323730e-01
-2.327618002891540527e-01
-2.709124684333801270e-01
-2.731220126152038574e-01
-2.902973294258117676e-01
-2.669154405593872070e-01
-2.800236940383911133e-01
-2.602735161781311035e-01
-2.602053880691528320e-01
-2.592362761497497559e-01
-2.553450465202331543e-01
-2.596891522407531738e-01
-2.347255349159240723e-01
-2.318903207778930664e-01
-2.580986618995666504e-01
-2.949590682983398438e-01
-3.638580441474914551e-01
-2.657728791236877441e-01
-2.918536663055419922e-01
-2.550249099731445312e-01
-2.655485868453979492e-01
-2.718392014503479004e-01
-2.536686062812805176e-01
-2.773891091346740723e-01
-2.348122596740722656e-01
-2.606617808341979980e-01
-2.668656110763549805e-01
-2.496757507324218750e-01
-3.410720229148864746e-01
-3.443841934204101562e-01
-2.704595923423767090e-01
-2.551481127738952637e-01
-3.011310100555419922e-01
-2.299840450286865234e-01
-2.297658324241638184e-01
-2.486824989318847656e-01
-2.416199445724487305e-01
-2.141755819320678711e-01
-2.310403585433959961e-01
-2.465051412582397461e-01
-2.501826882362365723e-01
-2.953287959098815918e-01
-2.420086264610290527e-01
-2.350438237190246582e-01
-2.130844593048095703e-01
-3.016717433929443359e-01
-2.620969414710998535e-01
-2.326118946075439453e-01
-2.581159472465515137e-01
-2.693231105804443359e-01
-2.686141729354858398e-01
-2.603111863136291504e-01
-2.915548086166381836e-01
-2.407711744308471680e-01
-2.862002849578857422e-01
-2.440385222434997559e-01
-3.106312751770019531e-01
-2.905606031417846680e-01
-2.865288257598876953e-01
-2.626989483833312988e-01
-3.473449945449829102e-01
-2.871131300926208496e-01
-2.626521587371826172e-01
-2.495589256286621094e-01
-3.378071784973144531e-01
-3.627243638038635254e-01
-3.012546896934509277e-01
-3.032912015914916992e-01
-2.397704720497131348e-01
-3.118784427642822266e-01
-2.655453085899353027e-01
-2.536104917526245117e-01
-2.393441200256347656e-01
-2.755205631256103516e-01
-3.063587546348571777e-01
-2.689293026924133301e-01
-3.509020805358886719e-01
-2.856403589248657227e-01
-2.784277200698852539e-01
-3.191526532173156738e-01
-3.080942630767822266e-01
-2.758901715278625488e-01
-3.195857405662536621e-01
-2.655771970748901367e-01
-2.090788483619689941e-01
-2.308616638183593750e-01
-2.421895265579223633e-01
-2.299227118492126465e-01
-2.972537279129028320e-01
-3.236678242683410645e-01
-2.783995866775512695e-01
-3.330220580101013184e-01
-2.979763746261596680e-01
-2.311927676200866699e-01
-2.343972921371459961e-01
-2.893007397651672363e-01
-2.804262042045593262e-01
-2.547019720077514648e-01
-3.330178260803222656e-01
-2.313376069068908691e-01
-3.361800312995910645e-01
-3.028384447097778320e-01
-2.509633302688598633e-01
-3.533465266227722168e-01
-2.657952308654785156e-01
-3.409830927848815918e-01
-2.996481657028198242e-01
-2.329894304275512695e-01
-2.897821068763732910e-01
-2.814635038375854492e-01
-2.852675318717956543e-01
-2.142882347106933594e-01
-3.517146110534667969e-01
-3.080574274063110352e-01
-2.872050404548645020e-01
-2.453521490097045898e-01
-2.300961613655090332e-01
-2.298042774200439453e-01
-2.555977702140808105e-01
-2.299056649208068848e-01
-2.303698658943176270e-01
-2.564338445663452148e-01
-2.552650570869445801e-01
-2.366066575050354004e-01
-2.867217063903808594e-01
-3.333786129951477051e-01
-2.936596274375915527e-01
-2.924330830574035645e-01
-2.606460452079772949e-01
-2.803261876106262207e-01
-2.996651530265808105e-01
-2.924430370330810547e-01
-3.002770543098449707e-01
-2.923546433448791504e-01
-2.967143654823303223e-01
-3.029264807701110840e-01
-3.109049201011657715e-01
-3.229687809944152832e-01
-3.242096900939941406e-01
-3.182910084724426270e-01
-2.312417626380920410e-01
-3.389384746551513672e-01
-3.353172540664672852e-01
-2.564266920089721680e-01
-2.817683815956115723e-01
-2.604583501815795898e-01
-3.036925792694091797e-01
-2.355282306671142578e-01
-2.577910423278808594e-01
-3.159946799278259277e-01
-3.350678086280822754e-01
-2.924491763114929199e-01
-2.699645161628723145e-01
-2.948295474052429199e-01
-2.308522462844848633e-01
-2.311697602272033691e-01
-2.299893498420715332e-01
-2.799138426780700684e-01
-2.309691309928894043e-01
-2.300849556922912598e-01
-2.673957943916320801e-01
-3.250666260719299316e-01
-3.069660067558288574e-01
-2.923799157142639160e-01
-2.664624452590942383e-01
-3.329798579216003418e-01
-2.677721381187438965e-01
-3.060028553009033203e-01
-2.716339230537414551e-01
-2.596887946128845215e-01
-2.869443297386169434e-01
-3.137601613998413086e-01
-3.203396797180175781e-01
-3.292477130889892578e-01
-2.575680613517761230e-01
-2.857621908187866211e-01
-2.755706310272216797e-01
-2.380960583686828613e-01
-2.580195665359497070e-01
-2.311268448829650879e-01
-2.629522681236267090e-01
-2.608305811882019043e-01
-2.318421006202697754e-01
-2.512370944023132324e-01
-2.873278856277465820e-01
-3.098053336143493652e-01
-2.810443043708801270e-01
-3.055209517478942871e-01
-2.499349117279052734e-01
-3.088259100914001465e-01
-2.946317791938781738e-01
-2.549096345901489258e-01
-2.448354363441467285e-01
-2.538743019104003906e-01
-2.536950707435607910e-01
-2.677413821220397949e-01
-3.738036155700683594e-01
-3.276737928390502930e-01
-2.803416252136230469e-01
-2.970269918441772461e-01
-2.499589920043945312e-01
-2.841348648071289062e-01
-1.779285669326782227e-01
-2.343375086784362793e-01
-2.349663376808166504e-01
-2.355591058731079102e-01
-2.254233360290527344e-01
-2.462536096572875977e-01
-3.014819622039794922e-01
-3.227193355560302734e-01
-3.180904984474182129e-01
-2.879815101623535156e-01
-2.587846517562866211e-01
-2.840264439582824707e-01
-2.241582274436950684e-01
-2.497608065605163574e-01
-2.299967408180236816e-01
-2.420947551727294922e-01
-2.978323698043823242e-01
-3.401371240615844727e-01
-2.499817013740539551e-01
-2.835185527801513672e-01
-2.774400115013122559e-01
-2.574459314346313477e-01
-2.574744224548339844e-01
-3.231598138809204102e-01
-2.828318476676940918e-01
-3.173193335533142090e-01
-2.551054954528808594e-01
-2.543534636497497559e-01
-2.166264057159423828e-01
-2.883662581443786621e-01
-3.458389043807983398e-01
-3.072758913040161133e-01
-2.797903418540954590e-01
-2.926059365272521973e-01
-4.218818545341491699e-01
-2.580928802490234375e-01
-2.916749715805053711e-01
-2.061298489570617676e-01
-2.823966145515441895e-01
-2.232823371887207031e-01
-2.546265125274658203e-01
-2.335969209671020508e-01
-2.700271010398864746e-01
-2.401852607727050781e-01
-3.019744753837585449e-01
-3.115423917770385742e-01
-2.622918486595153809e-01
-3.262948393821716309e-01
-2.611782550811767578e-01
-2.679941058158874512e-01
-2.968650460243225098e-01
-2.537446022033691406e-01
-2.901396751403808594e-01
-3.110794425010681152e-01
-3.251630663871765137e-01
-3.339141607284545898e-01
-3.366030454635620117e-01
-2.333939671516418457e-01
-3.072355389595031738e-01
-2.515684366226196289e-01
-2.508172392845153809e-01
-2.388591766357421875e-01
-2.117537260055541992e-01
-2.735446095466613770e-01
-2.330631613731384277e-01
-2.511039972305297852e-01
-3.224580883979797363e-01
-2.954219579696655273e-01
-2.939271330833435059e-01
-3.169044256210327148e-01
-3.168140053749084473e-01
-3.001602292060852051e-01
-2.382180690765380859e-01
-2.297465205192565918e-01
-2.613267302513122559e-01
-2.867023944854736328e-01
-2.715225219726562500e-01
-2.586908340454101562e-01
-2.975372076034545898e-01
-2.871228456497192383e-01
-2.612101435661315918e-01
-2.511748075485229492e-01
-2.738708853721618652e-01
-2.717533111572265625e-01
-2.830554246902465820e-01
-2.586100697517395020e-01
-2.658202052116394043e-01
-3.039218187332153320e-01
-2.618191242218017578e-01
-2.599479556083679199e-01
-2.469102144241333008e-01
-2.758234143257141113e-01
-3.072612881660461426e-01
-2.403630018234252930e-01
-2.779941558837890625e-01
-2.804540991783142090e-01
-2.125941514968872070e-01
-2.804062962532043457e-01
-2.691310644149780273e-01
-2.309895157814025879e-01
-2.582446932792663574e-01
-2.307597398757934570e-01
-2.854568958282470703e-01
-3.467862606048583984e-01
-3.100152015686035156e-01
-2.084891796112060547e-01
-3.085857033729553223e-01
-2.777301073074340820e-01
-3.138267397880554199e-01
-2.338182926177978516e-01
-2.412258386611938477e-01
-2.809149622917175293e-01
-3.228330612182617188e-01
-2.610651850700378418e-01
-3.064309954643249512e-01
-3.395434617996215820e-01
-2.291768789291381836e-01
-3.061232566833496094e-01
-2.314944863319396973e-01
-2.940043210983276367e-01
-2.436091899871826172e-01
-2.750618457794189453e-01
-2.606066465377807617e-01
-2.542541623115539551e-01
-2.590293288230895996e-01
-2.187463045120239258e-01
-2.982864379882812500e-01
-3.321601152420043945e-01
-3.175889253616333008e-01
-2.255567908287048340e-01
-2.866138219833374023e-01
-2.345272898674011230e-01
-3.161755800247192383e-01
-2.589923143386840820e-01
-2.308978438377380371e-01
-2.380244135856628418e-01
-2.307604551315307617e-01
-2.745022177696228027e-01
-3.379893898963928223e-01
-3.102991580963134766e-01
-2.924215197563171387e-01
-2.517584562301635742e-01
-2.840320467948913574e-01
-2.522492408752441406e-01
-3.048014044761657715e-01
-2.373576760292053223e-01
-2.732055783271789551e-01
-2.928357720375061035e-01
-3.218122720718383789e-01
-2.552528381347656250e-01
-3.383606672286987305e-01
-3.522019982337951660e-01
-2.591536641120910645e-01
-3.312386870384216309e-01
-2.284902930259704590e-01
-2.714711427688598633e-01
-2.853937745094299316e-01
-3.061867356300354004e-01
-2.321437597274780273e-01
-2.089462280273437500e-01
-2.144420742988586426e-01
-2.752152085304260254e-01
-3.292951583862304688e-01
-3.083363175392150879e-01
-2.307727336883544922e-01
-3.513655066490173340e-01
-2.330529093742370605e-01
-2.297942638397216797e-01
-2.878724336624145508e-01
-2.550345063209533691e-01
-2.362687587738037109e-01
-2.302647829055786133e-01
-2.088273763656616211e-01
-3.120000362396240234e-01
-2.822479605674743652e-01
-2.959409356117248535e-01
-2.689054608345031738e-01
-2.784144878387451172e-01
-2.306833863258361816e-01
-2.149599790573120117e-01
-2.212178707122802734e-01
-2.466298937797546387e-01
-2.473301291465759277e-01
-2.689200639724731445e-01
-2.563856244087219238e-01
-2.324913144111633301e-01
-3.270880579948425293e-01
-2.872339487075805664e-01
-2.106977701187133789e-01
-2.764739394187927246e-01
-2.891222834587097168e-01
-2.298474907875061035e-01
-2.972662448883056641e-01
-2.544436454772949219e-01
-2.361646294593811035e-01
-2.378548979759216309e-01
-2.978408336639404297e-01
-3.023464083671569824e-01
-3.087442517280578613e-01
-2.955278158187866211e-01
-2.669510841369628906e-01
-2.299085855484008789e-01
-2.435449361801147461e-01
-2.655372619628906250e-01
-2.409527301788330078e-01
-3.127517700195312500e-01
-2.580339312553405762e-01
-3.189274668693542480e-01
-3.083170652389526367e-01
-2.847374677658081055e-01
-3.597143888473510742e-01
-3.107546567916870117e-01
-2.615431547164916992e-01
-2.646612524986267090e-01
-2.720661759376525879e-01
-2.296273708343505859e-01
-2.932625412940979004e-01
-2.768773436546325684e-01
-2.752737402915954590e-01
-2.383385300636291504e-01
-2.741911411285400391e-01
-2.106457948684692383e-01
-3.374233841896057129e-01
-3.118705749511718750e-01
-2.967436313629150391e-01
-3.012425303459167480e-01
-3.122909665107727051e-01
-2.644507884979248047e-01
-2.558096051216125488e-01
-2.213120460510253906e-01
-2.533525824546813965e-01
-2.928665280342102051e-01
-3.381351232528686523e-01
-2.460201978683471680e-01
-3.419018387794494629e-01
-3.362432122230529785e-01
-2.096827030181884766e-01
-2.423083186149597168e-01
-2.432286143302917480e-01
-2.410731315612792969e-01
-2.518445849418640137e-01
-2.533317208290100098e-01
-2.408421039581298828e-01
-2.655889987945556641e-01
-3.080409169197082520e-01
-3.137400150299072266e-01
-2.555954456329345703e-01
-3.380089998245239258e-01
-2.809144258499145508e-01
-2.431142330169677734e-01
-2.723329663276672363e-01
-2.944709062576293945e-01
-2.939750552177429199e-01
-2.531425356864929199e-01
-2.575498819351196289e-01
-2.387592792510986328e-01
-2.649313807487487793e-01
-2.641650438308715820e-01
-2.659741044044494629e-01
-2.802943587303161621e-01
-3.236355781555175781e-01
-2.522064447402954102e-01
-2.682836055755615234e-01
-2.324700355529785156e-01
-2.359271645545959473e-01
-2.350311279296875000e-01
-2.600412368774414062e-01
-2.439062595367431641e-01
-1.808695197105407715e-01
-2.676956057548522949e-01
-2.991656661033630371e-01
-2.869908809661865234e-01
-3.149037361145019531e-01
-2.804538607597351074e-01
-3.082513809204101562e-01
-2.453238964080810547e-01
-2.444452047348022461e-01
-3.137967586517333984e-01
-2.934872508049011230e-01
-2.379058003425598145e-01
-2.770825624465942383e-01
-2.493831515312194824e-01
-2.644029259681701660e-01
-2.760925292968750000e-01
-3.053203821182250977e-01
-2.664093375205993652e-01
-2.868747115135192871e-01
-2.555624842643737793e-01
-3.001340031623840332e-01
-2.981218695640563965e-01
-2.677378058433532715e-01
-2.621222734451293945e-01
-2.599479556083679199e-01
-2.802782058715820312e-01
-3.422884941101074219e-01
-2.529199123382568359e-01
-2.174447178840637207e-01
-2.803988456726074219e-01
-2.826620340347290039e-01
-3.116925358772277832e-01
-2.679998278617858887e-01
-2.233366370201110840e-01
-2.816383242607116699e-01
-2.100368738174438477e-01
-2.743425965309143066e-01
-3.172813653945922852e-01
-3.358280062675476074e-01
-2.796455025672912598e-01
-3.176449537277221680e-01
-3.209345936775207520e-01
-2.306839823722839355e-01
-2.305492162704467773e-01
-2.895806431770324707e-01
-2.884959578514099121e-01
-3.079892396926879883e-01
-3.315761685371398926e-01
-2.345448136329650879e-01
-3.536425232887268066e-01
-3.281331062316894531e-01
-2.637029886245727539e-01
-2.707375288009643555e-01
-2.401603460311889648e-01
-2.735648155212402344e-01
-2.602939009666442871e-01
-3.058972358703613281e-01
-3.510132431983947754e-01
-2.924883961677551270e-01
-2.928768396377563477e-01
-2.310873270034790039e-01
-2.721830010414123535e-01
-3.111255168914794922e-01
-2.532927393913269043e-01
-3.206467628479003906e-01
-2.353813648223876953e-01
-2.238537669181823730e-01
-2.603288888931274414e-01
-2.424111962318420410e-01
-2.333962917327880859e-01
-2.597035169601440430e-01
-2.347339391708374023e-01
-2.361773252487182617e-01
-2.647576332092285156e-01
-2.891527414321899414e-01
-2.588043808937072754e-01
-2.362310886383056641e-01
-2.597745060920715332e-01
-2.851880192756652832e-01
-3.004617691040039062e-01
-2.610512971878051758e-01
-3.318373560905456543e-01
-2.292380928993225098e-01
-2.897521257400512695e-01
-2.520430088043212891e-01
-2.820453047752380371e-01
-3.510934710502624512e-01
-2.414294481277465820e-01
-3.111643791198730469e-01
-2.990278601646423340e-01
-2.123526334762573242e-01
-3.040180802345275879e-01
-2.962163090705871582e-01
-2.215660214424133301e-01
-2.603079080581665039e-01
-2.381027340888977051e-01
-2.301353216171264648e-01
-2.567800879478454590e-01
-3.103805780410766602e-01
-2.775762081146240234e-01
-2.878606319427490234e-01
-2.244061231613159180e-01
-2.417619228363037109e-01
-2.342953681945800781e-01
-2.940667271614074707e-01
-3.309574723243713379e-01
-2.848687767982482910e-01
-2.929121255874633789e-01
-2.925009727478027344e-01
-2.638486027717590332e-01
-3.256162405014038086e-01
-3.091771602630615234e-01
-2.696307897567749023e-01
-2.470376491546630859e-01
-2.306574583053588867e-01
-2.298332452774047852e-01
-2.422567605972290039e-01
-2.369245886802673340e-01
-2.545912861824035645e-01
-2.114936113357543945e-01
-2.298879623413085938e-01
-2.545046210289001465e-01
-4.257380366325378418e-01
-2.628896832466125488e-01
-3.115368485450744629e-01
-2.387083172798156738e-01
-2.961130142211914062e-01
-3.426336646080017090e-01
-2.279654145240783691e-01
-2.607818245887756348e-01
-2.861613035202026367e-01
-2.290491461753845215e-01
-2.155748605728149414e-01
-2.601018548011779785e-01
-3.234779238700866699e-01
-3.311033844947814941e-01
-3.078545331954956055e-01
-3.646575808525085449e-01
-2.632815241813659668e-01
-2.553551793098449707e-01
-2.389294505119323730e-01
-3.016086220741271973e-01
-3.119485378265380859e-01
-3.074651360511779785e-01
-2.788172960281372070e-01
-2.786802053451538086e-01
-3.240976333618164062e-01
-3.103211522102355957e-01
-2.826048731803894043e-01
-3.202160596847534180e-01
-2.865082025527954102e-01
-2.851173281669616699e-01
-2.739722728729248047e-01
-2.595107555389404297e-01
-2.467845082283020020e-01
-2.591567635536193848e-01
-2.570323944091796875e-01
-2.426642179489135742e-01
-3.656235337257385254e-01
-2.945919036865234375e-01
-2.331447601318359375e-01
-3.333184123039245605e-01
-2.487119436264038086e-01
-2.600138783454895020e-01
-2.293705344200134277e-01
-2.334496974945068359e-01
-2.089273929595947266e-01
-2.582473158836364746e-01
-2.350059151649475098e-01
-2.351568937301635742e-01
-2.892069220542907715e-01
-2.821415066719055176e-01
-2.835344076156616211e-01
-3.286929726600646973e-01
-2.299817800521850586e-01
-2.650401592254638672e-01
-2.794427275657653809e-01
-2.610720992088317871e-01
-2.928667068481445312e-01
-2.183524370193481445e-01
-2.307866811752319336e-01
-2.814138531684875488e-01
-3.703958392143249512e-01
-3.102054595947265625e-01
-2.778645157814025879e-01
-3.064161539077758789e-01
-2.562876939773559570e-01
-2.626600861549377441e-01
-2.442226409912109375e-01
-2.853845357894897461e-01
-2.958873510360717773e-01
-2.696663141250610352e-01
-2.431076169013977051e-01
-2.595912218093872070e-01
-3.343724012374877930e-01
-3.313696384429931641e-01
-3.094469308853149414e-01
-3.317728638648986816e-01
-2.789744138717651367e-01
-2.971311211585998535e-01
-2.569071054458618164e-01
-2.401915192604064941e-01
-2.564080357551574707e-01
-2.551474571228027344e-01
-2.361689805984497070e-01
-2.719987630844116211e-01
-3.947908282279968262e-01
-2.557487487792968750e-01
-2.551019191741943359e-01
-3.069603443145751953e-01
-3.296806812286376953e-01
-3.484628200531005859e-01
-2.594152688980102539e-01
-2.623595595359802246e-01
-2.565338611602783203e-01
-2.106419801712036133e-01
-2.812340855598449707e-01
-2.576844692230224609e-01
-2.373253107070922852e-01
-2.608737945556640625e-01
-2.748289108276367188e-01
-2.769936323165893555e-01
-2.747142910957336426e-01
-3.179205656051635742e-01
-2.576631307601928711e-01
-2.519117593765258789e-01
-2.458874583244323730e-01
-2.746099233627319336e-01
-2.331994771957397461e-01
-2.360815405845642090e-01
-3.385688662528991699e-01
-3.076738715171813965e-01
-2.883590459823608398e-01
-2.865465879440307617e-01
-3.247312903404235840e-01
-2.996655106544494629e-01
-2.754314541816711426e-01
-3.157059550285339355e-01
-2.501099705696105957e-01
-3.328753709793090820e-01
-2.461349368095397949e-01
-2.618159055709838867e-01
-2.988427281379699707e-01
-3.461279273033142090e-01
-2.153379917144775391e-01
-2.669363617897033691e-01
-3.041491508483886719e-01
-2.755647897720336914e-01
-2.699258327484130859e-01
-2.340273261070251465e-01
-2.990570068359375000e-01
-2.562934756278991699e-01
-3.173781037330627441e-01
-3.098157048225402832e-01
-3.254135847091674805e-01
-3.304820656776428223e-01
-2.967632412910461426e-01
-3.554281592369079590e-01
-2.448822259902954102e-01
-3.044976592063903809e-01
-2.629744410514831543e-01
-2.685838937759399414e-01
-2.409949302673339844e-01
-2.359189987182617188e-01
-2.363904714584350586e-01
-2.359189987182617188e-01
-3.180553913116455078e-01
-2.738525867462158203e-01
-2.580029368400573730e-01
-2.515295147895812988e-01
-2.347692847251892090e-01
-3.382739424705505371e-01
-2.878328561782836914e-01
-2.427942752838134766e-01
-3.150655627250671387e-01
-2.724895477294921875e-01
-2.346416115760803223e-01
-2.435774803161621094e-01
-2.868980169296264648e-01
-2.777946591377258301e-01
-2.291890978813171387e-01
-2.406233549118041992e-01
-2.617653608322143555e-01
-3.000802397727966309e-01
-2.608912587165832520e-01
-2.371272444725036621e-01
-2.304739356040954590e-01
-2.712410092353820801e-01
-2.591956853866577148e-01
-2.088405489921569824e-01
-2.995622158050537109e-01
-2.838184833526611328e-01
-2.290976047515869141e-01
-2.352688908576965332e-01
-2.217923402786254883e-01
-2.794557213783264160e-01
-2.666953802108764648e-01
-2.101133465766906738e-01
-2.227011322975158691e-01
-2.101864218711853027e-01
-2.645065188407897949e-01
-2.487301826477050781e-01
-3.257066011428833008e-01
-3.128919005393981934e-01
-2.278575301170349121e-01
-2.338382601737976074e-01
-2.305603027343750000e-01
-2.432835698127746582e-01
-2.321135401725769043e-01
-2.297211885452270508e-01
-2.382065057754516602e-01
-2.617501616477966309e-01
-2.089658379554748535e-01
-2.526677250862121582e-01
-2.745146751403808594e-01
-2.904910445213317871e-01
-2.071211934089660645e-01
-2.689643502235412598e-01
-2.537366747856140137e-01
-2.798833847045898438e-01
-2.853671312332153320e-01
-3.144257664680480957e-01
-2.652593851089477539e-01
-3.298064470291137695e-01
-2.462595701217651367e-01
-2.625402808189392090e-01
-3.583645224571228027e-01
-2.665418982505798340e-01
-3.322544693946838379e-01
-3.094552755355834961e-01
-3.420519828796386719e-01
-2.551866173744201660e-01
-2.903711199760437012e-01
-3.038570284843444824e-01
-3.237285614013671875e-01
-2.766218781471252441e-01
-2.369678020477294922e-01
-2.577447295188903809e-01
-2.623492479324340820e-01
-3.130162954330444336e-01
-3.121452331542968750e-01
-2.776743769645690918e-01
-3.098055720329284668e-01
-2.334420680999755859e-01
-2.421739101409912109e-01
-2.569136023521423340e-01
-2.331677079200744629e-01
-2.453950047492980957e-01
-2.341551184654235840e-01
-2.703727483749389648e-01
-2.634527087211608887e-01
-2.945186495780944824e-01
-3.130167126655578613e-01
-2.616100907325744629e-01
-3.098463416099548340e-01
-2.183014750480651855e-01
-2.312779426574707031e-01
-2.244175672531127930e-01
-2.989756464958190918e-01
-2.603030204772949219e-01
-2.320634722709655762e-01
-2.302488088607788086e-01
-2.987100481986999512e-01
-2.904964685440063477e-01
-2.410324215888977051e-01
-2.462716102600097656e-01
-3.487293720245361328e-01
-2.440797090530395508e-01
-2.184072732925415039e-01
-2.634254693984985352e-01
-2.953965663909912109e-01
-2.682271599769592285e-01
-2.676617503166198730e-01
-1.921021342277526855e-01
-3.140878081321716309e-01
-2.613418102264404297e-01
-2.413894534111022949e-01
-2.880236506462097168e-01
-2.846605777740478516e-01
-2.974823117256164551e-01
-2.304168343544006348e-01
-2.362526655197143555e-01
-3.181353211402893066e-01
-2.445937991142272949e-01
-2.318940162658691406e-01
-2.860497832298278809e-01
-3.148527145385742188e-01
-2.639517188072204590e-01
-2.305305004119873047e-01
-2.214027047157287598e-01
-2.779163718223571777e-01
-2.360725402832031250e-01
-2.393155694007873535e-01
-2.774535417556762695e-01
-2.879010438919067383e-01
-2.321711778640747070e-01
-2.351172566413879395e-01
-2.320196032524108887e-01
-3.343447446823120117e-01
-3.231921792030334473e-01
-2.412644624710083008e-01
-2.508985996246337891e-01
-2.258225679397583008e-01
-2.296990156173706055e-01
-2.301079034805297852e-01
-2.316052317619323730e-01
-2.784376144409179688e-01
-2.402309179306030273e-01
-2.724358439445495605e-01
-2.267077565193176270e-01
-3.465859889984130859e-01
-2.948651313781738281e-01
-2.716271281242370605e-01
-2.686539292335510254e-01
-2.612897157669067383e-01
-3.100689649581909180e-01
-2.566566467285156250e-01
-2.282965779304504395e-01
-2.854283452033996582e-01
-2.291312813758850098e-01
-2.005532383918762207e-01
-3.061804175376892090e-01
-3.203184008598327637e-01
-3.095067739486694336e-01
-3.439277410507202148e-01
-2.397976517677307129e-01
-2.800607085227966309e-01
-2.601509094238281250e-01
-3.074873685836791992e-01
-2.140474319458007812e-01
-3.002370595932006836e-01
-2.294265031814575195e-01
-2.601780891418457031e-01
-2.366192936897277832e-01
-3.925114274024963379e-01
-3.153196573257446289e-01
-3.035218119621276855e-01
-2.866072654724121094e-01
-2.560743093490600586e-01
-2.284647822380065918e-01
-2.296915054321289062e-01
-2.602438330650329590e-01
-2.522355318069458008e-01
-2.604410052299499512e-01
-2.381600141525268555e-01
-3.127809762954711914e-01
-3.153778314590454102e-01
-3.094499707221984863e-01
-2.602641582489013672e-01
-3.072263598442077637e-01
-2.589192390441894531e-01
-2.156857848167419434e-01
-3.559275269508361816e-01
-3.056275248527526855e-01
-2.172563672065734863e-01
-2.334223985671997070e-01
-2.588955163955688477e-01
-2.840409874916076660e-01
-3.422558903694152832e-01
-2.838485836982727051e-01
-2.886414527893066406e-01
-3.061143755912780762e-01
-2.320769429206848145e-01
-2.551915645599365234e-01
-2.992004156112670898e-01
-2.676444053649902344e-01
-2.158309221267700195e-01
-2.584957480430603027e-01
-2.376985549926757812e-01
-2.595260143280029297e-01
-3.248081803321838379e-01
-2.796799540519714355e-01
-2.774431705474853516e-01
-2.965297102928161621e-01
-2.284666299819946289e-01
-2.506219744682312012e-01
-2.904029488563537598e-01
-2.547170519828796387e-01
-2.393805384635925293e-01
-2.098476886749267578e-01
-2.584130764007568359e-01
-2.380008101463317871e-01
-4.117689728736877441e-01
-2.368149161338806152e-01
-3.065131902694702148e-01
-2.730301618576049805e-01
-3.251310586929321289e-01
-1.946601271629333496e-01
-3.105142116546630859e-01
-2.569677233695983887e-01
-2.730259299278259277e-01
-2.328882217407226562e-01
-2.615520954132080078e-01
-2.782200574874877930e-01
-2.385467290878295898e-01
-2.143791317939758301e-01
-3.345459699630737305e-01
-2.555691003799438477e-01
-2.299529910087585449e-01
-2.680054306983947754e-01
-2.335093617439270020e-01
-3.146154284477233887e-01
-2.300739884376525879e-01
-2.376120090484619141e-01
-2.594756484031677246e-01
-2.518611550331115723e-01
-2.790729403495788574e-01
-2.487378120422363281e-01
-2.075380086898803711e-01
-2.703054547309875488e-01
-2.543448805809020996e-01
-2.719481587409973145e-01
-2.803630232810974121e-01
-2.300541996955871582e-01
-2.510660886764526367e-01
-2.300570011138916016e-01
-3.941156864166259766e-01
-2.648815512657165527e-01
-2.137807011604309082e-01
-2.936794161796569824e-01
-2.289283275604248047e-01
-3.005543351173400879e-01
-2.552252411842346191e-01
-2.618573307991027832e-01
-2.929732203483581543e-01
-3.138254880905151367e-01
-2.494380474090576172e-01
-2.564313411712646484e-01
-2.577067017555236816e-01
-2.093991637229919434e-01
-2.561320066452026367e-01
-3.357461690902709961e-01
-2.439297437667846680e-01
-2.238829731941223145e-01
-3.270821571350097656e-01
-2.386355996131896973e-01
-2.574699521064758301e-01
-2.730080485343933105e-01
-2.088273763656616211e-01
-2.672867774963378906e-01
-2.498741149902343750e-01
-2.560743689537048340e-01
-2.291254997253417969e-01
-2.782287001609802246e-01
-2.760830521583557129e-01
-2.094352245330810547e-01
-2.921220660209655762e-01
-2.859147787094116211e-01
-2.821457982063293457e-01
-2.794523835182189941e-01
-2.825017571449279785e-01
-2.804772257804870605e-01
-2.467091083526611328e-01
-2.624439597129821777e-01
-3.056547045707702637e-01
-2.659975886344909668e-01
-2.447410225868225098e-01
-2.294846773147583008e-01
-2.042340040206909180e-01
-2.847244739532470703e-01
-2.393716573715209961e-01
-2.489016056060791016e-01
-2.384518384933471680e-01
-2.857881784439086914e-01
-2.534900903701782227e-01
-2.355014085769653320e-01
-3.092686533927917480e-01
