-1.221028105193440808e-02
7.810908128917862236e-02
1.546910878752135454e-01
1.939480467291421761e-01
1.950239315336385892e-01
1.748773893360831000e-01
1.443334651675304559e-01
1.089207976730296040e-01
7.376793304963373543e-02
4.615021787441249412e-02
2.837896623913702121e-02
1.331392090277100024e-02
-2.624972238034545789e-03
-1.633948053159524696e-02
-2.534190855681913573e-02
-2.734917061740575750e-02
-1.881740646980951254e-02
-1.778952792180978244e-03
1.279775015589208927e-02
1.787130419591194397e-02
1.515227044226126127e-02
8.565770151197128063e-03
6.308479833162404168e-04
-7.501566024025388760e-03
-1.348939897138294597e-02
-1.596069313499707404e-02
-1.494289557443242121e-02
-1.332976243704788941e-02
-1.548186112083888705e-02
-1.854720655093914511e-02
-1.858365076132233520e-02
-1.626350571568709394e-02
-1.223717302304618872e-02
-5.265499694446804622e-03
7.050542097371901261e-03
2.383428072361609695e-02
4.207629926215231825e-02
5.974929410345485720e-02
7.437467232866243338e-02
8.349358611778974482e-02
8.773139597476069251e-02
8.956731685351264349e-02
8.767790627036810280e-02
7.730798133033792152e-02
5.441591380533568334e-02
1.941918488033550494e-02
-2.240830569341388523e-02
-6.495372897770579357e-02
-1.026444633389947403e-01
-1.294347846550770176e-01
-1.441706498526363900e-01
-1.540739919561938676e-01
-1.641678302763183162e-01
-1.706575372190903550e-01
-1.693700639929294482e-01
-1.589141388181687931e-01
-1.335908801883199382e-01
-7.624940174541545990e-02
1.008472131755855199e-02
8.751458825323298052e-02
1.374002284726941192e-01
1.681050464112696652e-01
1.869513162947072926e-01
1.977639360546420977e-01
2.013941695826153011e-01
1.968277385217121200e-01
1.789931098131829212e-01
1.389130575326272266e-01
7.924342211030739602e-02
1.820411534774874635e-02
-3.078124764644249445e-02
-6.456258350405817692e-02
-8.458261545094364342e-02
-9.588209789765733682e-02
-1.008048360819328582e-01
-9.885988190152680821e-02
-9.179492901936990579e-02
-8.171560685337335428e-02
-7.002829896339982096e-02
-5.587059428529514427e-02
-3.850371330576295159e-02
-2.172141134630706932e-02
-8.896260984911365591e-03
2.709714719226121588e-05
5.626313649309392685e-03
8.376893414966364929e-03
9.176997142975863025e-03
8.067968641122913454e-03
5.828102078186389590e-03
5.060319002202400343e-03
7.054705291593242264e-03
9.402551140268864543e-03
7.417013998683192645e-03
-2.267033419227001967e-04
-9.839611155463855174e-03
-1.545181037713673142e-02
-1.205566697835251840e-02
9.131182072187890922e-04
1.945915751321771608e-02
3.778267845465858171e-02
5.248721538857861746e-02
6.284023900280767683e-02
6.996268315634013302e-02
7.445903709707238360e-02
7.255453863340534382e-02
6.214304752569744378e-02
4.609068788022159524e-02
2.692813954491084238e-02
6.266691475716434576e-03
-1.402410176601847844e-02
-3.435416001384166557e-02
-5.413484905224043298e-02
-6.926185334874575272e-02
-7.870541507880583765e-02
-8.577087658103890733e-02
-9.532619037983329491e-02
-1.094988042846904014e-01
-1.206510346120577004e-01
-1.165325173804418329e-01
-9.855305665144667437e-02
-7.740082504571955957e-02
-5.300482248061224450e-02
-1.981938388930989947e-02
1.940456083905572199e-02
5.479311280162056652e-02
8.081002071257342712e-02
9.875439435989366577e-02
1.096115412754886526e-01
1.129001514927681360e-01
1.101628899611693108e-01
1.040823124221257889e-01
9.473073472466714273e-02
8.145532399821338310e-02
6.481230326485148963e-02
4.520540875698294409e-02
2.462000996535107164e-02
6.571643042504022279e-03
-8.280553484691879906e-03
-1.956931135264047134e-02
-2.542617505223486452e-02
-2.630932319367142863e-02
-2.324816859845206529e-02
-1.653342599684888559e-02
-8.331460977337643709e-03
-1.462775479898580436e-03
2.415917173508811550e-03
2.156739206005665183e-03
-4.447452603424875348e-03
-2.028879586184068051e-02
-4.239564448855704520e-02
-6.280987276614419246e-02
-7.871970032765850112e-02
-9.071355972355210628e-02
-9.568056565743326969e-02
-9.006458198239897239e-02
-7.329851229900453957e-02
-4.678368597179158317e-02
-1.491062384613797871e-02
1.431644264953968460e-02
3.294197405147532287e-02
4.050357149507315124e-02
4.355708323431587564e-02
4.496269951159431733e-02
4.312539854630538516e-02
3.744794084840691317e-02
2.920104477251096731e-02
2.042400113275170265e-02
1.241343070963157880e-02
7.660105167650445995e-03
8.320811287671744938e-03
1.399314377782846265e-02
2.156999863494956510e-02
2.518298414710723812e-02
2.302145257650780111e-02
1.809595448585911426e-02
1.101682087554548689e-02
1.398423246761248571e-03
-9.733266818262422196e-03
-2.093729196722867586e-02
-2.950504955718569189e-02
-3.255279582117429071e-02
-2.928559793936368061e-02
-1.990268676824569205e-02
-3.283957390118483199e-03
1.978289403374523803e-02
4.387438585436337357e-02
6.299525097511388116e-02
7.493861726099489140e-02
8.019985249988223486e-02
8.052227618328247627e-02
7.848274237411698162e-02
7.483673263321886926e-02
6.689238875112736571e-02
5.159060637924958725e-02
2.822698495377473291e-02
-1.671099519872234346e-03
-3.361507283348391661e-02
-6.364796518202796294e-02
-9.191535585019827703e-02
-1.218006380842456687e-01
-1.559242114052626360e-01
-1.919160594566709510e-01
-2.250237967272287476e-01
-2.526691825339612563e-01
-2.707307601100099048e-01
-2.725582029535610906e-01
-2.525280202191867995e-01
-2.050161597650241307e-01
-1.256524676668462348e-01
-1.467089653749050274e-02
1.250721673374186604e-01
2.675591098073322183e-01
3.651107278986589488e-01
4.023989669451544238e-01
3.939140503063500720e-01
3.506313534534438170e-01
2.850267618715474072e-01
2.117137959461900809e-01
1.372100694145387267e-01
6.299211284384648168e-02
-5.336736513789690391e-03
-5.838675333007298240e-02
-8.961159404131119333e-02
-9.893355461484712454e-02
-9.138919857694002835e-02
-7.113303038126402023e-02
-3.718039307589948023e-02
6.126122960046005705e-03
4.552266926075723696e-02
7.290885934109817001e-02
8.663394067761556738e-02
8.459999124725195441e-02
6.993000873798871364e-02
5.133582209869314017e-02
3.165974794512518842e-02
9.912884331911581831e-03
-1.508605676486655250e-02
-4.785311755326639160e-02
-8.981777836082599498e-02
-1.378753121773839962e-01
-1.900185593484827185e-01
-2.461744370149186734e-01
-3.036077325679801819e-01
-3.565716504235195150e-01
-3.977836824257058868e-01
-4.143513327868564855e-01
-3.902780288189470204e-01
-3.093371785309239619e-01
-1.542170918932863066e-01
4.136054958445760377e-02
1.933522232211755676e-01
2.706953437761099313e-01
2.960106490973196669e-01
2.926846533541801465e-01
2.824243564770529402e-01
2.819956517479524361e-01
3.044518967904612516e-01
3.382459077066541919e-01
3.452495278853116023e-01
3.133377099804916521e-01
2.567206686155622530e-01
1.866288409959346584e-01
1.130657087484698148e-01
4.216313010532279915e-02
-2.586455619112228849e-02
-9.282719843196063358e-02
-1.575179923400207016e-01
-2.138702691969976699e-01
-2.582458552011445141e-01
-2.914298156594348765e-01
-3.135354156551862781e-01
-3.230011274186905257e-01
-3.175006143620346943e-01
-2.945691256672308134e-01
-2.500310696741561145e-01
-1.768372731147332955e-01
-6.502338521871664501e-02
6.728154700081891149e-02
1.719808075662843383e-01
2.324084439883877806e-01
2.595592658101715799e-01
2.591993473390154512e-01
2.369218431309230155e-01
2.005157187619979742e-01
1.579312125322456239e-01
1.142565852802803622e-01
7.318773224133433286e-02
4.020093760526779331e-02
2.024910075737202525e-02
7.597875348393283435e-03
-8.877359513600040566e-03
-2.698920404650854629e-02
-3.838203641213032424e-02
-4.158717058976510450e-02
-3.992871958087303857e-02
-3.517569056356651541e-02
-2.686666380577776986e-02
-1.897912088135950137e-02
-1.805401752198500590e-02
-2.380986793185504297e-02
-2.997921611277374124e-02
-3.423341578592254547e-02
-3.838375462032581759e-02
-4.210581469768288204e-02
-4.409743087082219903e-02
-4.451198743990094492e-02
-4.387944246389804959e-02
-4.361262455511492192e-02
-4.488664060841872361e-02
-4.755738816786226481e-02
-5.166530777878704239e-02
-5.588689760110101407e-02
-5.604714728327882256e-02
-4.779323003335506775e-02
-2.717125306747552455e-02
1.093954603593048393e-02
5.995533027171246615e-02
1.009332897342185842e-01
1.274395994333839544e-01
1.459506812073678717e-01
1.628797042047356314e-01
1.726121972889123890e-01
1.606847746923161790e-01
1.278656474672960619e-01
8.437825368875453980e-02
3.570537645710303298e-02
-1.249092505259629879e-02
-5.281150951160312745e-02
-8.206550464508109710e-02
-1.024079328572804620e-01
-1.170622287108448734e-01
-1.279585062585055499e-01
-1.346874970122133308e-01
-1.355607957951369402e-01
-1.309690628763821307e-01
-1.229061737826807194e-01
-1.120511753438507563e-01
-9.935175710344452960e-02
-8.643153965020902718e-02
-7.481823858339949063e-02
-6.630967097549333999e-02
-5.951720649724502599e-02
-5.009107109570345301e-02
-3.102232025943740812e-02
6.672639640049913418e-03
6.089833109616514528e-02
1.153718613560307943e-01
1.564883521530230637e-01
1.816484157707315972e-01
1.909024701530429580e-01
1.848052441303368321e-01
1.688420967588578625e-01
1.484020664021985791e-01
1.229701670775138339e-01
9.375935021630651955e-02
6.752596024505150285e-02
4.687501705730790641e-02
2.957762364861653975e-02
1.314041152371248425e-02
-4.567254143145002554e-03
-2.620510853567411744e-02
-5.441512359266920118e-02
-8.790293833087356457e-02
-1.224653082673715365e-01
-1.541936119318849108e-01
-1.790931075492873115e-01
-1.885501102441729526e-01
-1.703830255444862829e-01
-1.314026319652923935e-01
-9.650256724717322376e-02
-7.308129141378590099e-02
-5.615770515140953989e-02
-4.652320993492772144e-02
-4.251549530383318121e-02
-3.691099627666939720e-02
-1.945337984965071765e-02
1.971109950049267437e-02
7.157916832482595637e-02
1.111546854965719949e-01
1.322851261307996518e-01
1.424755840111895655e-01
1.441122172096176712e-01
1.380125925809302101e-01
1.248096833799089006e-01
1.045590264270685327e-01
7.706110524044502974e-02
4.617401755182867773e-02
2.115764411624797975e-02
9.104403570995052083e-03
9.599162520938984283e-03
1.633897350745133759e-02
2.243611326550138882e-02
2.389358444910780546e-02
1.923032476219881798e-02
9.933421543813825139e-03
-2.172694031347212340e-03
-1.837314796272126322e-02
-3.919524789127684650e-02
-6.109101690600953621e-02
-7.904201987402531548e-02
-8.997478697086642996e-02
-9.486529951550727591e-02
-9.525358185190023474e-02
-9.011546983439065739e-02
-7.887986528430608602e-02
-6.284474817106500133e-02
-4.496042985750978854e-02
-2.646800274783382353e-02
-5.868052208804397721e-03
1.479825555031208904e-02
3.240871030886073589e-02
4.639622379186440077e-02
5.588490979324840097e-02
5.999254974392202733e-02
5.947335689567874450e-02
5.619224637377356196e-02
4.947454022278427455e-02
3.717648849078849377e-02
2.093389070293850268e-02
6.033888634369093985e-03
-5.343561030878985277e-03
-1.487352348394822311e-02
-2.341552612072318740e-02
-3.065302582958482486e-02
-3.448176622998482682e-02
-3.490691885883948770e-02
-3.456414749381132856e-02
-3.723370948864436480e-02
-4.841642836119192106e-02
-6.653353781029906766e-02
-8.149766204778792489e-02
-8.493134916031877535e-02
-7.480143661383477360e-02
-5.242527311541303470e-02
-2.313991038190849753e-02
5.363228595983345406e-03
3.163893372082364486e-02
5.608837304263612072e-02
7.699573845334718725e-02
9.458530981418589167e-02
1.077676408546577591e-01
1.121095574339208145e-01
1.055292537863930791e-01
9.076401656801329210e-02
6.846434753051861000e-02
3.593353488290199071e-02
-2.049110007914494401e-03
-3.213698450081355767e-02
-4.401575493133920436e-02
-3.842773954539551590e-02
-2.508399593993724044e-02
-9.139301575656502349e-03
9.393465196707716236e-03
2.548036421581926364e-02
3.235842565538152998e-02
2.663188011749845208e-02
1.097329894150386904e-02
-4.651282796826403977e-03
-1.289255873981828317e-02
-1.422900986871376144e-02
-1.311650970987898734e-02
-1.523636690745500469e-02
-2.131165080577472615e-02
-2.717655600570239097e-02
-3.199424509381128268e-02
-3.780855339583592822e-02
-4.316686925470034769e-02
-4.359132859686132289e-02
-3.633838473097340122e-02
-2.573408599260577218e-02
-1.710511841476438505e-02
-9.328006086982093201e-03
-1.291064643537281811e-03
4.967123683273492844e-03
8.202092617308776382e-03
9.746522464331015129e-03
1.031342280485914725e-02
7.591094771144234893e-03
9.774901093435543059e-04
-6.130469936224141117e-03
-1.178345280666948103e-02
-1.630798803815336137e-02
-1.850703495136910362e-02
-1.752539718252094439e-02
-1.461044836531271568e-02
-8.326673410209577825e-03
3.373408633086859461e-03
2.035557429706393376e-02
4.269708993270163178e-02
6.569400604149056022e-02
8.108716630511725310e-02
8.609412151172374239e-02
8.295828865573193212e-02
7.391495137055856257e-02
5.937212033841730158e-02
3.737167312504289379e-02
8.526012716016403634e-03
-2.211247557759878427e-02
-5.198521093999902004e-02
-7.996448874759579106e-02
-1.027508330425019323e-01
-1.175550452746672858e-01
-1.221476645512705045e-01
-1.142241376786382601e-01
-9.133750396057210841e-02
-5.318112829343213388e-02
-3.128682043650785061e-03
4.865950219794021314e-02
8.721596486697676121e-02
1.073949905463161270e-01
1.118109100258070782e-01
1.014504140973591095e-01
7.714077186730633473e-02
4.321813088164747074e-02
9.555886141105720405e-03
-1.486485092609720476e-02
-2.986354324648103284e-02
-4.245624160375977008e-02
-5.655984448761328803e-02
-6.940037516039021526e-02
-7.532225751473446695e-02
-6.880488661404174366e-02
-4.761771586595074657e-02
-1.968946969868941646e-02
-1.383009866111803519e-03
1.400211587658847096e-04
-1.017470746594032263e-02
-2.426427821429742726e-02
-3.490823414867241792e-02
-3.450323160678329948e-02
-1.155007646395040874e-02
2.964726047061817804e-02
6.642244072783221043e-02
8.907956100414185507e-02
1.004147794000487259e-01
1.010597290362355294e-01
8.954292382245829240e-02
6.600405473501287645e-02
3.282801363902212999e-02
-3.362130724557477017e-03
-3.127253142353421389e-02
-4.625647827887564151e-02
-5.081380758679901466e-02
-4.817233462799070526e-02
-4.080148878294440756e-02
-2.976302907383177737e-02
-1.667704446097337256e-02
-1.880244106592269399e-03
1.440844680705363756e-02
2.956520400145276617e-02
4.241998246546024171e-02
4.961558998375269897e-02
4.735339525462228805e-02
3.787137348824875377e-02
2.324451553359207709e-02
3.616624348677852790e-03
-1.968637561652729698e-02
-4.270950543297093865e-02
-5.956881584688385189e-02
-6.787851868254651810e-02
-6.886013373869349918e-02
-6.360724921878373184e-02
-5.325275510691265118e-02
-3.930778790863374839e-02
-2.337667709610471642e-02
-7.140849783944384563e-03
5.951772394371148724e-03
1.107841825055521853e-02
1.023949492512905152e-02
9.071890385949922184e-03
7.354271184480471596e-03
4.749325406496957176e-03
3.552921463710009310e-03
4.283586136518921852e-03
6.890195827340855547e-03
1.260550293771408800e-02
2.274826575707251594e-02
3.614062108900432946e-02
4.791264603113709608e-02
5.256338035488151289e-02
4.950007758357769655e-02
4.376200453134390655e-02
3.912983640020021442e-02
3.468665499823417320e-02
2.924700518170069222e-02
2.314440265704971467e-02
1.527049912876533855e-02
2.745459926517361971e-03
-1.504737426482058611e-02
-3.413931712120599204e-02
-4.989918229251201487e-02
-6.048812317437956415e-02
-6.456075233424578286e-02
-6.037930001373150585e-02
-4.815858957622253661e-02
-3.184423173114781652e-02
-1.695158642806305835e-02
-4.510884384929300835e-03
7.132995319442904034e-03
1.669480049264204097e-02
2.215524410712458453e-02
2.348959632117202448e-02
2.505274945370936091e-02
3.115003544552765249e-02
3.814481837713899065e-02
4.101834365299074359e-02
3.864457337348063681e-02
2.931530032364068963e-02
1.350567363593998746e-02
-3.538929391649237900e-03
-1.829685809457209239e-02
-2.913111642663888945e-02
-3.365631850897988359e-02
-2.968758399975719720e-02
-1.264843871948122950e-02
1.327185177574157805e-02
3.168094348473424887e-02
3.330013721055768983e-02
1.864144267632428936e-02
-6.320284464591983606e-03
-3.237487364173662063e-02
-4.915415326286562414e-02
-4.554107301277762754e-02
-1.496443625131705160e-02
4.493367640205882252e-02
1.357775022948443933e-01
2.332939160669073864e-01
2.895530899813478221e-01
2.868720501693024505e-01
2.322395111208860330e-01
1.302149413363399566e-01
-8.131571677239027643e-03
-1.628352484226067987e-01
-3.106748168025010304e-01
-4.334405443134162761e-01
-5.184401738912740587e-01
-5.507441133295486457e-01
-5.095697842361252006e-01
-3.761486469354117235e-01
-1.973757497820709805e-01
-7.282963870504415016e-02
-3.264707338025524958e-02
-4.431874288222190095e-02
-7.617095120006645015e-02
-9.812580222472513936e-02
-7.947993915638626450e-02
9.555895684769659393e-03
1.708962949005590481e-01
3.455871609181571658e-01
4.648407078999041708e-01
5.155073113273223040e-01
5.159682685988934425e-01
4.843056937588721134e-01
4.348479152998239172e-01
3.740517002818816161e-01
3.043385070667512515e-01
2.288083289946200027e-01
1.503214766127753399e-01
7.372452319343245075e-02
3.178694783853602823e-03
-6.052145243772230621e-02
-1.131872242871732326e-01
-1.508417927768530564e-01
-1.769874074863686531e-01
-1.964396198322077569e-01
-2.149450779499483821e-01
-2.407912987025195850e-01
-2.746162872979848735e-01
-3.103634596220932740e-01
-3.427980300859445606e-01
-3.635266231816106086e-01
-3.636096964298123346e-01
-3.336338822083656508e-01
-2.555323846153272904e-01
-1.076766775480848676e-01
8.360052181464758259e-02
2.421829600345602462e-01
3.312035636204759825e-01
3.599227188590222171e-01
3.448794252267625704e-01
3.033775022233616836e-01
2.463719754405332973e-01
1.807983205107190350e-01
1.101528268023701240e-01
3.654381807091459933e-02
-3.368301818349266064e-02
-8.898300384899462956e-02
-1.264746933672648010e-01
-1.572164883264183799e-01
-1.811503841604945597e-01
-1.859939668531678247e-01
-1.661209614324538064e-01
-1.223841520123897242e-01
-6.811066611584612462e-02
-2.273080710676943922e-02
9.886281042772674527e-03
3.700430020045100687e-02
6.446228791993049989e-02
9.208987303639319666e-02
1.135251791623057005e-01
1.241493472243365565e-01
1.248272507567592532e-01
1.148989293429382580e-01
9.132307279543036560e-02
5.604017397627462926e-02
1.729851412833309857e-02
-1.475964125385374748e-02
-3.398737279022105706e-02
-4.253802462654250605e-02
-4.577382760474347362e-02
-4.538392075095892819e-02
-4.222919733239553081e-02
-3.859441920942338622e-02
-3.552555772005622226e-02
-3.239193872079922099e-02
-2.911428203704331807e-02
-2.811302094632576673e-02
-3.116490305558705654e-02
-3.492884994483409777e-02
-3.605502316793265938e-02
-3.486377778558936991e-02
-3.098702175627394972e-02
-2.310068197942575716e-02
-1.231290443144309257e-02
1.800685972762857030e-03
2.219910742071400100e-02
5.061694262113019399e-02
8.035091702435173677e-02
9.813506293478303777e-02
1.046511728945818814e-01
1.072345964640467747e-01
1.067634560870395349e-01
1.045660135285855913e-01
9.709700970083205707e-02
7.739685860819370267e-02
4.609810337269836661e-02
6.834892182154060462e-03
-3.675227149548108974e-02
-7.765657018005450718e-02
-1.124382906915777219e-01
-1.436464973076502782e-01
-1.717498272992230846e-01
-1.947367213973700273e-01
-2.108546387805169398e-01
-2.160561996180661304e-01
-2.061536200866421198e-01
-1.770072209101581640e-01
-1.238264924023661367e-01
-4.392724292096648886e-02
4.295384684547216836e-02
9.795083396490819605e-02
1.113001144469995679e-01
1.014287405187178914e-01
8.434790307212822191e-02
6.843703435950579395e-02
5.806522662899378517e-02
5.622874017617551790e-02
6.261358567069422176e-02
7.641705656323725948e-02
9.780714528935806340e-02
1.209720269049348318e-01
1.363016302287119175e-01
1.388978812485212599e-01
1.288664028384684523e-01
1.113650340898337116e-01
9.130306717727346144e-02
6.776197173511026850e-02
4.091763373026744560e-02
1.357378337050828450e-02
-1.506392613594022094e-02
-4.547906230344543610e-02
-7.088025575943537882e-02
-8.501409680621019316e-02
-9.109282567632816241e-02
-9.240287209266177804e-02
-8.636657263721070343e-02
-7.228183891612842416e-02
-5.418207541121238674e-02
-3.632105658509501150e-02
-2.112994818752439441e-02
-1.108134708677373931e-02
-7.872533407899904093e-03
-8.740023812875898079e-03
-7.490005898077118848e-03
-2.714257024974765179e-03
6.954296919823444844e-04
1.734419835294553859e-03
3.832983992656338514e-03
6.612038591525066546e-03
7.382887044024371258e-03
6.399307950964129403e-03
5.714896885414451518e-03
5.740125307071522291e-03
5.848515314296561310e-03
6.382245028069919585e-03
7.403186100026912068e-03
8.241197925624089982e-03
9.488763067018193831e-03
8.954287422522595047e-03
2.003248467138498464e-03
-1.078346800664377152e-02
-2.468840139800728209e-02
-3.737357484577642081e-02
-4.862172407208602276e-02
-5.748794769701295881e-02
-6.386760539278821258e-02
-6.483077991956130715e-02
-5.348621291205898909e-02
-2.420074373845342020e-02
1.543291497175656828e-02
4.689379411993558483e-02
6.531738282216413560e-02
7.717029241084599755e-02
8.273588994114024209e-02
7.897167911240307592e-02
6.891989967957044827e-02
5.698868060252310075e-02
4.323682207806451433e-02
2.855921943154103235e-02
1.513937253751193937e-02
1.621865416894600117e-03
-1.587487213550319368e-02
-3.712213796417288686e-02
-5.694026154566745462e-02
-7.141555885720736463e-02
-8.038129251224628014e-02
-8.262207842794336288e-02
-7.730036402958014030e-02
-6.770032753792222524e-02
-5.666854005932555477e-02
-4.391329954515504896e-02
-2.671098998857835555e-02
-5.169700716379790721e-03
1.531055939041935793e-02
3.068036143484248468e-02
3.993485570885019903e-02
4.278470409057885671e-02
4.052649786110402996e-02
3.805493558571008267e-02
4.197282860509377045e-02
5.617709258227764069e-02
7.585235506822712859e-02
9.066536234270092254e-02
9.717328760667759413e-02
9.385552487045796533e-02
7.858474963697183180e-02
5.522724812791905691e-02
2.999727142363515717e-02
5.189565374601349222e-03
-2.134915621139805292e-02
-4.756287496658950786e-02
-6.575414488394661083e-02
-7.236324265366628206e-02
-6.815878586675716555e-02
-5.300863005380652970e-02
-3.017998055028268262e-02
-6.961946929987659904e-03
1.058987183122961709e-02
2.138906504598104413e-02
2.910450865742240240e-02
3.636714102953330502e-02
4.352096068090629405e-02
4.827412186736293465e-02
4.591291254946672229e-02
3.321738406788683762e-02
1.016441295673806838e-02
-1.872502874026286956e-02
-4.791887665627199422e-02
-7.511617425379625568e-02
-9.912436907729521574e-02
-1.174408609403809756e-01
-1.273119472733678648e-01
-1.311039875821178036e-01
-1.334050386272968014e-01
-1.323047074357069086e-01
-1.255066161115660495e-01
-1.157715662139451457e-01
-1.020346958031647655e-01
-7.822933899393719193e-02
-3.729018016165922683e-02
2.940486488715535196e-02
1.098570112347684313e-01
1.692549370229963213e-01
1.923102146821069058e-01
1.873697096021609831e-01
1.637792620278170908e-01
1.298545947560139635e-01
9.297729708769000845e-02
5.797649085989704798e-02
2.901880412040337004e-02
9.806754688292484631e-03
2.447319266996862003e-03
3.940983071084931677e-03
6.946116602362197023e-03
8.964979062576334395e-03
1.245774360110912631e-02
1.712843468282007273e-02
2.199893433968128434e-02
2.866481492999928271e-02
3.623346047452018215e-02
3.975849510779559670e-02
3.506766982296131291e-02
2.333045897236648777e-02
9.978262261127978511e-03
3.961159899878961832e-04
-5.952345926404634807e-03
-1.474379597881650752e-02
-2.857630648249694788e-02
-4.491111780968395917e-02
-5.942084664747934036e-02
-7.134152822140782391e-02
-7.991266079468903327e-02
-8.056031048319368948e-02
-7.303500178831524858e-02
-6.109522533295697749e-02
-4.701735229025608143e-02
-3.199943606938669000e-02
-1.776132876345693987e-02
-5.986778500744201204e-03
3.237524702123596113e-03
6.181408600747921242e-03
-2.770062249876286548e-03
-2.161330146219132831e-02
-4.398400064989323177e-02
-6.379488312848170806e-02
-7.487264690621829588e-02
-7.164042186697174019e-02
-5.048037739163175469e-02
-1.127541308156686239e-02
3.559005781712362704e-02
7.179283477377387812e-02
9.087255850860653794e-02
9.691924715019939462e-02
9.272815912129450666e-02
8.093799430727029176e-02
6.566604728413631686e-02
5.191042873122818369e-02
4.134694487773274418e-02
3.228648991119327516e-02
2.444982422595736934e-02
1.729235294235925355e-02
9.039154834044540662e-03
7.688111961344891790e-05
-6.977877142436891660e-03
-1.033180299492318308e-02
-1.125370556186171787e-02
-1.252672016039250644e-02
-1.466930125417375413e-02
-1.566236019464147672e-02
-1.507590751129215395e-02
-1.293394041327392691e-02
-7.046080910494498077e-03
3.152295647783444343e-03
1.539735597614017015e-02
2.607615072466539646e-02
3.179030255707827185e-02
3.033940198377486561e-02
1.935594824137816874e-02
1.461232844946031137e-03
-1.596378339080076897e-02
-2.985814941862315747e-02
-4.074708964688655843e-02
-4.959540525309130005e-02
-5.567707786864738162e-02
-5.742517372379891266e-02
-5.579937790915840551e-02
-5.297103270132071801e-02
-5.111211200781111408e-02
-5.082490015893525309e-02
-5.168565150249194995e-02
-5.199341793359225916e-02
-4.730700908908538893e-02
-3.423084237833605437e-02
-1.418694487629466178e-02
9.193733508423295592e-03
3.353004526957239356e-02
5.650732996979988820e-02
7.517422735249104648e-02
8.787901798593425462e-02
9.450238149577190605e-02
9.413319001168937716e-02
8.545416792369248116e-02
6.809925966240715223e-02
4.476855079972761470e-02
2.105383449590792974e-02
5.092203977434357418e-04
-1.593942754100953485e-02
-2.768882744360776776e-02
-3.309002517348531153e-02
-3.115767595471501464e-02
-2.368592883178018832e-02
-1.314356710786755700e-02
-1.586488526783535677e-03
1.020206225366174224e-02
2.316619172096708729e-02
3.805123509202652798e-02
5.525329570320436368e-02
7.016646997014987230e-02
7.160594760103543288e-02
5.722866032327982716e-02
3.589425455629442069e-02
1.235332650646670145e-02
-1.353464304259975950e-02
-4.135168663033371439e-02
-6.905268324275427860e-02
-9.370951027359554486e-02
-1.140495312481546730e-01
-1.304581907237010452e-01
-1.437608922552178481e-01
-1.535786848491756396e-01
-1.581425824408257408e-01
-1.586402401469957368e-01
-1.584921229060434200e-01
-1.540986639354801624e-01
-1.324570856723207013e-01
-7.961093312346659290e-02
1.513764476202098148e-02
1.319603337415961031e-01
2.203377107156953563e-01
2.628273657500825866e-01
2.735898311769610625e-01
2.605930835213167152e-01
2.304523366066321965e-01
1.902293636144981870e-01
1.444465548860512372e-01
9.749816051770081315e-02
5.345587852653895661e-02
1.435977865811426633e-02
-1.870520224958588384e-02
-4.415759393765343599e-02
-6.099874086430105702e-02
-7.252326060646296924e-02
-8.278019546469535250e-02
-8.928757183141905474e-02
-8.794001058461109466e-02
-7.876554617005449010e-02
-6.389107323463730226e-02
-4.623617004487803883e-02
-2.962664304024328898e-02
-1.903908806886540905e-02
-1.903153337727472860e-02
-2.962620587895342661e-02
-4.676939139263501521e-02
-6.602192676839432894e-02
-8.326407291839328650e-02
-9.477327838089956435e-02
-9.639373560511592387e-02
-8.568576248719320110e-02
-6.335994617058014755e-02
-3.473844482683591250e-02
-1.018968688872090751e-02
3.655272118657786062e-03
8.680805715801074435e-03
1.341934711118763363e-02
2.303119724192169773e-02
3.478701635577616247e-02
4.783447912749652642e-02
6.442916903295375919e-02
8.773226074950407627e-02
1.146180747367183395e-01
1.326443336561290987e-01
1.353066617385483561e-01
1.255505033983558838e-01
1.083609589182182309e-01
8.800350202438531055e-02
6.638228874120945255e-02
4.248707489981131541e-02
1.662184460836558728e-02
-5.465386574094253935e-03
-1.805357079835057110e-02
-1.993492488021637518e-02
-1.188502668449800334e-02
3.026785227643831455e-03
1.900721167312592261e-02
2.951551157437943759e-02
2.874761416267104797e-02
1.498076307313789442e-02
-8.150911376115274609e-03
-3.409436733091071592e-02
-5.776469840426615154e-02
-7.855085600487825281e-02
-9.647316186846643937e-02
-1.100430067372067527e-01
-1.209127960976102562e-01
-1.337553565569615244e-01
-1.507447453212830413e-01
-1.706277162962520078e-01
-1.909423442112477831e-01
-2.062149416003094815e-01
-2.076347586414790947e-01
-1.863325575781767107e-01
-1.348478957418213775e-01
-4.551401886203191444e-02
6.800260292637569370e-02
1.694007103152353755e-01
2.371002149696321282e-01
2.684581953727105952e-01
2.702597300602717634e-01
2.495227306706051251e-01
2.118377645707300028e-01
1.665395258399404443e-01
1.204418460427760101e-01
7.637094638992329709e-02
3.476756229103002138e-02
-2.689915416010159668e-03
-3.258067568146970350e-02
-5.374756522684320803e-02
-6.823175396829785078e-02
-7.757067981371389143e-02
-8.020965394982421115e-02
-7.280056465723103165e-02
-5.592614934908895358e-02
-3.662835161487726365e-02
-2.114280421704309992e-02
-1.234661238735001131e-02
-9.269155838040950279e-03
-6.997426142685373232e-03
-3.995258291574067637e-03
-2.706709411859211083e-03
-2.556811532894148493e-03
-1.735111650173495456e-03
-1.320635070565551357e-03
-2.054511657364451252e-03
-3.544127372365827623e-03
-4.487775333227017431e-03
-2.006589185061277095e-03
5.062250994859284273e-03
1.602966418852897965e-02
2.998546169317675356e-02
4.436848158407920295e-02
5.532531194045233608e-02
5.857482718428085738e-02
5.216205826273444257e-02
3.913118025906944797e-02
2.301015966650081512e-02
6.200433669113335905e-03
-9.657290790496198679e-03
-2.339363293727546658e-02
-3.090879280082450484e-02
-3.093009173480892188e-02
-2.798022313460381272e-02
-2.491454347511008749e-02
-2.223430662621296225e-02
-2.174251657653535411e-02
-2.439303628899793311e-02
-2.931792109930446769e-02
-3.653699156353498040e-02
-4.445640528468727815e-02
-4.879816183116629513e-02
-4.770449693601275243e-02
-4.132733637264835586e-02
-3.020621806019872790e-02
-1.570446516146362104e-02
1.756446128526472283e-03
2.213441402855837598e-02
4.397995294467754029e-02
6.320093134494693399e-02
7.570659413853869646e-02
8.022675696687223135e-02
7.648316844656914693e-02
6.486063850205080195e-02
4.666338348955118009e-02
2.436126908086278312e-02
-5.983976776577740490e-04
-2.884448198622857618e-02
-5.972551252002668287e-02
-9.039206031782937023e-02
-1.159824799938039275e-01
-1.311366994581972811e-01
-1.331973624196413353e-01
-1.202053339653234854e-01
-9.685305795311015264e-02
-7.863727780560977876e-02
-7.098899486106946544e-02
-6.501433121553233663e-02
-5.317350935621394104e-02
-3.003033113196729859e-02
4.273502197704219518e-03
4.279417819283314744e-02
8.012836026255081012e-02
1.114896897389007074e-01
1.312284123412139070e-01
1.362918256294380348e-01
1.307541467619288689e-01
1.210476356065863651e-01
1.094896340235775312e-01
9.774463389402557323e-02
8.722250801415477872e-02
7.723956728248888848e-02
6.745864110744580200e-02
5.729097242334188489e-02
4.346921502985894720e-02
2.644557793463836112e-02
1.072797568640263162e-02
-3.609909393331795641e-03
-2.057104411959064655e-02
-3.896728704044214592e-02
-5.135553871666329040e-02
-5.513843921864724357e-02
-5.295941340628003424e-02
-4.575081461194317745e-02
-3.518500578234545068e-02
-2.548242202429155945e-02
-1.959508934691995413e-02
-1.910123553538298907e-02
-2.463727510635181986e-02
-3.410139555776103143e-02
-4.534049433049172628e-02
-5.725494755150187937e-02
-6.667344050139847877e-02
-7.230993403383199902e-02
-7.536806028314335659e-02
-7.421190293020857309e-02
-6.708380956315296295e-02
-5.265994234682301600e-02
-3.035608847609734193e-02
-2.911486999106747877e-03
2.485997130300095920e-02
4.799443522683311675e-02
6.199520647222534625e-02
6.563633802870551259e-02
6.399810325719504367e-02
6.207232455067143717e-02
6.061231244601451157e-02
5.757787966932824408e-02
5.117372666786331598e-02
4.317513553994717368e-02
3.244787269344664993e-02
1.594943735601836096e-02
-3.730752805965885550e-03
-2.339536086589249705e-02
-4.079193516771432992e-02
-5.099227736647315989e-02
-5.080670976067162142e-02
-4.126912565872035282e-02
-2.543451362561129775e-02
-5.116608775673265989e-03
2.169692768421259757e-02
5.550591062323258218e-02
9.112020585589002131e-02
1.235979704993934725e-01
1.507890334673077370e-01
1.671065466338966798e-01
1.666304997429393087e-01
1.492546376966947808e-01
1.161263983882568490e-01
6.684496656244444390e-02
3.381142412849486543e-03
-7.119185650022025191e-02
-1.507334119493873859e-01
-2.228380960949340739e-01
-2.811280671119218422e-01
-3.258458069806714485e-01
-3.545782808174024470e-01
-3.630230192844906001e-01
-3.452721097705153674e-01
-2.930233040080252871e-01
-2.001011408796673496e-01
-8.306731735634467761e-02
2.750574922571951200e-02
1.288504083774499875e-01
2.190617617935361472e-01
2.738729832338163694e-01
2.897761773726733603e-01
2.806503954253917743e-01
2.531109916778156443e-01
2.137568170043854521e-01
1.723220853147098830e-01
1.356818401082712788e-01
1.025844599226312659e-01
6.934771584125717925e-02
3.778925905896807214e-02
9.506942393791507212e-03
-1.647708638185328006e-02
-4.008170786123862323e-02
-5.985295028825635133e-02
-7.327339832238337347e-02
-7.793446007738792647e-02
-7.226856001089312920e-02
-5.819776923572188287e-02
-4.215366746303929324e-02
-3.001802455669258518e-02
-2.354321440034330346e-02
-2.166143549586601463e-02
-2.113951698907003823e-02
-1.775581518951906135e-02
-1.193571599435489308e-02
-8.272519400060556610e-03
-8.438604107911713142e-03
-1.092513793911583861e-02
-1.375636432289380380e-02
-1.540180372880895453e-02
-1.411305960518048110e-02
-7.958094243443398011e-03
2.429354748143326692e-03
1.487728516837104331e-02
2.618089145227504508e-02
3.332132284012415124e-02
3.633659313403173052e-02
3.645027708052631099e-02
3.508503675947435146e-02
3.304350867098114486e-02
2.977982625582412113e-02
2.645493451269188834e-02
2.521509274372062473e-02
2.680112521567420969e-02
2.995271464605597789e-02
3.093354247976500687e-02
2.707971696666010980e-02
1.855636976202947389e-02
6.430019325415073719e-03
-9.579202509638874707e-03
-3.053309482449896931e-02
-5.586957137427397274e-02
-8.410686643224220271e-02
-1.138832141933229652e-01
-1.428908781416148854e-01
-1.676968105511776053e-01
-1.866363465072768124e-01
-2.000760882002448615e-01
-2.082347585845343851e-01
-2.078236869467044168e-01
-1.886732659548691071e-01
-1.368814779904007628e-01
-4.026703360781649921e-02
8.149303261065814208e-02
1.802493597834540218e-01
2.373249330437584570e-01
2.614726053918797755e-01
2.617515415757374897e-01
2.468169168034458905e-01
2.236705513577245119e-01
1.973916916481431860e-01
1.688714916337478167e-01
1.372761232612804971e-01
1.055458420574042072e-01
7.889970718129464544e-02
6.072093828541971772e-02
5.254642167455952917e-02
5.470881620837281245e-02
6.616502799272273860e-02
8.367806089210268194e-02
1.033463128398629804e-01
1.230485945150835286e-01
1.395086651831920765e-01
1.460999794091300541e-01
1.361694621807797434e-01
1.078361262969390749e-01
6.311879655962723823e-02
3.638535608004422883e-03
-6.800195216616328198e-02
-1.464415630063364004e-01
-2.273307153144781267e-01
-3.087073240778990257e-01
-3.857756441499705646e-01
-4.503133700712019793e-01
-4.946278877464976298e-01
-5.042532015867825512e-01
-4.569511470487908067e-01
-3.573940522106349160e-01
-2.348459308157349323e-01
-1.185913833813718593e-01
-4.436819832400436953e-02
-2.796499508962928260e-02
-5.541376595272355654e-02
-9.750344572854469094e-02
-1.160250860833078046e-01
-1.029876834154474924e-01
-7.780715245806162084e-02
-3.614051112999760312e-02
4.594473704329975899e-02
1.529408515492439724e-01
2.297899060177891473e-01
2.624006498977615176e-01
2.870892060053426009e-01
3.184055378730989982e-01
3.352861027165028318e-01
3.366463270837524724e-01
3.425145815889101275e-01
3.479352146977782723e-01
3.281788072121623601e-01
2.770627502005691967e-01
2.099754614470475955e-01
1.480589682028966292e-01
1.046806874433566931e-01
7.612677814933263565e-02
5.592212033562164730e-02
4.030794419184054178e-02
2.401472972666442857e-02
3.072435580864875393e-03
-2.584139542450846622e-02
-6.132752961893217503e-02
-9.448897160322916600e-02
-1.210279893824249831e-01
-1.439942020625048502e-01
-1.650975521621092790e-01
-1.822010936289626126e-01
-1.918569585778778230e-01
-1.922689976403482437e-01
-1.834814493435668048e-01
-1.658860623614445973e-01
-1.411595135949393343e-01
-1.122199741695811825e-01
-8.084609240117737738e-02
-4.895840593273897978e-02
-1.724640790171204363e-02
1.430723140105254892e-02
4.101406404100298164e-02
5.793492242753800481e-02
6.356271039901319198e-02
5.706623862319466778e-02
4.212352477210298818e-02
2.568421236596443030e-02
1.081296822889346414e-02
-8.468597514824302563e-04
-7.958611253951987027e-03
-1.215768276426327198e-02
-1.580352313776844583e-02
-1.821046877159586755e-02
-1.535368166416012370e-02
-6.689341333169450919e-03
3.666011775177546120e-03
1.464592019132084783e-02
2.798990741436698654e-02
4.447576374451060743e-02
6.292742042537571856e-02
7.933032049188516732e-02
8.997029882001143786e-02
9.276117722749670225e-02
8.578975804258054394e-02
6.867475815867780942e-02
4.502604735661806801e-02
2.077722069165233165e-02
4.120487851005209812e-04
-1.436792590329132729e-02
-2.462074206852272323e-02
-3.186583360545006127e-02
-3.843698122919637916e-02
-4.725880922301263498e-02
-5.965812341266659574e-02
-7.673139232378625718e-02
-9.809807092830481745e-02
-1.225091373375413184e-01
-1.510473906329919958e-01
-1.836522663449161596e-01
-2.147239203334490587e-01
-2.320381355881349361e-01
-2.212284953891286154e-01
-1.716111893593282312e-01
-7.669438042979856429e-02
4.314569644766563794e-02
1.441016642997043073e-01
2.082099256577315260e-01
2.412505795965098065e-01
2.477721031054961054e-01
2.325330983000348795e-01
2.015408383585654273e-01
1.614028400288363141e-01
1.189117108239530901e-01
7.931152831939228265e-02
4.477887495127445827e-02
1.544459510221359022e-02
-8.116906498147256205e-03
-2.461647216049821923e-02
-3.368574243193231399e-02
-3.574727204348631532e-02
-3.028760039696270015e-02
-1.711692220087172520e-02
9.439966934906077189e-05
1.536857485383326394e-02
2.529482218538799121e-02
2.966752263372674642e-02
2.956027852293637709e-02
2.690600484788832625e-02
2.264852739354187433e-02
1.651298948210015022e-02
7.962587154629774400e-03
-5.406715078013263689e-03
-2.415443787860950889e-02
-4.210278308728346991e-02
-5.261393269985910337e-02
-5.609614591528856026e-02
-5.529678419154343549e-02
-5.161060954050766814e-02
-4.858472493451144320e-02
-4.876478231691849102e-02
-4.866710318556732862e-02
-4.326639903766503481e-02
-3.167372153143192121e-02
-2.368065495730617767e-02
-3.507658076493282845e-02
-6.875108800929405350e-02
-1.154933201664485320e-01
-1.638295739255716255e-01
-2.016769706410712071e-01
-2.184106446121678868e-01
-2.049589807775456518e-01
-1.510478199305450853e-01
-4.510140879003033537e-02
9.039030512631116010e-02
1.997221911287355711e-01
2.602374103327824706e-01
2.822525673338678320e-01
2.765376883029608268e-01
2.525260065172549306e-01
2.165931350544560152e-01
1.731138261900257991e-01
1.258722421878499254e-01
7.642647582290859609e-02
2.522037251022921436e-02
-2.285837658220114116e-02
-6.160043811871480923e-02
-9.023448730989609701e-02
-1.086499226090503756e-01
-1.129678677382874863e-01
-1.043719785231634056e-01
-9.131172575365333055e-02
-7.621866193315510185e-02
-5.633737994543627781e-02
-3.678448276931590988e-02
-2.609241268349017998e-02
-2.146113995819743173e-02
-1.466894664243365703e-02
-5.394488172245267762e-03
4.118359794655604596e-03
1.405331800012525091e-02
2.398881081521992906e-02
3.221358125693511709e-02
3.795097273558377393e-02
4.268724056656517801e-02
4.577619355329121814e-02
4.514546252711897772e-02
4.163724737976809420e-02
3.573520187715012453e-02
2.673894146454092874e-02
1.517717892619161422e-02
1.623004695009806157e-03
-1.296380582475220415e-02
-2.664843172293998932e-02
-3.929190158966619495e-02
-5.132136215756334663e-02
-6.123177589097279078e-02
-6.766121160129547063e-02
-7.057047835634225330e-02
-7.047813837934073511e-02
-6.584162647722964501e-02
-5.317765018727289850e-02
-3.291367357997689730e-02
-9.379275439386099839e-03
1.263926900217763466e-02
3.006570133670913997e-02
4.111934742825871375e-02
4.387568049808134724e-02
3.886517149762243328e-02
3.071009892625978926e-02
2.199400317666422300e-02
9.120280894719029474e-03
-4.700532807201208106e-03
-6.191973350660536987e-03
7.471627095395999910e-03
2.426915767071680108e-02
3.605308029375148271e-02
4.353221709586549415e-02
4.746984053598388847e-02
4.770556252032150807e-02
4.635119262896394976e-02
4.567388122047050247e-02
4.577335637928625633e-02
4.479176086084577652e-02
4.006318282786035939e-02
3.096890612417086547e-02
1.837731852461284981e-02
3.993383138201000646e-03
-7.771121888342405470e-03
-1.344437050419956814e-02
-1.615894206162730995e-02
-2.205778282306684879e-02
-2.998837346375805152e-02
-3.490948921951242401e-02
-3.499103871323439030e-02
-3.048514318332654072e-02
-2.663256135342848691e-02
-2.888487667788310065e-02
-3.719299470867672153e-02
-5.047803588075033127e-02
-6.946235214389713530e-02
-9.442594118751880539e-02
-1.227482076821925783e-01
-1.495302225958990983e-01
-1.647858166289799253e-01
-1.564862366305664887e-01
-1.209585467813582282e-01
-5.805560658832674414e-02
2.082359102327939471e-02
8.844037376167696030e-02
1.299432613183497953e-01
1.484231292850683448e-01
1.521238381685500740e-01
1.471503846895885204e-01
1.338686441956612461e-01
1.135108182771650265e-01
9.126101849913445530e-02
7.120197994823716792e-02
5.595884443051100249e-02
4.505357656827228136e-02
3.420339047921471670e-02
2.123936949758223683e-02
6.980732432397809308e-03
-6.678376643672972318e-03
-1.791952040592880574e-02
-2.461201350453167541e-02
-2.591725747091639526e-02
-2.482225191045391022e-02
-2.389951865971304962e-02
-2.259492086177298034e-02
-1.973674096252842416e-02
-1.578082676591670980e-02
-1.324193789975281095e-02
-1.218230470639299935e-02
-8.943002409131831087e-03
-5.035908350585795168e-04
1.203526496924138545e-02
2.360614443554327063e-02
2.844190485502229651e-02
2.264349898628316773e-02
5.753075523005572733e-03
-2.160104310437120645e-02
-5.656167109824315059e-02
-9.244263324363004297e-02
-1.238582335321356948e-01
-1.480142203155388192e-01
-1.625188326102159353e-01
-1.633772406135020616e-01
-1.431725461739527250e-01
-9.293487893540730571e-02
-2.374912812188446562e-02
3.520865851326665519e-02
7.429570787286970956e-02
9.922415386242335045e-02
1.116082300894890300e-01
1.135720299183427540e-01
1.113238953365319472e-01
1.086604319060389678e-01
1.052517180591212298e-01
9.964438734842034906e-02
8.766569836261220439e-02
6.779555676310948520e-02
4.142285264893420804e-02
1.065906039501629370e-02
-1.674121777266902866e-02
-3.427735415489546050e-02
-4.522842197686236659e-02
-5.232881337992557891e-02
-5.085418947910357035e-02
-3.781428742823818301e-02
-1.778514309355995124e-02
2.824058735353717972e-03
2.235692198964058658e-02
4.016535549969097590e-02
5.265040847372316063e-02
5.608206381640291199e-02
5.115419211098615887e-02
4.231460089610959707e-02
3.173675153395283388e-02
1.928673255227337374e-02
4.907813568793267280e-03
-1.177581513524898239e-02
-3.133516541675324119e-02
-4.987358987904334101e-02
-6.036723104026603393e-02
-6.057255438756692367e-02
-5.213089319768847429e-02
-3.925150991953940682e-02
-2.824465674346952199e-02
-2.573857995209795357e-02
-3.625651082043346296e-02
-5.041097898388375437e-02
-5.354132546883076660e-02
-4.471554513590680902e-02
-2.872458644757285365e-02
-9.508789551478324942e-03
8.316151033383617844e-03
2.043400575438182945e-02
2.310948720922528787e-02
1.781147484171108006e-02
1.201230184456061542e-02
1.164295593017093677e-02
1.623593222834949015e-02
2.042594678239854911e-02
2.052899477119849575e-02
1.594955243789283189e-02
7.175709141768371949e-03
-1.935319724308782671e-03
-7.375252166772657859e-03
-9.101320267400885705e-03
-1.077885639458051742e-02
-1.349443240549143448e-02
-1.213356348878519286e-02
-3.989052353638982557e-03
1.069477235052839099e-02
2.981484884982694289e-02
4.884300141696229502e-02
6.379377693254870141e-02
6.931445922043102947e-02
6.428162506005655197e-02
5.366386604060386506e-02
4.128347920451269637e-02
2.864300633930670983e-02
1.736517218994086675e-02
9.321327650343885426e-03
4.923599769455800149e-03
1.380436403567318962e-03
-5.586273837512334764e-03
-1.467286356842047862e-02
-1.932728764329360444e-02
-2.062446682160998246e-02
-2.526033405123751657e-02
-3.421662300999076672e-02
-4.805143983169509608e-02
-6.745918876595807800e-02
-8.733641623184532077e-02
-1.019954240840399706e-01
-1.109405291628003387e-01
-1.156649661062987000e-01
-1.161001884194181738e-01
-1.109494862372039647e-01
-9.815462548726891501e-02
-7.573430209251523493e-02
-4.288375488618433734e-02
-3.569215630879229648e-03
3.588558650812742612e-02
7.145227811256724126e-02
1.002683002564553755e-01
1.198834678974302070e-01
1.275985055916258049e-01
1.227778825857328282e-01
1.074664940380096745e-01
8.725132384685697906e-02
6.925012323686473292e-02
5.543008227742310390e-02
4.620546983160185583e-02
4.355672002181047026e-02
4.610278289243938121e-02
4.863989083258198759e-02
4.777756411930997316e-02
4.441684892395710016e-02
3.929451268933788904e-02
2.967548705602172932e-02
9.260168586155867812e-03
-1.903684097857066479e-02
-4.032590093632243411e-02
-4.983042533793105577e-02
-5.357076014584800927e-02
-5.535110980335769537e-02
-5.562356779192363654e-02
-5.390634433316682239e-02
-5.133881690801032904e-02
-4.924660156904202279e-02
-4.584623596819473179e-02
-3.942547748815931202e-02
-3.078707303407334644e-02
-2.031891809795557252e-02
-9.580808431934343880e-03
-1.284355173162999826e-03
4.000069910042973464e-03
6.121493988555866059e-03
5.757474521801117344e-03
5.656043008637181603e-03
7.691384541693307292e-03
1.282435112471447952e-02
2.165521041250259224e-02
3.204701909352373340e-02
3.879609226784393183e-02
3.725679487278710234e-02
2.583919608033196161e-02
8.573050339054168884e-03
-6.415962313583325853e-03
-1.622956424454308211e-02
-2.276612751084290676e-02
-2.721536907302701119e-02
-3.157909367577124704e-02
-3.724343382123895124e-02
-4.411522335388208538e-02
-5.026581669541508451e-02
-5.071674892352185521e-02
-4.343631516333175402e-02
-3.177770160205426603e-02
-1.831572124108345537e-02
-1.992470368798686560e-03
1.445576876618909733e-02
2.337187074905086592e-02
2.354374126609572876e-02
2.018315871026279962e-02
1.607816192262158037e-02
1.036076072210653093e-02
4.083853166637031566e-03
1.081538781756707056e-03
6.762359208627131968e-04
1.133027036133777386e-03
4.437165984677065439e-03
