-9.819730423019018550e-02
-2.582966311095604151e-01
-4.137703559197406511e-01
-5.522224517820933931e-01
-6.658637099943318649e-01
-7.595593769093312853e-01
-8.323141647878353755e-01
-8.772753754136995985e-01
-8.901043589103960763e-01
-8.451004207476349173e-01
-7.013891669432046339e-01
-4.791118268679240844e-01
-2.570492673262945726e-01
-6.082619917024608552e-02
1.444133737152460961e-01
3.696477261232642419e-01
5.928466620327541570e-01
7.812811494110545318e-01
8.848051637332940977e-01
8.895826243288278423e-01
8.263871944224437938e-01
7.252991812288658302e-01
6.098521676387695933e-01
4.921286764652447188e-01
3.754487212293885490e-01
2.644633488078514394e-01
1.657805928242234994e-01
7.670590424579172562e-02
-9.128039346965488576e-03
-9.104960732442085591e-02
-1.691242688052416732e-01
-2.502797147481086726e-01
-3.383973420075159222e-01
-4.284080097764479955e-01
-5.150424127000604591e-01
-5.978751587555825031e-01
-6.742018946076178132e-01
-7.330476123996325644e-01
-7.601749723741155762e-01
-7.433070768572717091e-01
-6.686546874194481127e-01
-5.181455704687476516e-01
-2.668284512562045241e-01
5.200605985267806736e-02
3.376428169773063592e-01
5.362618975650184083e-01
6.446874973004765863e-01
6.714289607599650545e-01
6.368672366080232461e-01
5.612546962852986709e-01
4.633086277327318481e-01
3.563316194878723420e-01
2.500202055246520949e-01
1.542467535617013663e-01
7.565081251789644579e-02
1.584177083249507789e-02
-2.430098271723961367e-02
-4.484938471835833024e-02
-4.731268861673616766e-02
-4.206533715228760739e-02
-4.655399551541757053e-02
-6.400859085573218366e-02
-8.820916110640729391e-02
-1.146620677753336648e-01
-1.361417039401165152e-01
-1.444768488281248930e-01
-1.358900775429836560e-01
-1.127452086954640054e-01
-8.029778330144017595e-02
-4.271990419760170188e-02
-2.308167942238516235e-03
3.889368004349936375e-02
8.032221855699202273e-02
1.239269782461002584e-01
1.694463074544981240e-01
2.055498772186809819e-01
2.177995233808491526e-01
2.069873565199258914e-01
1.792433918237801849e-01
1.334587827030577489e-01
6.862768953534256755e-02
-1.153404557499825012e-02
-1.016685326415278506e-01
-1.982990661496034923e-01
-3.033809774659806391e-01
-4.218456091259364937e-01
-5.507956216302073438e-01
-6.753670076553622836e-01
-7.719366406468989306e-01
-8.102264016560776216e-01
-7.589227570501146936e-01
-6.048764735321888741e-01
-3.483297332006973224e-01
-2.222996965278917561e-02
3.041635052519600646e-01
5.697427496166620475e-01
7.253278827537843476e-01
7.659612138614438903e-01
7.265019857192442920e-01
6.394668897980232414e-01
5.315026396102233708e-01
4.220861772576020021e-01
3.277124118907310812e-01
2.482453909402710379e-01
1.695736205714009626e-01
9.190116062747814840e-02
2.369059213086631074e-02
-3.147320045134904820e-02
-7.170493109663966802e-02
-9.957932172924319203e-02
-1.196640731365178206e-01
-1.347468405769305655e-01
-1.453702448502200151e-01
-1.500482773633029510e-01
-1.483560238585376334e-01
-1.408037858975113576e-01
-1.297375229342761782e-01
-1.175392083034048629e-01
-1.036801847368966356e-01
-8.729900098257938057e-02
-6.761158320778237751e-02
-4.413202304647832058e-02
-1.944382084813383108e-02
1.924955443910300124e-03
1.824457636669737925e-02
2.977766138266893514e-02
3.532788136138748092e-02
3.268724371651644811e-02
2.042082392142153396e-02
1.907854856988905681e-03
-1.362878668780804527e-02
-1.863528728718108832e-02
-1.230485036902201172e-02
-8.462433743037351373e-04
8.269689916331882107e-03
1.256435159242612690e-02
1.220973525458341966e-02
8.803836094756049141e-03
5.584000735684989045e-03
5.520896083588848480e-03
1.024119966559996348e-02
2.017688203530947078e-02
3.304534963401743741e-02
4.456677254069564553e-02
5.413583474022841402e-02
6.536425363410601486e-02
8.166800947250062170e-02
1.000526233612892557e-01
1.139399893861527541e-01
1.226372906932532564e-01
1.263154798229385312e-01
1.235041597331845847e-01
1.171250169076561987e-01
1.094778551565175062e-01
9.781864938937820386e-02
7.924142879486568980e-02
5.162072113750344748e-02
1.191304310505365144e-02
-4.320176016893933352e-02
-1.175880100647556520e-01
-2.077395446917473798e-01
-2.967602799734668784e-01
-3.671164081162767712e-01
-4.093689524947262681e-01
-4.147745780459808351e-01
-3.670029902732465099e-01
-2.485296636144373184e-01
-1.011662932654701086e-01
-1.323102656285807602e-02
-6.907646284330833109e-03
-4.525643785903690763e-02
-1.005766004924754375e-01
-1.586690114385360117e-01
-1.925610370027999452e-01
-1.587112673456494427e-01
-6.212916170865076526e-02
4.182601092021599049e-02
1.440580915730815814e-01
2.706239489641997231e-01
3.890193791003606627e-01
4.303948442388718654e-01
3.854679595506529388e-01
2.927885473766933533e-01
1.902077997401455112e-01
1.141937947756609395e-01
9.593900647805199411e-02
1.212136668350607821e-01
1.327214254544628880e-01
1.116504485622855647e-01
8.054950630708079817e-02
6.980777224838476125e-02
8.010172965929091005e-02
6.890550163623933300e-02
2.134042192443769831e-02
-4.955837696173079343e-02
-1.410472038965215336e-01
-2.465656304220693318e-01
-3.528682517994891077e-01
-4.460669634844056652e-01
-5.041664228275283266e-01
-4.979533198235393532e-01
-4.206652337748087445e-01
-2.855294578800042782e-01
-1.103978427127024209e-01
6.904970356538765730e-02
2.347458370626399338e-01
4.054104299318351257e-01
5.635794941906245858e-01
6.507186108285927251e-01
6.521255215290168161e-01
5.912444726064173262e-01
4.910823272662877548e-01
3.704407212140086725e-01
2.408278489732536554e-01
1.121796345593608357e-01
-8.358663528353807437e-03
-1.176244822073616580e-01
-2.123067059868197770e-01
-2.867480168333508828e-01
-3.322301287115096979e-01
-3.352087421765459485e-01
-2.813451945583930192e-01
-1.947102007914948973e-01
-1.334358265322378445e-01
-1.154130935839034200e-01
-1.212656473112093958e-01
-1.333988144900014605e-01
-1.323075710359148394e-01
-9.164714822355778112e-02
-2.477784693029632529e-02
6.442858300306803822e-03
-1.681668690804689892e-02
-6.122915024055224087e-02
-9.396957470603334306e-02
-8.698432665235730776e-02
-5.799481903406873001e-02
-6.638201463923884549e-02
-1.287855407938618968e-01
-2.261615258432113917e-01
-3.331563111149729028e-01
-4.136552252108294248e-01
-4.298641442454313455e-01
-3.431575347921520525e-01
-1.723412777522905226e-01
5.409332931233225283e-03
1.716733675222051336e-01
3.230901879020186551e-01
4.123352838640240714e-01
4.347449902224531093e-01
4.123383058132984447e-01
3.508733861568251733e-01
2.605796942771910762e-01
1.545652872774805342e-01
5.000033408692080433e-02
-2.854007512340241831e-02
-5.692740659090088362e-02
-1.007026695870232719e-02
9.742950059154964482e-02
2.011238503719977033e-01
2.712812595847029495e-01
3.129139327876318544e-01
3.203447876655752258e-01
2.928419527527508781e-01
2.387697126039454443e-01
1.658239185724212916e-01
8.124654767482668294e-02
-4.978868421686676038e-03
-8.293146024516820369e-02
-1.476677369843130139e-01
-1.980436765564013157e-01
-2.341128172863756740e-01
-2.575903289083969483e-01
-2.715972626119618760e-01
-2.780843733192708278e-01
-2.755497511406523881e-01
-2.613746094531010922e-01
-2.320438897219448959e-01
-1.881076830403247135e-01
-1.346642012458554860e-01
-7.776006805476599892e-02
-2.879649821184497582e-02
5.870918987925050070e-03
2.847181185904994888e-02
4.237883723786500800e-02
5.279455734391978738e-02
6.164018677997067097e-02
6.709413152384424706e-02
6.988700979578207906e-02
7.231786605504368637e-02
7.392589058624340903e-02
7.218452537889094578e-02
6.794590301633204876e-02
6.344155883350344194e-02
5.835215008237709666e-02
5.249445363939077985e-02
4.684943926723324215e-02
4.166181677316078275e-02
3.480252697501469428e-02
2.446331433093930710e-02
1.400014602381843831e-02
7.284028624786120093e-03
2.714030303887693743e-03
-9.229341513562576427e-04
-2.633425160794926854e-03
-4.026041862121334559e-03
-8.928806286818663507e-03
-1.996717567092166565e-02
-3.598070885652900064e-02
-5.211515486981573020e-02
-6.444977524251893630e-02
-7.243070024109778127e-02
-7.583386284380043418e-02
-7.355728603694705603e-02
-6.612352029107158857e-02
-5.465755610160556721e-02
-3.739129536897134454e-02
-1.430791766478775769e-02
1.029177110203497239e-02
3.168654087023738131e-02
4.763509875106060332e-02
5.757800388930697094e-02
6.134595919226536187e-02
5.949289067343555004e-02
5.390463737442432318e-02
4.692333272309330561e-02
3.791046780638920172e-02
2.765460980198256383e-02
2.084704439685656704e-02
2.130719437762189708e-02
2.736231366509046109e-02
2.990557743059165524e-02
2.471851557504865099e-02
1.883934009763115966e-02
1.781553762113283201e-02
1.944967472789174701e-02
2.019639125930518947e-02
1.916150640120422091e-02
1.505056540375527933e-02
7.712425682087244508e-03
-7.827716087764786945e-06
-5.876356045683008705e-03
-8.072921483291131337e-03
-4.701803931732188857e-03
4.589927110800119670e-03
1.797934218419217772e-02
3.169225399218607298e-02
4.269255984308794466e-02
4.990848973365639291e-02
5.233863553214376102e-02
5.032231743334490692e-02
4.659609036622838762e-02
4.088443250397086337e-02
2.778856533931023387e-02
-1.714480320413973996e-03
-5.695892236287242172e-02
-1.364104067578486290e-01
-2.259722862974713198e-01
-3.125455536580693527e-01
-3.893125120496500613e-01
-4.466964645030773728e-01
-4.681241793510421134e-01
-4.381554050732489602e-01
-3.433897303326604034e-01
-1.630923825881061551e-01
7.283383940263954415e-02
2.712916294569748810e-01
3.877613102247745580e-01
4.373035228261802909e-01
4.388016146978104270e-01
4.082292990544975630e-01
3.582527857043150687e-01
2.999847316370934935e-01
2.380046366559185334e-01
1.702054055183071513e-01
1.000434352374573732e-01
3.990282739301027198e-02
-2.847752715506201432e-03
-3.056874463288335869e-02
-4.580458997111459124e-02
-5.077021636862566467e-02
-5.032320381775533952e-02
-4.999370442988652907e-02
-5.166961973232113425e-02
-5.313381452265567018e-02
-5.379093449249298942e-02
-5.683210229817507730e-02
-6.368281789721844111e-02
-7.073244551341768827e-02
-7.435692972603133444e-02
-7.366174800839125902e-02
-6.847822822163369960e-02
-5.877585029348801615e-02
-4.556772895560348008e-02
-2.928152263367572727e-02
-1.307125211974034112e-02
-3.386895986545505888e-03
-7.205847030118451603e-04
-2.529880656084753342e-03
-9.248165028990083802e-03
-1.917588448651558891e-02
-2.867992693580789093e-02
-3.562642918115038748e-02
-3.726768016803283512e-02
-3.113165278563690547e-02
-1.734433858727496905e-02
-2.178199082270883269e-07
1.512746720293370491e-02
2.676638012797302735e-02
3.683665969344174229e-02
4.460744539395369856e-02
4.801230335988607156e-02
4.847899249862096943e-02
4.774742715164492779e-02
4.387634991880429852e-02
3.573977771831191030e-02
2.501814558084742429e-02
1.131774659901441452e-02
-7.260781738890192960e-03
-2.754967473590319571e-02
-4.296810474899362409e-02
-5.185077205421964597e-02
-5.528460993511840477e-02
-5.262174985460529864e-02
-4.487071982054326169e-02
-3.433656853762959149e-02
-2.168654894487733603e-02
-6.541385417086568663e-03
1.082999275899518450e-02
2.893612951538717878e-02
4.666769259716534168e-02
6.327866999465876774e-02
7.690711454499277178e-02
8.534026108322022297e-02
8.518133599214092189e-02
7.312883120052048047e-02
5.104405401835225564e-02
2.282995232262851476e-02
-1.035012958654230909e-02
-4.433511784463862321e-02
-7.077368987488159846e-02
-8.555819926984047086e-02
-9.003696446104211826e-02
-8.568429677941219458e-02
-7.309920741031088187e-02
-5.361746739830541841e-02
-3.194208050748989502e-02
-1.351436357773951741e-02
2.049477594041157480e-03
1.609963655559078916e-02
2.564087879791905611e-02
2.900033805748879548e-02
2.788191478125651851e-02
2.334476947036721872e-02
1.571943939798530268e-02
6.550764147271919205e-03
-1.017150334391082184e-03
-4.361192543235109520e-03
-3.130550997199382270e-03
1.686462306724193037e-03
8.122201919584012136e-03
1.333962500249764004e-02
1.446518270082960793e-02
1.148011607628972308e-02
8.143206341813341576e-03
6.976534269128933929e-03
7.404169185161327618e-03
9.545545201793976392e-03
1.472877796080744248e-02
2.284778775286327654e-02
3.104655483803663713e-02
3.533484353154128094e-02
3.506097786526256310e-02
3.182306201159199044e-02
2.534305667262797684e-02
1.782625642089035248e-02
1.347198489693203841e-02
1.303626501320210435e-02
1.210369665310836312e-02
7.117496767674866449e-03
2.294027891197736833e-03
1.261332156470933857e-03
6.186848532525832459e-03
1.907145360509929222e-02
3.584141436046796303e-02
5.031467402321111726e-02
5.690572624411573133e-02
5.071541144022680830e-02
3.102194941438331591e-02
1.438792907769098975e-04
-4.092476823169401146e-02
-9.080738066495053218e-02
-1.449308094484145770e-01
-1.979818135840297755e-01
-2.459833498351869097e-01
-2.840056146582820573e-01
-3.035233627001547863e-01
-2.926337300330744129e-01
-2.380175135076753323e-01
-1.280215035649591993e-01
1.443315885679263659e-02
1.339018476101870303e-01
2.076943714225489290e-01
2.454354862827955452e-01
2.562222998522125095e-01
2.475960393516761227e-01
2.261671609081767897e-01
1.985000703309891534e-01
1.690997999764094206e-01
1.401926780916947224e-01
1.129964627725102838e-01
8.667211078379828681e-02
5.921641877651727393e-02
3.050578626374064739e-02
2.412673187424572985e-03
-2.407264337175797977e-02
-4.863364146754401568e-02
-6.939300112394598818e-02
-8.386709075141514369e-02
-9.017697172954974860e-02
-8.955792096095938071e-02
-8.477766587109633600e-02
-7.453291322963551124e-02
-5.684432622178364064e-02
-3.756784163970174756e-02
-2.507543076418478761e-02
-1.908475693559134531e-02
-1.656638507163390311e-02
-1.805681433783331430e-02
-2.264592897092899959e-02
-2.634282351918375287e-02
-2.562624649556207584e-02
-1.963474878096246531e-02
-9.087874408880427038e-03
3.241064878563567914e-03
1.443085481512577581e-02
2.264373493335415308e-02
2.576530121984102473e-02
2.410466982488311885e-02
1.873279278553750121e-02
9.097949549482391152e-03
-4.100520579132411157e-03
-1.772534222497211195e-02
-2.971736951751433042e-02
-3.907889321953882111e-02
-4.455259276021448361e-02
-4.531511448466025299e-02
-4.024430040527775254e-02
-2.827295807309379572e-02
-9.052869102626450587e-03
1.496307835198581494e-02
3.941899067144768315e-02
6.124278859612281717e-02
7.859972153006603013e-02
9.013617368019463671e-02
9.347444765576162773e-02
8.621360980576292521e-02
6.995333231308531463e-02
5.023728104406848666e-02
3.167124215356854205e-02
1.353143882439111073e-02
-5.394696459291258711e-03
-2.138558459362002034e-02
-3.247530439759246934e-02
-4.068597307709813371e-02
-4.493591565778705388e-02
-4.257054523202870311e-02
-3.674409161548053415e-02
-3.433376773158534900e-02
-3.719820460376506432e-02
-4.113504963943401954e-02
-4.272115154597936476e-02
-4.031163646477926854e-02
-3.401364164041810467e-02
-2.707732446602273760e-02
-2.172095011898171613e-02
-1.836979442182580524e-02
-1.549663473637629199e-02
-1.091909458134575003e-02
-5.394139049959108083e-03
-1.826247981688514793e-04
6.825687938692070675e-03
1.876527213506371319e-02
3.478844989219160438e-02
5.290501971108544504e-02
7.467095868427373051e-02
1.041453406213413840e-01
1.433436018351356145e-01
1.883963779677613748e-01
2.323087252915540246e-01
2.661834522404001313e-01
2.795924420592642567e-01
2.662946793702222759e-01
2.232885468033262988e-01
1.485098788155210237e-01
4.495798800571728510e-02
-8.042113438502501710e-02
-2.192944029262392514e-01
-3.543801675921443017e-01
-4.636962138394350452e-01
-5.335397658474547722e-01
-5.559657746336317263e-01
-5.358165223484756545e-01
-4.955556388841603210e-01
-4.480657426211671623e-01
-3.815250845613505359e-01
-2.730978332516134088e-01
-9.455952539599342399e-02
1.249436553806443917e-01
2.921043758221717468e-01
3.712068844308964444e-01
3.913104946904505388e-01
3.865121968538920982e-01
3.877737131616887933e-01
4.133655586349329059e-01
4.422333400495742639e-01
4.285728360339052245e-01
3.604831421513772227e-01
2.557757809326487441e-01
1.305363403804013223e-01
-3.599464296506557290e-03
-1.379274653878159174e-01
-2.638337143741266710e-01
-3.698714361028668796e-01
-4.435301252449742049e-01
-4.706568832722732854e-01
-4.329754353843105474e-01
-3.068135653024629539e-01
-1.234360928149823289e-01
2.598509415937474976e-02
1.065118817435860288e-01
1.404247684396462692e-01
1.491356823208644100e-01
1.533864743912120021e-01
1.741231197462259628e-01
2.117958886656385875e-01
2.390136588806484608e-01
2.412138122746142477e-01
2.257012392838446124e-01
2.003654839674527954e-01
1.673813550969492636e-01
1.255530970000732494e-01
7.865238200703626725e-02
3.297971621682950494e-02
-1.207307042363624933e-02
-6.012534065035869679e-02
-1.092397810972840222e-01
-1.559651408361647784e-01
-2.002631891063410552e-01
-2.421408210248493786e-01
-2.777672909937202728e-01
-3.012376942874041563e-01
-3.098894319205207082e-01
-2.990026225703922846e-01
-2.590680326025727176e-01
-1.854828902827434234e-01
-8.028310611832567556e-02
3.304783015811213476e-02
1.160047977552586818e-01
1.588325689965276177e-01
1.748489323152387920e-01
1.740290485031094625e-01
1.647645596239795673e-01
1.549508233856898287e-01
1.461241354898087097e-01
1.349954407188844741e-01
1.222508479731484327e-01
1.120479697629393756e-01
1.064093323889335335e-01
1.060020906763531612e-01
1.112909569916794433e-01
1.199629280683094518e-01
1.288380312668370997e-01
1.371133660372237106e-01
1.463805374115406399e-01
1.585590014684015447e-01
1.711366974654865980e-01
1.780824717737690688e-01
1.786092848849136772e-01
1.770555140556942797e-01
1.705385466674253503e-01
1.495673739895289900e-01
1.105847176830250383e-01
5.413943944978560213e-02
-1.935549815280547536e-02
-1.059907224587534891e-01
-1.997266184263807309e-01
-2.941435556111447469e-01
-3.815264396653934020e-01
-4.500813442366267680e-01
-4.998081585451289444e-01
-5.462616055824780492e-01
-5.846407165693445762e-01
-5.864380828628082964e-01
-5.288119799475687888e-01
-4.027668706008872834e-01
-2.441516666271690561e-01
-1.198427222845239171e-01
-3.433272706896323134e-02
6.092180022352534918e-02
1.605227462161074314e-01
2.117447126975913752e-01
2.238595954758201279e-01
2.573558431735986085e-01
3.095715758494864689e-01
3.188796481823539808e-01
2.800478133895488164e-01
2.439761178028636013e-01
2.177245178528364467e-01
1.584463641509199217e-01
5.682572091492180122e-02
-5.295980052815991990e-02
-1.501361782680873391e-01
-2.261058461099801353e-01
-2.553888362085951491e-01
-2.008733143679304611e-01
-7.096629418738401029e-02
6.641596189428126962e-02
1.766762871003537683e-01
2.785195776763445541e-01
3.539579060649010733e-01
3.558710233699912129e-01
2.868971252503482727e-01
1.853778451900117974e-01
8.294358343499338981e-02
1.351679828896416510e-03
-4.281926132223240478e-02
-3.125235004235901726e-02
1.930233417629023673e-02
5.586411010180170056e-02
6.500031295837277456e-02
6.621984515614709466e-02
7.070784341628284786e-02
8.344240354478599242e-02
1.076495172774047104e-01
1.323367088294490346e-01
1.314013830913460801e-01
9.709768904182722316e-02
3.817917701820182363e-02
-3.613047250039037872e-02
-1.164955520833962643e-01
-1.957061118146548595e-01
-2.682348796877025432e-01
-3.298463572978072023e-01
-3.773905355496634528e-01
-4.072950251990907766e-01
-4.103251835191116803e-01
-3.720968302422296148e-01
-2.774991704145693960e-01
-1.118814110838670106e-01
9.090207476538297859e-02
2.506738344212529612e-01
3.373040777621553743e-01
3.685203045373268704e-01
3.611526992389719748e-01
3.305807209690155291e-01
2.909163214799512232e-01
2.514559308420871164e-01
2.133023623502521005e-01
1.761415153183233939e-01
1.409674734989218858e-01
1.049920729675965225e-01
6.085510010484866672e-02
3.082664190011168842e-03
-6.544666300787174706e-02
-1.361059275824494930e-01
-2.042337901429532032e-01
-2.685423729051918951e-01
-3.223084468209821973e-01
-3.536814562746511403e-01
-3.627588099794800125e-01
-3.663027376929517409e-01
-3.783960412820562280e-01
-3.990949286929152406e-01
-4.134010114268225067e-01
-3.999119921272822342e-01
-3.345116986469976461e-01
-1.868734489937606824e-01
2.785369311542327739e-02
2.481241961696468434e-01
4.292057073910626741e-01
5.346141026522143180e-01
5.532218688428728326e-01
5.083594427890744116e-01
4.242879185360335370e-01
3.202827791586275175e-01
2.084104737812841890e-01
9.652764570565168512e-02
-6.494858307444933282e-03
-9.195138750005574235e-02
-1.525432336216157592e-01
-1.795392601909199803e-01
-1.635128740798158231e-01
-1.000897395775020293e-01
-1.296188465078031843e-02
5.485701440156465908e-02
8.829037496736649726e-02
9.703065257517061448e-02
8.867155693055392418e-02
6.699395933955445970e-02
3.574035808234417300e-02
2.389450768598760586e-03
-2.187255947575512602e-02
-3.007797372879902204e-02
-2.429872982646407581e-02
-1.012860787779661272e-02
7.281998465364480921e-03
2.286502088159822477e-02
3.371417734900948593e-02
4.051864983719516422e-02
4.427067183076970058e-02
4.427425983546876692e-02
4.205310531233198701e-02
4.057652302071410033e-02
3.770448113559031478e-02
2.926758919643065657e-02
1.564037216500942934e-02
-2.926609608657960993e-03
-3.046323788365769974e-02
-7.019056489836503210e-02
-1.190212136188355807e-01
-1.691682748279363102e-01
-2.140293331729859472e-01
-2.510939287374747697e-01
-2.767006668184602280e-01
-2.838996380376591078e-01
-2.688473798661323855e-01
-2.273716944896401748e-01
-1.522438127560652998e-01
-3.763722659652090491e-02
9.651582371880133848e-02
2.063261731687484613e-01
2.716480318561879104e-01
2.948382470285217938e-01
2.812863057362780528e-01
2.400207051823103899e-01
1.793996569105088534e-01
1.087242241695575706e-01
3.691148039308159851e-02
-2.971406351310806881e-02
-8.302963864366828817e-02
-1.148321561236397143e-01
-1.227505375532610132e-01
-1.076649744918100338e-01
-6.816057315596928123e-02
-1.067704717029582806e-02
4.548281556250875074e-02
8.625445052887134589e-02
1.111831416354314428e-01
1.246760675717219213e-01
1.231006405268737086e-01
9.994921112895455151e-02
6.073597085686706365e-02
1.753421481338896665e-02
-2.066813718631185098e-02
-5.060986401946289404e-02
-7.228234352622701919e-02
-8.440015341435659624e-02
-8.709535961841752272e-02
-8.315966893733911514e-02
-7.343600095843605402e-02
-5.710134412193930420e-02
-3.614071191195819543e-02
-1.675045169744501100e-02
-3.597976471426585828e-03
3.906882712024547372e-03
6.499916422504627318e-03
5.681597108756337305e-03
6.364541711744416477e-03
1.146637100391982751e-02
1.893705980791034540e-02
2.537337017651618634e-02
2.897754070458708614e-02
2.871150062975814932e-02
2.520194461811827574e-02
2.173898272223058481e-02
2.073659182972482570e-02
2.209209622218318014e-02
2.430619644288897416e-02
2.450476152776177516e-02
2.134787826949614137e-02
1.598794223941155807e-02
9.884117777157733556e-03
5.774795889707454513e-03
7.119923228301402313e-03
1.666469522721037225e-02
3.974650783525235376e-02
8.508313927830776779e-02
1.464394204102332508e-01
2.017010239712623276e-01
2.374890928675670032e-01
2.505679277332770183e-01
2.447590944362321441e-01
2.252266819940992038e-01
1.888253513064985234e-01
1.309823965418720204e-01
5.160469520484364803e-02
-4.580225392844577276e-02
-1.562173630905802080e-01
-2.735604841785651553e-01
-3.918646748633632382e-01
-5.046983098491241160e-01
-5.979156302862315142e-01
-6.491970230471089121e-01
-6.372992922674316496e-01
-5.860658868246393371e-01
-5.558076584193049063e-01
-5.537012778611675179e-01
-5.359051212761891669e-01
-4.531153524176751435e-01
-3.081778956586692653e-01
-1.535830623781966886e-01
2.153690676130172454e-02
2.661577800053201992e-01
5.434256569308043572e-01
7.691335840353485942e-01
9.068329010297654369e-01
9.433234692358329898e-01
8.832230230035553742e-01
7.561365558410303445e-01
5.940991574424623334e-01
4.267936647594403610e-01
2.716071671323830317e-01
1.365746472648909082e-01
2.743083936344540424e-02
-5.329314671630307892e-02
-1.089963069353581671e-01
-1.442516288159725601e-01
-1.607200850741667963e-01
-1.627895595252611960e-01
-1.571044450981639029e-01
-1.480899628305097360e-01
-1.374046563443425129e-01
-1.247843889712895032e-01
-1.112733943851781371e-01
-9.917922430958468760e-02
-9.224776180973320860e-02
-9.458545806758600349e-02
-1.043196644804444406e-01
-1.158373326527051828e-01
-1.234457568161266283e-01
-1.230240901410020737e-01
-1.152741459176010591e-01
-1.024119083391183127e-01
-8.760246799078807989e-02
-7.520868812452234653e-02
-6.607341826885732017e-02
-5.694532572642470314e-02
-4.441534031433878871e-02
-2.866891893229543686e-02
-1.291666127659504143e-02
4.891401415218887133e-04
1.177295542642205900e-02
2.332118394886579377e-02
3.742368676692524321e-02
5.234263639733029161e-02
6.497975624004184714e-02
7.400020262722277475e-02
7.760444129571575367e-02
7.741153345154380694e-02
7.768699824074112859e-02
7.880246767753920634e-02
7.940017444561801863e-02
7.949127864277977240e-02
7.905711251250588378e-02
7.736741023213150603e-02
7.373322139560763155e-02
7.021525573113192309e-02
7.096283718229627613e-02
7.706335280954416944e-02
8.570303711195999263e-02
9.161799330820005749e-02
8.889297217881214630e-02
7.245878696108530581e-02
3.949224113474593401e-02
-6.667590769246486970e-03
-5.726935693525289639e-02
-1.054499688090505399e-01
-1.498742425219526941e-01
-1.908362280570813085e-01
-2.246250016591019305e-01
-2.407811816644655212e-01
-2.427027765186444697e-01
-2.520074152293159120e-01
-2.703466307651039569e-01
-2.787918839959548922e-01
-2.592101023872268595e-01
-1.912344822185151338e-01
-8.687902213463999379e-02
2.547543985761822199e-03
4.787103872736006571e-02
5.115032325313727951e-02
3.323210312709268949e-02
2.301858967528956634e-02
1.608733558671925773e-02
-1.410242859142975258e-02
-6.083216649251634717e-02
-8.851123451598866265e-02
-6.402193439020401056e-02
3.772764538151829328e-02
1.874245642173019144e-01
3.049593666562973038e-01
3.586501241330717904e-01
3.657860132368108141e-01
3.413441205271325884e-01
2.964515573232708867e-01
2.402881088184449787e-01
1.810466949855692731e-01
1.244850131942764754e-01
7.346491422206440081e-02
2.834760178209524972e-02
-1.066620478791895088e-02
-4.161004311140372586e-02
-6.224371646713785372e-02
-7.219793061802931566e-02
-7.426034949811949337e-02
-7.135944277339778541e-02
-6.478606317890521493e-02
-5.432459553154400655e-02
-3.716065102028494327e-02
-1.183875165227283449e-02
2.010007395054223128e-02
5.680580972647389371e-02
9.667823684237446258e-02
1.356983531553992983e-01
1.697448368767454085e-01
1.989428574637285840e-01
2.226229905704174283e-01
2.360596595194704994e-01
2.351207815817802360e-01
2.195810428927534863e-01
1.885547990641654459e-01
1.370558508520297036e-01
5.951746075100566163e-02
-4.411398355273126598e-02
-1.694958224957905935e-01
-3.121166341159212210e-01
-4.650294743654193597e-01
-6.182812496435360350e-01
-7.603401159088909456e-01
-8.752138526472383884e-01
-9.373708456778655496e-01
-9.100762055473021750e-01
-8.024275681360791834e-01
-6.712107438488508215e-01
-5.150145362492675183e-01
-2.863084475417627672e-01
2.470416389733877394e-02
3.555200314586930976e-01
6.322546864862061966e-01
8.441546616412363147e-01
1.011821668179081701e+00
1.122700403097266708e+00
1.130038869099575738e+00
1.030133513375353305e+00
8.583793518392039967e-01
6.374328703079633618e-01
3.831554448517286993e-01
1.165687517817274865e-01
-1.401672091464505054e-01
-3.690390818576321230e-01
-5.536242611644593969e-01
-6.743898660917386767e-01
-7.030163918240098786e-01
-6.531718038883008726e-01
-5.887834631985696676e-01
-5.290011008432429218e-01
-4.648198030734664310e-01
-4.063519038021976004e-01
-3.386349377142747752e-01
-2.288002676117413814e-01
-5.495694903275662180e-02
1.541149575599597976e-01
3.252339103364659811e-01
4.413521372275096555e-01
5.154027039701926105e-01
5.311229128010260814e-01
4.867438713337317591e-01
4.020839900583589310e-01
3.007013384769437470e-01
1.968653532129124029e-01
9.334676230600125191e-02
-7.761537070996593363e-04
-7.050759042320774161e-02
-1.037251744017611554e-01
-9.061991722921153292e-02
-4.595907584918119959e-02
-1.123696438640257866e-02
-5.615999263495645433e-03
-1.684559590556419101e-02
-2.840061460781292957e-02
-3.225663788323609310e-02
-2.796807449291810466e-02
-1.735237968956686305e-02
-4.905539076694508810e-03
3.732941151307660882e-03
5.928355610916053592e-03
1.964304077812732002e-03
-6.212032230238778707e-03
-1.598196276964269566e-02
-2.733569509374760009e-02
-4.203564974417544481e-02
-5.869209061419382312e-02
-7.278949760274655567e-02
-8.193752761102118809e-02
-8.547193896675661651e-02
-8.304917127328313720e-02
-7.684871713854886377e-02
-7.062656246377572999e-02
-6.448344823892915301e-02
-5.510259354545799654e-02
-4.255661898294236384e-02
-3.006143920411033510e-02
-1.832285429230976620e-02
-7.065052556953018911e-03
3.145582989079864084e-04
1.319970077205620540e-04
-6.001898346098431467e-03
-1.240333737866388709e-02
-1.590069241522543836e-02
-1.728477360449080097e-02
-1.703993643936891136e-02
-1.406551403876404004e-02
-7.851131988898493383e-03
6.600193291981873434e-04
1.039685783814177367e-02
1.931778738813698382e-02
2.430878406599640273e-02
2.401823429355560632e-02
2.061734164923793161e-02
1.859547542520726543e-02
2.130027176278294354e-02
2.920374989227679519e-02
4.256943990999906280e-02
6.020794348862391204e-02
7.670207880999815875e-02
8.418371056511908535e-02
7.908095671236953228e-02
6.687817434163925712e-02
5.312126608570883618e-02
3.921062663922439406e-02
2.792003761604523737e-02
2.316779501515586759e-02
2.573753457786469301e-02
3.293056292461997436e-02
4.299196043078031687e-02
5.557380809276381978e-02
6.949594845193790560e-02
8.258350575615835965e-02
9.341375311742466936e-02
1.030135450754684767e-01
1.122517619750735829e-01
1.192527938926814801e-01
1.207026947856206511e-01
1.140432678428657254e-01
9.681751274144514974e-02
6.454356419671342104e-02
1.177958691547506195e-02
-6.432326090407242125e-02
-1.635457955694671617e-01
-2.815676574569326851e-01
-4.071684618691205348e-01
-5.261855963122872293e-01
-6.234609838051811126e-01
-6.785670613110371674e-01
-6.654834226385314411e-01
-5.585616234150050374e-01
-3.897756817187770784e-01
-2.420540170004034097e-01
-1.376173580708357769e-01
-3.761642412958826620e-02
1.015807502119545347e-01
2.690862564392791922e-01
3.938556713764775896e-01
4.503405202028803456e-01
4.706296608527943404e-01
4.776536525048027948e-01
4.760983075185940550e-01
4.696833248630546409e-01
4.614428844908891048e-01
4.483110447100147056e-01
4.218449406646260225e-01
3.820402624137744230e-01
3.338859983237742468e-01
2.766849785892606106e-01
2.128986417360951289e-01
1.490626596213273647e-01
8.777076578859857592e-02
2.453256992949993942e-02
-4.532844590290334430e-02
-1.210028197207378559e-01
-2.020838453167188020e-01
-2.885637350255786937e-01
-3.754260013422415776e-01
-4.575858367956040507e-01
-5.326554376208285646e-01
-5.972247426352352839e-01
-6.408373880833446723e-01
-6.473300035058591195e-01
-6.019180907461868513e-01
-4.893345925120694551e-01
-2.893073089313976110e-01
-3.572846869711626683e-02
1.782113226721550592e-01
3.154180376054197543e-01
3.981922759929331090e-01
4.526779696556993970e-01
4.877626742865480702e-01
4.872024678816367360e-01
4.459826893844740514e-01
3.753730706972929210e-01
2.883066478951632483e-01
1.978725399396084050e-01
1.126211729532198835e-01
3.793019082021011068e-02
-2.239195019464053360e-02
-6.697587447606867528e-02
-9.487461678988884373e-02
-1.077081119292875866e-01
-1.124590394824807604e-01
-1.143286877178936733e-01
-1.136797183624908836e-01
-1.104119117642928805e-01
-1.065216015425371199e-01
-1.046064277969326051e-01
-1.043680225175186715e-01
-1.038007901058347199e-01
-1.016706000668360643e-01
-9.524594358445145903e-02
-7.787288976768494408e-02
-5.013446466088866682e-02
-2.461497983581200158e-02
-6.731201376538280615e-03
1.204763356683111880e-02
4.391864671445779716e-02
8.432550698528339106e-02
1.099081160769108251e-01
1.117001564546944437e-01
9.971100782832273413e-02
8.394624689670183992e-02
6.661167762603964482e-02
4.780332469460955164e-02
3.215081795654606972e-02
2.133978083687425309e-02
1.086268549074292586e-02
-5.141479859378159795e-03
-2.783244121584498368e-02
-5.442354922949536877e-02
-8.313818716028456568e-02
-1.114195199873879022e-01
-1.327480442241844028e-01
-1.417171222771241579e-01
-1.365826605687150974e-01
-1.155513973101792435e-01
-7.809669628716243983e-02
-2.259842840251671814e-02
4.283185380095320266e-02
9.706409515721299563e-02
1.337303022883452874e-01
1.635824273327774747e-01
1.967564078997672550e-01
2.325150557185173827e-01
2.601503961042993529e-01
2.702713981349075811e-01
2.610509861243722751e-01
2.370755312749866506e-01
2.025427170326878634e-01
1.622503304289705794e-01
1.231811987904513905e-01
8.953192908247076254e-02
5.516844031736794357e-02
6.065859948908229604e-03
-6.063025899716086020e-02
-1.374810474460361753e-01
-2.231058010143929238e-01
-3.210562212987170261e-01
-4.310520647748079526e-01
-5.453783521038185755e-01
-6.447536612390797339e-01
-7.125739438517668667e-01
-7.458108915112727777e-01
-7.272890117778610941e-01
-6.473978642484701229e-01
-5.216813670760169774e-01
-3.414926694997671430e-01
-7.436878434505148072e-02
2.629362195332883845e-01
6.050234882166160011e-01
8.845579040792418413e-01
1.030941663082737270e+00
1.028974661156789594e+00
9.187058690232541291e-01
7.368399403247338775e-01
5.152189178240279555e-01
2.791887494484337484e-01
4.797107280198064511e-02
-1.599531076326942691e-01
-3.231440476258347072e-01
-4.225483464636325404e-01
-4.450831068304672566e-01
-3.991717490211202923e-01
-3.104616610758825779e-01
-2.012982215310078760e-01
-9.006717272257744322e-02
2.971970262055543405e-02
1.853908017762254667e-01
3.555742624784196670e-01
4.726390797091196694e-01
5.144535873605206033e-01
4.998099085810160380e-01
4.422453407234053224e-01
3.536211782826943484e-01
2.458022799628373778e-01
1.190540470683627144e-01
-3.945492102653098271e-02
-2.305081970220721477e-01
-4.397272251847649249e-01
-6.510126948566492544e-01
-8.438378861154821609e-01
-9.899236230575689799e-01
-1.059147231456337046e+00
-1.018754970043072916e+00
-8.774974220305599149e-01
-6.909453792922084503e-01
-4.734761147924619329e-01
-2.228576940469409462e-01
2.264141992204950216e-02
2.351115857557328770e-01
4.316478558710502567e-01
6.182333567931123097e-01
7.524324216495690276e-01
8.047099111739943744e-01
7.922001177696772478e-01
7.438875618220828212e-01
6.698952927625150267e-01
5.674523944461704605e-01
4.461762532703148487e-01
3.232599018118714751e-01
2.083342492762332854e-01
1.061955316394384563e-01
2.215895148995211672e-02
-4.312922583875165861e-02
-9.642064068596502280e-02
-1.413593496126623883e-01
-1.759373299886912989e-01
-1.993533860486318976e-01
-2.132687782809533084e-01
-2.194549826820003102e-01
-2.187572447394641184e-01
-2.109708930576792985e-01
-1.952032507938062378e-01
-1.717008174230942319e-01
-1.436500944905215738e-01
-1.149918729677474050e-01
-8.752127171142651263e-02
-6.143586061520014963e-02
-3.692594179958129386e-02
-1.467768488279221593e-02
3.570578924111111451e-03
1.598032921405443188e-02
2.298546323895398272e-02
2.584677907294239199e-02
2.422669812320095428e-02
1.887776875050531378e-02
1.266001478670617311e-02
7.820308217577405518e-03
5.376824391935701442e-03
4.893977097595956366e-03
3.667888650667404729e-03
-8.242705943947506442e-04
-1.019294122193753656e-02
-2.442357441431737899e-02
-3.736718555968519123e-02
-4.091906557403617722e-02
-3.391308502044350359e-02
-2.130023049703236998e-02
-7.184478201878162842e-03
7.619166946143176959e-03
2.145639094329453156e-02
3.012700381878408162e-02
3.279713515078681862e-02
3.339328142301484226e-02
3.512749871733984730e-02
3.982321245425475553e-02
4.869887704625037311e-02
6.072116448558758511e-02
6.662431168527710446e-02
5.171225066472895371e-02
1.375487325422727197e-02
-3.866257331461808028e-02
-9.844658279419871150e-02
-1.580883252653561832e-01
-2.085033630754395129e-01
-2.382027126867205524e-01
-2.399111236212679577e-01
-2.145355758761766374e-01
-1.555591093007982206e-01
-4.514744854078546477e-02
9.898204634798148105e-02
2.192075504207595393e-01
2.918014513713137470e-01
3.281831820001455124e-01
3.370142831176519138e-01
3.241470280914016677e-01
2.949175724139627142e-01
2.544962656532275269e-01
2.058841770613829281e-01
1.521538536666821595e-01
9.964864339891613132e-02
5.225883525117080292e-02
1.107004554068029972e-02
-2.157263187062031379e-02
-4.692528180935291032e-02
-6.765985984415130716e-02
-8.683949421958722659e-02
-1.108339720572761866e-01
-1.418948201390559105e-01
-1.751309448979875283e-01
-2.095087160667716275e-01
-2.503408642573790033e-01
-2.909312200635018053e-01
-3.292650401336028598e-01
-3.811410367608063510e-01
-4.443480126490090831e-01
-4.971758444257894372e-01
-5.219593074650511477e-01
-5.117597757652310175e-01
-4.589347237673847002e-01
-3.443757265714325611e-01
-1.433043699623113842e-01
1.260182801445590695e-01
4.066525935041586659e-01
6.515885980296487467e-01
8.110918753382880819e-01
8.697684191404826404e-01
8.538651804137974421e-01
7.875603085449112140e-01
6.888889838838193613e-01
5.694793755460975104e-01
4.387489928619860979e-01
3.052277643972189369e-01
1.737387508327539187e-01
4.603929129439787715e-02
-7.763313638226965185e-02
-1.981840298082654384e-01
-3.173686566471123349e-01
-4.359493119776129411e-01
-5.497092335437122612e-01
-6.500726100907536775e-01
-7.283816144861507968e-01
-7.737412587063494662e-01
-7.670832086551628848e-01
-6.844331127683401794e-01
-4.991782477357146197e-01
-2.326762158008630066e-01
4.220849141020259487e-02
3.041645771732724990e-01
5.358361416987375003e-01
6.715727652331591191e-01
6.924457121838032414e-01
6.243796728293523612e-01
4.898986950268153229e-01
3.083622705237468731e-01
9.754404340251147942e-02
-1.178587360779146387e-01
-3.080763197349005167e-01
-4.491732361388136585e-01
-5.199563671548222965e-01
-5.031006444227257290e-01
-3.840114875876859957e-01
-1.990398017426987520e-01
-3.982339529539454664e-02
6.123255280868149242e-02
1.368864964757542102e-01
2.057236491335028283e-01
2.579730720189424287e-01
2.855262450620541514e-01
2.922612189371355806e-01
2.827043278332183052e-01
2.685988076945871050e-01
2.683197135611366524e-01
2.974591905132030201e-01
3.461860543755128083e-01
3.812879918236457555e-01
3.882588032281774071e-01
3.712949280724570089e-01
3.336175078901438829e-01
2.782176649951438874e-01
2.055163090486769317e-01
1.127431909846062230e-01
-2.904247622320103861e-03
-1.421696688873336778e-01
-2.991652861918676076e-01
-4.631049840231109549e-01
-6.239859188088204833e-01
-7.666741625470770982e-01
-8.676094917692284136e-01
-9.001103379780649449e-01
-8.528302590987187903e-01
-7.275605092761718851e-01
-5.550887800863485433e-01
-3.944013522980729380e-01
-2.665098995197438536e-01
-1.761339976847167144e-01
-1.316984633213603706e-01
-1.053672942637880056e-01
-4.505429170675373518e-02
9.745119071472412020e-02
3.109532035516732185e-01
5.348094727958618844e-01
7.367874046289942802e-01
9.012270417105822107e-01
9.984015960999469419e-01
9.978440914475993351e-01
9.015908105599591549e-01
7.394446982454835338e-01
5.387012205900799655e-01
3.193532822511193081e-01
9.645216062676573165e-02
-1.181749761103130791e-01
-3.166814137682824604e-01
-4.905805739483482530e-01
-6.297538464717000739e-01
-7.208905593145359392e-01
-7.506876005669830265e-01
-7.078803504822125392e-01
-5.929532375659219978e-01
-4.186796278278610006e-01
-2.037573821886562442e-01
2.374680079371456129e-02
2.353240472948853745e-01
3.951531517610193944e-01
4.808246077199092028e-01
5.052857609902100533e-01
4.931772661354624221e-01
4.694747054896333815e-01
4.410870796995902121e-01
3.875467673964778093e-01
3.019447722662788047e-01
1.961224063905483150e-01
7.421444470404843508e-02
-5.688185200950107712e-02
-1.831206940119912696e-01
-2.928035312037435278e-01
-3.829192507957446812e-01
-4.530362304084761815e-01
-4.906119561484826308e-01
-4.725774427967494029e-01
-4.059757572786431568e-01
-3.295915757589153450e-01
-2.451978058593193011e-01
-1.202017413663558631e-01
2.212866996717644322e-02
1.060346282006353613e-01
1.117999222925958741e-01
7.439280307529921865e-02
2.622723348163311444e-02
-1.046335159249039970e-03
2.596948373731841619e-02
1.370210547296930870e-01
3.033773770728620534e-01
4.417518991425324892e-01
5.197661910758096804e-01
5.361930533106716856e-01
4.735982104297570272e-01
3.365775265371074854e-01
1.488291113371658370e-01
-6.592578561698096695e-02
-2.845687235804926773e-01
-4.829372245064503799e-01
-6.351663180114330842e-01
-7.110903128973602438e-01
-7.126968350141369424e-01
-6.775460287611506649e-01
-5.992551822773604098e-01
-4.310587942763988156e-01
-1.817434256421827932e-01
6.864962782585308509e-02
2.590775250771721328e-01
3.889572580360419751e-01
4.730860230477103578e-01
5.158960415591370419e-01
5.360554880481274154e-01
5.311004286620961690e-01
4.607584995100875158e-01
3.214971668025083384e-01
1.476847424364005901e-01
-2.671920071994524776e-02
-1.765655314616610405e-01
-2.858376034332186233e-01
-3.388630282462489762e-01
-3.140473997239213721e-01
-2.259166902078028061e-01
-1.290242277063154142e-01
-3.891093768903038097e-02
6.724687383884941916e-02
1.823433196632589237e-01
2.668813804086315744e-01
3.095033937326103213e-01
3.297307353069454106e-01
3.413864250624338847e-01
3.412927154865799118e-01
3.148536643753950259e-01
2.587283485677195349e-01
1.796682304347156922e-01
8.093923175112299750e-02
-3.615526562330639848e-02
-1.689076194181726165e-01
-3.104183401118632557e-01
-4.467058501291535366e-01
-5.631736330184521355e-01
-6.487305616954215370e-01
-6.950834979699095362e-01
-6.928168795597006158e-01
-6.212434467873287902e-01
-4.469380525923012937e-01
-1.834567494907365925e-01
9.649317371176723002e-02
3.325381130142746611e-01
4.851891524691406832e-01
5.476785343502897918e-01
5.422789198603186200e-01
4.858816674213881637e-01
3.940200766305407276e-01
2.838120058024248826e-01
1.722665531935347050e-01
7.641547907664583694e-02
7.783612330025058146e-03
-2.943498754156803621e-02
-2.982291287517585890e-02
8.952663037324129491e-04
3.988594831238326255e-02
7.188723453887169157e-02
9.232217882743092019e-02
9.940690988707454046e-02
9.365987472359027510e-02
7.512580142270307293e-02
4.542788405234655935e-02
7.974715262625785978e-03
-3.349546691922222763e-02
-7.531003731443458582e-02
-1.115356247290957281e-01
-1.402404512438537587e-01
-1.681252374538595717e-01
-1.954448921283945262e-01
-2.118273787730475255e-01
-2.054211607731050160e-01
-1.644737643188061149e-01
-9.993645008044364786e-02
-4.542283148394361814e-02
-7.745356208039714044e-03
3.320506483440968659e-02
7.527731748937681322e-02
9.305151662143854030e-02
8.267942977586548170e-02
6.261892581805121594e-02
3.632218892397143933e-02
-1.049726882026840932e-02
-7.812323171211266182e-02
-1.529676779349904148e-01
-2.316606548326803905e-01
-3.105722522927251705e-01
-3.686772036264375774e-01
-3.840421079046169028e-01
-3.499573227808807085e-01
-2.581427985004518533e-01
-1.059833806907981846e-01
9.834863323277560909e-02
3.215746976727756334e-01
5.020877040078189912e-01
6.269292504995728210e-01
7.214277154322442653e-01
7.747505941487531356e-01
7.547784010333726812e-01
6.595558025090939580e-01
5.131075771956502551e-01
3.323480866567319891e-01
1.254305773440395066e-01
-9.937313242509543398e-02
-3.299013305216132452e-01
-5.487061428158461762e-01
-7.348235705228838288e-01
-8.631870943685666653e-01
-9.055769223027699821e-01
-8.534121801668334006e-01
-7.143728941515417041e-01
-5.164187763875829340e-01
-3.342126604335888262e-01
-2.204934415000122938e-01
-1.558298680761637522e-01
-1.022811026288732716e-01
-3.190075144178516897e-02
6.019594242428126518e-02
1.611372480601481194e-01
2.765118452681190053e-01
4.227035197324354732e-01
5.709853045756198009e-01
6.503944970604369491e-01
6.448869088109995262e-01
5.861019893762942079e-01
4.913010380228478025e-01
3.747434555467771267e-01
2.517198849368328384e-01
1.418490545331220765e-01
5.979501828591121670e-02
1.305066417801176160e-03
-3.091927300728820882e-02
-3.762881800679753613e-02
-4.181624791684294962e-02
-5.342320467634395498e-02
-6.627530496372555091e-02
-7.978452861722720724e-02
-9.575857181193658807e-02
-1.126502986008121043e-01
-1.276553321019082698e-01
-1.363461378413793890e-01
-1.364591618187834254e-01
-1.288909183145970638e-01
-1.133215809901301774e-01
-9.167192132029498841e-02
-6.850929022071945707e-02
-4.883569268573512145e-02
-3.661333798583892019e-02
-3.363506586173223289e-02
-4.100962279131988714e-02
-5.652886597779198385e-02
-7.349967646670765853e-02
-8.773606832789346277e-02
-9.600935728689435900e-02
-9.320020457371670786e-02
-7.940768790134751509e-02
-5.626444169840385395e-02
-2.170703245329462169e-02
2.072001834421969418e-02
5.797040240274550782e-02
7.973575470044960700e-02
8.485704292129468695e-02
7.746228880307595710e-02
6.243845455969214420e-02
4.258357408059862403e-02
1.993651722820390798e-02
-2.363836069133873341e-03
-2.014741677517763868e-02
-3.132987601783163156e-02
-3.657118733781047210e-02
-3.502598803738515149e-02
-2.547195123092516750e-02
-1.053054233784770331e-02
4.016298353864689898e-03
1.168517833036827533e-02
1.293148248955417086e-02
1.552582464845672292e-02
2.341244179640715461e-02
3.599301668309180108e-02
5.172308004379466001e-02
6.824125389916910200e-02
8.456764503979466441e-02
1.017675523864709219e-01
1.202804282654427598e-01
1.386318357827453773e-01
1.544730528098272604e-01
1.643039804953748129e-01
1.646167803990131184e-01
1.542055892903906322e-01
1.340625342485001759e-01
1.068479953650732645e-01
7.075136205083243368e-02
1.905701969690626676e-02
-5.027384271331707122e-02
-1.362067800075324742e-01
-2.360859538629503374e-01
-3.416193250298763529e-01
-4.408053152686649545e-01
-5.215445228211580408e-01
-5.744122444516668313e-01
-5.893120233226908367e-01
-5.510212360052348934e-01
-4.409103128362384938e-01
-2.750162687512460735e-01
-1.042987209313665092e-01
5.892041073763719383e-02
2.404273362453776819e-01
4.238689924494583594e-01
5.510612420698736136e-01
6.032957220935112330e-01
5.975459627774594162e-01
5.489592663174658327e-01
4.738093773780864271e-01
3.836734826572817947e-01
2.843734611360778652e-01
1.808274855235553202e-01
7.835828877509744272e-02
-1.714775127022882123e-02
-1.003696088229916183e-01
-1.669382183068049419e-01
-2.106822501105251322e-01
-2.249660233665661813e-01
-2.041843232265597163e-01
-1.573348072201601888e-01
-1.096803530108183405e-01
-7.167773596366626421e-02
