-1.693300784336021492e-03
-1.312479651272730474e-01
-2.479479569262221794e-01
-3.375799585738272768e-01
-3.818440896567539267e-01
-3.625297601444837370e-01
-2.621708145941542556e-01
-1.083046654489911859e-01
2.701251784081060842e-02
1.175450569508486864e-01
1.665098443828957331e-01
1.637753857841348082e-01
1.176247085789046548e-01
5.172523158829544360e-02
-1.195381232780017185e-02
-5.335938464571758633e-02
-5.334401642252473152e-02
7.276219519357141063e-03
9.850380249992944648e-02
1.411383806040514832e-01
1.067818782754850482e-01
2.098825461022552075e-02
-8.201423098242352494e-02
-1.664754929986254073e-01
-2.076151540016588914e-01
-1.856958590714501423e-01
-9.287004018304663433e-02
2.703516735032181206e-02
1.096733373543475887e-01
1.519779639804663685e-01
1.973773380267359878e-01
2.400056789744094421e-01
2.195457650187235266e-01
1.231976407198341894e-01
-1.476943122724599933e-02
-1.653397699641762919e-01
-3.004158674898446679e-01
-3.866337986558880946e-01
-3.881764725742178346e-01
-3.231036910772380755e-01
-2.601431389228261448e-01
-2.140321604833524960e-01
-1.431955238786924156e-01
-5.004379898516567865e-02
1.578021981605366719e-02
5.242670891177322878e-02
1.044653919795843211e-01
1.892252102092346067e-01
2.986535384111904112e-01
4.227224387997949862e-01
5.151792144056873690e-01
5.180071966376906811e-01
4.237327069758609066e-01
2.612460567496765473e-01
6.314335145282870543e-02
-1.338061241300946003e-01
-2.809744638001346884e-01
-3.538930325655172404e-01
-3.582255954841873091e-01
-3.270599967623387672e-01
-3.136166520923989731e-01
-3.139534420574318641e-01
-2.775427751979610558e-01
-2.112988392330072962e-01
-1.675992414761183213e-01
-1.454841787807383546e-01
-1.003544691842486736e-01
-3.305304382604657559e-02
1.625374148750168696e-02
4.943435841900888084e-02
1.058007201110052753e-01
1.774850080274823771e-01
2.107709176014921637e-01
2.028825419067516733e-01
1.912750928947443696e-01
1.731641862259356845e-01
1.265250185869051802e-01
7.180522815480988585e-02
5.272781387928011931e-02
9.750025994225508530e-02
1.743965163002483276e-01
2.030701927095784898e-01
1.607814784580261780e-01
7.807638484058487816e-02
-1.627784307346891168e-02
-9.524805745934300516e-02
-1.368129737677309388e-01
-1.296997757655089789e-01
-6.144250090730606073e-02
4.941059696626869113e-02
1.409959579033650823e-01
1.854759908063497442e-01
1.965997294096815950e-01
1.821249529985936588e-01
1.380122988585173183e-01
6.458366226941722466e-02
-2.510830635392968802e-02
-1.174597876329070562e-01
-2.017036255630120789e-01
-2.617175726916668999e-01
-2.785323982589606451e-01
-2.589045441142570625e-01
-2.382324581344047731e-01
-2.301230256303535282e-01
-2.291988007830157159e-01
-2.388761427745436094e-01
-2.518095930305327967e-01
-2.462831750337679815e-01
-2.111870590284750104e-01
-1.464982181853008991e-01
-3.968469411234124694e-02
1.323335976195139096e-01
3.348871041422274986e-01
4.770154638666760372e-01
5.219820446857175167e-01
4.836276998528951099e-01
3.897368824550641042e-01
2.802604160609755146e-01
1.747368848711393363e-01
7.788753756149213725e-02
-5.078501668784689976e-03
-7.081181181683254833e-02
-1.193816791716812570e-01
-1.537596006941648608e-01
-1.765339401665022567e-01
-1.846712047282569602e-01
-1.711603465382536826e-01
-1.382185513486030304e-01
-9.742187637896811137e-02
-5.462046472356965610e-02
-1.084148744421709748e-02
2.782419110891151681e-02
5.488032748496634444e-02
6.898081926713747758e-02
6.914728618887869271e-02
5.461840195599333703e-02
2.979330109186274778e-02
5.095030195753591680e-03
-1.074112212866865611e-02
-1.775255915974155441e-02
-2.006279686164376061e-02
-2.004407504258500297e-02
-2.032448450948431962e-02
-2.604821708078032538e-02
-4.007134321959444911e-02
-5.900018998436477868e-02
-7.755231600349568599e-02
-8.863218015284336782e-02
-8.102550736873265214e-02
-4.879402200209801560e-02
3.518460931678334472e-03
5.904373964078649117e-02
9.809876044099714865e-02
1.157162024228268193e-01
1.153090177369872071e-01
9.932598179172304198e-02
7.149053822579916340e-02
4.399749323445828475e-02
3.033354625178858940e-02
2.934005066640935078e-02
3.787702417141398242e-02
4.533085702527391014e-02
2.545357688141309735e-02
-2.530783784759388713e-02
-8.653265316867471413e-02
-1.471551492443026465e-01
-2.054157224481992783e-01
-2.572678323666148237e-01
-2.975551789434401351e-01
-3.206931464475221150e-01
-3.173660780767463829e-01
-2.807555987136638453e-01
-2.082440236656891153e-01
-1.077343258225438166e-01
2.520003792987640656e-03
1.144952426015226343e-01
2.151673251112889707e-01
2.841442620751229442e-01
3.208351974059470146e-01
3.311516844144747340e-01
3.162589087426662671e-01
2.831354798840672871e-01
2.443281001178726763e-01
2.068737529276034603e-01
1.701611541731299360e-01
1.342182592417905107e-01
9.928767027862021866e-02
6.261365666899347537e-02
2.417458932055292081e-02
-1.024014479819227233e-02
-3.739212903999446919e-02
-6.074771760407714910e-02
-8.319119351605858137e-02
-1.018225600949653198e-01
-1.149586145403550114e-01
-1.261469369175156896e-01
-1.369783402587801402e-01
-1.432274225688794367e-01
-1.378875599897790849e-01
-1.152194205833160373e-01
-7.052869183917179208e-02
-2.195989829298070073e-03
8.614722752627373970e-02
1.771908033799696747e-01
2.445309663736780215e-01
2.752146305339326915e-01
2.671375598413201491e-01
2.196471087594705218e-01
1.360602047579472229e-01
3.102370782829695639e-02
-7.499822568377166598e-02
-1.716665486749262004e-01
-2.534192069774882650e-01
-3.033306206735026933e-01
-2.941557928637851815e-01
-2.402655920686747326e-01
-1.961705916148120399e-01
-1.686337879390292505e-01
-1.219179581616931102e-01
-7.314392986707783650e-02
-8.847064882423266718e-02
-1.795147328112454976e-01
-3.053211096410494152e-01
-4.252424062958997664e-01
-4.948683747180808723e-01
-4.616325374608311050e-01
-2.952550590719715817e-01
-4.571524535754512009e-02
2.133475940253288516e-01
4.476109356503263359e-01
6.168685757310560236e-01
7.084455406680333356e-01
7.641458276856167853e-01
7.928380984596878900e-01
7.601249535755038034e-01
6.590634755868508554e-01
5.063370605902777211e-01
3.272320051772407146e-01
1.530838549009625738e-01
-1.391520525982900547e-02
-1.949978465719086063e-01
-3.898723859261636338e-01
-5.760739251458311116e-01
-7.281784566373177281e-01
-8.188038647982881502e-01
-8.157842693845680504e-01
-7.339394125884611819e-01
-6.356708766984919823e-01
-5.235135932428155447e-01
-3.867318418472099895e-01
-2.556418379609854963e-01
-1.246600122735430083e-01
4.628314803029987684e-02
2.458038921123781306e-01
4.133984529581242184e-01
5.388321548485746071e-01
6.546719391913788932e-01
7.396072164410707472e-01
7.253296003535901759e-01
6.054279924512282474e-01
4.297595711925916717e-01
2.348231115047932915e-01
4.691018464270957367e-02
-1.033777300975182306e-01
-1.838712541431540282e-01
-2.105863872444440343e-01
-2.423399732383233474e-01
-2.915269113938307455e-01
-3.309255725776010237e-01
-3.536312915167404980e-01
-3.647556422664535170e-01
-3.482832525985399830e-01
-2.698837736146451616e-01
-1.329314812525970169e-01
1.985039922254953210e-02
1.747991678019441275e-01
3.181786344958486557e-01
4.072867378785833825e-01
4.296019741029304395e-01
4.056159097511520262e-01
3.567441404103176006e-01
2.966628026500858217e-01
2.337189150271949123e-01
1.719220790241658969e-01
1.091702460564342170e-01
4.273408553415708466e-02
-2.648135146629738979e-02
-9.260948842047955765e-02
-1.499106459834400051e-01
-1.976721485774247389e-01
-2.372566598370103585e-01
-2.689861027130691085e-01
-2.922819905406226493e-01
-3.080865472665763605e-01
-3.144077842953736379e-01
-3.043685221977812105e-01
-2.701266956781503970e-01
-2.092008113139427472e-01
-1.276581863317194643e-01
-4.239691181439832202e-02
2.562992525110572781e-02
7.340348732195102477e-02
1.032986848901448762e-01
1.107656698168416054e-01
1.006796105782861994e-01
8.451717332925320902e-02
7.338830660306208675e-02
7.435689428101008303e-02
8.727353106752688827e-02
1.017284279654945972e-01
1.030276323380861225e-01
9.396504080653028668e-02
8.963354457513658669e-02
9.276062660058605192e-02
9.304724170870756761e-02
8.623458488945821843e-02
7.550358064167433936e-02
6.003481565412992910e-02
4.028791810249802291e-02
2.226289872368147557e-02
1.086985841876500838e-02
6.588346687208463878e-03
7.451293610612971102e-03
1.165025597114040246e-02
1.630950432082381094e-02
1.844069001270029831e-02
2.180512531900261758e-02
3.231338757755929797e-02
4.750623218148521121e-02
5.958478180597345797e-02
5.505015902351568374e-02
2.100631734386021812e-02
-4.016109653235581944e-02
-1.184826948861729817e-01
-2.072961726735958465e-01
-3.013952561131252872e-01
-3.934180258872994607e-01
-4.704237884876142362e-01
-5.095411095214247288e-01
-4.904701325949024637e-01
-4.039882886007035712e-01
-2.371697061919940119e-01
1.590010171368266140e-03
2.648088502084515183e-01
4.930508011909863764e-01
6.373429692938404889e-01
6.877613968285067880e-01
6.634443978708373102e-01
5.833641405486204023e-01
4.659954863935979463e-01
3.273962956438343230e-01
1.793117870029297123e-01
3.036158303939341663e-02
-1.107853301808063018e-01
-2.338316738399542349e-01
-3.286486365682657063e-01
-3.822755566243019598e-01
-3.749046828262260211e-01
-2.769775717393312964e-01
-1.164409017580535083e-01
1.224552043353888814e-02
7.351041353248800869e-02
9.554345646988589291e-02
1.091215219078338489e-01
1.486695869690473903e-01
1.970421343024053584e-01
1.831459412682819032e-01
9.162602538536301910e-02
-4.141797055056405108e-02
-1.852353617584750478e-01
-3.120770414666264592e-01
-3.952985464762237000e-01
-4.102607942497531468e-01
-3.811935141995828058e-01
-3.704069508597689353e-01
-3.800426743783670847e-01
-3.581292730508225386e-01
-2.815614361004090127e-01
-1.574719881237198194e-01
-1.704621676800181784e-02
8.173339969377416137e-02
1.349243947614048034e-01
1.945332110402325509e-01
2.673852841860514529e-01
3.149786429215926664e-01
3.168505158507227693e-01
2.722553767039389561e-01
2.091491216966577249e-01
1.786234990196462480e-01
1.908541088784074524e-01
2.135400115433900570e-01
2.446600928675126685e-01
2.747417539599865677e-01
2.503290760221533739e-01
1.650887821283356649e-01
4.521897971355048895e-02
-1.015633816343536749e-01
-2.644814960329298081e-01
-4.238253236490284737e-01
-5.477198450985985012e-01
-6.061798853655073760e-01
-5.807053376935826794e-01
-4.442479625624518036e-01
-1.944415410186070559e-01
8.731903989193112725e-02
3.035595595608583386e-01
4.371277836474006251e-01
5.136119204058581245e-01
5.513214505642627383e-01
5.514567250611566163e-01
5.088727306489986280e-01
4.362509256014079351e-01
3.576715362711351265e-01
2.885157280395254098e-01
2.333705480361378259e-01
1.978521481931159731e-01
1.864966390146040875e-01
1.871351802985424806e-01
1.779653228204444715e-01
1.542028767798612476e-01
1.227343144481541359e-01
8.060702056429874807e-02
1.537785715125807029e-02
-7.734736916184294098e-02
-1.873375624419687524e-01
-3.061218057048513130e-01
-4.315354784552877243e-01
-5.483337036338329362e-01
-6.427561763772799974e-01
-7.200680419397155196e-01
-7.712874477257271044e-01
-7.617105156855027426e-01
-6.901981141917566953e-01
-5.920622090114717739e-01
-4.550070131314829514e-01
-2.778604762832376229e-01
-1.122911155702923935e-01
4.249806595587699021e-03
4.935762020511892667e-02
5.256745349756743180e-02
9.567101743140084269e-02
2.037717696006964008e-01
3.391113614890481909e-01
4.614948420792202022e-01
5.331274056226974478e-01
5.541040010501246948e-01
5.562560287550977201e-01
5.273952281855146529e-01
4.148183234366111805e-01
2.205691179656067424e-01
6.929760847876054175e-04
-1.928615478859031784e-01
-3.117587297937576274e-01
-3.558727792120315869e-01
-3.689508724903173831e-01
-3.501532030007388774e-01
-2.698317906541634059e-01
-1.497447272537231755e-01
-3.826617268384291393e-02
7.288645923417229333e-02
1.901642441810185435e-01
2.732034517669161833e-01
3.236570810243407093e-01
3.868503642150070143e-01
4.594799093937050882e-01
4.859682115055758422e-01
4.561114199521527635e-01
4.076167806078894174e-01
3.503983402465550845e-01
2.641279891627197896e-01
1.507238164837646222e-01
3.731641878877940688e-02
-6.618015155473636058e-02
-1.727392330060263381e-01
-2.822407213898943668e-01
-3.739400880847333353e-01
-4.370566922725139802e-01
-4.728993671819829991e-01
-4.681501270720122565e-01
-4.323503782706966114e-01
-4.194783920292792789e-01
-4.496068712840963211e-01
-4.934828931393432927e-01
-5.080564745010232031e-01
-4.421874337983370262e-01
-2.960866619407167555e-01
-1.279393367319694719e-01
5.145468117715257944e-02
2.485974710868286974e-01
4.120137427549629972e-01
4.957590038411460731e-01
5.037326589497761464e-01
4.648818961469649569e-01
4.088055787836505361e-01
3.497994413347049747e-01
2.883351240396734294e-01
2.294616999314395556e-01
1.844909418158307834e-01
1.630616550961333233e-01
1.621322313818114313e-01
1.656603623669708480e-01
1.678007433780170921e-01
1.734040662909517305e-01
1.826583989914591644e-01
1.915187045790241183e-01
1.962513686967568283e-01
1.939474048520000993e-01
1.806957852833597222e-01
1.523533353455370776e-01
1.080841878164507663e-01
4.710198374016211914e-02
-3.417592457359810987e-02
-1.363486464829146705e-01
-2.557122475435325559e-01
-3.886295335937179907e-01
-5.315323172607218094e-01
-6.771764535590869549e-01
-8.158646393640185401e-01
-9.378451068960170778e-01
-1.026991732050412276e+00
-1.056960682209941993e+00
-9.934846269326828017e-01
-7.940943993583523541e-01
-4.714486070418411057e-01
-9.535987655783587091e-02
2.852218438697188274e-01
6.364960130369216040e-01
9.102483523972209056e-01
1.046709757878143243e+00
1.039458660396746836e+00
9.351446407803877259e-01
7.744895970729923640e-01
5.896964540452049874e-01
4.053930153434323058e-01
2.369252614965186576e-01
9.262082499309935713e-02
-1.870648827550240936e-02
-8.299100383644575363e-02
-8.635130688466213789e-02
-4.766317853854635384e-02
-1.756009508461164187e-02
-2.173390496120770204e-02
-5.655351700664747183e-02
-1.147853237971280527e-01
-1.880188143131295564e-01
-2.664382064445978138e-01
-3.384366803670662560e-01
-3.900859341146981074e-01
-4.059550955267068328e-01
-3.693350953697258077e-01
-2.621807599262586108e-01
-9.653926375614008126e-02
8.897219277987424013e-02
2.592186545723605406e-01
3.764782511668210985e-01
4.260682340129177126e-01
4.220923325621935840e-01
3.833090319230509913e-01
3.231973891026870827e-01
2.476276710893892397e-01
1.652619107823605493e-01
8.545266336179548061e-02
1.215942948304461063e-02
-5.353799367394899977e-02
-1.116375833757459884e-01
-1.647151158255035219e-01
-2.184796959947510886e-01
-2.790912113386141424e-01
-3.474047706353725062e-01
-4.138483306251308780e-01
-4.646628440610090505e-01
-4.888449458936552916e-01
-4.703096438361368814e-01
-3.998646876623952462e-01
-2.807389578124895313e-01
-1.305835348286684683e-01
1.573542480634157470e-02
1.349104887352977344e-01
2.188969838613277485e-01
2.652973933420240127e-01
2.756330579623004762e-01
2.624383402542045385e-01
2.479070897440955046e-01
2.490738661030216794e-01
2.739398349850589165e-01
3.042953259789028531e-01
3.072442041037561355e-01
2.763124354903430668e-01
2.234958349291336355e-01
1.598506042166011332e-01
9.564006340973740805e-02
3.512618210875440711e-02
-2.213221710728243558e-02
-7.718058488646895032e-02
-1.293444849420276599e-01
-1.727938316555486242e-01
-1.961524612212444674e-01
-1.892488355941456535e-01
-1.479920246773109016e-01
-8.345991156367749131e-02
-1.727586863266065281e-02
4.128622256736889928e-02
8.793722571049718273e-02
1.174596499116087600e-01
1.334928966998326361e-01
1.379446474923461952e-01
1.286232550434528998e-01
1.071153090576076883e-01
7.890118303182901138e-02
5.395259069622641152e-02
3.856637903092063890e-02
3.260377697835813160e-02
2.531288784243610965e-02
-4.086234387760567799e-03
-6.343425416690234853e-02
-1.466441853842894161e-01
-2.457874264181084678e-01
-3.509880049015086656e-01
-4.517575235464791339e-01
-5.367174144909375721e-01
-5.899372277639323148e-01
-5.937659772748131726e-01
-5.302344251306100320e-01
-3.909432023223738950e-01
-1.762612462791114665e-01
7.177740591410924909e-02
2.666514988120162188e-01
3.736827905792530768e-01
4.131468857261434424e-01
4.148032069344227968e-01
4.147794158943920451e-01
4.308368964785989630e-01
4.401458784178298722e-01
4.146415426025236162e-01
3.584814070161176924e-01
2.833853642172046716e-01
1.963252482430740131e-01
1.069539645318293569e-01
2.292864851153310346e-02
-5.057054273620094353e-02
-1.106282474438557012e-01
-1.566089122495349373e-01
-1.879942328380637406e-01
-2.040159232286107016e-01
-1.986374455941661843e-01
-1.743618545640595041e-01
-1.492444097782343604e-01
-1.311595319179410801e-01
-1.181279670621907529e-01
-1.082322667813901684e-01
-9.496328182129737394e-02
-6.150340748793421686e-02
1.598986444859615622e-02
1.269787526980317438e-01
2.221477752210285483e-01
2.742664020299678262e-01
2.909497321906456269e-01
2.860284602444506108e-01
2.691061287659610723e-01
2.408660333713459889e-01
1.963189133525060637e-01
1.379915176250043063e-01
7.420796564072577872e-02
8.215355597096043322e-03
-5.934666842241674567e-02
-1.237619536169918821e-01
-1.779599230895155260e-01
-2.242154302335933047e-01
-2.695082922037626560e-01
-3.101722556243476925e-01
-3.392810972444361139e-01
-3.555440340191013959e-01
-3.564667822454959389e-01
-3.319594393046399472e-01
-2.659896084938436767e-01
-1.641468969045209447e-01
-5.444293649230738663e-02
6.561666919163607059e-02
2.303433547199175147e-01
4.145117330579276005e-01
5.255416253380058578e-01
5.235645720135784220e-01
4.319769698072921660e-01
2.786211214866034513e-01
8.843870162691930270e-02
-1.120308995728416107e-01
-2.875149013815113674e-01
-4.108206830366381568e-01
-4.703474955228748033e-01
-4.426918534770967195e-01
-3.422547743169807588e-01
-2.407967546000800430e-01
-1.601153820880240608e-01
-6.609455037746275741e-02
4.582312751546896434e-02
1.489903911512728829e-01
2.459836726341873281e-01
3.263011820530628548e-01
3.364356177862505293e-01
2.683602525229750180e-01
1.629909206623904594e-01
6.615290855182985597e-02
1.661507423035211289e-02
-3.911872003523437884e-03
-5.600075100393125949e-02
-1.535672588576189601e-01
-2.691706772091383426e-01
-3.733710038018088206e-01
-4.388808576572035269e-01
-4.318230124737618136e-01
-3.301017115267778634e-01
-1.561473947285658970e-01
6.862754085203900956e-02
3.342558493547362342e-01
5.687083830886944247e-01
6.825292264875607584e-01
6.686325937125896512e-01
5.754740750472336908e-01
4.523868588752465447e-01
3.345962851525303705e-01
2.458883369911858963e-01
2.116126229274107595e-01
2.085091841201978657e-01
1.617523450974872046e-01
5.199985284765913651e-02
-9.173752000115903416e-02
-2.501202864263787906e-01
-4.000633275574828063e-01
-5.135892335464896652e-01
-5.646465063446930444e-01
-5.611093050869250254e-01
-5.454742910444604354e-01
-5.264180802735326514e-01
-4.710342413887941282e-01
-3.328238359227317922e-01
-1.050613551689918157e-01
1.677912841261433308e-01
4.271280568188544069e-01
5.895583339589840488e-01
6.108676196113673740e-01
5.175516948751742730e-01
3.483494956852960511e-01
1.379738229477521505e-01
-7.295437406350779863e-02
-2.392037140365850800e-01
-3.224120769218523086e-01
-3.072721348584723233e-01
-2.236135401406286194e-01
-1.112533589463446521e-01
-9.055545511150654703e-03
2.829658188867473917e-02
-7.106723075578115500e-03
-7.359410147187994689e-02
-1.379922339495590067e-01
-1.793438011122814313e-01
-1.816605922233584802e-01
-1.360209540825380869e-01
-6.249697332922327792e-02
-8.583583040757125637e-03
1.713083167049252176e-02
4.846862087512608663e-02
7.969351580663568135e-02
6.651001792675288737e-02
1.645161181390304705e-02
-1.795026518455333786e-02
-1.441898630349114363e-02
1.979561851124971711e-02
8.534474749647776026e-02
1.936202515676863078e-01
3.192643638869452904e-01
3.962775892511532505e-01
3.952576961249715803e-01
3.273612660555922371e-01
2.127520198724629219e-01
7.650210408020599595e-02
-5.221751645467295061e-02
-1.405501898575267916e-01
-1.673600398901164132e-01
-1.151200650496588401e-01
-3.532469702102650211e-03
9.863140952254653704e-02
1.482575761981906881e-01
1.403589833761114680e-01
8.518885266370254672e-02
-2.322691829708166747e-03
-1.155794160624889627e-01
-2.440840256666866048e-01
-3.708406330359050318e-01
-4.784067070721308434e-01
-5.527790415076726527e-01
-5.835360994964796655e-01
-5.503466970685095827e-01
-4.227807063239129581e-01
-2.059373111517006361e-01
5.338045526635280813e-02
2.938100172701848534e-01
4.512803918993199548e-01
5.065199534270590220e-01
4.879646918974305247e-01
4.327165458425857869e-01
3.599219377995697133e-01
2.733900042056313096e-01
1.829025473163635729e-01
1.006927899493570838e-01
3.396000166908513807e-02
-1.471913194021331507e-02
-4.513121315471811668e-02
-6.017425885124808027e-02
-6.325683765857753604e-02
-5.668821556201161793e-02
-4.692132957996690557e-02
-4.171209322740396241e-02
-4.407064125533985410e-02
-5.554707510978051932e-02
-7.195868643709664447e-02
-8.277300899398863654e-02
-8.257791316443555130e-02
-7.221826950884599472e-02
-5.593847148513909906e-02
-3.874985511086938283e-02
-2.166048041854417433e-02
-3.911012071948135119e-03
1.701639347376944500e-02
4.534398157209462710e-02
7.938440382610315038e-02
1.104190795715078305e-01
1.330437051169762463e-01
1.490043186791224772e-01
1.603785823470357808e-01
1.664099937507136084e-01
1.622084388356738738e-01
1.413005767810798508e-01
1.011012340487514316e-01
4.081607086450141780e-02
-4.004987459815178424e-02
-1.372334913484157815e-01
-2.417187250129664289e-01
-3.410726701820898654e-01
-4.220753045074653320e-01
-4.744330666920333894e-01
-4.843727916338693151e-01
-4.345841635700393724e-01
-3.074391680035729046e-01
-1.066586171346179113e-01
1.389161536376667117e-01
3.740065639260153896e-01
5.197335659060512425e-01
5.501482973207015847e-01
4.925073394513052594e-01
3.728535801712370978e-01
2.146400776144125055e-01
3.890084220266868537e-02
-1.385445657578401046e-01
-3.038265167565706859e-01
-4.385705945626761082e-01
-5.163694512960500527e-01
-5.064291932217326320e-01
-4.319730006932369637e-01
-3.676888869831405615e-01
-3.315716086434319365e-01
-2.903178819484140694e-01
-2.139002517384922253e-01
-7.174739664016614726e-02
1.183222963659332772e-01
2.921253910068326576e-01
4.320425555804029982e-01
5.378041745905699500e-01
5.836614661683948713e-01
5.678649922645593318e-01
5.109861189795635861e-01
4.310279780266346727e-01
3.405901273214548275e-01
2.471573621887286909e-01
1.530720046633190223e-01
5.732583505866044316e-02
-3.557849016788373897e-02
-1.173136324338892450e-01
-1.844207563783195059e-01
-2.350796553886431162e-01
-2.636651754768074563e-01
-2.645347551601435754e-01
-2.391299340282050934e-01
-1.975111179845824294e-01
-1.486523663812808205e-01
-9.241012081844050818e-02
-3.566024682216301089e-02
5.302104398509863321e-03
2.598266707859018393e-02
3.092519503931089736e-02
2.438676004941908032e-02
1.155027635993191581e-02
-2.556254023230387223e-03
-1.428209860840066840e-02
-2.172463575832927693e-02
-2.107896885503194109e-02
-8.373851077904909818e-03
1.259190521488834195e-02
3.273362062254440291e-02
4.525390474719374195e-02
5.160539576713061433e-02
5.959300318607475139e-02
7.322651426888823756e-02
9.353492070934257829e-02
1.206358430917542496e-01
1.483213070540758405e-01
1.668707476660143685e-01
1.723375968929984348e-01
1.698281247580259445e-01
1.639147935710386639e-01
1.529547840516466695e-01
1.358752059076575591e-01
1.153120602739575312e-01
9.247623429769835646e-02
6.446589183290049596e-02
2.706780293819848610e-02
-2.277563770920193464e-02
-8.536229534249653583e-02
-1.595222953891283491e-01
-2.440864943682548860e-01
-3.342315638122245747e-01
-4.202835236935009711e-01
-4.963333232435835907e-01
-5.595598545888732511e-01
-5.950852465784167711e-01
-5.762116028258927880e-01
-5.090808264147202999e-01
-4.337297109777517035e-01
-3.529948083749423482e-01
-2.323195109792523250e-01
-8.921049182532747590e-02
9.632246191251025991e-03
5.526841602972210055e-02
8.698244509541080971e-02
1.307990431096661410e-01
2.103598589091104643e-01
3.543309514860586984e-01
5.318631567473440791e-01
6.610050050014113499e-01
7.096482532569243773e-01
6.848544130773661642e-01
6.008153838625558407e-01
4.772980335287578812e-01
3.329123281505358412e-01
1.904552022088963070e-01
6.707456983676307605e-02
-3.160098643576942506e-02
-1.037450664468426847e-01
-1.489845098954576397e-01
-1.695400821326326080e-01
-1.687279792869665895e-01
-1.485577802048356211e-01
-1.101189311455008091e-01
-5.882172215089701006e-02
-9.111531705993464181e-03
2.102228348366554783e-02
2.618652818334774729e-02
1.014876412746073056e-02
-2.777879950699159439e-02
-8.101829183430220294e-02
-1.311015779059435393e-01
-1.675685696890422682e-01
-1.886809015744738971e-01
-1.912456477450791836e-01
-1.727660667037860254e-01
-1.352613597411921886e-01
-8.587767901433668305e-02
-3.297987455879287239e-02
1.851899739952043641e-02
6.768062583874884242e-02
1.087558379497478855e-01
1.339205800945630909e-01
1.481066052465880856e-01
1.579999068079194213e-01
1.584169129551007416e-01
1.400559890552173226e-01
1.004975727962484633e-01
4.166034730417070980e-02
-3.555065792951463133e-02
-1.212079011215650703e-01
-1.958815322319836238e-01
-2.446250400611535425e-01
-2.587631187024512780e-01
-2.280838086281231081e-01
-1.617168554203480269e-01
-9.384350718374208367e-02
-4.711541249171497664e-02
-2.834477825032621912e-02
-3.743210729946647164e-02
-6.183369277148960397e-02
-8.188538988211464809e-02
-7.466188086483492581e-02
-1.620520898073586971e-02
1.097470199762267118e-01
2.740268309660729429e-01
4.115392065218189677e-01
4.870909086636676100e-01
4.866836107342108475e-01
4.094524421412113480e-01
2.743731484396425002e-01
1.020572540648675419e-01
-8.562606333716521467e-02
-2.709486225743381049e-01
-4.411082568765792855e-01
-5.808381263763520153e-01
-6.693803561037574568e-01
-6.843061505080921814e-01
-6.030564844863390839e-01
-4.402329332394636086e-01
-2.511755365204159096e-01
-5.387151767803692592e-02
1.738923548566075339e-01
4.056449021811914246e-01
5.645564481116456257e-01
6.230175185754647238e-01
6.030511612162015034e-01
5.256649182191895919e-01
4.119274970397335256e-01
2.872636953157320372e-01
1.764995721260166073e-01
8.926071094914006521e-02
2.664120132738044544e-02
-6.924102742515730879e-03
-9.184470382721632298e-03
5.084528371859631246e-03
7.213927400462318007e-03
-1.143746174778077079e-02
-3.598718287898604318e-02
-6.211761820843481746e-02
-1.034210752268672207e-01
-1.630333761407180559e-01
-2.256197797924356097e-01
-2.888748624813600174e-01
-3.663354355236709825e-01
-4.532308880525584005e-01
-5.275930596088407309e-01
-5.716982019551900551e-01
-5.683923110693578362e-01
-4.862768964558605300e-01
-2.849893664468071686e-01
3.233466900275506345e-02
3.690371643626186859e-01
6.110103381717764126e-01
7.268802321562763957e-01
7.402218269088429725e-01
6.794143664697127605e-01
5.666365441488059318e-01
4.202381779976184784e-01
2.595030246455896084e-01
1.016709465371455484e-01
-3.798119956643684902e-02
-1.491931709228529468e-01
-2.405891427885508138e-01
-3.319527959021247310e-01
-4.268758261781171459e-01
-5.159667867077476489e-01
-5.863367913088208816e-01
-6.127571943380482056e-01
-5.657272481277509923e-01
-4.209026963231093932e-01
-2.026682805830335443e-01
2.203741207494684662e-02
2.142571362775508026e-01
3.494972331589405456e-01
4.225286416686278579e-01
4.544148123794299332e-01
4.571864070838851379e-01
4.328337226745165855e-01
3.838825799771044545e-01
3.153672194597291201e-01
2.362669816200095863e-01
1.610811965904604681e-01
9.767293028777095099e-02
4.447591545391063605e-02
2.313511122495760797e-03
-1.992357765771907846e-02
-2.090646671086293651e-02
-1.992115182554516500e-02
-3.241118568501205610e-02
-5.463915544025491067e-02
-7.957451468144852158e-02
-1.055254330500330490e-01
-1.336242597598748250e-01
-1.622917349068291326e-01
-1.881169845301441657e-01
-2.100510801322200694e-01
-2.215782784322261056e-01
-2.064317275550852371e-01
-1.671033453118251910e-01
-1.284706279170953480e-01
-9.316864187382076223e-02
-4.182935197910955805e-02
2.456978638746417851e-02
8.442584598813887564e-02
1.357316052848397125e-01
1.972776208671816189e-01
2.605664511140653450e-01
2.911803542468440753e-01
2.799988511059143259e-01
2.430157272652753442e-01
1.942530210321599948e-01
1.420864438109665784e-01
1.009956907537764431e-01
9.741811298433145083e-02
1.150445698643158682e-01
8.920865969246187521e-02
6.655880565445571745e-04
-1.225944000627510466e-01
-2.525579264980428174e-01
-3.578063827636538408e-01
-4.323607772677177108e-01
-4.979957588055279327e-01
-5.394078889337290406e-01
-5.064527808792377295e-01
-4.081159563940958135e-01
-3.107515995278074539e-01
-2.275647551496315646e-01
-1.161291091096258582e-01
3.758902093600086092e-02
1.713430282401378346e-01
2.102748733740259501e-01
1.596257327333664988e-01
8.567270437019855467e-02
2.254070876783104138e-02
-4.784728886043848606e-02
-1.003759286060072892e-01
-8.446291328961631761e-02
3.854437431759227817e-05
1.004553215892472484e-01
1.594619649400838557e-01
1.585696060043266797e-01
9.003804273494042665e-02
-2.569489828630314165e-02
-1.286939352044788876e-01
-1.521050797070362115e-01
-3.105193442846775065e-02
2.442074052669474249e-01
5.811088868251910178e-01
8.439348819109343536e-01
9.530236989150508986e-01
9.142943360948228015e-01
7.695495496341460129e-01
5.621878721648043697e-01
3.288192421487704520e-01
8.925597941502490251e-02
-1.384837165895676514e-01
-3.278999397444545272e-01
-4.526481780185989678e-01
-5.013487491402687235e-01
-4.770808043999827941e-01
-4.099274163277762950e-01
-3.541263988319142686e-01
-3.317481147566763711e-01
-3.275878834426200759e-01
-3.120049942310981761e-01
-2.898732523074963319e-01
-3.069965282743788437e-01
-3.595036337264936877e-01
-3.957985775946180618e-01
-3.615112593083951165e-01
-2.496366752712609327e-01
-1.029824379693480285e-01
3.304209181157001518e-02
1.120886280532955998e-01
1.357990901768931780e-01
1.490770374763652484e-01
1.967038434210875431e-01
2.692318989196421652e-01
2.958933160294252573e-01
2.586044413455599322e-01
1.997851914294780928e-01
1.664217197159465755e-01
1.568343418851605719e-01
1.194106651178637180e-01
4.777738513738627457e-02
-1.375122972026512728e-02
-5.666703967789458313e-02
-1.199450893773898186e-01
-2.053709032939851908e-01
-2.644735643844454143e-01
-2.665242553945365023e-01
-2.113261753187613834e-01
-8.255005217453287303e-02
1.301188389228729314e-01
3.538158426016631553e-01
4.913925140225380850e-01
5.239501700535048601e-01
4.799340533718442492e-01
3.862010131911077782e-01
2.607824744063607092e-01
1.136062253444743986e-01
-4.056187091551668317e-02
-1.802844362443570825e-01
-2.845239986483387717e-01
-3.358954995788711040e-01
-3.146410867772422848e-01
-2.261037778260656106e-01
-1.048389361586153368e-01
2.388984874177540324e-02
1.542469800861112073e-01
2.651237530213579885e-01
3.020054454935515720e-01
2.482988697864001448e-01
1.298890922660678182e-01
-3.253831463244108435e-02
-2.144990628299205115e-01
-3.839269957665875643e-01
-5.069781946313900445e-01
-5.554753888781568394e-01
-5.070856266492520525e-01
-3.667734134899873766e-01
-1.679339121289548653e-01
4.504646716121715050e-02
2.231830713555251200e-01
3.429239810752716111e-01
4.008220142904692640e-01
3.848635865935078892e-01
2.787675791605017106e-01
1.043893904972706121e-01
-8.213128500792737929e-02
-2.553694621762583328e-01
-4.237501832615742647e-01
-5.673793134312848929e-01
-6.311365480577547649e-01
-5.739186264047908548e-01
-3.722892199596253282e-01
-3.895408298133207214e-02
3.393010583346304232e-01
6.361093466085298020e-01
7.630522488629896127e-01
7.256957095903715516e-01
5.849792804390996359e-01
3.926270211256379650e-01
1.864012044673819535e-01
1.271875727866902950e-02
-7.128251898473993153e-02
-6.350858051249076708e-02
-1.500533831948597241e-02
6.012373047670127590e-02
1.354261728366011053e-01
1.424996755057206244e-01
7.051188038718259055e-02
-3.813074709187238426e-02
-1.374641796652868175e-01
-2.220226254353490913e-01
-3.268884745687734017e-01
-4.428601197768567421e-01
-5.334735337289499002e-01
-5.812563904171513807e-01
-5.560129973730474351e-01
-4.556732668387221130e-01
-3.165807437649009182e-01
-1.270389576784414776e-01
1.227085743125764100e-01
3.596031847152817984e-01
5.119861926737616642e-01
5.896635307364493928e-01
6.077968335481390705e-01
5.371083328967122261e-01
3.754344809267095018e-01
1.564981600107542281e-01
-8.477865442031330689e-02
-3.114029957930930514e-01
-4.828870560380607579e-01
-5.738732416145190252e-01
-5.857097159222869331e-01
-5.178471636887642671e-01
-3.420211914233512451e-01
-6.279569107478387424e-02
2.271935806999898499e-01
4.439850383587953253e-01
5.860332178950174997e-01
6.682952783798605800e-01
6.862243456988679213e-01
6.496754811586167300e-01
5.824991101834067209e-01
5.015369587841970178e-01
4.148440436281674026e-01
3.221129730133015512e-01
2.203940649944941543e-01
1.131471679623505394e-01
7.041604459017275497e-03
-9.305091990601285779e-02
-1.842353206885098404e-01
-2.707461516595140449e-01
-3.564024171442787825e-01
-4.358864837187343966e-01
-5.020674651414815948e-01
-5.427194231414440573e-01
-5.388413174984655329e-01
-4.965787404532392979e-01
-4.454942544418702965e-01
-3.864446555609440948e-01
-2.923460881074471662e-01
-1.705113045693515406e-01
-6.274677208861351163e-02
3.132631200152671824e-02
1.103117606403045681e-01
1.256236891388829990e-01
7.176415051458312488e-02
-6.813981606584459949e-03
-6.462395065072654154e-02
-9.997749119008318697e-02
-1.516102866759722334e-01
-2.118236542139427248e-01
-2.288031659064045376e-01
-1.995698119056329434e-01
-1.707796262603230864e-01
-1.385479670895073678e-01
-8.821901940911253126e-02
-5.104889193287524829e-02
-1.867757213451334830e-02
6.567558599020627275e-02
2.150749353521037577e-01
3.854847446150417856e-01
5.290020304352067715e-01
6.051558535674314010e-01
6.082411372468354838e-01
5.602931877916019765e-01
4.793008613298761489e-01
3.833681539534052329e-01
2.880825012626654358e-01
2.021325845285120992e-01
1.288882171459095338e-01
7.212759692019038438e-02
3.432676586718213380e-02
1.274620768345767485e-02
-2.140848557203589575e-04
-1.034126164776667800e-02
-2.325107748654428597e-02
-4.476580620291249757e-02
-7.407927577068185165e-02
-1.070013140128275864e-01
-1.393729000848619171e-01
-1.701097697234943695e-01
-2.013953688937569764e-01
-2.323602488147283873e-01
-2.612898522509761734e-01
-2.861866174500010129e-01
-3.066895759289518519e-01
-3.268779748922571171e-01
-3.486829640769755212e-01
-3.718216907943833194e-01
-3.917477730096463051e-01
-3.960918616607165266e-01
-3.663599465970287516e-01
-2.997204091187667951e-01
-2.137037841162798268e-01
-1.069637875868688498e-01
4.190425708065161070e-02
2.112167021915584697e-01
3.386408444270404550e-01
4.080510230302933916e-01
4.404662684599514044e-01
4.449521270432831299e-01
4.255469582403570983e-01
3.850401753703150964e-01
3.266004466308030652e-01
2.541984882996690676e-01
1.748580350969774488e-01
1.005843419575770115e-01
4.033252611606751720e-02
-2.370634669720209781e-03
-2.688596321714583834e-02
-3.457478041546072772e-02
-2.683223543516504925e-02
-9.934385245662473440e-03
7.679018434284201611e-03
2.174505124141452167e-02
2.850957301798755922e-02
2.879031578597052166e-02
2.720284152804790939e-02
2.390329404057620066e-02
1.610609942609747547e-02
1.309433464521430474e-03
-2.297810744551086887e-02
-5.552680910473002662e-02
-8.881171611414676037e-02
-1.198620535675741922e-01
-1.517934286701907165e-01
-1.830089337746682310e-01
-2.058581962422439682e-01
-2.150320387166554381e-01
-2.103540030905331482e-01
-1.852356584993021527e-01
-1.234891988915991778e-01
-3.595120006703982074e-02
2.152183157416154291e-02
1.178657749021662371e-02
-5.292212372427351763e-02
-1.431848954825050146e-01
-2.270477935506870493e-01
-2.749485954000733257e-01
-2.639109013772822365e-01
-1.688634118173395204e-01
4.929211810240757136e-02
3.816759202401147077e-01
7.105760784017620679e-01
9.110915732608608764e-01
9.515471585647080621e-01
8.542220870538405064e-01
6.513376568805757660e-01
3.818526005658979816e-01
8.494015737290841472e-02
-2.059684020424918105e-01
-4.628621996693138563e-01
-6.663529490062229943e-01
-8.070135294943825421e-01
-8.726605196495624828e-01
-8.728756177710863540e-01
-8.394152645162407111e-01
-7.571352461407454548e-01
-6.088119319551537068e-01
-4.125917785941414229e-01
-1.725870527771615204e-01
7.260137231729324458e-02
2.524692257515841476e-01
3.606906125296203691e-01
4.246624767753996998e-01
4.456135181378040877e-01
4.515332052903711091e-01
4.528649768326897807e-01
3.994598338744097532e-01
2.882205023820794687e-01
1.738296173991342730e-01
8.826261044885733154e-02
2.091536436598037674e-02
-3.569230580467710329e-02
-8.529257153170792527e-02
-1.404103196401659537e-01
-1.940753791512949966e-01
-2.332586902864566825e-01
-2.369308760579374451e-01
-1.694414151121846346e-01
-4.380843155297111519e-02
7.747064725756820647e-02
1.814413402277609000e-01
2.819215489393145924e-01
3.636600765227286924e-01
4.246558716252130106e-01
4.647185391393827691e-01
4.650268479196962290e-01
4.220871792474952811e-01
3.505095510150383342e-01
2.658945015788255484e-01
1.810071803418912273e-01
1.067921598784600523e-01
5.171816160768880066e-02
9.744471791301015373e-03
-3.667884856323727627e-02
-9.478958566297712718e-02
-1.562902537028351135e-01
-2.031350327876389472e-01
-2.148745187973383486e-01
-2.040682085152180081e-01
-2.096202548775948915e-01
-2.387366406805944696e-01
-2.743708321251994708e-01
-3.143819610555207977e-01
-3.666395153326226786e-01
-4.237579419374600809e-01
-4.659977335574794211e-01
-4.766289495226517792e-01
-4.325238825152745714e-01
-3.270572346388080365e-01
-1.786624194252544873e-01
-2.511246839327970978e-02
7.536757622213037522e-02
1.163769827889319236e-01
1.488631679173034461e-01
1.842817553717441270e-01
1.889421942271382604e-01
1.703124775849271799e-01
1.791544256623283093e-01
2.198779764405948689e-01
2.464647644535045978e-01
2.426439665248020794e-01
2.247300997483945295e-01
1.887254677168531403e-01
1.111777330651761986e-01
5.905582147627132239e-03
-8.491917954242945987e-02
-1.439003124708461423e-01
-1.611707248182059349e-01
-1.128407383977894918e-01
2.855859386588807669e-02
2.375694955808881625e-01
4.167221264289224791e-01
4.991475931208678718e-01
4.908523482889181611e-01
4.199932372471419928e-01
3.021850677648701966e-01
1.391016909584378847e-01
-5.547603878064404082e-02
-2.504557202288529849e-01
-4.104766841531354848e-01
-5.004121946601435278e-01
-4.852103506521513454e-01
-3.801997453675264316e-01
-2.490990837987713813e-01
-1.485738855492844679e-01
-1.280522338755300249e-01
-1.887444257337868025e-01
-2.850602889241922178e-01
-3.913010647962365529e-01
-4.947357505439937131e-01
-5.590306381061277419e-01
-5.353802836752230565e-01
-4.230838355945550355e-01
-2.634702586359443099e-01
-5.034414478495020245e-02
2.348893337320958341e-01
5.241299775638611491e-01
7.255953151388326861e-01
8.367682914893377344e-01
9.067111350637797607e-01
9.343260249328096956e-01
8.808572994121173227e-01
7.488741162648393512e-01
5.687487036017389030e-01
3.587878424168690072e-01
1.333374472624681562e-01
-9.358923261266272053e-02
-3.092062241230626451e-01
-4.995763839690685049e-01
-6.471630091666147333e-01
-7.357380116424648842e-01
-7.521494950012688196e-01
-6.976630262678932271e-01
-5.872058933720454288e-01
-4.150162887653487398e-01
-2.059467238103012687e-01
-3.771931248832676581e-02
6.679769216169365031e-02
1.408002574893409964e-01
2.141460246605726425e-01
2.815383881134849720e-01
3.055223257996078079e-01
2.823904609262158361e-01
2.340075770666932842e-01
1.689889754234779051e-01
9.433067759086588566e-02
2.483496275296800948e-02
-2.385416518923754933e-02
-5.241310338551482401e-02
-6.933032682000725422e-02
-7.204500167269449473e-02
-5.784004182953650375e-02
-2.581487829424888511e-02
3.087561854500681449e-02
1.018490325026294996e-01
1.569361584999534320e-01
1.820793965915709633e-01
1.800539530383448439e-01
1.583831167330542189e-01
1.242397086914168169e-01
8.104519222937484058e-02
3.867926465570916544e-02
6.502548750627681895e-03
-1.518707516437830737e-02
-2.716780074419020141e-02
-2.818672138801415344e-02
-2.059775666193466859e-02
-1.074681049241130171e-02
-5.192240341731081676e-03
-1.013986904961298660e-02
-2.783874558814283112e-02
-5.662020850444078601e-02
-9.531315335874920858e-02
-1.419089541279270061e-01
-1.918942845649009021e-01
-2.401679367701175793e-01
-2.812452813244407102e-01
-3.071488705609899950e-01
-3.065526778354944470e-01
-2.642450540908615753e-01
-1.609937710844165648e-01
2.374900099373788986e-02
2.490189188755179139e-01
4.141602582441473723e-01
4.800158676432562666e-01
4.668624001116594147e-01
3.938656331829902824e-01
2.781090479277941729e-01
1.330860465015570870e-01
-2.817604911810326490e-02
-1.864009252662597871e-01
-3.184041924169887516e-01
-4.233253344279928054e-01
-5.185368026039681721e-01
-5.961780906566039873e-01
-6.208450696180184414e-01
-5.528196019136295547e-01
-3.580719429141243637e-01
-6.261123672797777595e-02
2.546756864350070426e-01
5.228305409738916998e-01
6.746653549215804180e-01
6.932668020038135204e-01
6.135476648262193633e-01
4.731170300264659345e-01
3.125129254700793613e-01
1.560222167677830230e-01
9.942931503740832372e-03
-1.103413974954309540e-01
-1.819254655620665684e-01
-1.996781901992163155e-01
-1.721031946955827174e-01
-9.650518536148916526e-02
3.939955628183225422e-02
1.955087774771835374e-01
2.801160418212872982e-01
2.577632845332293310e-01
1.535692788012395227e-01
-2.559272869766229114e-03
-1.834859355364278355e-01
-3.652732972252126231e-01
-5.211078558717423537e-01
-6.187058876319735390e-01
-6.260682278907104825e-01
-5.401661535299168149e-01
-3.843517471639852912e-01
-2.007964836380700113e-01
-4.872443518878594865e-02
6.468348563049836075e-02
1.866678612146156213e-01
3.205063316817878261e-01
4.161105795289487541e-01
4.601532747904910625e-01
4.794349899081868926e-01
4.910491702079878285e-01
4.883563329773860096e-01
4.561055047130456175e-01
4.033684685804917458e-01
3.334231699118135328e-01
2.239598448287392629e-01
7.389639406785496190e-02
-9.244488373857646935e-02
-2.508836342905655381e-01
-3.815080200564898716e-01
-4.629611187448348097e-01
-4.915847442389540412e-01
-4.991434178377661679e-01
-5.051653122729946599e-01
-4.942742805412933538e-01
-4.389360674396106110e-01
-3.087923531758387519e-01
-1.027704921977213581e-01
1.009716581275481306e-01
2.038781019947641382e-01
1.954157442411312839e-01
1.258571934508471712e-01
3.811788210690851553e-02
-4.086533493643539766e-02
-8.360770569970700505e-02
-5.413348980709941499e-02
3.865158620502755216e-02
1.399979852176525819e-01
2.182288962550256728e-01
2.606754575205338931e-01
2.693763945957499129e-01
2.637153723885958811e-01
2.539166087776488223e-01
2.429204334671341281e-01
2.309955776571520070e-01
2.077616397939653359e-01
1.668624032651934708e-01
1.133597555391728101e-01
5.291895699436560685e-02
-1.175326671897420835e-02
-7.573750729046414831e-02
-1.319543609887358082e-01
-1.796724645270176557e-01
-2.130730035252229038e-01
-2.198810267998317636e-01
-1.948740592911938074e-01
-1.409649645985445732e-01
-7.271324421234619251e-02
-1.145546725914628472e-02
3.373640032783144227e-02
6.332160895271404799e-02
7.999285379739948243e-02
8.948947858790164134e-02
9.296492623868903016e-02
8.875394136112332855e-02
8.156581186517634918e-02
7.560602136887449587e-02
6.467262566717534022e-02
4.371309494373504939e-02
1.858942711771637349e-02
-3.726677828671370526e-03
-2.272984771373523852e-02
-4.133760276122779020e-02
-6.073570896269159941e-02
-7.691122634573809014e-02
-8.609841473350959840e-02
-9.258578376981872748e-02
-1.035617742978759137e-01
-1.190071591009627394e-01
-1.331622025011337807e-01
-1.374393492363601421e-01
-1.235387815780045750e-01
-8.542725404827805624e-02
-1.152072756584038640e-02
9.275199361703791168e-02
1.840939023723630052e-01
2.226244238029927991e-01
2.018177782379505514e-01
1.310989992041542429e-01
2.368604429251478655e-02
-1.051183366883062381e-01
-2.401547476889246413e-01
-3.629304228528995035e-01
-4.504821313798964555e-01
-4.793905051438340226e-01
-4.291382336668441155e-01
-3.134206795954123659e-01
-1.766392538360888886e-01
-2.959455699718532840e-02
1.195040797506694841e-01
2.319185027771760721e-01
2.961620638492665769e-01
3.279484918262907667e-01
3.387283846484120953e-01
3.365575404998156772e-01
3.232011195077020282e-01
2.925605900499981260e-01
2.437405090260964524e-01
1.826732554630554617e-01
1.185530687070291411e-01
6.205376704289969347e-02
1.859302944442017130e-02
-1.205189966011060987e-02
-2.983987589185844655e-02
-3.453519394425930145e-02
-3.029301033734260393e-02
-2.431402892104216756e-02
-2.002244342336750513e-02
-1.061565725798681303e-02
1.038522616146689628e-02
3.785508603260823862e-02
6.443001452379769345e-02
8.922419906870890371e-02
1.111658037368977447e-01
1.252436762379522395e-01
1.292012028700707804e-01
1.256613646958831543e-01
1.150892234650744556e-01
9.184677090315371273e-02
4.923421399580129448e-02
-7.430397932582693404e-03
-6.179486272288142734e-02
-1.080201594722788871e-01
-1.507299710654919078e-01
-1.931926278792402418e-01
-2.369994846946736067e-01
-2.811058221900885612e-01
-3.210556342152818265e-01
-3.504713708467271371e-01
-3.602782282910886869e-01
-3.346516478460941357e-01
-2.539668731386949818e-01
-1.476817677102947590e-01
-8.991806696426676848e-02
-1.026260427208922354e-01
-1.589528971550133729e-01
-2.318977913783059064e-01
-2.932622213796497457e-01
-3.091390120790938334e-01
-2.428898211206491631e-01
-1.094188699606686022e-01
2.805380464002221047e-02
1.549631956029932367e-01
3.021428114638007867e-01
4.565240480322648176e-01
5.628686605327902770e-01
6.039519972694494809e-01
5.971135410289415413e-01
5.550509686197545589e-01
4.881983393994180909e-01
4.078611851209255068e-01
3.238029920502926151e-01
2.389648012892254814e-01
1.538502382305592942e-01
7.117921972349186555e-02
-7.062516485497098706e-03
-7.872204791003659108e-02
-1.395541746828292684e-01
-1.844558716751366623e-01
-2.053526854374429222e-01
-2.042755691168405829e-01
-1.971947607725589857e-01
-1.901187267645098045e-01
-1.799683028658912720e-01
-1.681581085221259264e-01
-1.532903079589905682e-01
-1.309174578616102980e-01
-1.004168098124862407e-01
-6.568452453519758871e-02
-3.464296834237217543e-02
-1.147595930969995057e-02
