-1.935740925118132824e-02
-5.707437260286792047e-02
-8.844679881631234419e-02
-1.118757876573067550e-01
-1.254680898442337988e-01
-1.284268123390159000e-01
-1.230313480805992343e-01
-1.123246724706547101e-01
-9.808172227975935076e-02
-7.668009840596379245e-02
-4.060298411870474217e-02
1.371634054171494768e-02
7.391959084628485499e-02
1.191790356284508912e-01
1.444082860958151304e-01
1.538489116787928879e-01
1.488858266794602370e-01
1.344149813815116445e-01
1.164427912753496774e-01
9.570365138303048302e-02
7.145912439186367926e-02
4.833436053608559935e-02
2.846602335469844425e-02
1.229070791738255675e-02
-2.589785404105496291e-04
-1.834392978588944567e-02
-4.540535391260478587e-02
-7.669488077550434824e-02
-1.114877622004609159e-01
-1.518762925980801370e-01
-1.931029357817000691e-01
-2.240173015672008161e-01
-2.381777043758507295e-01
-2.297632658200596534e-01
-1.848045626244402551e-01
-1.218091518709701615e-01
-9.989043532100312650e-02
-1.427464706883056211e-01
-2.285643153558578056e-01
-3.271971075384322858e-01
-4.064319408605884809e-01
-4.337683090981003242e-01
-4.063182997331840074e-01
-3.495867713964188050e-01
-2.608384011338285569e-01
-1.041774823949926793e-01
1.224253227710652148e-01
3.819613012867543178e-01
6.223603690289758461e-01
7.702682303029413369e-01
8.029445562272927717e-01
7.503989800199597493e-01
6.392847245101986875e-01
4.951431073937269667e-01
3.393877709291625022e-01
1.877484935236475860e-01
5.265712899014707987e-02
-5.550278956054970764e-02
-1.304175318471311740e-01
-1.625648595046822464e-01
-1.582573342244837089e-01
-1.503330701020248461e-01
-1.550438248433087529e-01
-1.675240165909119838e-01
-1.840092282807439250e-01
-2.008352431313789321e-01
-2.127899046441840969e-01
-2.126744779080612657e-01
-1.956814291893616553e-01
-1.632466103690069503e-01
-1.138638661634223254e-01
-3.747881053542512914e-02
5.231620425999231050e-02
1.129198299009495227e-01
1.275782692754914571e-01
1.061005287857620938e-01
5.765139814899442050e-02
-4.662699995367988737e-03
-6.674010261671871336e-02
-1.186747156784338231e-01
-1.508845304076322502e-01
-1.510359309103354031e-01
-1.115289324877788146e-01
-4.806650394331309084e-02
8.974372263821040960e-03
5.133046837448849986e-02
8.490597394880328164e-02
1.078376244863136491e-01
1.145754451849258782e-01
1.034777053867023122e-01
8.398742761303890081e-02
6.597385364843535993e-02
4.801621409836642762e-02
2.726363809719910963e-02
8.776490448500876701e-03
-3.002068840445047421e-03
-1.282432998912667009e-02
-2.483716747862306506e-02
-3.507233912938782089e-02
-3.804256973753038229e-02
-3.556836650477550321e-02
-3.459906240999048588e-02
-3.634538160640429089e-02
-3.793158815398659650e-02
-3.625196275343738755e-02
-2.642246637946108617e-02
-4.551785675389881207e-03
2.168028741483945740e-02
3.745978547792592345e-02
4.070937481376341038e-02
3.774319542982530751e-02
3.220641133540892015e-02
2.633842072185677008e-02
2.173192022965230938e-02
1.879396483528619419e-02
1.719192744458427832e-02
1.465401638186674023e-02
6.833090415991701153e-03
-7.633937021402961362e-03
-2.409919481170284122e-02
-3.637856570139388901e-02
-4.165328926630958856e-02
-3.887787724403860001e-02
-2.858621884115547518e-02
-1.454083087500041005e-02
-3.972196307509856007e-04
1.309807602094218912e-02
2.643742641260115461e-02
3.917637472636834040e-02
4.906101491585013186e-02
5.361731881436011815e-02
5.299362318286256895e-02
4.846367869110480842e-02
4.119709734080708591e-02
3.499466934829720266e-02
3.327544525127657665e-02
3.388186588468483640e-02
3.238023957744083636e-02
2.693831063305901496e-02
1.683832056906967370e-02
3.833393290123898040e-03
-7.212651159800015713e-03
-1.506122081889691051e-02
-1.957146927325249461e-02
-2.215366384460582330e-02
-3.177525510947515341e-02
-5.412284380779761039e-02
-8.813142327361166151e-02
-1.314289634718716349e-01
-1.777163613178280588e-01
-2.196271060418065468e-01
-2.480293803808073794e-01
-2.495069321198591927e-01
-2.113349594435914858e-01
-1.220950347372443123e-01
4.474450449429128937e-03
1.205685562188123922e-01
1.977275615687051347e-01
2.430342266685976971e-01
2.675492950429273487e-01
2.731474684179144852e-01
2.565672908531988483e-01
2.206850852913915251e-01
1.740371003918639026e-01
1.259083778095606287e-01
8.540536589746820784e-02
5.847347573912348856e-02
4.448757085721928572e-02
3.131731179437929891e-02
4.403593130983905063e-03
-4.034939182153068904e-02
-1.018745958751121616e-01
-1.768478364517384605e-01
-2.585615097490996939e-01
-3.390944210832137484e-01
-4.092798039026079859e-01
-4.524835774821437950e-01
-4.444275580019102501e-01
-3.664405212164777992e-01
-2.015833226893685159e-01
1.761319405263254631e-02
2.011016620616378758e-01
3.102789710862842165e-01
3.597239844424408028e-01
3.615683847661600447e-01
3.287486094163163952e-01
2.753498369120795930e-01
2.125049288693527383e-01
1.487584850680504500e-01
9.321678257652921129e-02
5.639332851364581289e-02
4.073660390698059797e-02
3.385480754527155078e-02
2.461830226568437890e-02
1.126470232582555200e-02
-6.745691465798377140e-03
-2.825600277268292687e-02
-4.822585105958637763e-02
-6.122805672996556314e-02
-6.364426818396060059e-02
-5.467012723372677296e-02
-3.458616703824320127e-02
-1.700275611725952235e-03
3.957728762144125528e-02
7.213141822355488564e-02
8.237049839283949737e-02
7.093982388046671250e-02
4.224628313498143134e-02
7.488538708066215348e-04
-4.713956467405138601e-02
-9.442379005274233184e-02
-1.345270053985118952e-01
-1.619177456995328224e-01
-1.720006760987776717e-01
-1.601459176674489560e-01
-1.162569858964165592e-01
-5.093204332674877016e-02
-3.774591618810381292e-03
6.314161074538842539e-03
-1.501794275415483174e-02
-5.928491077117463426e-02
-1.149599373180596740e-01
-1.685788101066691691e-01
-2.052505559399082080e-01
-2.099280449492128275e-01
-1.681552612656007639e-01
-6.626462683349931826e-02
7.451449158777422033e-02
1.940665310248047559e-01
2.643406813678516043e-01
2.970492801512730208e-01
3.066177681032453695e-01
3.024808381760318854e-01
2.862701676385201455e-01
2.580052581770224118e-01
2.196936677902738277e-01
1.713007116558700471e-01
1.120016844877676221e-01
4.416945391141522542e-02
-2.144635873152733740e-02
-7.597953651505182093e-02
-1.251018544822741496e-01
-1.736612620082765845e-01
-2.200844694897297615e-01
-2.612947614129546015e-01
-2.928539050701857160e-01
-3.111925452680358029e-01
-3.105302953219788997e-01
-2.831103007301907781e-01
-2.199925643622427374e-01
-1.094407432547684078e-01
2.823843937137355056e-02
1.377136067874230874e-01
1.952251288352187808e-01
2.125925949898537226e-01
2.027013371653612894e-01
1.761034520572491158e-01
1.411362140357140249e-01
1.038385141688683566e-01
6.902625544772580946e-02
4.097522539254231516e-02
2.233613597600955097e-02
1.407764651966127677e-02
1.432802831684357354e-02
1.875758575808436981e-02
2.552059226284658644e-02
3.512592335099509744e-02
4.743577946569314807e-02
6.155928723605424979e-02
7.535471018293679601e-02
8.553943703170288626e-02
8.828357202714869068e-02
7.976172968143914466e-02
5.681089852008020663e-02
1.624370646549878547e-02
-3.553906725471807360e-02
-8.337908971863793040e-02
-1.223890366843859295e-01
-1.537756515557977821e-01
-1.767212542837751643e-01
-1.921300118140851221e-01
-2.010379795056867480e-01
-2.024051715371713300e-01
-1.927708589633082004e-01
-1.670957628237832171e-01
-1.197269842223936676e-01
-4.566566293467505533e-02
4.333017606030580698e-02
1.174400883686354119e-01
1.618415272220883883e-01
1.812764255410541925e-01
1.821544056188117711e-01
1.699807879386773801e-01
1.493848638337988977e-01
1.238342326817792466e-01
9.659283937392543207e-02
7.064736237735956548e-02
4.823558007122404762e-02
2.961873201267589684e-02
1.211553577157239645e-02
-5.721365692617361859e-03
-2.345232454442070999e-02
-4.238009177095228286e-02
-6.256360033420028943e-02
-8.206217977527857643e-02
-1.001212435084847807e-01
-1.154608456686171403e-01
-1.248269601784618710e-01
-1.247748353029630303e-01
-1.102680216581565925e-01
-7.467903668661418637e-02
-2.578538727772719877e-02
1.485612402576855229e-02
3.905477222194917580e-02
5.107214458638035387e-02
5.403552542104125833e-02
5.097725499098232360e-02
4.505079856878334288e-02
3.815406607456378607e-02
3.124730185758192724e-02
2.569432301622027320e-02
2.227449460590803440e-02
2.108835868911540512e-02
2.123300523810471574e-02
2.046350485837306749e-02
1.948805937712204742e-02
2.141684598589517485e-02
2.610669103930456786e-02
3.187744932724884128e-02
3.904772797433700426e-02
4.691680313718032957e-02
5.226669964796910178e-02
5.273649956334386379e-02
4.850199682955803199e-02
3.656558224896774151e-02
1.559617455158808334e-02
-5.703266859203155043e-03
-2.256034183755067229e-02
-3.764230777716947446e-02
-5.138739062621719422e-02
-6.236425884644994366e-02
-7.042071261820495587e-02
-7.634941641492647146e-02
-7.963638749326901189e-02
-7.964703587878023405e-02
-7.451052670491128960e-02
-6.003086040028100812e-02
-3.732970302571376325e-02
-1.537739499822084535e-02
-1.219974019382816070e-03
4.633386565096397382e-03
4.421759600070998032e-03
5.178586510905490436e-04
-3.542553394008893589e-03
-4.769457867706963089e-03
-2.362384233130303615e-03
5.629643580389924636e-03
2.083651827480707819e-02
3.989927668287870932e-02
5.658541867453376062e-02
6.520557818430652852e-02
6.187161896621173884e-02
4.906862340951884116e-02
3.435609268039367670e-02
2.153538171466039264e-02
9.774180668127366300e-03
2.221590089714205966e-05
-4.206824142675551562e-03
-7.204602181128038837e-04
1.040362100318582839e-02
2.614830396396536361e-02
4.156730021972152023e-02
5.269696144397252591e-02
5.696601129693559112e-02
5.570302410291783773e-02
5.249959063021166633e-02
4.789328015921510279e-02
4.217177189217181932e-02
3.630977322396043705e-02
2.877691554245587202e-02
1.773967931349065136e-02
3.286016694503015104e-03
-1.461374676725242516e-02
-3.531356012007241113e-02
-5.818096638299044554e-02
-8.577492348737839056e-02
-1.206316376590584605e-01
-1.617631076508783683e-01
-2.032391747882869304e-01
-2.367314554407307647e-01
-2.560970565288817613e-01
-2.557863942824099568e-01
-2.268243320745633729e-01
-1.586267573472787407e-01
-4.260025882522098378e-02
9.885316011689991578e-02
2.120349325254213269e-01
2.738577854073984685e-01
2.964815350214436429e-01
2.924130182110470932e-01
2.684936739117685378e-01
2.286573793954618239e-01
1.780222070468159556e-01
1.226122667689950874e-01
6.774668199686935399e-02
1.848151099136418826e-02
-2.089328643053799117e-02
-4.986786838601359184e-02
-7.351035731620908509e-02
-9.811945158793378141e-02
-1.252603808086602266e-01
-1.515502431460747923e-01
-1.739090504183248842e-01
-1.899422380870089411e-01
-1.957838874808482676e-01
-1.873788569411465321e-01
-1.606777334495717857e-01
-1.117381833757305765e-01
-3.795057005045143761e-02
4.785011715917609348e-02
1.167899959796214748e-01
1.544573145569296257e-01
1.677478120333564249e-01
1.664060316743462276e-01
1.569336668517883338e-01
1.426354239211450881e-01
1.241248758046408218e-01
1.021036671481293512e-01
7.759053764202729353e-02
5.148040827225490446e-02
2.453118983810471249e-02
-1.065234404745979760e-03
-2.343405312689435596e-02
-4.466060458531535826e-02
-6.520741458832080006e-02
-8.230609151387510702e-02
-9.494292075270517606e-02
-1.024189439714928013e-01
-1.026464187858434907e-01
-9.483608272829938124e-02
-8.069169976546430867e-02
-6.157332134238746590e-02
-3.760925951871187806e-02
-8.996473485253701427e-03
2.140317412326528043e-02
4.813865806303144895e-02
6.948828887975598556e-02
8.668419205014919748e-02
9.920758275701255235e-02
1.058250264312591976e-01
1.054866732785371408e-01
9.688479857784197680e-02
7.883715588755420278e-02
5.163586148390018893e-02
1.737206827262074288e-02
-1.561378291470095353e-02
-3.775076923084610264e-02
-5.106097868823936126e-02
-6.077173015760389818e-02
-6.790208459081757686e-02
-7.355489931765818445e-02
-7.942267035329401981e-02
-8.603049524429304262e-02
-9.214698988500266696e-02
-9.574855964701448063e-02
-9.395749574000676618e-02
-8.471318051218428014e-02
-6.549626471168526476e-02
-3.635655824250264012e-02
-3.543743135861603458e-03
2.530702493136101003e-02
4.344518061844093726e-02
4.831875260765712554e-02
4.114036422006825400e-02
2.521494363817137693e-02
6.939547732481416570e-03
-6.816064320246289707e-03
-9.183356730389349853e-03
6.523678118065077448e-03
3.621315874133566870e-02
6.088753432636515028e-02
6.755526775432273145e-02
6.006663124352608352e-02
4.621619960273857380e-02
2.980347683111417983e-02
1.258870323008902392e-02
-3.484129141731598552e-03
-1.571291071386617458e-02
-2.132473564440188693e-02
-1.943585358177987374e-02
-9.956599556750843349e-03
6.562231679501902629e-03
2.459639972325423224e-02
3.916336626639898427e-02
5.094236093545925770e-02
6.013209958875050110e-02
6.516165747080160386e-02
6.469108189003699994e-02
5.709896107500712220e-02
4.357133685024888736e-02
2.753926611013197967e-02
7.234526635877839770e-03
-2.275254483047927170e-02
-5.832761512599752424e-02
-8.556609906264614485e-02
-9.726767440013878163e-02
-9.544507246553789181e-02
-8.304123370007714111e-02
-6.306153570884934223e-02
-3.955197987368982288e-02
-1.722901736220189967e-02
1.435690809821954170e-04
1.250405649608342384e-02
2.224411721792197288e-02
3.031375626498619691e-02
3.582957414707550747e-02
3.913580709515650236e-02
4.246619006107370253e-02
4.645147143249725441e-02
5.040138172711434300e-02
5.392239612459599069e-02
5.619695643140084490e-02
5.605760372050840740e-02
5.221263485238502450e-02
4.306376566360829716e-02
2.641483788389778140e-02
-1.428998089272536746e-04
-3.441978398486959106e-02
-6.934841900320627694e-02
-1.010576610007511422e-01
-1.290235270244589061e-01
-1.513377129171016300e-01
-1.652245600288789473e-01
-1.684586363955398181e-01
-1.592842775014441659e-01
-1.371189853142044390e-01
-1.028650114303441415e-01
-5.593776247303697963e-02
7.637299020649203005e-03
7.727563032722285785e-02
1.274856928608322226e-01
1.504913380718302385e-01
1.540898548733379281e-01
1.442298370892193538e-01
1.250036967932358078e-01
1.005762470234275174e-01
7.583281695381174914e-02
5.342806879819169547e-02
3.585525895062786211e-02
2.604316936468731303e-02
2.395584098676706297e-02
2.393623229684081061e-02
2.012056342576813706e-02
1.420179840035772599e-02
8.967031308357572422e-03
4.937073370478370360e-03
2.045036204408745215e-03
-1.046168234725808333e-03
-5.393903433578465037e-03
-1.046262654849747405e-02
-1.525288917243753858e-02
-2.055491325118957713e-02
-2.751377991836308212e-02
-3.498467006761560999e-02
-4.115254660419108423e-02
-4.623630511868842552e-02
-5.051549094763344711e-02
-5.348045166460417554e-02
-5.572051615059576274e-02
-5.787510544840972909e-02
-5.869842411056546555e-02
-5.569493040493521396e-02
-4.706774643847974615e-02
-3.175060976331535445e-02
-7.645949879744692868e-03
2.140812855385236524e-02
4.311789336458908550e-02
5.115924448756409282e-02
4.836309324104857976e-02
3.863464351792243040e-02
2.512292147316717156e-02
1.049732657729032272e-02
-2.645120404153097210e-03
-1.191199754225295490e-02
-1.683590070842182901e-02
-1.812900907398564895e-02
-1.502522810350597274e-02
-6.630442293864311637e-03
4.459684983718293673e-03
1.416513002239714984e-02
2.178350874330220455e-02
2.963675320317714357e-02
3.859790012717648905e-02
4.658787957867409346e-02
5.192869133970338946e-02
5.406379420413488096e-02
5.266068582242366264e-02
4.699540757998577067e-02
3.416589073562760481e-02
1.520162710403222261e-02
-2.311700452948552663e-03
-1.387074283620016134e-02
-1.854235158323584015e-02
-1.465824290569726213e-02
-4.115913222037694344e-03
7.838348473680313913e-03
1.859722966377438252e-02
2.756664810932502041e-02
3.448647662623758464e-02
3.866841078715172603e-02
3.624134345051569644e-02
2.441618179156485047e-02
2.890913610924837358e-03
-3.001255054232770947e-02
-7.195321320357518646e-02
-1.150143431768060470e-01
-1.526505936430077315e-01
-1.807554651899646592e-01
-1.967474269012490784e-01
-2.001527951394460048e-01
-1.878163535438071852e-01
-1.518019176531301695e-01
-8.370783399519624024e-02
7.006127576493119749e-03
8.695193732066516801e-02
1.336642004300740705e-01
1.507746009291948408e-01
1.493050514734818868e-01
1.376463438684704388e-01
1.227387907038199472e-01
1.105466849260309942e-01
1.041079853028827884e-01
9.957132464346395151e-02
8.790330734138462887e-02
6.527173516988203639e-02
3.766330140734810289e-02
1.438837240048951131e-02
-1.587984718479560318e-03
-1.172313316802483379e-02
-1.775647569897096517e-02
-2.179225508628868102e-02
-2.453985158452470783e-02
-2.581347268044188736e-02
-2.514964769303577527e-02
-2.236343383005395466e-02
-1.851173572964608799e-02
-1.483020087231304469e-02
-1.208504922315635846e-02
-1.209434198912448868e-02
-1.583682016320142952e-02
-2.204914671829693099e-02
-2.975542567531207216e-02
-3.841880763068441368e-02
-4.713294124736402968e-02
-5.428412467437245675e-02
-5.823669205562230500e-02
-5.732094342667186371e-02
-4.856681229244157877e-02
-2.927112673725480382e-02
-2.707616703111924948e-03
2.140335140793076657e-02
3.704621493996860387e-02
4.528021790387357082e-02
4.861815109191891526e-02
4.788607958043131912e-02
4.302509733830885141e-02
3.520295811788266838e-02
2.614881369671574751e-02
1.721713310952388901e-02
9.868300892836238958e-03
5.309305280296705391e-03
3.004002087896553291e-03
1.740739836530610235e-03
1.894583241709285430e-03
3.592906193556619394e-03
6.395376492956711401e-03
9.619970892240325283e-03
1.128627497757011405e-02
1.028164818717214324e-02
7.388937395232498574e-03
4.134666026194516557e-03
1.522295581770835397e-03
-8.821339424613509374e-04
-3.691387728304070664e-03
-7.234646862463682895e-03
-1.103406529218887468e-02
-1.473824530948230835e-02
-1.962892005357952038e-02
-2.576186786456960073e-02
-3.188518597986310377e-02
-3.706654481790768590e-02
-4.036135456248783615e-02
-4.089491304059306859e-02
-3.687079936678818587e-02
-2.528323607973913256e-02
-3.550855643062639060e-03
2.222869319211732281e-02
3.850912745906898832e-02
3.920197431894809070e-02
2.440317988002687483e-02
-2.927912792399874412e-03
-3.478038423858209605e-02
-6.345398854145861689e-02
-8.253526255564183622e-02
-8.632394037282180299e-02
-7.170184913150914885e-02
-3.567445837989352553e-02
1.479657514011840577e-02
5.891674419077864294e-02
8.515539178406811294e-02
9.598659409824861211e-02
9.516816850066689426e-02
8.563846571570395139e-02
7.058614745823389713e-02
5.311266492165959974e-02
3.551654511052265706e-02
1.942787371639903560e-02
6.077295345483284261e-03
-4.313805821290132674e-03
-1.259061629658305564e-02
-1.830143711798919159e-02
-1.992262059719195413e-02
-1.777679041188003073e-02
-1.396154594691735411e-02
-1.085229410363417607e-02
-9.611621730787592646e-03
-9.864037942657357533e-03
-9.492881067634521136e-03
-5.231303843482796277e-03
5.082181403140318722e-03
2.172824699244955970e-02
4.150477934640652011e-02
5.759232846494458796e-02
6.599316043590049141e-02
6.804578913660570827e-02
6.568335814286878349e-02
5.991594820702356855e-02
5.160085477970016710e-02
4.176318326069475284e-02
2.967944067962323407e-02
1.307386368510923651e-02
-7.276217857905867628e-03
-2.969884987629043543e-02
-5.100874013656920419e-02
-7.085516350772393113e-02
-9.945692980125184213e-02
-1.434626684037773325e-01
-1.984428748221425953e-01
-2.569166637773740436e-01
-3.110692569759415660e-01
-3.508156352063187544e-01
-3.629230564252263758e-01
-3.330282236596620593e-01
-2.462435109254259014e-01
-8.595720962708278123e-02
1.155519763370872754e-01
2.761350886933341409e-01
3.637405759838038266e-01
3.955882079299604115e-01
3.875607341370997383e-01
3.531721977201542906e-01
3.032590304750214516e-01
2.458755831769597888e-01
1.862166954245439432e-01
1.281756573081097583e-01
7.428878843120012565e-02
2.553175021935724306e-02
-1.624747142664791782e-02
-4.773465902985653264e-02
-6.871469136355622120e-02
-8.303890750526171649e-02
-9.322109700230246654e-02
-9.955268205359715794e-02
-1.022621552321790611e-01
-1.017274541455715081e-01
-9.860872559793869285e-02
-9.326347506738696946e-02
-8.458622339381347000e-02
-6.982953995954695181e-02
-4.844846720569619819e-02
-2.488367506297451889e-02
-4.145211631302160929e-03
1.184103226283725156e-02
2.354022383956452455e-02
3.133804406701453521e-02
3.403492632329498113e-02
3.068518321918381128e-02
2.184323034108631711e-02
7.231772636783531313e-03
-1.176479449954915060e-02
-2.999346323182332588e-02
-4.359982504955568078e-02
-4.999579908667643735e-02
-4.638604754101384453e-02
-3.275828197463408892e-02
-1.234307828861400808e-02
1.158980730864770346e-02
3.706199997635236526e-02
6.195414225832694688e-02
8.261319661069070619e-02
9.449689938356391206e-02
9.347021183526159349e-02
7.647233070438751168e-02
4.623592993476659252e-02
1.172938725511471839e-02
-2.111771381243063989e-02
-5.054756744883556058e-02
-7.406697128864275781e-02
-8.986096131691768962e-02
-9.851045864449935185e-02
-1.017142859904018176e-01
-9.966634623933089132e-02
-9.005314783368734144e-02
-6.914857578161669183e-02
-3.281318546589586521e-02
1.155129231297773867e-02
4.598170254873490403e-02
6.420914077399667019e-02
7.028924109804743359e-02
6.878130241397528710e-02
6.366599131354122587e-02
5.623980331831445606e-02
4.669473195167121032e-02
3.577968718630739065e-02
2.416755519683114889e-02
1.192693473201474411e-02
-7.793927306960495190e-04
-1.169162833122771271e-02
-1.782597896519353547e-02
-1.972526135916495213e-02
-1.830813594056203072e-02
-1.272544341283672956e-02
-3.289546788304358385e-03
8.688126197453072130e-03
2.181268830619048985e-02
3.382528127641803301e-02
4.158300840934373022e-02
4.306988614885215449e-02
3.650572899150030665e-02
2.117690725897358045e-02
1.099677704491452664e-03
-1.756058934572586952e-02
-3.026534600812692821e-02
-3.531901714069538012e-02
-3.259460229432089434e-02
-2.189007784599564937e-02
-5.412690712108520971e-03
1.234329297902039303e-02
2.767628807184277853e-02
3.701577290964971206e-02
3.793144224986527008e-02
3.158700477799631506e-02
2.107427383107809971e-02
7.954970989554954047e-03
-7.546350922000425940e-03
-2.349892998207236267e-02
-3.806699069180136119e-02
-5.079713016017337046e-02
-6.066009023903048969e-02
-6.561378715744015100e-02
-6.269045472413933839e-02
-4.892079214360673528e-02
-2.179468913204624797e-02
9.549202517094665388e-03
2.658688671331443931e-02
2.485781817183606301e-02
8.534603276771936947e-03
-2.125453416665588555e-02
-6.043624404573856579e-02
-1.022936265078143447e-01
-1.406151606073387517e-01
-1.664636332261091312e-01
-1.677491752631702360e-01
-1.351482060002070218e-01
-6.307322237207896309e-02
3.196959047007941201e-02
1.133570403537015742e-01
1.668554912845243710e-01
1.985632547677669280e-01
2.140735929628936884e-01
2.177842542422759320e-01
2.107174880728961142e-01
1.910045824367133105e-01
1.582214844425593459e-01
1.171428297311112587e-01
7.211036651541737064e-02
2.345268063451411492e-02
-2.348256817482773443e-02
-5.936797194501056835e-02
-8.278736028134549285e-02
-9.849567789364348236e-02
-1.109522011562617261e-01
-1.213141644326415636e-01
-1.274003310851665460e-01
-1.278698244069469137e-01
-1.233636893154070047e-01
-1.129446929307761499e-01
-9.362754064609496440e-02
-6.423945502678277131e-02
-2.854168477925849920e-02
4.400373447029357933e-03
2.803914534705127803e-02
4.329510072560735501e-02
5.296721873015180354e-02
5.791797455239848513e-02
5.745853198164009579e-02
5.218771464879506938e-02
4.444072235288452910e-02
3.733305410941241409e-02
3.373388738809982718e-02
3.526308992992792379e-02
4.398047460352026011e-02
5.634837273296467580e-02
6.271774966216667191e-02
5.970294649232683187e-02
4.995571720790785430e-02
3.522105635838636978e-02
1.642607903153813290e-02
-4.977209108159582653e-03
-2.695653653600196126e-02
-4.846547171941079091e-02
-7.043329874116779910e-02
-9.402141946772758774e-02
-1.174058967813608051e-01
-1.352269494833867047e-01
-1.424415139763859084e-01
-1.380125524498784229e-01
-1.201009115687514256e-01
-8.291576936527560171e-02
-3.341545865722759384e-02
8.000593387180296792e-03
3.394262256107595521e-02
5.199243284497664236e-02
7.051432301655181922e-02
9.240941487359155548e-02
1.137209257602605494e-01
1.283612330503976218e-01
1.337199825657391927e-01
1.316081267392408272e-01
1.238005737669109069e-01
1.104967258282825160e-01
9.115408919750841998e-02
6.587007877251485621e-02
3.685420224331326100e-02
6.550508785039339983e-03
-2.412721760859233566e-02
-5.499145824630347068e-02
-7.927144326486992854e-02
-8.851254069804943836e-02
-8.704490848580420659e-02
-8.399403464039481571e-02
-8.310884633244763897e-02
-8.496661498972403470e-02
-8.836576091644980646e-02
-9.111046451866462725e-02
-9.020733402894147435e-02
-8.192547321465520893e-02
-6.199036304508006440e-02
-2.715114871363974447e-02
1.552259405597360663e-02
5.103675995123181652e-02
7.353880885439087467e-02
8.463080454732191393e-02
8.569817051145812992e-02
7.915783568943415838e-02
6.820946763603472074e-02
5.592221146848013608e-02
4.486434710954895211e-02
3.636954797454051980e-02
2.983440108533275820e-02
2.365204062933306400e-02
1.600171069568987609e-02
4.714895904064353091e-03
-1.197070178128932690e-02
-3.263739551743292944e-02
-5.212511262832220105e-02
-6.566730757403206609e-02
-7.170983706766426158e-02
-7.023878709060794867e-02
-6.166704695177786105e-02
-4.646869176677605184e-02
-2.430837103277767516e-02
4.073263235756545940e-03
3.526682479130373998e-02
6.126476256158679135e-02
7.430666812664481202e-02
7.470774686127587549e-02
6.739069826711806266e-02
5.576715365519503698e-02
4.058448832306163490e-02
2.301020846693748942e-02
5.286443164716363857e-03
-1.116176122826329289e-02
-2.555514105958286639e-02
-3.764665308763326390e-02
-4.415677112546839006e-02
-4.160100438682757390e-02
-3.384348629744693415e-02
-2.545826709763169410e-02
-1.522015747491686430e-02
-3.564277394701896411e-03
4.216835901779186421e-03
6.117328676024949563e-03
4.210959070038945359e-03
-1.140911774944229976e-04
-6.127167712997706218e-03
-1.237994132644213048e-02
-1.360551116427951429e-02
-7.119306607689749808e-03
6.084020993224486694e-04
4.564420887361053149e-03
4.553100565568206880e-03
2.870021630785395648e-04
-7.632844040458186888e-03
-1.695523530957842445e-02
-2.433279425682870548e-02
-2.703872871113249463e-02
-2.430318321273147730e-02
-1.591724068925456231e-02
-1.833093148856477974e-03
1.335275759308265746e-02
2.276380979085899925e-02
2.551544531680218289e-02
2.456385759803065422e-02
2.157750489969919791e-02
1.789589238306493052e-02
1.483104633105532602e-02
1.308176092856057002e-02
1.284440146809209989e-02
1.363940547409993667e-02
1.553485935760063816e-02
1.830868522765692272e-02
1.922876688136742132e-02
1.522237288250283781e-02
7.051941951504188746e-03
-2.421109350849395391e-03
-1.219356667638984981e-02
-2.168528446681692798e-02
-2.954023231372471942e-02
-3.384666955626063067e-02
-3.323055313295210367e-02
-2.825510022014719042e-02
-1.957115070164283654e-02
-9.808820696073809048e-03
-2.474925355249917806e-03
3.230631787559361777e-03
8.932136712954881139e-03
1.448235958001919607e-02
1.950324365353514611e-02
2.417147558275584487e-02
2.951673528535943281e-02
3.638798116790981779e-02
4.324154272916855279e-02
4.571368311729329809e-02
4.021666369884620285e-02
2.905639712425502064e-02
1.694405454115507567e-02
4.802084386770259783e-03
-7.549785955599025086e-03
-2.053729886142157887e-02
-3.470310873474128505e-02
-4.870554384188591213e-02
-6.008516952696912189e-02
-6.720834287253502071e-02
-6.901237968665686895e-02
-6.404240189546912820e-02
-5.169856400824369980e-02
-3.295091985016575936e-02
-1.195485011894188015e-02
5.587851001071075102e-03
1.715507357943219999e-02
2.337140699045691175e-02
2.630960006482523095e-02
2.775926717663206034e-02
2.859335246219215504e-02
2.888834722452663512e-02
2.904594023091478308e-02
3.025170179309811733e-02
3.141706503334483480e-02
3.276827279767565576e-02
3.675056909115041043e-02
4.275261692222007137e-02
4.995465964518872037e-02
5.850129265066986856e-02
6.680946225656494986e-02
7.270566087954449808e-02
7.527466813289453162e-02
7.324806015825845174e-02
6.391723916028174690e-02
4.563556435057795901e-02
1.795644792948664081e-02
-1.640667544994710986e-02
-5.508321510713371644e-02
-9.866836448705172680e-02
-1.445243714964181136e-01
-1.907935829106261749e-01
-2.375345416026291290e-01
-2.802613352207283803e-01
-3.094420740549931326e-01
-3.140555175822823397e-01
-2.839324747281829486e-01
-2.090520116650944615e-01
-7.908000649188527686e-02
8.221775347951147672e-02
2.145846061640836744e-01
2.904716167401160121e-01
3.202122644432970899e-01
3.163474293310102881e-01
2.909152342182847462e-01
2.543981731786129630e-01
2.124377698590899644e-01
1.675199259316457467e-01
1.212247459933800953e-01
7.348648872138008326e-02
2.326359268244686945e-02
-2.542816477781121437e-02
-6.421774528932462645e-02
-9.143686470365912367e-02
-1.105457975568975987e-01
-1.228195582111211437e-01
-1.282275504248350795e-01
-1.274640364763670874e-01
-1.211807280306447521e-01
-1.094372705056868011e-01
-9.205836399965970640e-02
-6.817168254919565851e-02
-3.634594217660590959e-02
1.532375660234936050e-03
3.638728226144467143e-02
6.030619555653464470e-02
7.343842899055416651e-02
7.762404128022126759e-02
7.419863085926223234e-02
6.600252294024024080e-02
5.577046461163168156e-02
4.412279079439129087e-02
3.006337544968391839e-02
1.298634878407829533e-02
-6.839088405984328732e-03
-2.273355555089991847e-02
-2.803187421590379313e-02
-2.820062419707382306e-02
-2.910523376050833805e-02
-3.073458590463750903e-02
-3.276954978058062296e-02
-3.456351713653426500e-02
-3.489740608893240892e-02
-3.186174962409865641e-02
-2.431317693720217582e-02
-1.186343585824092134e-02
7.669612071176530946e-03
3.668548790102141993e-02
7.147535447804526099e-02
1.019812208628712580e-01
1.215143898675718898e-01
1.301324693471617444e-01
1.296844678785500360e-01
1.216360050915345631e-01
1.070312294701325911e-01
8.711731302356875983e-02
6.366776541339060069e-02
3.982615483455737015e-02
1.481176288624960757e-02
-2.001765137610415912e-02
-7.151997419002156797e-02
-1.402253472393011624e-01
-2.233984218831246149e-01
-3.147968769916076881e-01
-4.058646111490823993e-01
-4.878415590451293804e-01
-5.500825700369725846e-01
-5.757212170865112499e-01
-5.399522924871260621e-01
-4.179755122444727689e-01
-1.913397222648539064e-01
9.866479438936584523e-02
3.467122349176709473e-01
5.009881547317331929e-01
5.763164251560561890e-01
5.909481897321118282e-01
5.598395078735631802e-01
4.969233053678366874e-01
4.146674604598152292e-01
3.228268308474889214e-01
2.296722286722584494e-01
1.430280681555574085e-01
6.807331092846471976e-02
6.007434803678355500e-03
-4.164123980890885313e-02
-7.221840566506317061e-02
-8.848879781393169386e-02
-9.422106089622880876e-02
-8.934664418758872517e-02
-7.673985973954106088e-02
-6.255741159759491132e-02
-5.055178443298920243e-02
-4.240950242108827706e-02
-3.970338044336155225e-02
-4.387593557171380609e-02
-5.104560371850543066e-02
-5.784442549168400394e-02
-7.052543283220893966e-02
-9.206290599372762840e-02
-1.186020215934351640e-01
-1.468101726460896983e-01
-1.728973055157975169e-01
-1.920715799913961241e-01
-2.005532892580944859e-01
-1.940690622790088860e-01
-1.651221771613911593e-01
-1.063216076890298456e-01
-2.206894608565459354e-02
5.684391445142885496e-02
9.649640269777880197e-02
9.303172844405024899e-02
5.980357985049505887e-02
1.119706656352747326e-02
-3.982729498162718151e-02
-8.237680963846927273e-02
-1.057991380245496826e-01
-9.863098961016335264e-02
-4.941473475125759268e-02
5.122013979013247120e-02
1.780357253431034126e-01
2.715105530309357418e-01
3.083823505764087813e-01
3.033746960536448101e-01
2.694057356836866979e-01
2.200883383691299156e-01
1.715362618883419232e-01
1.310161948253971420e-01
9.607305669057301933e-02
6.345762763852136334e-02
3.069544778260308374e-02
-6.224451080198093594e-03
-4.118840491826161049e-02
-6.276937977215951703e-02
-7.485202266241505753e-02
-8.405265823650179269e-02
-9.121632264721807326e-02
-9.825550001140204159e-02
-1.062984119870938743e-01
-1.150094522200702241e-01
-1.221699273060534857e-01
-1.223485599881513619e-01
-1.080175802923201145e-01
-7.251135920174642258e-02
-2.600628526007222469e-02
1.114117021419609548e-03
-5.377192959817984896e-03
-3.777237745133119051e-02
-9.109384263103899315e-02
-1.593937605230834609e-01
-2.314073050521545383e-01
-2.941828818319627281e-01
-3.323231684209205783e-01
-3.290261640174884095e-01
-2.664766274871266383e-01
-1.256670326384440595e-01
6.363920915073853490e-02
2.212749055736150106e-01
3.137254687583115320e-01
3.548027616514476401e-01
3.583711073822947735e-01
3.378082502812231880e-01
3.032440413979493599e-01
2.600849857362989570e-01
2.107436544290353930e-01
1.577509861069048280e-01
1.040302414723322799e-01
5.081889615696325024e-02
2.190917483919993178e-03
-3.407771360432934604e-02
-5.646210529790752358e-02
-6.891089449030010639e-02
-7.403877725212545946e-02
-7.362343390727044135e-02
-6.909760117186747319e-02
-6.158754791543046697e-02
-5.357133316745878171e-02
-4.753650225916959682e-02
-4.483273301732141475e-02
-4.661954112200444866e-02
-4.899206173123203667e-02
-4.535742243910044491e-02
-3.584880451717004785e-02
-2.356557180092116316e-02
-1.051127497541613255e-02
1.245453913845759146e-03
1.007293677488034153e-02
1.518630817044485173e-02
1.659809085773482351e-02
1.414642003702969164e-02
7.706578853543428163e-03
-2.562265865993261678e-03
-1.531501362751432407e-02
-2.855414643918739726e-02
-4.057702179394729464e-02
-4.846674562217127141e-02
-5.103997944448639135e-02
-5.024300744204815428e-02
-4.574156456112807995e-02
-3.665279355128911454e-02
-2.563862458037135736e-02
-1.443429587400663246e-02
-3.258258253052430994e-03
7.078635924717188894e-03
1.545664132484568173e-02
1.971345796399148059e-02
1.890898174384068528e-02
1.497054927783124205e-02
9.802625836076876709e-03
3.916460219938652440e-03
-1.302395241501529306e-03
-4.383965931315074623e-03
-4.908325335850214667e-03
-1.698020520631971300e-03
6.946942240814023457e-03
2.067146607359938992e-02
3.587221043653590624e-02
4.765961346315229080e-02
5.307509357104135683e-02
5.383947990031467262e-02
5.391215147520204282e-02
5.481958325207304111e-02
5.632182128866360799e-02
5.700437847434407235e-02
5.391167902000260082e-02
4.456127518955319000e-02
2.690304917397759107e-02
-1.512643388406052910e-03
-3.475316455299520130e-02
-5.970084395851810166e-02
-7.244181370602788272e-02
-7.632011913907582601e-02
-7.411056408907301662e-02
-6.833691982783521301e-02
-6.089054172492813777e-02
-5.282064099293778958e-02
-4.418563432243272082e-02
-3.449103835323989037e-02
-2.209527599863654601e-02
-4.693756949356996111e-03
1.662309403379556502e-02
3.689248413705699392e-02
5.191320558669202528e-02
5.989554661189173262e-02
6.077420231088505320e-02
5.513619414530661345e-02
4.345089926023124050e-02
2.779028364718391653e-02
1.061277511232594159e-02
-8.396367706592812105e-03
-2.821635415625120200e-02
-4.445855192488714497e-02
-5.277666341846268261e-02
-5.258295582548457026e-02
-4.719294778479926622e-02
-3.994484482726225888e-02
-3.345001397496361051e-02
-2.725419324926656520e-02
-1.929914021100263485e-02
-1.102095589828139960e-02
-5.564893854827193849e-03
-3.678061409213531814e-03
-4.224635123830061678e-03
-4.839324433364030308e-03
-1.060967803128273421e-04
1.126666371234430648e-02
2.469093227148648484e-02
3.776601423749575970e-02
4.912907013602572925e-02
5.768628198277440250e-02
6.374936154724800130e-02
6.624252301806457521e-02
6.228729641649238813e-02
5.057551028191902692e-02
3.163641033721212997e-02
7.080622606112508231e-03
-1.378364527780601319e-02
-2.118459384190744810e-02
-1.880241577948349452e-02
-1.330061240348150153e-02
-6.112925218813874961e-03
2.077198791270959063e-03
1.034332856008902436e-02
1.693321634450935254e-02
1.963753378722542242e-02
1.619357309329785138e-02
4.167819554206665493e-03
-1.804561765072069252e-02
-4.392546808278255388e-02
-6.242508899100812636e-02
-7.080113053860249972e-02
-7.099666098544195336e-02
-6.596692402166667857e-02
-5.846489356032458229e-02
-4.895358632887678724e-02
-3.729058395440019991e-02
-2.285257077154552799e-02
-5.143559694496538208e-03
1.448044363390172187e-02
3.307795879519802307e-02
4.921781794354054135e-02
6.197210219947132254e-02
6.952794043641064015e-02
7.147074504907026393e-02
6.905851741681601208e-02
6.347367311981728932e-02
5.456781524854462107e-02
4.177831273750455543e-02
2.530346285290396152e-02
6.288308220970255380e-03
-1.351137236612260165e-02
-3.345945035833094994e-02
-5.024663720603450567e-02
-5.833713040605380262e-02
-5.876487134221668185e-02
-5.571757455545713056e-02
-5.124539338741087441e-02
-4.754842501426245066e-02
-4.588602669280577445e-02
-4.500367412757941971e-02
-4.258968230664073734e-02
-3.761186269865669091e-02
-3.032747781561593095e-02
-2.021448308476081479e-02
-5.012495376812922503e-03
1.364349168685300567e-02
2.878383459078265316e-02
3.785834833724267823e-02
4.339346081650903575e-02
4.840467710709118326e-02
5.583440649395027267e-02
6.570479982483627690e-02
7.436511364842224303e-02
7.667807980075819207e-02
6.833373777043233455e-02
4.671066806062385002e-02
1.664894421169546557e-02
-9.138043974706858835e-03
-2.379849632798062067e-02
-2.890203187208943356e-02
-2.739898531518101046e-02
-2.149627966794039752e-02
-1.348498727462011867e-02
-6.144058260566163249e-03
-1.289724666858419085e-03
6.936866347539115407e-05
-3.495670149911540413e-03
-1.347793021442244416e-02
-2.579845185572351984e-02
-3.341704034405637569e-02
-3.765770399595302909e-02
-4.324221399807138405e-02
-5.031077198702280096e-02
-5.765920902179422214e-02
-6.438731690054262657e-02
-6.923006913858120726e-02
-7.058924807193373008e-02
-6.659068315452279507e-02
-5.431153717113103990e-02
-3.026163897284375737e-02
4.756480532529055137e-03
4.304629705555132468e-02
7.645593246068861648e-02
1.017707400854110655e-01
1.186005270609379325e-01
1.277714027768671046e-01
1.311172365934417383e-01
1.298136881695843292e-01
1.233230411599229304e-01
1.091639646322645762e-01
8.393239400982369092e-02
4.626738663922974615e-02
5.342836723147920130e-03
-2.234385397832752002e-02
-3.142365537024260913e-02
-2.760348574242384861e-02
-1.712128856974138094e-02
-3.936153349129424550e-03
9.882369399373220481e-03
2.293244450259421946e-02
3.388325787928881533e-02
3.938625762511991507e-02
3.440335793739115328e-02
1.557416697056468978e-02
-1.914039989074019232e-02
-6.948769327648408878e-02
-1.311587436587326738e-01
-1.985888744640024739e-01
-2.661252663725859890e-01
-3.279175076009794854e-01
-3.767909480004880129e-01
-4.041985835912138003e-01
-4.004584140053156771e-01
-3.531504471770444686e-01
-2.495397666804053671e-01
-7.707227561134644134e-02
1.338137520769095701e-01
3.044335676760074882e-01
3.992394191204783893e-01
4.338181188271860722e-01
4.251327139459564752e-01
3.867540291166090549e-01
3.302564603583961200e-01
2.649075175105478075e-01
1.976401916841749873e-01
1.342881949509068806e-01
7.981898588188802990e-02
3.688085252309351858e-02
5.781308859448778398e-03
-1.559510201397966422e-02
-2.978047009656231703e-02
-3.745002986174852944e-02
-4.022711786383813964e-02
-4.084008898540310295e-02
-4.076870067583257540e-02
-4.063635520503783294e-02
-4.060529167471206569e-02
-4.037619854564036825e-02
-3.957648077024555899e-02
-3.775242510940164664e-02
-3.548517365300044718e-02
-3.784937039933098518e-02
-5.161093617171068348e-02
-7.835815973293074055e-02
-1.160589410187627402e-01
-1.595837813080438761e-01
-1.996470835166193059e-01
-2.280666450546023627e-01
-2.384721804234095077e-01
-2.236495684978587473e-01
-1.750338140848177182e-01
-8.110569169848351467e-02
3.833857989375497738e-02
1.302626340824246942e-01
1.744024686799540425e-01
1.814210553724253105e-01
1.604864820613395859e-01
1.222940635831687717e-01
7.806348703214435747e-02
3.565892907254152033e-02
3.381729642905340061e-04
-2.171855659900854413e-02
-2.353984631902237418e-02
1.105642616757227317e-03
4.554801471569197568e-02
8.746687010635184611e-02
1.132262693160327321e-01
1.243079154003670500e-01
1.245847079428581972e-01
1.163417607798074155e-01
1.005527037164669762e-01
7.960212673044404774e-02
5.760830135097870508e-02
3.443316815122556690e-02
5.867640820256448189e-03
-2.912118872969864103e-02
-6.336582130513801481e-02
-8.755206904540374646e-02
-1.004985141621789341e-01
-1.045076559200862898e-01
-1.020166009513308047e-01
-9.598004724126742160e-02
-8.716046103290304992e-02
-7.674589223920290360e-02
-6.645491775068956830e-02
-5.513154125203597461e-02
-3.967236240409789672e-02
-1.835692663779803224e-02
4.932005113918391803e-03
2.213971486550597029e-02
3.025848730850643625e-02
3.102204613171945236e-02
2.672495771038318688e-02
2.036928816545130472e-02
1.403327748321834580e-02
9.475006771394040017e-03
9.036951718942486805e-03
1.305457487522927382e-02
1.972816436489324698e-02
2.868816843397555688e-02
3.440880866686660267e-02
3.029288521229093339e-02
2.278196440829982974e-02
1.725665052301778718e-02
1.069220662305057044e-02
1.978987349192089934e-03
-7.607498855384216448e-03
-1.591224269959843826e-02
-2.119301037077209182e-02
-2.240020993814018785e-02
-1.899267822787427742e-02
-1.092753973185578084e-02
8.568504634646825768e-04
1.339379050311295151e-02
2.302535688391364396e-02
2.702759478299324516e-02
2.490607589410022762e-02
1.905197675181331818e-02
1.239734331755375576e-02
6.020610014976376066e-03
-2.936440061429602955e-04
-7.527166386434500783e-03
-1.551780650845930101e-02
-2.154494425955184866e-02
-2.187557027500111606e-02
-1.818054170467892430e-02
-1.719592539777191342e-02
-2.041608881836715073e-02
-2.649651964312291913e-02
-3.594625317597729269e-02
-4.762786734785176557e-02
-5.815158840454955763e-02
-6.431498642781022235e-02
-6.379925966919756941e-02
-5.393490669929016518e-02
-3.301475360415156990e-02
-1.988181623442399591e-03
3.147233070760646623e-02
5.717040414409853277e-02
7.304254009443714168e-02
8.040735957775735354e-02
7.991074007959769743e-02
7.401822163986034042e-02
6.488913342180260835e-02
5.358497017257130707e-02
4.105365271329132482e-02
2.836665990102087143e-02
1.619430987580195921e-02
6.731232391167286250e-03
8.913237870835540033e-04
-3.387514080317838641e-03
-4.148367439635717614e-03
1.359993493186953395e-03
1.075480380471987782e-02
1.964972967311449589e-02
2.625416941924679087e-02
3.191118436707283262e-02
3.724120168380939955e-02
4.011764872284959149e-02
3.714245656577699894e-02
2.707086944698059577e-02
1.228974920748551053e-02
-2.775556721169773408e-03
-1.452014949855193020e-02
-2.273148535552441812e-02
-3.074628864388620486e-02
-4.167427478212354375e-02
-5.545813804247796963e-02
-7.047027451731463499e-02
-8.327734539906775368e-02
-8.584552598663941492e-02
-6.823603241621793714e-02
-3.675510244319667164e-02
-1.584742420206754904e-02
-1.910494375847547610e-02
-4.289960719588700733e-02
-8.215721201217636438e-02
-1.327501426992835909e-01
-1.873491364766480261e-01
-2.351059153791067169e-01
-2.640328206474432671e-01
-2.604127920308762500e-01
-2.072266607840085317e-01
-8.899571320720392476e-02
6.901836260200701345e-02
2.020516899002528510e-01
2.810175061893223636e-01
3.168377800299261304e-01
3.227535166032988179e-01
3.092789764794596774e-01
2.833130064496022227e-01
2.493064684114139617e-01
2.089161158968039778e-01
1.629020623720785765e-01
1.138279229205567955e-01
6.264861332892651680e-02
1.114389753655839824e-02
-3.394629784149408303e-02
-6.720206084508187350e-02
-8.669113436255701521e-02
-9.447829829806411728e-02
-9.507458138609319043e-02
-9.281315215987767653e-02
-9.279206944647268307e-02
-9.673593016441933701e-02
-1.016866094204920135e-01
-1.056697026075922863e-01
-1.088114652379807701e-01
-1.091893265793413281e-01
-1.037023617399760872e-01
-8.995120277072532478e-02
-6.755936204768908659e-02
-3.832557569078812870e-02
-7.296215367900892902e-03
1.804028940246935053e-02
3.592693125855057901e-02
4.812552159755966591e-02
5.455399009365144436e-02
5.503441751179047325e-02
4.929271010053849766e-02
4.036901472223573123e-02
3.287844770146758355e-02
2.624613488064785408e-02
2.034583112427983120e-02
1.771454220094553778e-02
1.786958510617038878e-02
1.908164236447205259e-02
2.120119175302441136e-02
2.280595544398831762e-02
2.240563637306430128e-02
2.053445623415699889e-02
1.714861787579304367e-02
1.159179266988003519e-02
4.876934070796620606e-03
-3.448353855472121449e-04
-3.859705542723859510e-03
-8.738070087288347249e-03
-1.675671333060352319e-02
-2.568741495887098478e-02
-3.302153707974807284e-02
-3.896240583629946574e-02
-4.270088019944591473e-02
-4.016218239133629436e-02
-2.807890645905702226e-02
-6.661726817210365109e-03
1.855824679495359647e-02
4.018730782993412687e-02
5.774428986613932419e-02
7.478196990417615431e-02
9.241473337741375194e-02
1.097699567409224364e-01
1.257035141321386496e-01
1.378236673889691732e-01
1.392459414874666901e-01
1.207005246200061332e-01
7.836912849595584207e-02
2.031668911583473305e-02
-4.212452184465657196e-02
-1.075479330917459286e-01
-1.786597462490573107e-01
-2.557304400390690846e-01
-3.347747971515547816e-01
-4.051137513841848725e-01
-4.540281013486087147e-01
-4.697770870641897467e-01
-4.389561371785718480e-01
-3.420880465262604586e-01
-1.583576151341067328e-01
7.394383449951233422e-02
2.616050626703388948e-01
3.672549126432607669e-01
4.101397437873354757e-01
4.087420520587226047e-01
3.778184203424982401e-01
3.295642702637415211e-01
2.728569821152012631e-01
2.141219672927764384e-01
1.585589087398155406e-01
1.094432385578654882e-01
6.791199401098982347e-02
3.519560877739985605e-02
1.198929405457831165e-02
-1.666114961636860209e-03
-5.624590609091609239e-03
-2.890338762104361497e-03
1.858258282507362774e-03
5.436682995672799390e-03
4.637867870858715380e-03
-2.609794972896067877e-03
-1.670923077693156622e-02
-3.800499584520147800e-02
-6.679634303160375541e-02
-9.899443925830048174e-02
-1.262395037324921254e-01
-1.464956186327136811e-01
-1.628604650685082089e-01
-1.772873526517885490e-01
-1.910854459144498141e-01
-2.029793976209176842e-01
-2.081218517908919874e-01
-2.000753906525980785e-01
-1.700811570596538480e-01
-1.103856502521128602e-01
-2.009303890202845597e-02
8.312159944075675488e-02
1.673608646365118413e-01
2.193321243562172673e-01
2.443966343804575558e-01
2.481605457372842993e-01
2.361383567852081145e-01
2.137886076991430684e-01
1.853345669061734757e-01
1.537542681212406559e-01
1.209806489669811858e-01
8.865689913369678710e-02
5.802376457874784677e-02
2.984506085277170706e-02
