-3.390793583847178522e-02
-7.780506343187607032e-02
-1.151799612105900428e-01
-1.438939006507543306e-01
-1.595450034487551072e-01
-1.534471180512115840e-01
-1.242600394168799360e-01
-7.926451746009598176e-02
-2.291293513503443388e-02
4.108503432788346288e-02
9.917396473706888149e-02
1.318187035904886395e-01
1.366790292579870836e-01
1.259791550099404189e-01
1.085197628638446682e-01
8.935206566048689569e-02
7.182384069700678553e-02
5.750463453629656163e-02
4.609221534347500426e-02
3.707941622900210593e-02
3.070760313314852344e-02
2.935453842129946006e-02
3.774769417151173367e-02
5.515285904937249767e-02
7.409380958260482208e-02
8.891878967967707659e-02
9.577017451916133850e-02
9.000592953205489855e-02
7.049461661075684393e-02
4.105796510624653423e-02
7.598868467489427320e-03
-2.586052906976701177e-02
-5.865958055325162790e-02
-8.866084724987133292e-02
-1.112031561943548214e-01
-1.268205475839821184e-01
-1.420840448366040010e-01
-1.592974144694831451e-01
-1.747472436108704619e-01
-1.841212618490758179e-01
-1.968945582773056757e-01
-2.276993214948054289e-01
-2.653375474529621747e-01
-2.866719264063419259e-01
-2.742927122604938428e-01
-2.071860581739015383e-01
-6.476445936236349676e-02
1.146797959103721953e-01
2.411437004082452040e-01
2.819675046182461564e-01
2.618021010891680156e-01
2.049309915669222104e-01
1.276365494926308131e-01
4.126194786985866447e-02
-4.073979894968690618e-02
-9.918918020253693346e-02
-1.110272471457654092e-01
-5.666727063917028490e-02
7.377689320644266469e-02
2.387750112012361481e-01
3.552920408167394295e-01
3.951685886202317977e-01
3.775311524228325832e-01
3.154914188717545809e-01
2.207776193355772965e-01
1.055938934735278084e-01
-1.740214627092330837e-02
-1.341781058001611515e-01
-2.331946051575775058e-01
-3.053303430022816789e-01
-3.431627406922616030e-01
-3.439998714414271852e-01
-3.061182187029690693e-01
-2.203218498622905863e-01
-1.018028126929138300e-01
1.811705644206873869e-03
6.795883348217400532e-02
1.049197990418626741e-01
1.260322690493942410e-01
1.420096086203386787e-01
1.559136721976961404e-01
1.689030194876037505e-01
1.773431676863750917e-01
1.655124271387463653e-01
1.225829693993434749e-01
5.406147082031793893e-02
-2.880323314043076871e-02
-1.167177037517087707e-01
-2.003453867793850429e-01
-2.677239033205398022e-01
-3.101600832935923480e-01
-3.222210914609205945e-01
-2.982777105311996135e-01
-2.308191222769741258e-01
-1.088433185403185344e-01
4.272696698231730900e-02
1.624466091287567748e-01
2.275702908609221198e-01
2.515311245380783545e-01
2.461455343770568571e-01
2.217439744169555083e-01
1.860148836288567087e-01
1.461993009410519073e-01
1.056659876473205334e-01
6.336469451477866333e-02
2.265944636323830724e-02
-1.090829332831585140e-02
-3.688040900559509672e-02
-5.569280657792009120e-02
-6.520877800450300410e-02
-6.614088863545988795e-02
-6.285197651253289497e-02
-5.781137183112693145e-02
-5.103214227865035535e-02
-4.359863479919709461e-02
-3.797011600518809815e-02
-3.580652973087113805e-02
-3.731340443441934218e-02
-4.130036974420859403e-02
-4.598792477853313326e-02
-4.832335571509734778e-02
-4.215940135734988492e-02
-2.418027146328068783e-02
1.640895219344742527e-03
2.869295908875306098e-02
5.144562682801748221e-02
6.864053913459169931e-02
8.137355713314214922e-02
8.918569152774788455e-02
9.017927964309085942e-02
8.122007961612520699e-02
6.183320960754497275e-02
3.597346713749767499e-02
8.696975798326494339e-03
-1.554796621868511503e-02
-3.279590866600420873e-02
-4.253961687118962970e-02
-4.923383626043591199e-02
-5.495242954615585373e-02
-5.649769950551127018e-02
-5.163456342374652536e-02
-4.139693409742668112e-02
-2.752891527095607804e-02
-1.226694893889980140e-02
1.029159203740548281e-03
1.137183318508449593e-02
1.795115371471631832e-02
2.079002832619513894e-02
2.364155048330236764e-02
2.711718395297449749e-02
3.145248583977676426e-02
3.850427982422075651e-02
4.908235048762278618e-02
6.425286349797815211e-02
8.114000200631442394e-02
9.376457550020643461e-02
9.695776755851256978e-02
8.612495566476711939e-02
5.719655586346998610e-02
6.187401978641524948e-03
-6.892027468950308322e-02
-1.603544073033941197e-01
-2.496854316428377962e-01
-3.222798102355964867e-01
-3.729547924009088411e-01
-3.977851768287370415e-01
-3.901104190144346062e-01
-3.405085623167708464e-01
-2.357825213788380947e-01
-6.002987025358799689e-02
1.548082258550823320e-01
3.299592932520333255e-01
4.355673957855945577e-01
4.869478486179689147e-01
4.942938847509743550e-01
4.628773828707675175e-01
3.973088183592093370e-01
3.048600071424434343e-01
1.933789267209702067e-01
7.724401960570223546e-02
-2.533411104587442175e-02
-1.051419192042354067e-01
-1.588161403091822299e-01
-1.852577624929536426e-01
-1.871968813718137836e-01
-1.711010321770596310e-01
-1.438696484131417042e-01
-1.082666488400011451e-01
-6.560219748733994716e-02
-2.028105197047989569e-02
2.470863852582727560e-02
5.610672326307195035e-02
5.295201440109599533e-02
1.598316744945406376e-02
-4.279277416974827664e-02
-1.136281957293954897e-01
-1.867510750738324843e-01
-2.562317694062263840e-01
-3.143022254878738431e-01
-3.466180044145238393e-01
-3.354518244969389995e-01
-2.634507786914066507e-01
-1.134531490427144740e-01
7.734380170911378527e-02
2.189500134098933959e-01
2.779423219675398737e-01
2.735008259488376225e-01
2.246234985248171112e-01
1.497516659979828413e-01
6.509988735326800724e-02
-1.258268427835709802e-02
-6.745804771511393350e-02
-8.408566037321112130e-02
-4.839227948780489008e-02
4.748667671092643427e-02
1.752873021001071785e-01
2.773535099245056368e-01
3.325739133745810872e-01
3.515353896763052655e-01
3.435413150752616440e-01
3.168733337592372079e-01
2.765603856119697168e-01
2.257460779055586453e-01
1.660844175057566707e-01
9.810293055023892872e-02
2.072540415675989955e-02
-7.157964848106457278e-02
-1.766148000620156311e-01
-2.773858977699626416e-01
-3.658153152450347445e-01
-4.467319100733638249e-01
-5.206074331294313629e-01
-5.818654948915491509e-01
-6.210765692017437001e-01
-6.272776075253623240e-01
-5.877690032455060720e-01
-4.883410965427546491e-01
-3.167752085329507694e-01
-6.127346683265860738e-02
2.316965065036745985e-01
4.572742493153183485e-01
5.752007892383335097e-01
6.097831309931018851e-01
5.856713160185351708e-01
5.233879543337900397e-01
4.380026783007272551e-01
3.424527549255499403e-01
2.457658331306840915e-01
1.536875990266529657e-01
7.348764310888938889e-02
1.264221604993901599e-02
-2.765710820341940601e-02
-5.205791827348982270e-02
-6.130011800533840399e-02
-5.603265776225344053e-02
-4.214034596125213611e-02
-2.527203156029294781e-02
-1.086310993906249717e-02
-2.821900075355550375e-03
-1.497617882771491021e-03
-6.485458251052796108e-03
-2.019852710432598272e-02
-4.759436840971467686e-02
-8.988102302409362032e-02
-1.426927521925436815e-01
-2.008975865849418341e-01
-2.580774102557797933e-01
-3.062202306918350159e-01
-3.396680803389081627e-01
-3.553585927984279635e-01
-3.543263201904053306e-01
-3.379550998129172146e-01
-2.962892290932897521e-01
-2.073790932721706615e-01
-4.673698892301313135e-02
1.545428189440929967e-01
3.109883359963878102e-01
3.897970895292536264e-01
4.080671421882839933e-01
3.795853161989486413e-01
3.194076439012206725e-01
2.431264191551232856e-01
1.615778228645224912e-01
8.544464465849078982e-02
2.699883767375903937e-02
-5.588187413440437804e-03
-3.221973970034229529e-03
2.627077334721613852e-02
5.289255645967132213e-02
6.386786085246209943e-02
6.556797149928118851e-02
6.208824261034091851e-02
5.355235528365469289e-02
4.068458138004692887e-02
2.578122793420725353e-02
8.550891904302200530e-03
-1.426783328806868062e-02
-4.516748420329601971e-02
-8.282994964700511609e-02
-1.229416212272087805e-01
-1.589331993878550231e-01
-1.852063799538575251e-01
-2.013206100842482027e-01
-2.075605407668747182e-01
-1.998325144064317105e-01
-1.737847995292474412e-01
-1.281779203815550106e-01
-6.204394675739109688e-02
1.128720227132627360e-02
6.801294956495088084e-02
1.007912096304642291e-01
1.118587820614465045e-01
1.062424081826295330e-01
9.335285915821206482e-02
7.986041185450695745e-02
6.971188043655535127e-02
6.264853416184945623e-02
5.604246708433060359e-02
4.960079156501163294e-02
4.197283634992685086e-02
3.373560508241433414e-02
2.975571542412992765e-02
3.196252795272548630e-02
3.931332937345141665e-02
4.880412814594788096e-02
5.576955792802584799e-02
5.801643059103820527e-02
5.668274775743020050e-02
5.159184317898549837e-02
3.796318306280210136e-02
1.506154818096530276e-02
-1.084854113248810183e-02
-3.442608501879741711e-02
-5.256235338573023164e-02
-6.444096121978200309e-02
-7.071044103872281550e-02
-7.275052586461272508e-02
-7.250673900466016175e-02
-7.006478888211510603e-02
-6.372067054571557698e-02
-5.194257494335059039e-02
-3.592085412868362831e-02
-1.986317103108440132e-02
-7.197579821670515438e-03
4.342782562991659261e-03
2.054305923149598104e-02
4.302964446111200159e-02
6.208364570099331875e-02
6.356296863935360919e-02
4.210564736391042562e-02
6.005214920296562953e-04
-5.020509171488372890e-02
-9.565379633102133461e-02
-1.268989757519830841e-01
-1.406389338436258019e-01
-1.369472054541645556e-01
-1.191386601629452618e-01
-8.890296921789032913e-02
-4.709485394832706867e-02
-2.275640850047107137e-03
3.477896866692802014e-02
6.267614828304229890e-02
8.269225519120620982e-02
9.316928285310044355e-02
9.501495306695446896e-02
9.141534185040570137e-02
8.369230895897712685e-02
7.324444349517504615e-02
6.411046205761258832e-02
5.887121716986448705e-02
5.642107118012895661e-02
5.349312394165204460e-02
4.705426021780211715e-02
3.835053323183063717e-02
2.974814471048213907e-02
1.996026016705189018e-02
8.178096106448106556e-03
-4.636531714008206018e-03
-1.674964883610065292e-02
-2.353156868757538822e-02
-2.375815073599263361e-02
-2.200435864451306955e-02
-1.963250039837811933e-02
-1.727924213984899371e-02
-1.786847433451137224e-02
-2.016208737601025633e-02
-2.157173624907151449e-02
-2.267230601208802820e-02
-2.403182389981452574e-02
-2.595820966328724749e-02
-2.897084564773500306e-02
-3.167101797587075496e-02
-3.236991793125759687e-02
-2.949223938787429861e-02
-2.256335899241380255e-02
-1.288850274419044151e-02
-8.363187870010736422e-04
1.285594039945871236e-02
2.737826316813093269e-02
4.140537137909544585e-02
5.337068115609660407e-02
6.411116860832910547e-02
7.437730256686256314e-02
8.216677185792610472e-02
8.172235010932618615e-02
6.881005684914114073e-02
4.457952351973263477e-02
1.384915113918967246e-02
-1.658124459906337028e-02
-4.410170557381723477e-02
-6.840862003280678838e-02
-8.735931240394569086e-02
-1.034907822809933015e-01
-1.219902696100936129e-01
-1.425368945201870574e-01
-1.619697240320628062e-01
-1.791411143378530413e-01
-1.928177127631075238e-01
-1.990260920672745071e-01
-1.887487720332856889e-01
-1.458390348667299441e-01
-5.395285549184498930e-02
6.708231181773788299e-02
1.660831015265478161e-01
2.248914720196725503e-01
2.547374769714433329e-01
2.630745688289480855e-01
2.556059581369056755e-01
2.358391858129759155e-01
2.029912331250768309e-01
1.579171585177426840e-01
1.092033302266819522e-01
6.572771246151908053e-02
2.829095116201468807e-02
-5.191094114974367096e-03
-3.173648820276743499e-02
-4.772069024629453649e-02
-5.506190616449062325e-02
-5.657006906804316199e-02
-5.338818540997133932e-02
-4.880003417384194686e-02
-5.082310792212476475e-02
-6.657488713150991333e-02
-9.047118159433430173e-02
-1.088296733367349473e-01
-1.164222702443083318e-01
-1.169863422822272209e-01
-1.144179654436314475e-01
-1.081359803700960437e-01
-9.494635025883792212e-02
-7.489241231153821732e-02
-5.125994289617884225e-02
-2.857341921959100778e-02
-7.978026866580617202e-03
1.537266945856889319e-02
4.120422613020327529e-02
6.304143804525018380e-02
7.838101393291645180e-02
8.743356821872634577e-02
9.189103750934321524e-02
9.528391141285878774e-02
9.903902837610197019e-02
1.016128260523689736e-01
9.985809927790380292e-02
9.118853407097707309e-02
7.434766179867338676e-02
4.697184648073844671e-02
1.103884011675657084e-02
-2.354708645710595211e-02
-4.878828564169728627e-02
-6.313657830068450383e-02
-6.747759210287573861e-02
-6.284333181813567260e-02
-5.133568774600104356e-02
-3.655400991349182227e-02
-2.130856934416023793e-02
-6.058842228158183366e-03
7.804380830054463182e-03
1.448808302125877134e-02
1.074261633044014223e-02
-2.970320728305221505e-03
-2.808536444714414965e-02
-6.318902949645716083e-02
-1.053718767589261057e-01
-1.505973259337184955e-01
-1.914450275199094664e-01
-2.216087239199733827e-01
-2.315538242379319711e-01
-2.076925720956114274e-01
-1.404520561156970548e-01
-2.506894970566645592e-02
1.154871652333889220e-01
2.337201633525779754e-01
3.114668975123007222e-01
3.554558472496696098e-01
3.709596774893116899e-01
3.637578269028057809e-01
3.348305347352604211e-01
2.787661163224441907e-01
2.001705011915801136e-01
1.164000348733342238e-01
3.429634131156952120e-02
-4.906646966748964139e-02
-1.306289491037313510e-01
-2.015546096669695864e-01
-2.572114224475907096e-01
-3.007012387741558879e-01
-3.356260686692085216e-01
-3.611342942152562241e-01
-3.747695625681733977e-01
-3.745796211741205251e-01
-3.531229760987198985e-01
-2.974577976835827697e-01
-1.927066643341964203e-01
-2.028832920771518611e-02
1.906544177730569167e-01
3.612472536120803768e-01
4.608359928346483225e-01
5.037198679951589986e-01
5.009254886210485758e-01
4.627348024225237388e-01
3.975949357645743309e-01
3.137983047441484930e-01
2.207344314543829289e-01
1.256053491324398697e-01
3.153373366777796616e-02
-6.003935633008512796e-02
-1.439215711089257832e-01
-2.147583309775359106e-01
-2.733973374423064318e-01
-3.212388854168015673e-01
-3.569577964661580505e-01
-3.795311030858002921e-01
-3.871183502628134376e-01
-3.754457372517321367e-01
-3.388724041191277236e-01
-2.684953484186414774e-01
-1.515602199064176314e-01
2.257208003668318905e-02
2.139094455086100188e-01
3.405517432100498287e-01
3.771751909155143245e-01
3.474818320482706557e-01
2.733985022235327356e-01
1.768457688796057081e-01
7.743824829278886379e-02
-1.230728834185222317e-02
-8.432195993903628117e-02
-1.285734976966125820e-01
-1.354494069887249852e-01
-9.528297871548449538e-02
-2.619376020762088572e-02
2.080061389459978913e-02
2.076065486268096130e-02
-1.956060008094136216e-02
-8.632020154452532679e-02
-1.600837461883274915e-01
-2.230945955069975895e-01
-2.646150350743829982e-01
-2.753101812235437262e-01
-2.421644925808845161e-01
-1.530938074033612040e-01
9.880800449043675854e-03
2.156487386650521587e-01
3.749189892623190912e-01
4.552007648384627236e-01
4.784824007388751022e-01
4.595359555241909089e-01
4.103846314523137417e-01
3.440089709923572214e-01
2.712660903665992662e-01
1.975462009899110472e-01
1.245516388906152960e-01
5.317967863726286853e-02
-1.447967165712396587e-02
-7.617583773193403740e-02
-1.319220867778506112e-01
-1.812368361598704070e-01
-2.212335495140451691e-01
-2.496425119456719410e-01
-2.676918688189670048e-01
-2.791519111974678502e-01
-2.850198765047630145e-01
-2.792088721190867928e-01
-2.528663549179113179e-01
-1.975663899987833982e-01
-1.071394091474540677e-01
-5.706917263843310634e-03
5.840740017026933156e-02
6.808491862825942487e-02
3.631296708471584700e-02
-2.241108165746485970e-02
-9.420478995709527514e-02
-1.668627161409948489e-01
-2.289094368654908951e-01
-2.650278120369659041e-01
-2.595178558279022107e-01
-1.997090671151847963e-01
-7.179369229243631745e-02
9.679891753076955152e-02
2.387074092277017279e-01
3.283019919595215885e-01
3.742598977710978048e-01
3.820006131272070116e-01
3.584858832016652452e-01
3.123617541307552314e-01
2.553067389538717369e-01
1.981447535785020309e-01
1.444788074565759306e-01
9.152938388305310868e-02
3.732129132110362235e-02
-1.273602035990226838e-02
-4.994565551658843028e-02
-7.213897732440011090e-02
-8.224042251851362839e-02
-8.297311276608865249e-02
-7.718593411371804658e-02
-6.739860747971850030e-02
-5.450423835953121382e-02
-4.023467795216182502e-02
-2.685303182001393812e-02
-1.600686411469851717e-02
-9.048797186259406253e-03
-1.091806989258533450e-03
1.147283571871311400e-02
2.238798609547142798e-02
2.812172447632874106e-02
3.164824399642843927e-02
3.454247963779323582e-02
3.484292207521602625e-02
3.054476056591019784e-02
2.128864324442750547e-02
7.312628434763794247e-03
-9.230051687595157428e-03
-2.079301965476821820e-02
-2.507245315181484691e-02
-3.260955676422263444e-02
-4.856556019527662194e-02
-7.581886679877372637e-02
-1.219841160728810381e-01
-1.824091157707165844e-01
-2.435144838644749121e-01
-2.935762254870822874e-01
-3.217499796615767571e-01
-3.128917444901317402e-01
-2.448582827836892073e-01
-1.001996278396966311e-01
7.817414376058458292e-02
1.999451124233166122e-01
2.323227565510586068e-01
1.936966324089703373e-01
1.044662613323202871e-01
-1.344981223873946419e-02
-1.385244738126379938e-01
-2.491413865073308365e-01
-3.246195848295621023e-01
-3.416209162038688074e-01
-2.757969996854168770e-01
-1.078620726134891794e-01
1.239783855088939235e-01
3.209608875552648621e-01
4.338469490262873984e-01
4.767077831336705707e-01
4.698677085758471983e-01
4.306065180997140640e-01
3.743137614303225780e-01
3.134573763292819448e-01
2.543623524967836280e-01
1.989726499252050251e-01
1.481700218701240412e-01
1.015569096481201694e-01
5.841903285093308362e-02
2.108173900676255097e-02
-3.774714065816038577e-03
-1.102697486708528046e-02
-5.594901115473630004e-03
1.336375458176268516e-03
3.537173373278898469e-03
8.574986672455348069e-04
-9.096339744146274275e-03
-3.055916367419837798e-02
-6.199816802216663592e-02
-1.032137869438398137e-01
-1.587958450354597095e-01
-2.281577312577998118e-01
-3.087791726584834806e-01
-3.949306459635864019e-01
-4.732789000028848059e-01
-5.322755336381204128e-01
-5.629016568940362619e-01
-5.532150090416021460e-01
-4.910493669557753349e-01
-3.654359763676865436e-01
-1.601746883987429648e-01
9.992915054295095634e-02
3.276139220034003374e-01
4.657720771143500915e-01
5.211672536864035976e-01
5.177656684899187844e-01
4.740190551402670982e-01
4.026343522271341180e-01
3.189120475755636841e-01
2.331509599827837620e-01
1.475865315362815400e-01
6.871573818565257508e-02
5.239327912974526928e-03
-3.494495322014898320e-02
-5.532881679432341548e-02
-7.671584909312081924e-02
-1.091459307203411500e-01
-1.446287053182346294e-01
-1.742679306901210590e-01
-1.960840790250977239e-01
-2.117557951471452649e-01
-2.185898632449192469e-01
-2.114978556056786863e-01
-1.839458763899139704e-01
-1.230272591298216256e-01
-1.472829779741453501e-02
1.177406200199986180e-01
2.195735772509974648e-01
2.698283410664994997e-01
2.798589952290831961e-01
2.615539132018634971e-01
2.246066729393869921e-01
1.779481877153406555e-01
1.307969752275346398e-01
8.850771442851010362e-02
5.231601766705307188e-02
2.009301776977509904e-02
-1.513889080780965110e-02
-5.344108401083189075e-02
-8.419335910339581508e-02
-1.021545783823801373e-01
-1.099581726428783823e-01
-1.136247732092119378e-01
-1.169754392328933856e-01
-1.175182035185058926e-01
-1.139541070792227800e-01
-1.063902037607253881e-01
-9.522386592506594527e-02
-8.438145828838326812e-02
-7.294076456986808843e-02
-5.687862565788315283e-02
-3.798138332948967216e-02
-1.651124751080547057e-02
5.975746727176140145e-03
2.029496397571520228e-02
1.960066790908620432e-02
9.152542818774492273e-03
2.143306292288812281e-04
-2.106668256398694719e-03
3.049820881918591936e-03
1.454845218809634050e-02
2.849536286106036514e-02
4.155144120784413225e-02
5.025638123233075460e-02
5.144153755901278990e-02
4.779662407363558657e-02
4.610313965111600965e-02
4.820374069584879712e-02
5.259909933071272442e-02
6.013923617904860797e-02
7.317103189042173383e-02
8.902126125178663751e-02
9.745125744333550666e-02
9.125869618525281335e-02
7.304100092766217800e-02
5.005217294855982685e-02
2.506113746779684709e-02
-4.782393759914971461e-03
-4.234951505269773930e-02
-8.279324929148135226e-02
-1.130108964926395537e-01
-1.274814048975128067e-01
-1.301779391259170748e-01
-1.226689942874451267e-01
-1.048466515838911289e-01
-7.886174501545660520e-02
-4.837248870353492991e-02
-1.567968645982118978e-02
1.867752768586793122e-02
5.161936973035224224e-02
7.850696173774177056e-02
9.763650204195815918e-02
1.099808887123714940e-01
1.167409710735606149e-01
1.170508595356533760e-01
1.096188898996761918e-01
9.516701573121459645e-02
7.393963498209793483e-02
4.757464852207794748e-02
1.434790788184332061e-02
-3.264589919912741500e-02
-9.357721932665627462e-02
-1.629711032002189308e-01
-2.332201575013970185e-01
-2.962477420942196682e-01
-3.438449276385484032e-01
-3.625499330660008068e-01
-3.387144173353264232e-01
-2.642905225272857983e-01
-1.313810992118040477e-01
3.587694531626333533e-02
1.774479702139169501e-01
2.666767370977737861e-01
3.110434676881351779e-01
3.185143696647552702e-01
2.979780711973488150e-01
2.565306628864721938e-01
2.005938791384236919e-01
1.385034911275889180e-01
8.047054149849938720e-02
3.489292045759304767e-02
1.593693139490246803e-03
-2.365326165102405592e-02
-4.134430230153610109e-02
-5.136575468085545493e-02
-5.234300602077258946e-02
-4.473804731679682095e-02
-3.191812113674879353e-02
-1.439429615276657803e-02
3.978101681450225621e-03
1.519864768365628699e-02
1.567697627704000424e-02
5.661925649602933888e-03
-1.542183361297241526e-02
-4.289956085840236633e-02
-6.577836488268685999e-02
-7.812299739218649119e-02
-8.075865644105661989e-02
-7.501177658700465545e-02
-6.271131314919821398e-02
-4.625535533778299402e-02
-2.667032894330428547e-02
-4.873227703754278752e-03
1.967081559739097818e-02
4.666000754264137962e-02
7.168175366614278066e-02
8.895053634870966897e-02
9.554615093802079628e-02
9.277929643860795272e-02
8.144572318261569799e-02
5.872627666766702670e-02
2.064794561449018184e-02
-2.792949520350774748e-02
-7.386041550093856711e-02
-1.099009905105770846e-01
-1.315640803489960819e-01
-1.336984750157316215e-01
-1.153767504777771236e-01
-8.284037232627559921e-02
-4.874717117953618339e-02
-2.040296473430194824e-02
2.941323610076333230e-03
2.330977495804480853e-02
4.117797182630821007e-02
5.762063334139453513e-02
7.363703169601039378e-02
8.643434803349467344e-02
9.387242708666260205e-02
9.473345191987131431e-02
8.679725559233242294e-02
7.256382567417106466e-02
5.788106664085353181e-02
4.286106684704699132e-02
2.490047397324066797e-02
6.295419401604862228e-03
-9.458327981556392469e-03
-2.172712723603276858e-02
-3.096769750417834033e-02
-3.770796873458372167e-02
-4.447098157663566254e-02
-5.349994242728974003e-02
-6.457945002908031806e-02
-7.532400206187160607e-02
-8.126964089144395054e-02
-7.792081390958463527e-02
-6.224388052813821515e-02
-2.924815981167919882e-02
1.590308465910680175e-02
5.225435232441490857e-02
6.894355520713311980e-02
6.927126765782043449e-02
6.010027091327930365e-02
4.983436952025692424e-02
4.594480204864588579e-02
5.011644139285954813e-02
4.951835063214034272e-02
2.806852942987175803e-02
-1.830796307747825646e-02
-8.383511449150586603e-02
-1.556676900482994175e-01
-2.207229387811808774e-01
-2.691433943628729342e-01
-2.899500831119848354e-01
-2.711893869143962021e-01
-2.004839748495901575e-01
-6.256922943549544924e-02
1.160593431708658030e-01
2.627877240293179928e-01
3.456373878306938097e-01
3.773565946286789874e-01
3.723985926912698474e-01
3.413287875882495825e-01
2.886269542892473394e-01
2.169737472885867602e-01
1.318962352511190983e-01
4.196691894100784692e-02
-4.589875085952020012e-02
-1.277283277448174048e-01
-1.982351889173448178e-01
-2.513103926717148995e-01
-2.824219317711426647e-01
-2.880130665007162860e-01
-2.638378239161879302e-01
-2.212671957592167171e-01
-1.877304823567082781e-01
-1.721162963368592091e-01
-1.620227123390967638e-01
-1.405270897752575188e-01
-9.009413141233553468e-02
6.558687172861813949e-03
1.311777518273214982e-01
2.300695691877310267e-01
2.848734080689123704e-01
3.075955411508179971e-01
3.051327230846964667e-01
2.848604050650903052e-01
2.540447490276853681e-01
2.164639379413895726e-01
1.719828514950566267e-01
1.202016625411668205e-01
6.092207016155549298e-02
-5.992335560744983108e-03
-7.549070217536194005e-02
-1.390115468012003697e-01
-1.902701416486782260e-01
-2.266364361348217615e-01
-2.506520732659036632e-01
-2.661202389397646639e-01
-2.692691965532093556e-01
-2.557086288275010055e-01
-2.252073745472283339e-01
-1.766372108935548024e-01
-1.074054291311248299e-01
-8.814989203481636559e-03
1.044488037711960027e-01
1.913079376471227278e-01
2.369759376675258100e-01
2.493601376244249379e-01
2.344776249050164740e-01
2.015161081216560179e-01
1.652628112357721057e-01
1.345527814457723181e-01
1.068856610640823157e-01
7.796130020852316822e-02
4.349357681945577314e-02
9.170890774404163309e-05
-5.045118789564446982e-02
-9.998911648573954869e-02
-1.377690210946546645e-01
-1.590058736543197571e-01
-1.661200221083602158e-01
-1.634064959463464584e-01
-1.534596655922567665e-01
-1.374041079209750160e-01
-1.179837525722553515e-01
-9.579447848398470189e-02
-6.655535910183783821e-02
-2.664290482418601308e-02
1.797442317614703772e-02
5.494970617777707178e-02
7.933459683705564036e-02
9.186173186918286659e-02
9.383418865690124067e-02
8.835438387847233122e-02
8.028852577232455101e-02
7.082862122670180449e-02
5.800771931144235727e-02
4.369939640814823195e-02
2.995017221389942308e-02
1.616570045669688677e-02
4.034678276205973767e-03
-8.219369923424687217e-04
4.756896490684358637e-03
1.961907204452563447e-02
3.996653238972839445e-02
6.064001523939138022e-02
7.875963625308589344e-02
9.291397658498645740e-02
1.015093138019281527e-01
1.022161819927930176e-01
9.207414551136183789e-02
6.900150583349497213e-02
3.437904132181146544e-02
-5.729527469770576489e-03
-4.384288619363807538e-02
-7.557526215826504412e-02
-1.018485766474790388e-01
-1.240689756300096813e-01
-1.390279916830058915e-01
-1.427762934560062036e-01
-1.327760926634334870e-01
-1.060586386944526033e-01
-5.785377920375187055e-02
1.822275247773467305e-02
1.037803349585498802e-01
1.593911873930230760e-01
1.751670498173502066e-01
1.642734028152945669e-01
1.355473048031107797e-01
9.421526906248200994e-02
4.698889775653357359e-02
9.050228187186884488e-04
-3.745377904060442215e-02
-5.114265194974045720e-02
-2.029589891173651933e-02
6.707950399938955588e-02
1.726737519896822393e-01
2.137557267369838976e-01
1.581014291455749565e-01
2.224711232573368253e-02
-1.719534224907903752e-01
-3.990649120615603063e-01
-6.353594427149443780e-01
-8.550558208340814925e-01
-1.028105958320432167e+00
-1.120838861020705179e+00
-1.091215272912241740e+00
-8.893363188131789832e-01
-5.211298937961010846e-01
-9.647132538302650995e-02
2.880782613095730915e-01
6.405855517996552617e-01
9.634912932825934195e-01
1.182211944459784725e+00
1.243725303068720756e+00
1.166660910726019740e+00
9.978413893578689242e-01
7.844968674047534396e-01
5.694527581523332049e-01
3.891308768316197320e-01
2.494271867100122941e-01
1.317666030108985975e-01
2.539406890266467098e-02
-6.998095570661808096e-02
-1.519171621166925945e-01
-2.224189076902997608e-01
-2.807660878865775866e-01
-3.191603228641374246e-01
-3.369995176045576524e-01
-3.391997017841144046e-01
-3.272607060974648263e-01
-3.027968703139355400e-01
-2.606860696001099265e-01
-1.900347991868747144e-01
-1.077051899710345789e-01
-4.601246589837845735e-02
-1.163288457769884668e-02
-3.891840784197853932e-03
-2.064326395432317107e-02
-4.462059856349972348e-02
-6.426126884233532288e-02
-7.530002218580614248e-02
-6.367398935648840852e-02
-3.090114855896781282e-02
-1.555847996066369969e-02
-4.469221351867194020e-02
-1.075801428608956223e-01
-1.847627232377008766e-01
-2.578176470562394962e-01
-3.043817275792387034e-01
-2.970306049567357776e-01
-2.372570834370129056e-01
-1.604482817833423058e-01
-7.643821596117478245e-02
3.301502080714192877e-02
1.892814505420402915e-01
3.652327629260682662e-01
4.838291359717912243e-01
5.224040824730736832e-01
5.104508841201407243e-01
4.716009008181982209e-01
4.173844924125587608e-01
3.516457745207313135e-01
2.769478881704492412e-01
1.938676006551475761e-01
1.014180274297853679e-01
4.864690789916290004e-04
-1.057839086502527642e-01
-2.134765723936939419e-01
-3.167631561491959791e-01
-4.090575135544164409e-01
-4.799507453607319563e-01
-5.149071477887267045e-01
-4.998656042599107785e-01
-4.205053386968624629e-01
-2.959774861187876027e-01
-1.784396411124392068e-01
-8.453371500639338121e-02
6.495822229296429121e-03
1.172297683933882229e-01
2.312070568362290246e-01
2.933919864677795308e-01
2.868458848603200328e-01
2.320766897329593070e-01
1.460259627370592561e-01
4.274142618095969071e-02
-6.384892224527236038e-02
-1.580637629626236718e-01
-2.227451922323745448e-01
-2.390590104400460714e-01
-1.868099172719235312e-01
-5.507942893062937190e-02
1.200220451312414838e-01
2.653142226379454072e-01
3.447445058075765401e-01
3.667323830054379785e-01
3.469079856032707410e-01
2.999229322233266104e-01
2.425355698866917542e-01
1.881265540394309876e-01
1.390722767824919548e-01
9.261700036630987620e-02
4.603991240442430188e-02
-3.954231777793686120e-03
-5.638132401005319094e-02
-1.052388858992917287e-01
-1.472338061321582514e-01
-1.839894054015397684e-01
-2.183333216597033166e-01
-2.493857759563283261e-01
-2.723660501091743624e-01
-2.822209538593682399e-01
-2.737829999859190400e-01
-2.408165949508615233e-01
-1.763530210487953553e-01
-7.399094204212958159e-02
4.260962268841839845e-02
1.220311539774927845e-01
1.471501881615125407e-01
1.334002099882314052e-01
9.490863068542507164e-02
4.434771157190744301e-02
-7.282823421651988399e-03
-5.000516989826558900e-02
-7.479790217639144256e-02
-7.540548610300447374e-02
-4.499391611470408142e-02
2.526435032437199246e-02
1.208353576632348880e-01
2.029086767617912512e-01
2.525653650353315016e-01
2.721444149111527100e-01
2.663039699474856747e-01
2.397232154934533510e-01
1.942819866499858050e-01
1.347347167289150160e-01
7.058306603100567012e-02
1.084216867898740375e-02
-3.981710728267011390e-02
-7.926586433572523072e-02
-1.097705862490591794e-01
-1.418310361737738501e-01
-1.839325557544700396e-01
-2.354771270032547104e-01
-2.897716129014022424e-01
-3.379988660339833251e-01
-3.722970193560824481e-01
-3.864506305797072994e-01
-3.738208180062302377e-01
-3.239666291424648237e-01
-2.225508505887461852e-01
-5.222539508979359701e-02
1.515040224548190595e-01
2.995175071823196755e-01
3.595642227694851867e-01
3.559176209900361543e-01
3.099502151072358047e-01
2.389585957665067428e-01
1.576488549275831264e-01
7.762416644589448245e-02
1.092773511494065167e-02
-3.025465368267334434e-02
-3.551720861567339571e-02
5.393944167184982347e-03
7.591834620097898112e-02
1.347941440372493194e-01
1.680297397928530723e-01
1.842859972819099468e-01
1.886875485439921396e-01
1.826743752290491130e-01
1.649184756623985060e-01
1.364742294595771011e-01
1.008954965418522864e-01
5.901481600073043426e-02
1.230349772389573854e-02
-3.443915098355482957e-02
-8.151821253353189189e-02
-1.326258452604325844e-01
-1.884394773227930919e-01
-2.477030457103411298e-01
-3.057892605811419195e-01
-3.631251369115310323e-01
-4.234673873464164240e-01
-4.744548967896763392e-01
-4.914445409277442556e-01
-4.528481357854026168e-01
-3.425571136467611688e-01
-1.434537693883546627e-01
1.064781751727601755e-01
3.099804901528446788e-01
4.239447813831858647e-01
4.650904634669343896e-01
4.533474978554818957e-01
4.062975285103801459e-01
3.402607362846380989e-01
2.685683468124157036e-01
1.981634429486460180e-01
1.295720293365490161e-01
6.246543766131996966e-02
-5.591147116212465303e-03
-7.495089580565356124e-02
-1.343879012634947856e-01
-1.755543461806346461e-01
-1.974056576420179510e-01
-1.984214364519848728e-01
-1.749334464664246136e-01
-1.182206473101424099e-01
-3.764281711871528963e-02
3.468454265036405304e-02
8.130697454142785108e-02
1.042045250761406971e-01
1.102057130543907665e-01
1.022265289407409544e-01
8.011711160502804630e-02
5.190671443848871719e-02
2.730481904474675592e-02
9.009839245083577086e-03
-3.451390387397638634e-03
-8.962433742938822126e-03
-7.120385960006893333e-03
1.581324524152129957e-04
1.220805629872849865e-02
3.173615883189531695e-02
6.223365655072908564e-02
9.063136149353713533e-02
8.870285893154940260e-02
5.055548001931459839e-02
-3.356271655448325904e-03
-5.478722373658248546e-02
-9.762254835604421144e-02
-1.323413211676485735e-01
-1.590023604381321509e-01
-1.740253152863113217e-01
-1.697685611228611502e-01
-1.384791081528457535e-01
-7.489754368921060224e-02
2.437609624361122135e-03
5.082154633948041123e-02
5.195155457053164672e-02
1.550188128258658121e-02
-4.610441287483182937e-02
-1.210125988290829679e-01
-1.982736941662867902e-01
-2.658730531205493186e-01
-3.096344110912357950e-01
-3.131480587474078092e-01
-2.561220206618239348e-01
-1.128947273997064765e-01
8.958340799220607109e-02
2.632489721695236984e-01
3.669631331518664052e-01
4.119862214397354006e-01
4.087567775345884447e-01
3.702042510332261283e-01
3.113157560428322368e-01
2.419776002928457070e-01
1.667996213374727810e-01
9.152663070380392951e-02
2.344781071753149898e-02
-3.518165098607440450e-02
-8.177501298973033350e-02
-1.095263491613515244e-01
-1.179623896434111308e-01
-1.124099289958062076e-01
-9.941741958574498716e-02
-8.544950241934086421e-02
-7.353161967750770911e-02
-6.295857002378135725e-02
-5.145802269823686326e-02
-3.638228351315285491e-02
-1.459778713550475594e-02
1.256774349099066060e-02
3.613523808794803782e-02
4.639961022498363674e-02
4.138502650607589484e-02
2.533875884002118398e-02
4.365454371887918412e-03
-1.517294873351876169e-02
-3.018129476730523411e-02
-4.185285487634689966e-02
-5.185496587013067871e-02
-5.949569140857053490e-02
-6.368543820389366283e-02
-6.525842754774113796e-02
-6.507133549398555483e-02
-6.062556529379863751e-02
-4.575299883787725674e-02
-2.035613302830376406e-02
7.286046245811816230e-03
3.403008217423322823e-02
6.106558093364106155e-02
8.708474340108715572e-02
1.081323522527707359e-01
1.186330797316961227e-01
1.143961130649611274e-01
9.416893255940789187e-02
6.745596662221964301e-02
4.945643907335962874e-02
4.280821720501176014e-02
4.417658813944161378e-02
5.370000567958285731e-02
6.792822994631556033e-02
8.051048249411812963e-02
8.834429203788884966e-02
8.949291754538825361e-02
7.918870743323128125e-02
5.229591548382270250e-02
8.480753209712572557e-03
-4.657013211905942224e-02
-1.078448050010256121e-01
-1.760545161257218716e-01
-2.503518597301946369e-01
-3.252749075292371561e-01
-3.954477255919089385e-01
-4.535909205442018588e-01
-4.911515279484585106e-01
-4.968931625762706417e-01
-4.526317486463615758e-01
-3.396874949680238620e-01
-1.422271205071193589e-01
1.007194204176876384e-01
2.969775079004785545e-01
4.118286295340573555e-01
4.637156466769941643e-01
4.680766264378098951e-01
4.401345979263492358e-01
3.929172530465942503e-01
3.353026381045688953e-01
2.734219761155394224e-01
2.117162407650984568e-01
1.511916304469755890e-01
9.196821703356636291e-02
3.870566810817271247e-02
-4.526021978353722552e-03
-3.970790746891141032e-02
-7.069168881435036744e-02
-9.861631442645180101e-02
-1.197775133418674809e-01
-1.297059230967610444e-01
-1.289038545787056511e-01
-1.210900101074348922e-01
-1.094709360258550868e-01
-9.626496134573134245e-02
-8.244415385082408398e-02
-6.653210367553910598e-02
-4.915196792668276998e-02
-3.492468687122472770e-02
-2.346102174276657251e-02
-1.093393775547501882e-02
3.246729784449792298e-03
1.950044925957928124e-02
3.672240271694381802e-02
5.147366924959068113e-02
6.156775818814638757e-02
6.568858691640885872e-02
6.474314038361246582e-02
6.259938621384839030e-02
6.076459101310405231e-02
5.679563037701607087e-02
5.057645087479309409e-02
4.574115248935027578e-02
4.383685885822673906e-02
4.764338518851332638e-02
5.915762821337507138e-02
7.182892552414142651e-02
7.828982394227068653e-02
7.372768288578999962e-02
5.171717667716153877e-02
8.044019630174061714e-03
-5.335365497131851209e-02
-1.249888652576211928e-01
-2.026676878333997789e-01
-2.829887500100803366e-01
-3.601723773986110211e-01
-4.266538354231191876e-01
-4.723726147590990854e-01
-4.815524570934682780e-01
-4.358680456202467246e-01
-3.210853123597914860e-01
-1.231387890470581059e-01
1.195804668061753728e-01
3.133025440740024870e-01
4.204625519993775984e-01
4.587598113079652262e-01
4.473908957502134576e-01
4.065508312250789014e-01
3.512479695448027517e-01
2.915743438760531325e-01
2.339430899457045632e-01
1.797233665685793735e-01
1.268982703132580103e-01
7.115340114720825060e-02
1.333099602008093812e-02
-3.582771368221136787e-02
-6.924946952207394757e-02
-8.964038843400030931e-02
-1.020723355890633677e-01
-1.089735175355066865e-01
-1.105227451321221938e-01
-1.077084301181269466e-01
-1.011383075797847864e-01
-8.983523892140561629e-02
-7.418152273122112506e-02
-5.718057593492223423e-02
-3.991640768585349996e-02
-2.072477400272212944e-02
-1.606292679140942752e-03
1.335698003069954974e-02
2.363120192111808904e-02
3.150183636324346143e-02
3.913402628460552896e-02
4.696331077360543782e-02
5.630365997614766166e-02
6.707654334724889866e-02
7.375766785043365303e-02
7.291467864785444730e-02
6.429477268849692617e-02
4.623907668167166751e-02
1.970808031805768717e-02
-1.177359411177838523e-02
-4.613816716009888630e-02
-8.233818497347696053e-02
-1.167058281775620460e-01
-1.418407947493669774e-01
-1.511347366384568347e-01
-1.410172062966785766e-01
-1.095456695003436121e-01
-5.187158811316913004e-02
1.741815268834823183e-02
5.634312041116448094e-02
4.474670011613937626e-02
-5.739222248484068811e-03
-7.791793715226377759e-02
-1.575185786486273110e-01
-2.342613900129878468e-01
-2.971939617409317669e-01
-3.306363576172625662e-01
-3.157390631956565330e-01
-2.348698584048653781e-01
-7.048180449199162312e-02
1.408016435682266365e-01
3.055196124855861228e-01
3.861856866485161022e-01
4.046691623738886689e-01
3.843885768277757742e-01
3.440625395963776700e-01
2.919376273402127797e-01
2.308162701881388557e-01
1.669069444320238627e-01
1.079104579745982367e-01
5.806272632604042583e-02
1.800291094404780912e-02
-1.081402487119838621e-02
-2.693033435399593001e-02
-3.303246505189575549e-02
-3.188581410856620307e-02
-2.414202891077145766e-02
-1.151606211837827645e-02
2.780744496360669504e-03
1.486131555841016180e-02
2.118841796640181380e-02
2.017197164917530761e-02
1.049448714628741300e-02
-1.079313131109417914e-02
-4.318660212251039521e-02
-8.175421749579785125e-02
-1.241706380861219428e-01
-1.703436104725120637e-01
-2.188420790510733349e-01
-2.658540642380057273e-01
-3.062871547868974420e-01
-3.340014080913635830e-01
-3.387586349322217472e-01
-3.062662678765631918e-01
-2.205440930075861228e-01
-6.811891722553184425e-02
1.182953489798902191e-01
2.636167694614857671e-01
3.379171136234025430e-01
3.570265201574204794e-01
3.387393270312942239e-01
2.988205025816716986e-01
2.482298880577508415e-01
1.933478527651482370e-01
1.383641785409050473e-01
8.939112102598360809e-02
5.372429607854475181e-02
3.757335334149730643e-02
3.258416216848207536e-02
1.537222528295500990e-02
-2.293342391806284589e-02
-7.558179559295219452e-02
-1.369592097425715860e-01
-2.024680653783769990e-01
-2.636898761007135383e-01
-3.080460148500010487e-01
-3.237832085047541164e-01
-2.993876242942465349e-01
-2.212435499864327526e-01
-7.554867748789494131e-02
1.046092789263064204e-01
2.396025555485049308e-01
2.969378483252410605e-01
2.919807964540921397e-01
2.412540176397364178e-01
1.611265057194658512e-01
6.581989127668902428e-02
-3.401019934431251390e-02
-1.298391767905855698e-01
-2.130468450274871917e-01
-2.739631513382589922e-01
-3.081778943327337372e-01
-3.097458750731978405e-01
-2.570348672776228693e-01
-1.288173426848116532e-01
4.350103835153462661e-02
1.848436200947403962e-01
2.667857539857622640e-01
3.049728883933612300e-01
3.117096080154090343e-01
2.979955303151539669e-01
2.708233487938156436e-01
2.316797641298883603e-01
1.826887466380098524e-01
1.276525161239772110e-01
6.892840521285265032e-02
8.043045180213721085e-03
-5.158693774296219808e-02
-1.035650953263517748e-01
-1.427319610612073353e-01
-1.653728840023454272e-01
-1.707721286280423911e-01
-1.630599369192254344e-01
-1.435834850396393025e-01
-1.118957700364975050e-01
-6.734008382446121654e-02
-1.689151172026498449e-02
2.476230981577230011e-02
5.422069737014601626e-02
7.517991144733794651e-02
8.670085503931138082e-02
8.616828699153938897e-02
7.421266688821605284e-02
5.504269272925500778e-02
3.247397531581211472e-02
8.328576806314500272e-03
-1.637972863491382602e-02
-4.095012617483392847e-02
-6.357185011929651630e-02
-8.216266961731141794e-02
-9.837400853514773058e-02
-1.139487492945628344e-01
-1.258028773045080650e-01
-1.317312464412197515e-01
-1.336246173785498037e-01
-1.323381138957393233e-01
-1.239722166066413028e-01
-1.022189462175373542e-01
-5.964984144795013044e-02
1.238741266408495585e-02
9.937746907489260206e-02
1.652388754781375924e-01
1.971216633565632537e-01
2.022190492201308420e-01
1.855281996310035597e-01
1.524578654042860471e-01
1.094363799552822425e-01
6.238358114639815100e-02
1.576408721171616151e-02
-2.592275327598554321e-02
-5.686079664015000062e-02
-7.149481639919108567e-02
-7.379629936842510562e-02
-7.395694195889571110e-02
-7.025796756732355375e-02
-5.647080916971452397e-02
-3.570350263156110010e-02
-1.329663557671654193e-02
8.696525560660512896e-03
2.827084926492685196e-02
4.380718610394687684e-02
5.420864724929149586e-02
5.639176796768959055e-02
4.625291485691745974e-02
2.508756759698778371e-02
1.730994314777338332e-03
-1.763296389531797057e-02
-3.159998608765656608e-02
-3.974600263251341914e-02
-4.137261913133424146e-02
-3.444816635681428874e-02
-2.015357767668367328e-02
-2.089088103488098529e-03
1.654147866302227432e-02
3.104800389046187201e-02
3.740985321722263557e-02
3.503072442126089342e-02
2.509824223932046947e-02
1.183959102621273511e-02
5.937099898650553646e-04
-6.215197720294860645e-03
-8.104653792544172508e-03
-7.528537269063236177e-03
-7.682653673573993681e-03
-9.130760271795856572e-03
-1.154472954872978914e-02
-1.603103735603287130e-02
-2.491000359812533746e-02
-3.746877184134132788e-02
-4.784048687364336055e-02
-5.085336852347359382e-02
-4.544378874909699856e-02
-3.135346147812623219e-02
-9.026071634435937907e-03
2.024035084496415490e-02
5.007495152839093466e-02
7.010134138290700923e-02
7.985697288927259829e-02
8.387978434020999796e-02
8.359181394882136962e-02
8.151825783899588340e-02
7.900556381114760829e-02
7.555312404266527337e-02
7.119450803183212384e-02
6.753698640634381301e-02
6.475078619549942682e-02
6.067749100134158663e-02
5.440921427109225716e-02
4.468976399068225192e-02
2.863198305166723967e-02
4.122993102660208603e-03
-2.827977174726420406e-02
-6.739309485779357289e-02
-1.104147979925404616e-01
-1.508475710941743486e-01
-1.852523020309532475e-01
-2.228135431215495510e-01
-2.761727387374183773e-01
-3.406254982296167411e-01
-3.976414954208670749e-01
-4.283365902884037624e-01
-4.141959508916215338e-01
-3.359734792321049657e-01
-1.738090631681282472e-01
3.974714211934404773e-02
2.193614081979164410e-01
3.313193761910756541e-01
3.899409925028611834e-01
4.068412372509243036e-01
3.939005905343914704e-01
3.620047309926733847e-01
3.200443578076149764e-01
2.742340982570123931e-01
2.277752643667058652e-01
1.800766520653857561e-01
1.284987379291687715e-01
7.280307630856697187e-02
1.840319479327373262e-02
-2.617840110835269879e-02
-5.678486778041600541e-02
-7.514661087725127420e-02
-8.587479237054715386e-02
-9.473892154111795971e-02
-1.028015105533330309e-01
-1.081830919874363361e-01
-1.123936891676565603e-01
-1.151095986460146103e-01
-1.139930325035562603e-01
-1.085094555628532548e-01
-9.838527289019227684e-02
-8.516761682741880168e-02
-6.944077153939939850e-02
-5.002897317670848554e-02
-2.751992016956055637e-02
-4.126907868720554665e-03
1.660538494016521038e-02
3.280140563449066016e-02
4.475929783164071807e-02
5.301069155743366734e-02
5.673723455205887528e-02
5.536382090612176898e-02
5.179917447253210017e-02
4.902218343922201682e-02
4.623053360066154555e-02
3.906503470461257510e-02
2.621362029022986789e-02
1.256557240869607232e-02
8.391028602421357618e-04
-1.068580202089188143e-02
-2.222309039261030281e-02
-2.970454661966442922e-02
-2.802736053762863375e-02
-1.793356772429976348e-02
-4.394513340316040170e-03
1.056199523290750689e-02
2.496284621728440956e-02
3.425428487061265431e-02
3.596538856548654739e-02
3.099710107334393075e-02
2.118944392874660618e-02
8.157894358392118669e-03
-5.107715210121353995e-03
-1.536855994390702237e-02
-2.086521017746919768e-02
-2.564613740840869169e-02
-3.792767950616012657e-02
-5.786512932487456601e-02
-8.280103556142240362e-02
-1.120587703716176414e-01
-1.411543420720647590e-01
-1.649942086391296969e-01
-1.803829018141219487e-01
-1.842688140800439467e-01
-1.681508995200143020e-01
-1.188380593498032101e-01
-2.833442533682596631e-02
8.226181786623083803e-02
1.702408305407488720e-01
2.189946439309199688e-01
2.378613155199780782e-01
2.385071809547646138e-01
2.282608707911951973e-01
2.091960832916405777e-01
1.827950691798192751e-01
1.517031943945524319e-01
1.187305270638263771e-01
8.240231891958979538e-02
3.865962921621506759e-02
-1.023114894057642471e-02
-5.789109154522990852e-02
-9.981626320033373800e-02
-1.329947792537475859e-01
-1.565487809623815896e-01
-1.704629198467170204e-01
-1.733925575828396404e-01
-1.652896231582589859e-01
-1.484861376436311664e-01
-1.226615172000397602e-01
-8.612385425493221391e-02
-3.809567595651537630e-02
1.402646001933938701e-02
5.277294248905407131e-02
7.115347585917153328e-02
7.379100431688044581e-02
6.386567093210637758e-02
4.524170970815764858e-02
2.357466567328193874e-02
4.409408350516638361e-03
-8.073365937973555478e-03
-1.065599158985311087e-02
1.372425773804321868e-03
3.042558668342305872e-02
6.435373993319624952e-02
8.243051252414924923e-02
7.915248734441816814e-02
6.139163965028261033e-02
3.704392646098331188e-02
1.372871764032720932e-02
-4.607156274986700349e-03
-1.743931399977420235e-02
-2.590151747737545057e-02
-2.996674812827615150e-02
-2.877750565741253597e-02
-2.308914672528964568e-02
-1.361661564152807577e-02
-6.136779140652609543e-04
1.605080285053488154e-02
3.847402851214584696e-02
6.777990910343797970e-02
9.950458427017096208e-02
1.256179899853065718e-01
1.405898219329798360e-01
1.424415931676712432e-01
1.306447667505903909e-01
1.058147316855484327e-01
6.890053499791852498e-02
2.333449930109215628e-02
