-3.168188333511352539e-01
-2.920779585838317871e-01
-2.940809130668640137e-01
-2.534354925155639648e-01
-3.062272071838378906e-01
-2.955695986747741699e-01
-2.570564150810241699e-01
-2.621183395385742188e-01
-2.538303732872009277e-01
-2.918224334716796875e-01
-2.821522355079650879e-01
-2.771733999252319336e-01
-2.529323101043701172e-01
-2.950758337974548340e-01
-2.313704490661621094e-01
-2.882351279258728027e-01
-2.523730993270874023e-01
-2.413982748985290527e-01
-2.388524413108825684e-01
-2.509070038795471191e-01
-2.963501811027526855e-01
-2.814816832542419434e-01
-2.408114075660705566e-01
-2.073007822036743164e-01
-2.499424219131469727e-01
-2.624077796936035156e-01
-2.597955465316772461e-01
-2.657726407051086426e-01
-2.814816832542419434e-01
-2.514411807060241699e-01
-2.636182308197021484e-01
-2.479086518287658691e-01
-2.657718658447265625e-01
-2.741723060607910156e-01
-2.606196403503417969e-01
-2.438299655914306641e-01
-2.570247650146484375e-01
-2.464085221290588379e-01
-2.735502123832702637e-01
-2.263450026512145996e-01
-2.758713364601135254e-01
-2.663148641586303711e-01
-2.617288231849670410e-01
-2.471809983253479004e-01
-2.804387807846069336e-01
-2.614167332649230957e-01
-2.657427787780761719e-01
-3.055255413055419922e-01
-2.715244889259338379e-01
-2.557685375213623047e-01
-2.451371550559997559e-01
-2.657803297042846680e-01
-2.770762443542480469e-01
-2.831285595893859863e-01
-2.693800926208496094e-01
-2.621560692787170410e-01
-2.856834530830383301e-01
-2.656795978546142578e-01
-2.476322054862976074e-01
-2.299756407737731934e-01
-2.838523983955383301e-01
-2.459174394607543945e-01
-2.703035473823547363e-01
-2.616652846336364746e-01
-2.541450262069702148e-01
-2.765862345695495605e-01
-2.657713890075683594e-01
-2.771973609924316406e-01
-2.684091329574584961e-01
-2.297845482826232910e-01
-3.051110506057739258e-01
-3.377669453620910645e-01
-2.449834942817687988e-01
-2.656486034393310547e-01
-2.963226437568664551e-01
-3.063772320747375488e-01
-2.763348221778869629e-01
-2.431740760803222656e-01
-2.719255685806274414e-01
-2.052052021026611328e-01
-2.397780418395996094e-01
-2.583385109901428223e-01
-2.533442378044128418e-01
7.243468761444091797e-01
-2.806731462478637695e-01
-2.609737515449523926e-01
-2.886339426040649414e-01
-2.436238527297973633e-01
-2.902333140373229980e-01
-2.781592607498168945e-01
-2.460302710533142090e-01
-2.746115326881408691e-01
-2.266638278961181641e-01
-2.934406399726867676e-01
-2.675342559814453125e-01
-3.516629934310913086e-01
-2.698141932487487793e-01
-2.669890522956848145e-01
-2.205205559730529785e-01
-2.255681157112121582e-01
-2.493610978126525879e-01
-2.654398083686828613e-01
-2.948039174079895020e-01
-2.906939983367919922e-01
-2.898426651954650879e-01
-2.659670114517211914e-01
-2.644619345664978027e-01
-3.589254021644592285e-01
-2.842764854431152344e-01
-2.651897072792053223e-01
-2.852653861045837402e-01
-2.824892401695251465e-01
-2.657400965690612793e-01
-2.657718658447265625e-01
-2.666192054748535156e-01
-2.814813256263732910e-01
-2.505650520324707031e-01
-2.813632488250732422e-01
-2.248666882514953613e-01
-2.526835203170776367e-01
-2.451197504997253418e-01
-2.449249029159545898e-01
-2.370920777320861816e-01
-2.814821600914001465e-01
-2.805956602096557617e-01
-2.442373633384704590e-01
-2.631423473358154297e-01
-2.657705545425415039e-01
-2.657729387283325195e-01
-2.412771582603454590e-01
-2.814816832542419434e-01
-1.786325573921203613e-01
-2.783899307250976562e-01
-2.554908990859985352e-01
-2.457341551780700684e-01
-2.674841284751892090e-01
-2.814481854438781738e-01
-2.813833355903625488e-01
-2.608640193939208984e-01
-2.657718658447265625e-01
-2.657979130744934082e-01
-2.657331824302673340e-01
-2.689964175224304199e-01
-3.193935155868530273e-01
-2.148448228836059570e-01
-2.434058785438537598e-01
-2.542315125465393066e-01
-2.808458209037780762e-01
-2.037752866744995117e-01
-2.657526731491088867e-01
-2.845127582550048828e-01
-2.506868839263916016e-01
-2.554520964622497559e-01
-2.871357202529907227e-01
-2.491415739059448242e-01
-3.653761744499206543e-01
-2.299900650978088379e-01
-2.662978768348693848e-01
-2.536979913711547852e-01
-2.872792482376098633e-01
-2.901875972747802734e-01
-2.652453184127807617e-01
-2.683725953102111816e-01
-2.528836727142333984e-01
-2.621183395385742188e-01
-2.763979434967041016e-01
-2.527947425842285156e-01
-1.964444518089294434e-01
-2.606507539749145508e-01
-2.621183395385742188e-01
-2.814825773239135742e-01
-2.870892286300659180e-01
-2.358720898628234863e-01
-2.814645767211914062e-01
-2.541459798812866211e-01
-2.658847570419311523e-01
-2.899798750877380371e-01
-2.745909690856933594e-01
-2.438302040100097656e-01
-3.339330554008483887e-01
-2.851952314376831055e-01
-2.864884138107299805e-01
-2.663383483886718750e-01
-2.702546715736389160e-01
-2.843716740608215332e-01
-2.454914450645446777e-01
-2.587300539016723633e-01
-2.781764268875122070e-01
-2.797862291336059570e-01
-2.564087510108947754e-01
-2.490404248237609863e-01
-2.336585521697998047e-01
-2.554196715354919434e-01
-2.425317168235778809e-01
-2.657341361045837402e-01
-2.659568190574645996e-01
-2.607675790786743164e-01
-2.281084656715393066e-01
-2.689294815063476562e-01
-2.606411576271057129e-01
-2.659143805503845215e-01
-2.451136112213134766e-01
-2.186149954795837402e-01
-2.394053339958190918e-01
-2.698549032211303711e-01
-2.466000318527221680e-01
-2.554909586906433105e-01
-2.608765363693237305e-01
-2.182369828224182129e-01
-2.648681998252868652e-01
-2.266485691070556641e-01
-2.630154490470886230e-01
-2.676447629928588867e-01
-2.454427480697631836e-01
-2.906948328018188477e-01
-2.333253622055053711e-01
-2.571083903312683105e-01
-2.504600882530212402e-01
-2.504569888114929199e-01
-2.657535076141357422e-01
-2.475839853286743164e-01
-2.812374830245971680e-01
-2.124322056770324707e-01
-2.803133726119995117e-01
-2.492434382438659668e-01
-2.793111801147460938e-01
-2.657715082168579102e-01
-2.707614302635192871e-01
-2.529877424240112305e-01
-2.865316867828369141e-01
-2.449319958686828613e-01
-2.906953096389770508e-01
-2.574039101600646973e-01
-2.659245729446411133e-01
-2.659652829170227051e-01
-2.657941579818725586e-01
-2.437432408332824707e-01
-2.528423070907592773e-01
-2.274504899978637695e-01
-2.696683406829833984e-01
-2.449314594268798828e-01
-2.603865265846252441e-01
-2.581896185874938965e-01
-2.453666925430297852e-01
-2.659968137741088867e-01
-2.659321427345275879e-01
-2.521203160285949707e-01
-2.659364342689514160e-01
-2.659364342689514160e-01
-2.848433256149291992e-01
-2.694367170333862305e-01
-3.543791770935058594e-01
-2.449314594268798828e-01
-2.657729983329772949e-01
-2.659447193145751953e-01
-2.685731053352355957e-01
-2.679110169410705566e-01
-2.660213112831115723e-01
-2.541893124580383301e-01
-2.958567738533020020e-01
-2.665497064590454102e-01
-2.495598196983337402e-01
-2.803372740745544434e-01
-2.278124690055847168e-01
-2.339768409729003906e-01
-2.749854326248168945e-01
-2.804966568946838379e-01
-2.699775099754333496e-01
-2.814817428588867188e-01
-2.657721042633056641e-01
-2.690905928611755371e-01
-2.399953603744506836e-01
-2.465608119964599609e-01
-2.813529968261718750e-01
-2.804546356201171875e-01
-3.558884263038635254e-01
-2.449314594268798828e-01
-2.470625638961791992e-01
-2.895790338516235352e-01
-2.814816832542419434e-01
-2.655215859413146973e-01
-2.594828009605407715e-01
-2.814805507659912109e-01
-2.725027203559875488e-01
-2.657634019851684570e-01
-2.813757061958312988e-01
-2.759634852409362793e-01
-3.017019629478454590e-01
-2.449314594268798828e-01
-2.734416723251342773e-01
-2.777975797653198242e-01
-2.813503742218017578e-01
-2.663924694061279297e-01
-2.671176791191101074e-01
-2.812341451644897461e-01
-2.662699222564697266e-01
-2.814829945564270020e-01
-2.706277370452880859e-01
-2.657721042633056641e-01
-2.868790626525878906e-01
-2.449303865432739258e-01
-2.616328597068786621e-01
-2.657833099365234375e-01
-2.906953096389770508e-01
-2.844325304031372070e-01
-2.657722234725952148e-01
-2.208789587020874023e-01
-2.537623643875122070e-01
-2.813615798950195312e-01
-2.654671669006347656e-01
-2.533659934997558594e-01
-3.176475167274475098e-01
-2.606412172317504883e-01
-2.657691836357116699e-01
-2.628974318504333496e-01
-2.683607935905456543e-01
-2.666093707084655762e-01
-2.810297012329101562e-01
-2.658013701438903809e-01
-2.657729983329772949e-01
-2.778735160827636719e-01
-2.619574666023254395e-01
-2.466646432876586914e-01
-2.539739608764648438e-01
-2.449313402175903320e-01
-2.797089219093322754e-01
-2.809657454490661621e-01
-2.657704949378967285e-01
-2.849218249320983887e-01
-2.814816832542419434e-01
-2.753325700759887695e-01
-2.633957862854003906e-01
-2.749848365783691406e-01
-2.814469337463378906e-01
-2.634510397911071777e-01
-3.222480416297912598e-01
-2.235484123229980469e-01
-2.643463015556335449e-01
-2.764778733253479004e-01
-2.843662500381469727e-01
-2.434105873107910156e-01
-2.657753825187683105e-01
-2.906931042671203613e-01
-2.408955097198486328e-01
-2.261254787445068359e-01
-2.755081057548522949e-01
-2.657603621482849121e-01
-3.328772187232971191e-01
-2.519539594650268555e-01
-2.795442342758178711e-01
-2.807587981224060059e-01
-2.607787251472473145e-01
-2.448989748954772949e-01
-2.393817305564880371e-01
-2.623179554939270020e-01
-2.586784958839416504e-01
-2.496833205223083496e-01
-2.785482406616210938e-01
-2.608288526535034180e-01
-3.225576877593994141e-01
-2.452596426010131836e-01
-2.657023072242736816e-01
-2.810416817665100098e-01
-2.606411576271057129e-01
-2.449316978454589844e-01
-2.591999769210815430e-01
-2.923751473426818848e-01
-2.844600677490234375e-01
-2.455525994300842285e-01
-2.621275782585144043e-01
-2.700142860412597656e-01
-2.914146780967712402e-01
-2.399440407752990723e-01
-2.817484140396118164e-01
-2.830393910408020020e-01
-2.758668065071105957e-01
-2.812306880950927734e-01
-2.749818563461303711e-01
-2.703400850296020508e-01
-2.814388871192932129e-01
-2.492804527282714844e-01
-2.906814217567443848e-01
-2.541824579238891602e-01
-3.182913661003112793e-01
-2.449313402175903320e-01
-2.760810256004333496e-01
-2.744885683059692383e-01
-2.867202162742614746e-01
-2.186865210533142090e-01
-2.763157486915588379e-01
-2.612054347991943359e-01
-2.662234306335449219e-01
-2.749232053756713867e-01
-2.297811508178710938e-01
-2.663315534591674805e-01
-3.462531566619873047e-01
-2.449314594268798828e-01
-2.687189579010009766e-01
-2.515692710876464844e-01
-2.729565501213073730e-01
-2.800258398056030273e-01
-2.988428473472595215e-01
-2.735391855239868164e-01
-2.670040130615234375e-01
-2.749360203742980957e-01
-2.770261764526367188e-01
-2.150423526763916016e-01
-2.503905892372131348e-01
-2.657635211944580078e-01
-2.696093916893005371e-01
-2.814819216728210449e-01
-2.805283069610595703e-01
-2.610276341438293457e-01
-2.568046450614929199e-01
-2.475668787956237793e-01
-2.874563932418823242e-01
-2.633477449417114258e-01
-2.708645462989807129e-01
-2.476605176925659180e-01
-2.792280912399291992e-01
-2.432422041893005371e-01
-2.657787799835205078e-01
-2.660464048385620117e-01
-2.906906604766845703e-01
-2.491412758827209473e-01
-2.805492877960205078e-01
-2.749364972114562988e-01
-2.657716274261474609e-01
-2.308966517448425293e-01
-2.906847000122070312e-01
-2.240985631942749023e-01
-2.726322412490844727e-01
-2.918244004249572754e-01
-2.698655128479003906e-01
-2.527774572372436523e-01
-2.659355998039245605e-01
-2.657719850540161133e-01
-2.714524865150451660e-01
-2.814793586730957031e-01
-2.673259973526000977e-01
-2.814777493476867676e-01
-2.657917737960815430e-01
-2.659163475036621094e-01
-2.367682456970214844e-01
-2.491412162780761719e-01
-2.424446344375610352e-01
-2.558657526969909668e-01
-2.747702598571777344e-01
-2.703175544738769531e-01
-2.686130404472351074e-01
-2.812145352363586426e-01
-2.539759874343872070e-01
-2.814814448356628418e-01
-2.490102648735046387e-01
-2.658183574676513672e-01
-2.912613749504089355e-01
-2.617810368537902832e-01
-2.529017925262451172e-01
-2.695454359054565430e-01
-2.815771698951721191e-01
-2.658561468124389648e-01
-2.727065682411193848e-01
-2.664596438407897949e-01
-2.749854326248168945e-01
-2.749389410018920898e-01
-2.619676589965820312e-01
-2.896720170974731445e-01
-2.957620620727539062e-01
-2.541381716728210449e-01
-2.814816832542419434e-01
-2.804433107376098633e-01
-2.814341783523559570e-01
-2.683088183403015137e-01
-2.506384253501892090e-01
-2.674681544303894043e-01
-2.623592615127563477e-01
-2.803652882575988770e-01
-2.663425207138061523e-01
-2.663260102272033691e-01
-3.388373851776123047e-01
-2.543478608131408691e-01
-2.761242389678955078e-01
-2.860143184661865234e-01
-2.216976881027221680e-01
-2.658987045288085938e-01
-2.695163488388061523e-01
-2.812470793724060059e-01
-2.657757401466369629e-01
-2.167838215827941895e-01
-2.695041894912719727e-01
-2.814759612083435059e-01
-2.393462657928466797e-01
-2.491413354873657227e-01
-2.588908076286315918e-01
-2.727354764938354492e-01
-2.566778063774108887e-01
-2.664213776588439941e-01
-2.802095413208007812e-01
-2.815288305282592773e-01
-2.699062824249267578e-01
-2.505356669425964355e-01
-2.607676982879638672e-01
-2.694913148880004883e-01
-4.415008425712585449e-01
-2.399277687072753906e-01
-2.763251066207885742e-01
-2.677322626113891602e-01
-2.702359557151794434e-01
-2.272351980209350586e-01
-2.421579360961914062e-01
-2.657840251922607422e-01
-2.557223439216613770e-01
-2.578301429748535156e-01
-2.621308565139770508e-01
-2.657719254493713379e-01
-2.265030741691589355e-01
-2.333155870437622070e-01
-2.627062201499938965e-01
-2.600120306015014648e-01
-2.655808925628662109e-01
-2.660325765609741211e-01
-2.657908797264099121e-01
-2.657482028007507324e-01
-2.421801686286926270e-01
-2.657697796821594238e-01
-2.871333360671997070e-01
-2.809143662452697754e-01
-3.248285651206970215e-01
-2.599912285804748535e-01
-2.658039331436157227e-01
-2.814143896102905273e-01
-2.657717466354370117e-01
-2.814658284187316895e-01
-2.870799899101257324e-01
-2.814813852310180664e-01
-2.887374758720397949e-01
-2.814815640449523926e-01
-2.536780834197998047e-01
-2.347775101661682129e-01
-3.010979890823364258e-01
-2.449315190315246582e-01
-2.332397103309631348e-01
-2.827501893043518066e-01
-2.430772185325622559e-01
-2.519288659095764160e-01
-2.657485604286193848e-01
-2.659346461296081543e-01
-2.784593105316162109e-01
-2.469119429588317871e-01
-2.526153922080993652e-01
-2.608639597892761230e-01
-3.488184809684753418e-01
-2.491413354873657227e-01
-2.676410079002380371e-01
-2.727026343345642090e-01
-2.416839003562927246e-01
-2.750923633575439453e-01
-2.621183395385742188e-01
-2.562541961669921875e-01
-2.899091839790344238e-01
-2.654392719268798828e-01
-2.662771940231323242e-01
-2.678048014640808105e-01
-3.496683239936828613e-01
-2.449509501457214355e-01
-2.576044201850891113e-01
-2.814787626266479492e-01
-2.648530006408691406e-01
-2.814779877662658691e-01
-2.728017568588256836e-01
-2.835602164268493652e-01
-2.754406332969665527e-01
-2.612320184707641602e-01
-2.463977932929992676e-01
-2.328584790229797363e-01
-3.039122223854064941e-01
-2.449313402175903320e-01
-2.422582507133483887e-01
-2.783201932907104492e-01
-2.545168995857238770e-01
-2.903722524642944336e-01
-2.671146988868713379e-01
-2.384563684463500977e-01
-2.657719254493713379e-01
-2.696901559829711914e-01
-2.747904062271118164e-01
-2.558021545410156250e-01
-2.855879068374633789e-01
-2.449314594268798828e-01
-2.657718658447265625e-01
-2.720068097114562988e-01
-2.656183838844299316e-01
-2.786282896995544434e-01
-2.659184336662292480e-01
-2.964858412742614746e-01
-2.632367014884948730e-01
-2.591917514801025391e-01
-2.606418728828430176e-01
-2.328366041183471680e-01
-2.744666337966918945e-01
-2.449313998222351074e-01
-2.906838655471801758e-01
-2.621065974235534668e-01
-2.761414051055908203e-01
-2.709911465644836426e-01
-2.676970362663269043e-01
-2.657926678657531738e-01
-2.606086134910583496e-01
-2.657719254493713379e-01
-2.659760713577270508e-01
-2.667755484580993652e-01
-2.721779942512512207e-01
-2.422191500663757324e-01
-2.657725811004638672e-01
-2.626478075981140137e-01
-2.656452059745788574e-01
-2.655969858169555664e-01
-2.659764885902404785e-01
-2.660349607467651367e-01
-2.814816832542419434e-01
-2.464256286621093750e-01
-2.659069895744323730e-01
-2.814373373985290527e-01
-3.103139400482177734e-01
-2.252352833747863770e-01
-2.623469233512878418e-01
-2.871649861335754395e-01
-2.704993486404418945e-01
-2.667621970176696777e-01
-2.678179740905761719e-01
-2.755765914916992188e-01
-2.621183395385742188e-01
-3.024744987487792969e-01
-2.589806318283081055e-01
-2.903665900230407715e-01
-3.259390592575073242e-01
-2.767610549926757812e-01
-2.674516439437866211e-01
-2.597995400428771973e-01
-2.548384666442871094e-01
-2.671729326248168945e-01
-2.657979726791381836e-01
-2.814798355102539062e-01
-2.657718658447265625e-01
-2.657940387725830078e-01
-2.694554328918457031e-01
-2.657723426818847656e-01
-2.883007526397705078e-01
-2.451432943344116211e-01
-2.657744884490966797e-01
-2.856271266937255859e-01
-2.657705545425415039e-01
-2.813856601715087891e-01
-2.660415768623352051e-01
-2.412841320037841797e-01
-2.701693177223205566e-01
-2.828740477561950684e-01
-2.552037239074707031e-01
-2.273234724998474121e-01
-2.117685675621032715e-01
-2.449385523796081543e-01
-2.464940547943115234e-01
-2.569165825843811035e-01
-2.657954096794128418e-01
-2.749866843223571777e-01
-2.655037641525268555e-01
-2.694732546806335449e-01
-2.468851804733276367e-01
-2.450715899467468262e-01
-2.602611184120178223e-01
-2.657719254493713379e-01
-2.073388695716857910e-01
-2.449318170547485352e-01
-2.622436285018920898e-01
-2.623296380043029785e-01
-2.622202038764953613e-01
-2.657719254493713379e-01
-2.661588788032531738e-01
-2.656925916671752930e-01
-2.464069724082946777e-01
-2.574267387390136719e-01
-2.657719254493713379e-01
-2.540895938873291016e-01
-2.403212189674377441e-01
-2.898919582366943359e-01
-2.612913846969604492e-01
-2.604170441627502441e-01
-2.657720446586608887e-01
-2.657855153083801270e-01
-2.228731513023376465e-01
-2.803294062614440918e-01
-2.801276445388793945e-01
-2.657778859138488770e-01
-2.856909036636352539e-01
-2.657837271690368652e-01
-3.274692893028259277e-01
-2.740860581398010254e-01
-2.759960293769836426e-01
-2.660683989524841309e-01
-2.657714486122131348e-01
-2.749483585357666016e-01
-2.541450262069702148e-01
-2.814082503318786621e-01
-2.668227553367614746e-01
-2.663841247558593750e-01
-2.409438490867614746e-01
-2.628399729728698730e-01
-2.247321009635925293e-01
-2.694173455238342285e-01
-2.606167793273925781e-01
-2.657644152641296387e-01
-2.814856171607971191e-01
-2.652781605720520020e-01
-3.122346401214599609e-01
-2.814794182777404785e-01
-2.657747864723205566e-01
-2.740064263343811035e-01
-2.814803123474121094e-01
-2.553563117980957031e-01
-3.484896421432495117e-01
-2.685921192169189453e-01
-3.020667433738708496e-01
-2.698579430580139160e-01
-2.687848210334777832e-01
-2.657719254493713379e-01
-2.662358880043029785e-01
-2.660923600196838379e-01
-2.814196348190307617e-01
-2.657744288444519043e-01
-2.725255489349365234e-01
-2.696052789688110352e-01
-3.366849422454833984e-01
-2.438672780990600586e-01
-2.870666384696960449e-01
-2.814345359802246094e-01
-2.707912921905517578e-01
-2.657725214958190918e-01
-2.606194019317626953e-01
-2.407482266426086426e-01
-2.690710425376892090e-01
-2.626461386680603027e-01
-2.604998946189880371e-01
-2.814797163009643555e-01
-2.424401640892028809e-01
-2.399604916572570801e-01
-2.605279088020324707e-01
-2.658405303955078125e-01
-2.621185183525085449e-01
-2.660590410232543945e-01
-2.990590333938598633e-01
-2.449583411216735840e-01
-2.449249625205993652e-01
-2.744535803794860840e-01
-2.763084769248962402e-01
-2.814812064170837402e-01
3.599142730236053467e-01
-2.597894072532653809e-01
-2.632395029067993164e-01
-2.744570374488830566e-01
-2.657716870307922363e-01
-2.724099159240722656e-01
-2.657719254493713379e-01
-2.714623212814331055e-01
-2.657719254493713379e-01
-2.645624279975891113e-01
-2.648864984512329102e-01
-2.449978590011596680e-01
-2.563449740409851074e-01
-2.635136842727661133e-01
-2.657642364501953125e-01
-2.541924118995666504e-01
-2.619922757148742676e-01
-2.814816832542419434e-01
-2.657732963562011719e-01
-2.702255845069885254e-01
-2.721299529075622559e-01
-2.543891072273254395e-01
-2.687011361122131348e-01
-2.621183395385742188e-01
-3.130834102630615234e-01
-2.449322938919067383e-01
-3.062295317649841309e-01
-2.776213288307189941e-01
-2.521280050277709961e-01
-2.642625570297241211e-01
-2.947213649749755859e-01
-2.509936690330505371e-01
-2.657713890075683594e-01
-2.662765979766845703e-01
-2.815130352973937988e-01
-2.693848609924316406e-01
-3.040254116058349609e-01
-2.713850140571594238e-01
-2.598111033439636230e-01
-2.487154603004455566e-01
-2.664016485214233398e-01
-2.474762797355651855e-01
-2.954766154289245605e-01
-2.659606933593750000e-01
-2.658448815345764160e-01
-2.452133893966674805e-01
-2.213371396064758301e-01
-2.743684649467468262e-01
-2.632938623428344727e-01
-2.606413364410400391e-01
-2.593930959701538086e-01
-2.749727368354797363e-01
-2.572314143180847168e-01
-2.606413364410400391e-01
-2.557981610298156738e-01
-2.403216361999511719e-01
-2.315410971641540527e-01
-1.730285882949829102e-01
-2.245715856552124023e-01
-2.657962441444396973e-01
-3.915345072746276855e-01
-2.885794639587402344e-01
-2.561945915222167969e-01
-2.621183395385742188e-01
-2.672439217567443848e-01
-2.731999754905700684e-01
-2.855613231658935547e-01
-2.346624135971069336e-01
-2.901729941368103027e-01
-2.647002339363098145e-01
-2.845864295959472656e-01
-2.449209690093994141e-01
-2.726004719734191895e-01
-2.520642280578613281e-01
-2.814116477966308594e-01
-2.698802947998046875e-01
-2.694731354713439941e-01
-2.895759940147399902e-01
-2.824545502662658691e-01
-2.763056755065917969e-01
-2.255401015281677246e-01
-2.407069802284240723e-01
-2.488222718238830566e-01
-2.814841270446777344e-01
-2.768365740776062012e-01
-2.606413364410400391e-01
-2.721126675605773926e-01
-2.504885196685791016e-01
-2.179612517356872559e-01
-2.606397271156311035e-01
-2.286872267723083496e-01
-2.201963067054748535e-01
-2.550854086875915527e-01
-2.831490039825439453e-01
-2.727728486061096191e-01
-2.543957233428955078e-01
-2.477285265922546387e-01
-2.606408596038818359e-01
-2.680216431617736816e-01
-2.402048707008361816e-01
-2.255681157112121582e-01
-2.814815640449523926e-01
-2.682693004608154297e-01
-2.565019726753234863e-01
-2.657717466354370117e-01
-2.749850153923034668e-01
-2.621194720268249512e-01
-2.526034116744995117e-01
-2.054315209388732910e-01
-2.693578004837036133e-01
-2.814806699752807617e-01
-2.856728434562683105e-01
-2.670910358428955078e-01
-2.752485871315002441e-01
-2.460548281669616699e-01
-2.655445337295532227e-01
-2.775448560714721680e-01
-2.472871541976928711e-01
-2.606382369995117188e-01
-2.659621238708496094e-01
-2.716059088706970215e-01
-2.698546051979064941e-01
-2.804740667343139648e-01
-2.657564878463745117e-01
-2.557458281517028809e-01
-2.728344798088073730e-01
-2.658156752586364746e-01
-2.659566998481750488e-01
-2.722787261009216309e-01
-2.458579540252685547e-01
-2.814816832542419434e-01
-2.332125306129455566e-01
-2.797024250030517578e-01
-2.698041796684265137e-01
-2.347437143325805664e-01
-2.619236707687377930e-01
-2.780598402023315430e-01
-2.969106435775756836e-01
-2.569575905799865723e-01
-2.557474970817565918e-01
-2.697761058807373047e-01
-2.606810331344604492e-01
-2.814810872077941895e-01
-3.060781955718994141e-01
-1.723511219024658203e-01
-2.449315786361694336e-01
-2.619530558586120605e-01
-2.913233041763305664e-01
-2.362893819808959961e-01
-2.621550559997558594e-01
-2.621185779571533203e-01
-2.699132561683654785e-01
-2.443717718124389648e-01
-2.626051306724548340e-01
-2.766948342323303223e-01
-2.658243775367736816e-01
-3.090894222259521484e-01
-2.606365084648132324e-01
-2.526035308837890625e-01
-2.657749056816101074e-01
-2.748673558235168457e-01
-2.571499943733215332e-01
-2.606413364410400391e-01
-2.330678105354309082e-01
-2.555395364761352539e-01
-2.541122436523437500e-01
-2.423430681228637695e-01
-2.607874870300292969e-01
-2.446190714836120605e-01
-2.449317574501037598e-01
-2.680369615554809570e-01
-2.606194019317626953e-01
-2.401067018508911133e-01
-2.608988285064697266e-01
-2.541450262069702148e-01
-2.449321150779724121e-01
-2.328364849090576172e-01
-2.423570156097412109e-01
-2.814776301383972168e-01
-2.659204006195068359e-01
-3.038091063499450684e-01
-2.519302964210510254e-01
-2.648540139198303223e-01
-2.888613343238830566e-01
-2.335759401321411133e-01
-2.606413364410400391e-01
-2.801864147186279297e-01
-2.957537174224853516e-01
-2.811295390129089355e-01
-2.704764008522033691e-01
-2.814809679985046387e-01
-2.657837867736816406e-01
-2.889447212219238281e-01
-2.453858256340026855e-01
-2.668845057487487793e-01
-2.640977501869201660e-01
-2.371957898139953613e-01
-2.788091301918029785e-01
-2.663696408271789551e-01
-2.466152310371398926e-01
-2.814679145812988281e-01
-2.814816832542419434e-01
-2.525002360343933105e-01
-2.733185887336730957e-01
-3.315031528472900391e-01
-2.449314594268798828e-01
-2.024522423744201660e-01
-2.698548436164855957e-01
-2.803362011909484863e-01
-2.605618238449096680e-01
-2.422383427619934082e-01
-2.697617411613464355e-01
-2.463108301162719727e-01
-2.016055583953857422e-01
-2.873581051826477051e-01
-2.688905596733093262e-01
-2.320174574851989746e-01
-2.404324412345886230e-01
-2.871367931365966797e-01
-2.448202967643737793e-01
-2.451203465461730957e-01
-2.607694864273071289e-01
-2.606413364410400391e-01
-2.654221057891845703e-01
-2.454119324684143066e-01
-2.307962179183959961e-01
-2.495892047882080078e-01
-2.229717373847961426e-01
-2.191826701164245605e-01
-2.450167536735534668e-01
-2.859045863151550293e-01
-2.907188534736633301e-01
-2.558434009552001953e-01
-2.573491334915161133e-01
-2.292799353599548340e-01
-2.520158886909484863e-01
-2.491413354873657227e-01
-2.634068131446838379e-01
-2.511159181594848633e-01
-2.530047893524169922e-01
9.726738929748535156e-02
-2.457090616226196289e-01
-2.599123716354370117e-01
-2.921594977378845215e-01
-3.131659626960754395e-01
-2.699588537216186523e-01
-2.606413364410400391e-01
-2.606214284896850586e-01
-2.749519348144531250e-01
-2.706599235534667969e-01
-2.749854922294616699e-01
-2.813310027122497559e-01
-2.579060196876525879e-02
-2.698548436164855957e-01
-2.427129745483398438e-01
-2.658122777938842773e-01
-2.681414484977722168e-01
-2.450030446052551270e-01
-2.814798355102539062e-01
-2.741518020629882812e-01
-2.668893933296203613e-01
-2.773775458335876465e-01
-2.606413364410400391e-01
-2.677636742591857910e-01
-2.848481535911560059e-01
-2.648013830184936523e-01
-2.503573894500732422e-01
-2.558585405349731445e-01
-2.856082916259765625e-01
-2.857999205589294434e-01
-2.813904881477355957e-01
-2.656315565109252930e-01
-2.815095186233520508e-01
-2.619748115539550781e-01
-2.660845518112182617e-01
-2.659257650375366211e-01
-3.054686188697814941e-01
-2.662964463233947754e-01
-2.697918415069580078e-01
-2.797316908836364746e-01
-2.702663540840148926e-01
-2.581900358200073242e-01
-2.657999396324157715e-01
-2.773912549018859863e-01
-2.671210765838623047e-01
-2.664734125137329102e-01
-2.613528966903686523e-01
-2.657767534255981445e-01
-3.316495418548583984e-01
-2.424272298812866211e-01
-2.607684135437011719e-01
-2.724052071571350098e-01
-2.963504195213317871e-01
-2.706430554389953613e-01
-3.016687631607055664e-01
-2.693190574645996094e-01
-2.630695104598999023e-01
-3.082137107849121094e-01
-2.459965348243713379e-01
-2.449414134025573730e-01
-3.003717660903930664e-01
-2.415596246719360352e-01
-2.719568014144897461e-01
-2.503208518028259277e-01
-2.660171985626220703e-01
-2.813528776168823242e-01
-2.468472719192504883e-01
-2.765137553215026855e-01
-2.805705070495605469e-01
-2.810343503952026367e-01
-2.657728791236877441e-01
-2.629681825637817383e-01
-2.575730085372924805e-01
-2.448772192001342773e-01
-2.469192147254943848e-01
-2.757980227470397949e-01
-2.657419443130493164e-01
-2.606194615364074707e-01
-2.268759608268737793e-01
-2.727259397506713867e-01
-2.729821801185607910e-01
-2.659005522727966309e-01
-2.807435393333435059e-01
-2.606412768363952637e-01
-2.808014750480651855e-01
-2.400199770927429199e-01
-2.270722985267639160e-01
-2.481588125228881836e-01
-3.194524049758911133e-01
-2.657719254493713379e-01
-2.814170718193054199e-01
-2.813188433647155762e-01
-2.621183991432189941e-01
-2.624751925468444824e-01
-2.891806960105895996e-01
-2.814816236495971680e-01
-2.810178995132446289e-01
-2.449314594268798828e-01
-2.450478076934814453e-01
-2.505787014961242676e-01
-2.310528755187988281e-01
-2.679425477981567383e-01
-2.814363241195678711e-01
-2.657895684242248535e-01
-2.764430642127990723e-01
-2.609543204307556152e-01
-2.814412117004394531e-01
-2.739053368568420410e-01
-2.507431507110595703e-01
-2.449823617935180664e-01
-2.557441592216491699e-01
-2.784700393676757812e-01
-2.450277209281921387e-01
-2.789489030838012695e-01
-2.400419712066650391e-01
-2.657262086868286133e-01
-2.464084625244140625e-01
-2.479494810104370117e-01
-2.657719254493713379e-01
-2.695921063423156738e-01
-2.979117631912231445e-01
-2.348350286483764648e-01
-2.408695816993713379e-01
-2.454712986946105957e-01
-2.662035822868347168e-01
-2.570769786834716797e-01
-2.526099681854248047e-01
-2.709833979606628418e-01
-2.501007318496704102e-01
-2.408835887908935547e-01
-2.649677395820617676e-01
-2.693365216255187988e-01
-2.389891147613525391e-01
-2.449315190315246582e-01
-2.814808487892150879e-01
-2.006849050521850586e-01
-2.450720071792602539e-01
-2.658635973930358887e-01
-2.771790623664855957e-01
-2.698549032211303711e-01
-2.657738924026489258e-01
-2.868232131004333496e-01
-2.814724445343017578e-01
-2.622595429420471191e-01
-2.937047481536865234e-01
-2.449315786361694336e-01
-2.719560265541076660e-01
-2.581474781036376953e-01
-2.738975286483764648e-01
-2.674380540847778320e-01
-2.797401547431945801e-01
-2.700534462928771973e-01
-2.949558496475219727e-01
-2.936960458755493164e-01
-2.674016952514648438e-01
-2.657719254493713379e-01
-3.173696994781494141e-01
-2.491185665130615234e-01
-2.399278879165649414e-01
-2.449601888656616211e-01
-2.292534112930297852e-01
-2.917508482933044434e-01
-2.814049720764160156e-01
-2.658737897872924805e-01
-2.804333567619323730e-01
-2.411801815032958984e-01
-2.663162946701049805e-01
-2.659016251564025879e-01
-2.402913570404052734e-01
-2.449356913566589355e-01
-2.570741176605224609e-01
-2.570141553878784180e-01
-2.514240741729736328e-01
-2.607681155204772949e-01
-2.378979325294494629e-01
-2.657733559608459473e-01
-2.343325018882751465e-01
-2.776542901992797852e-01
-2.663156986236572266e-01
-2.657719254493713379e-01
-4.454437494277954102e-01
-2.814816832542419434e-01
-2.454032897949218750e-01
-2.556435465812683105e-01
-2.601297497749328613e-01
-2.657219767570495605e-01
-2.657718658447265625e-01
-2.906938195228576660e-01
-2.763431668281555176e-01
-2.562282681465148926e-01
-2.491915822029113770e-01
-2.814521789550781250e-01
-3.002921938896179199e-01
-2.449314594268798828e-01
-2.607482671737670898e-01
-2.481474280357360840e-01
-2.657445073127746582e-01
-2.519569396972656250e-01
-2.657865881919860840e-01
-2.683289051055908203e-01
-2.665992379188537598e-01
-2.510638833045959473e-01
-2.658030390739440918e-01
-2.567194700241088867e-01
-3.007566928863525391e-01
-2.457372546195983887e-01
-2.399046421051025391e-01
-2.600542902946472168e-01
-3.012987971305847168e-01
-2.814819812774658203e-01
-2.673028111457824707e-01
-2.658893465995788574e-01
-2.608656883239746094e-01
-2.904394865036010742e-01
-2.465015053749084473e-01
-2.658825516700744629e-01
-2.751049995422363281e-01
-2.751092314720153809e-01
-2.654281854629516602e-01
-2.654085755348205566e-01
-2.811492085456848145e-01
-2.658265829086303711e-01
-2.658644318580627441e-01
-2.399922013282775879e-01
-2.806587815284729004e-01
-2.632239460945129395e-01
-2.657784223556518555e-01
-2.467486262321472168e-01
-2.852849364280700684e-01
-2.466707229614257812e-01
-2.464330196380615234e-01
-2.449752688407897949e-01
-2.657725811004638672e-01
-2.958862781524658203e-01
-2.658370137214660645e-01
-2.657719850540161133e-01
-2.809503078460693359e-01
-2.660133838653564453e-01
-2.750162482261657715e-01
-2.904577255249023438e-01
-3.004806637763977051e-01
-2.800057530403137207e-01
-2.380325794219970703e-01
-2.657743096351623535e-01
-2.675223350524902344e-01
-2.655489444732666016e-01
-2.463728189468383789e-01
-2.814506292343139648e-01
-2.657722830772399902e-01
-2.693985104560852051e-01
-2.635573744773864746e-01
-2.688977718353271484e-01
-2.611585259437561035e-01
-2.449365258216857910e-01
-2.118870615959167480e-01
-2.370576858520507812e-01
-2.608423829078674316e-01
-2.440713047981262207e-01
-2.750854492187500000e-01
-2.769300937652587891e-01
-2.282266616821289062e-01
-2.657720446586608887e-01
-2.563576102256774902e-01
-2.699877023696899414e-01
-6.142988801002502441e-02
-2.449314594268798828e-01
-2.622871398925781250e-01
-2.699789404869079590e-01
-2.408112883567810059e-01
-2.670183777809143066e-01
-2.699621915817260742e-01
-2.657720446586608887e-01
-2.814674973487854004e-01
-2.759866118431091309e-01
-2.809654474258422852e-01
-2.809596657752990723e-01
-2.929447293281555176e-01
-2.449314594268798828e-01
-2.410815358161926270e-01
-2.657736539840698242e-01
-2.657926082611083984e-01
-2.356850504875183105e-01
-2.121456265449523926e-01
-2.605739831924438477e-01
-2.499642372131347656e-01
-2.657725811004638672e-01
-2.449322342872619629e-01
-2.811812758445739746e-01
-3.360076546669006348e-01
-2.588791847229003906e-01
-2.606718540191650391e-01
-2.657718062400817871e-01
-2.689833641052246094e-01
-2.931942343711853027e-01
-2.463976144790649414e-01
-2.871366143226623535e-01
-2.491414546966552734e-01
-2.554213404655456543e-01
-2.814034223556518555e-01
-2.661443948745727539e-01
-3.349948525428771973e-01
-2.449314594268798828e-01
-2.402801513671875000e-01
-2.621183395385742188e-01
-2.651308774948120117e-01
-2.658444046974182129e-01
-2.657679915428161621e-01
-2.881141304969787598e-01
-2.658011317253112793e-01
-2.657746076583862305e-01
-2.658048272132873535e-01
-2.657679915428161621e-01
-2.764936089515686035e-01
-2.490895986557006836e-01
-2.449271082878112793e-01
-2.448921799659729004e-01
-2.703056335449218750e-01
-2.621206045150756836e-01
-2.673295140266418457e-01
-2.658478617668151855e-01
-2.658213973045349121e-01
-2.657810449600219727e-01
-2.656827569007873535e-01
-2.798405289649963379e-01
-3.010588884353637695e-01
-2.449314594268798828e-01
-2.491415143013000488e-01
-2.963505387306213379e-01
-2.266772389411926270e-01
-2.795957326889038086e-01
-2.657719254493713379e-01
-2.811517715454101562e-01
-2.657719254493713379e-01
-2.776596546173095703e-01
-2.657719254493713379e-01
-2.626969218254089355e-01
-2.943794131278991699e-01
-2.491413354873657227e-01
-2.606413364410400391e-01
-2.657719254493713379e-01
-2.445263266563415527e-01
-2.657704949378967285e-01
-2.621183395385742188e-01
-2.812974452972412109e-01
-2.657722830772399902e-01
-2.657895684242248535e-01
-2.790387272834777832e-01
-2.799923419952392578e-01
-2.532802224159240723e-01
-2.454345226287841797e-01
-2.399277687072753906e-01
-2.906953096389770508e-01
-2.564176321029663086e-01
-2.888869047164916992e-01
-2.807258963584899902e-01
-2.620862722396850586e-01
-2.619327902793884277e-01
-2.506207227706909180e-01
-2.660714983940124512e-01
-2.856260538101196289e-01
-3.061647415161132812e-01
-2.634833455085754395e-01
-2.847580313682556152e-01
-2.557570934295654297e-01
-2.657704949378967285e-01
-2.674125432968139648e-01
-2.704643011093139648e-01
-2.830880880355834961e-01
-2.813399434089660645e-01
-2.658344507217407227e-01
-2.658357620239257812e-01
-2.658357620239257812e-01
-2.819864153861999512e-01
-2.397843003273010254e-01
-2.814841270446777344e-01
-2.575613856315612793e-01
-2.584630846977233887e-01
-2.491429448127746582e-01
-2.541491985321044922e-01
-2.657911777496337891e-01
-2.395682930946350098e-01
-2.658351659774780273e-01
-2.449356913566589355e-01
-2.505865693092346191e-01
-2.726956009864807129e-01
-2.449314594268798828e-01
-2.083078026771545410e-01
-2.255688905715942383e-01
-2.543923854827880859e-01
-2.505298256874084473e-01
-2.657719254493713379e-01
-2.541448473930358887e-01
-2.653779387474060059e-01
-2.121537327766418457e-01
-2.658062577247619629e-01
-2.657836079597473145e-01
-1.058823466300964355e-01
-2.355849742889404297e-01
-2.256301045417785645e-01
-2.495001554489135742e-01
-2.449510097503662109e-01
-2.507573962211608887e-01
-2.581436634063720703e-01
-2.469642162322998047e-01
-2.628802657127380371e-01
-2.664033770561218262e-01
-2.716568708419799805e-01
-2.651906609535217285e-01
-2.732138037681579590e-01
-2.541450262069702148e-01
-2.494203448295593262e-01
-2.735331058502197266e-01
-2.621183991432189941e-01
-2.761867642402648926e-01
-2.380878329277038574e-01
-2.206556200981140137e-01
-2.680422067642211914e-01
-2.736080288887023926e-01
-2.749146819114685059e-01
-2.621186971664428711e-01
-3.474173545837402344e-01
-2.117820382118225098e-01
-2.607682943344116211e-01
-2.259454131126403809e-01
-2.661764025688171387e-01
-2.694213986396789551e-01
-2.803291678428649902e-01
-2.749075889587402344e-01
-2.797596454620361328e-01
-2.658215165138244629e-01
-2.637879252433776855e-01
-2.415608763694763184e-01
-2.686455845832824707e-01
-2.177275419235229492e-01
-2.515455484390258789e-01
-2.464547157287597656e-01
-2.464074492454528809e-01
-2.763304710388183594e-01
-2.661107778549194336e-01
-2.657999992370605469e-01
-2.683244347572326660e-01
-2.607961297035217285e-01
-2.657769918441772461e-01
-2.419180274009704590e-01
-3.107092380523681641e-01
-2.449314594268798828e-01
-2.744116187095642090e-01
-2.740584611892700195e-01
-2.821862101554870605e-01
-2.749854922294616699e-01
-2.658612132072448730e-01
-2.658258676528930664e-01
-2.670211791992187500e-01
-2.755663394927978516e-01
-2.811322212219238281e-01
-2.594704031944274902e-01
-3.254230022430419922e-01
-2.449314594268798828e-01
-2.683041691780090332e-01
-2.657299041748046875e-01
-2.675777673721313477e-01
-2.527408003807067871e-01
-2.798594832420349121e-01
-2.255657911300659180e-01
-2.655390501022338867e-01
-2.276785373687744141e-01
-2.497572898864746094e-01
-2.657571434974670410e-01
-2.901077270507812500e-01
-2.449314594268798828e-01
-2.696158885955810547e-01
-2.696859240531921387e-01
-2.657082080841064453e-01
-2.618650794029235840e-01
-2.809392213821411133e-01
-2.658635377883911133e-01
-2.657719850540161133e-01
-2.606413960456848145e-01
-2.658609747886657715e-01
-2.653492689132690430e-01
-3.119262456893920898e-01
-2.450060248374938965e-01
-2.615132927894592285e-01
-2.747484445571899414e-01
-2.607694864273071289e-01
-2.808765769004821777e-01
-2.658697962760925293e-01
-2.662128210067749023e-01
-2.788920998573303223e-01
-2.578893899917602539e-01
-2.785654067993164062e-01
-2.699249982833862305e-01
-2.658835649490356445e-01
-2.449324727058410645e-01
-2.486774921417236328e-01
-2.639388442039489746e-01
-2.483175992965698242e-01
-2.679746150970458984e-01
-2.607177495956420898e-01
-2.814795374870300293e-01
-2.813079357147216797e-01
-2.765167951583862305e-01
-2.621102929115295410e-01
-2.658558487892150879e-01
-3.363601565361022949e-01
-2.449314594268798828e-01
-2.490445971488952637e-01
-2.454704642295837402e-01
-2.664215564727783203e-01
-2.657665610313415527e-01
-2.606431245803833008e-01
-2.811802029609680176e-01
-2.808734178543090820e-01
-2.759374380111694336e-01
-2.702870965003967285e-01
-2.607760429382324219e-01
-2.849498987197875977e-01
-2.449314594268798828e-01
-2.749839425086975098e-01
-2.806891202926635742e-01
-2.657790780067443848e-01
-2.658268213272094727e-01
-2.730367779731750488e-01
-2.660855650901794434e-01
-2.542378902435302734e-01
-2.658149600028991699e-01
-2.603905200958251953e-01
-2.814815640449523926e-01
-3.080990910530090332e-01
-2.449317574501037598e-01
-2.607516050338745117e-01
-2.402822375297546387e-01
-2.657720446586608887e-01
-2.322321534156799316e-01
-2.624436616897583008e-01
-2.746360898017883301e-01
-2.657654881477355957e-01
-2.557491660118103027e-01
-2.683814764022827148e-01
-2.686720490455627441e-01
-2.285483479499816895e-01
-2.400992512702941895e-01
-2.606404423713684082e-01
-2.238460183143615723e-01
-2.379302978515625000e-01
-2.467155456542968750e-01
-2.255691289901733398e-01
-2.658152580261230469e-01
-2.635771632194519043e-01
-2.255681157112121582e-01
-2.595650553703308105e-01
-2.255681157112121582e-01
-3.129233121871948242e-01
-2.450079917907714844e-01
-2.471694946289062500e-01
-2.449320554733276367e-01
-2.255681157112121582e-01
-2.399284243583679199e-01
-2.572794556617736816e-01
-2.860575318336486816e-01
-2.821763157844543457e-01
-2.858154177665710449e-01
-2.579019069671630859e-01
-2.412783503532409668e-01
-2.785765528678894043e-01
-2.449315190315246582e-01
-2.602130174636840820e-01
-2.650896310806274414e-01
-2.812380790710449219e-01
-2.607235908508300781e-01
-2.657461762428283691e-01
-2.814150452613830566e-01
-2.658473849296569824e-01
-2.614057660102844238e-01
-2.642697095870971680e-01
-2.658224701881408691e-01
-2.609540820121765137e-01
-2.400080561637878418e-01
-2.746559381484985352e-01
-2.741750478744506836e-01
-2.906953096389770508e-01
-2.667546272277832031e-01
-2.656844258308410645e-01
-2.898305058479309082e-01
-2.763311266899108887e-01
-2.658571600914001465e-01
-2.657446265220642090e-01
-2.906939983367919922e-01
-2.817000150680541992e-01
-2.449314594268798828e-01
-2.605565190315246582e-01
-2.464142441749572754e-01
-2.658357024192810059e-01
-2.227811813354492188e-01
-2.074903845787048340e-01
-2.657688856124877930e-01
-2.444154024124145508e-01
-2.658342123031616211e-01
-2.171308994293212891e-01
-2.657724618911743164e-01
-2.898973822593688965e-01
-2.716768980026245117e-01
-2.437967061996459961e-01
-2.658718228340148926e-01
-2.495245933532714844e-01
-2.471671700477600098e-01
-2.528550624847412109e-01
-2.581549882888793945e-01
-2.658196687698364258e-01
-2.813912630081176758e-01
-2.657715678215026855e-01
-2.609456777572631836e-01
-2.685138583183288574e-01
-2.449314594268798828e-01
-2.558317780494689941e-01
-2.228035330772399902e-01
-2.596416473388671875e-01
-2.657715678215026855e-01
-2.656971216201782227e-01
-2.529814839363098145e-01
-2.569014430046081543e-01
-2.657711505889892578e-01
-2.739578485488891602e-01
-2.657164931297302246e-01
-3.050550818443298340e-01
-2.206214070320129395e-01
-2.460414767265319824e-01
-2.351416349411010742e-01
-2.662415504455566406e-01
-2.655509710311889648e-01
-2.619688510894775391e-01
-2.673587799072265625e-01
-2.856916189193725586e-01
-2.668059468269348145e-01
-2.655333280563354492e-01
-2.814031243324279785e-01
-2.816366553306579590e-01
-2.411977648735046387e-01
-2.672095894813537598e-01
-2.490976452827453613e-01
-2.809990644454956055e-01
-2.606428861618041992e-01
-2.520349621772766113e-01
-2.656473517417907715e-01
-2.657719254493713379e-01
-2.654940485954284668e-01
-2.642788290977478027e-01
-2.664994597434997559e-01
-2.367388606071472168e-01
-2.491412758827209473e-01
-2.696415185928344727e-01
-2.548290491104125977e-01
-2.485412955284118652e-01
-2.730890512466430664e-01
-2.545024752616882324e-01
-2.713319063186645508e-01
-2.751032710075378418e-01
-2.792820334434509277e-01
-2.814608216285705566e-01
-2.657716870307922363e-01
-2.863255143165588379e-01
-2.491413354873657227e-01
-2.416420578956604004e-01
-2.503069043159484863e-01
-2.658423781394958496e-01
-2.658087015151977539e-01
-2.902181744575500488e-01
-2.691592574119567871e-01
-2.742415666580200195e-01
-2.657719254493713379e-01
-2.455050349235534668e-01
-2.607689499855041504e-01
-2.900765538215637207e-01
-2.399289608001708984e-01
-2.694058418273925781e-01
-2.807267904281616211e-01
-2.657764554023742676e-01
-2.658147215843200684e-01
-2.505170106887817383e-01
-2.657715082168579102e-01
-2.814481854438781738e-01
-2.813772559165954590e-01
-2.658070921897888184e-01
-2.189609408378601074e-01
-2.809463739395141602e-01
-2.333664298057556152e-01
-3.059681057929992676e-01
-2.750700116157531738e-01
-2.659850716590881348e-01
-2.658408284187316895e-01
-2.606961131095886230e-01
-2.676524519920349121e-01
-2.764801383018493652e-01
-2.547839283943176270e-01
-2.657727599143981934e-01
-2.697930932044982910e-01
-2.515240311622619629e-01
-2.491355538368225098e-01
-2.814655303955078125e-01
-2.658256292343139648e-01
-2.657927870750427246e-01
-2.657976746559143066e-01
-2.747301459312438965e-01
-2.744141817092895508e-01
-2.658294439315795898e-01
-2.658294439315795898e-01
-2.525019645690917969e-01
-2.718893289566040039e-01
-2.875322699546813965e-01
-2.350481152534484863e-01
-2.564790248870849609e-01
-2.614059448242187500e-01
-2.663934230804443359e-01
-2.814832925796508789e-01
-2.661144733428955078e-01
-2.549874186515808105e-01
-2.647449970245361328e-01
-2.453339695930480957e-01
-2.740542888641357422e-01
-2.658239603042602539e-01
-3.593183159828186035e-01
-2.491413354873657227e-01
-2.491413354873657227e-01
-2.814816832542419434e-01
-2.661853432655334473e-01
-2.657849192619323730e-01
-2.407224178314208984e-01
-2.805776596069335938e-01
-2.556280493736267090e-01
-2.775269746780395508e-01
-2.606403231620788574e-01
-2.749854922294616699e-01
-2.512221932411193848e-01
-2.494348287582397461e-01
-2.374237179756164551e-01
-2.449620366096496582e-01
-2.657719254493713379e-01
-2.806410193443298340e-01
-2.657720446586608887e-01
-2.871211767196655273e-01
-2.534089684486389160e-01
-2.428345084190368652e-01
-2.641867995262145996e-01
-2.814733386039733887e-01
-2.092646956443786621e-01
-2.399277687072753906e-01
-2.403687238693237305e-01
-2.657968997955322266e-01
-2.817363142967224121e-01
-2.657744884490966797e-01
-2.621172666549682617e-01
-2.658204436302185059e-01
-2.658271193504333496e-01
-2.658271193504333496e-01
-2.389395236968994141e-01
-2.523323297500610352e-01
-3.327268362045288086e-01
-2.583345174789428711e-01
-2.778091430664062500e-01
-2.631798386573791504e-01
-2.729158401489257812e-01
-2.606471776962280273e-01
-2.657709717750549316e-01
-2.657757997512817383e-01
-2.657732963562011719e-01
-2.694534659385681152e-01
-2.805616259574890137e-01
-2.507420182228088379e-01
-2.657652497291564941e-01
-2.622591853141784668e-01
-2.690613269805908203e-01
-2.583150863647460938e-01
-2.657620906829833984e-01
-2.686768174171447754e-01
-2.814816832542419434e-01
-2.776886820793151855e-01
-2.410948276519775391e-01
-2.563278079032897949e-01
-2.660278081893920898e-01
-2.657421231269836426e-01
-3.410173058509826660e-01
-2.225081324577331543e-01
-2.814816832542419434e-01
-2.659620046615600586e-01
-2.606969475746154785e-01
-2.655570507049560547e-01
-2.810271978378295898e-01
-2.253761887550354004e-01
-2.660031914710998535e-01
-2.657746672630310059e-01
-2.675980329513549805e-01
-2.609087228775024414e-01
-2.656994462013244629e-01
-2.806621193885803223e-01
-2.658834457397460938e-01
-2.784577608108520508e-01
-2.731416225433349609e-01
-2.698549032211303711e-01
-2.410377860069274902e-01
-2.562142014503479004e-01
-2.702925205230712891e-01
-2.453696131706237793e-01
-2.797316908836364746e-01
-2.435710430145263672e-01
-2.719579339027404785e-01
