2.168627945434389165e-02
1.986549865672707083e-02
1.630858545762104567e-02
8.624248066677990543e-03
-2.359585616783829720e-03
-1.787843116212631950e-02
-3.850353522036741721e-02
-6.215033964786106230e-02
-8.636984294808004725e-02
-1.091199755299776530e-01
-1.289952009539779565e-01
-1.454525871948243176e-01
-1.619147266894003234e-01
-1.838165924575972388e-01
-2.130395853886220270e-01
-2.439037515865041250e-01
-2.646560166996707042e-01
-2.618836927904831247e-01
-2.227937449461190045e-01
-1.350639607136487341e-01
-1.939126140691875555e-02
6.988626385695899390e-02
1.179717521604055908e-01
1.322370149474048628e-01
1.007128749931911760e-01
2.540145815077872460e-02
-7.486729163219775496e-02
-1.807610434215173867e-01
-2.823461507311565422e-01
-3.801725400112957454e-01
-4.618331516571087536e-01
-4.967424253797694256e-01
-4.550026918734466630e-01
-3.097538809523941450e-01
-5.622439390693360906e-02
2.323402183211471794e-01
4.505035427928062441e-01
5.668320881619474116e-01
6.031089961920188536e-01
5.817642344278671773e-01
5.209421063810342201e-01
4.332749612920525628e-01
3.318868562282461521e-01
2.317447995574560826e-01
1.422070813485247220e-01
6.568538300790063844e-02
1.904010512585475184e-03
-4.913276349483715333e-02
-8.768370687534711438e-02
-1.165482893838516859e-01
-1.370309726618092749e-01
-1.473066900133699342e-01
-1.481900443731946071e-01
-1.428494551654635458e-01
-1.332299485226528524e-01
-1.205991191951720359e-01
-1.059936669497058004e-01
-9.067573727695638075e-02
-7.721814650728869855e-02
-6.545313568483758504e-02
-5.113002992508290656e-02
-3.245221488641709950e-02
-1.020344928669435561e-02
1.437464928706162423e-02
3.878021320181992276e-02
6.021627339817888641e-02
7.733275735163967768e-02
8.961639297413030725e-02
9.352489427311962145e-02
8.165025168323114535e-02
4.894775206131241063e-02
3.858564552684714058e-03
-3.713209978956868301e-02
-6.710173513915571042e-02
-8.842795549884839568e-02
-1.052009539097950169e-01
-1.188877964345083499e-01
-1.278052483263888983e-01
-1.309160568347342013e-01
-1.265442146638937893e-01
-1.103736988143675241e-01
-7.856279837487153972e-02
-2.938600707672318901e-02
2.736759985034323273e-02
7.105812758019901254e-02
9.367873429220544002e-02
1.000582539656713066e-01
9.431857370282473174e-02
7.984152646988060265e-02
5.961994054849290015e-02
3.612908695928054859e-02
1.384796776021562578e-02
-1.299582472424265153e-03
-5.531250066274821277e-03
3.143752296201136193e-03
2.129371123732415674e-02
3.856059361442255862e-02
4.746114895508253551e-02
4.653954277831337527e-02
3.755791875812419106e-02
2.532484968043241177e-02
1.479692380513807429e-02
7.035369458566771012e-03
-8.400326802572317259e-05
-8.338041465903464275e-03
-1.794723721383520779e-02
-2.978095357703444343e-02
-4.077868539101797002e-02
-4.356471402363462642e-02
-3.735501367220465940e-02
-2.650060669748627307e-02
-1.459514072729476385e-02
-4.147309394862602749e-03
3.007246250326479475e-03
6.156581358839834095e-03
5.824195299078140618e-03
2.822672588742347003e-03
-2.585967071579878089e-03
-1.160335098744521079e-02
-2.039863513351548169e-02
-2.089793962020627949e-02
-1.139770188265133016e-02
4.592069776904118134e-03
2.325368477808596734e-02
4.164506218215912464e-02
5.774473882682162884e-02
6.956816180075311995e-02
7.551175380349646471e-02
7.402884564891740182e-02
6.298744593521893309e-02
4.081613395376032516e-02
1.184928631113648344e-02
-1.580111304412071607e-02
-3.957003001905379236e-02
-5.937743875306011193e-02
-7.332870077747552506e-02
-8.126760881837545580e-02
-8.560143162237247860e-02
-8.718338543798559437e-02
-8.340407429519446081e-02
-7.221879436502945393e-02
-5.394613310021017377e-02
-2.853830623832269431e-02
1.554608165116794444e-03
2.889187674163857383e-02
4.831250706430562092e-02
5.774644026999606328e-02
5.509777189929856989e-02
4.248223183461667662e-02
2.701205883664507118e-02
1.390147959069092110e-02
3.040795897212988583e-03
-6.905089186137274536e-03
-1.566855541696709347e-02
-2.441324886713467507e-02
-3.297784566345087626e-02
-3.790706983892758175e-02
-3.848831139732803580e-02
-3.478014296657522958e-02
-2.693465135125361690e-02
-1.651093816057746383e-02
-3.902050934797348259e-03
9.667539801800947852e-03
2.126522133913564053e-02
2.921474165589600311e-02
3.340682265900893344e-02
3.302029691772537939e-02
2.943451969169748328e-02
2.750716957131518411e-02
2.934927062424042346e-02
3.462724861455437897e-02
4.262358109354679597e-02
5.135688312591134286e-02
5.935312927935495336e-02
6.422057619888742186e-02
6.343000213304397783e-02
5.597627130347074959e-02
4.021493996209003080e-02
1.380871498579066756e-02
-1.629674499992380537e-02
-3.627509369780640425e-02
-4.676229247234763020e-02
-5.575525305696142631e-02
-6.195077290211239984e-02
-6.122304459772196644e-02
-5.429134525743319756e-02
-4.469790502128906384e-02
-3.428499588569672296e-02
-2.400438859190303850e-02
-1.602843189033943683e-02
-1.183045750068688166e-02
-9.021454832424282214e-03
-3.245737040857352065e-03
6.545102704875072064e-03
1.894723557675235051e-02
3.322198683981192335e-02
4.798926440542266442e-02
6.105626347636707724e-02
6.944612697611139696e-02
6.990822359445653111e-02
6.069608967415031364e-02
4.247100033455711299e-02
1.709722589320219338e-02
-1.062346199038802577e-02
-3.159296520114994455e-02
-4.133984720680559249e-02
-4.103681111628398881e-02
-3.350390452862692103e-02
-2.259606534275875739e-02
-9.583663857221078053e-03
4.605263443483983976e-03
1.632472360695939179e-02
2.191387817760896001e-02
1.953601220773454328e-02
1.075816638074963451e-02
-2.973168501233842617e-03
-2.442043461390185077e-02
-5.339157987830467356e-02
-8.699169949358943887e-02
-1.227059027578838446e-01
-1.559695549790575952e-01
-1.826305071471612806e-01
-1.985555956206359884e-01
-1.989050888882364643e-01
-1.782007697054892315e-01
-1.285815171940314361e-01
-3.927686233678372163e-02
7.336878287599260529e-02
1.635100355993329424e-01
2.137147366774440338e-01
2.364508010628175172e-01
2.418153259836460511e-01
2.350346231943760134e-01
2.202981317335242495e-01
2.012057924632721650e-01
1.781670614561476906e-01
1.502777086809711504e-01
1.168960857085328542e-01
7.414641120813166009e-02
2.213128751999756533e-02
-3.067915231463303957e-02
-7.965223982707353434e-02
-1.250553299453842082e-01
-1.677120268047940232e-01
-2.074193284857590858e-01
-2.399925915779418661e-01
-2.603885503288436709e-01
-2.648916156277908995e-01
-2.487191914671498527e-01
-2.051639353973887525e-01
-1.248768749514575366e-01
-2.111268350667371355e-02
6.683792895671189505e-02
1.227583454615295416e-01
1.544684483956074716e-01
1.685162600179242742e-01
1.703961457003589086e-01
1.638632742907240036e-01
1.517283547208229666e-01
1.360960228909058323e-01
1.159135384007303760e-01
8.996142464198528255e-02
5.969027805175763229e-02
2.937079862459139254e-02
3.903187595159132717e-03
-1.609561447500428358e-02
-3.135449207115965919e-02
-4.128610964649429699e-02
-4.717235460365974686e-02
-5.166969468148190775e-02
-5.420035530325149203e-02
-5.141659537820637144e-02
-4.142796042977130166e-02
-2.491955611719730290e-02
-5.441268581860655984e-03
1.363742705327109644e-02
3.017388651697509860e-02
4.125982940356479750e-02
4.467330580815511570e-02
4.101372530264264793e-02
3.265815871813305266e-02
2.074487805956362618e-02
6.362740864410394367e-03
-7.676402202369357955e-03
-1.960202041893225819e-02
-3.027016432659190848e-02
-3.994221074608492184e-02
-4.659200755148733969e-02
-4.915079645631203337e-02
-5.003226174856525987e-02
-5.010953458841179570e-02
-4.696738716753307702e-02
-4.116594772689979170e-02
-3.642774513492307714e-02
-3.443101650902755800e-02
-3.354268361716664093e-02
-3.130182647630423004e-02
-2.479343965992051452e-02
-1.107872976521352866e-02
8.379047318738584715e-03
2.577163878658245838e-02
3.446806621001519827e-02
3.415598942587731029e-02
2.663157730608466806e-02
1.344457105530529571e-02
-1.870381355839738705e-03
-1.516694118285004042e-02
-2.426219404527805296e-02
-2.760941971595030214e-02
-2.458548239867648644e-02
-1.475211881374858917e-02
-7.546405791924986478e-04
1.026797513987347601e-02
1.511003727535778496e-02
1.471458226574897700e-02
1.077918241581999129e-02
6.018739740216442341e-03
2.011089252753857533e-03
-2.114651923356726526e-05
7.980633196535795448e-04
3.323905174578494284e-03
6.225426961814882129e-03
9.778231470322593447e-03
1.581533285439954903e-02
2.484296006120181172e-02
3.514731658647891194e-02
4.513062051289661730e-02
5.303313734544410490e-02
5.839193421118719224e-02
6.401174081326835297e-02
7.161605850773899995e-02
7.924155893189725741e-02
8.502066990516002343e-02
8.802957458979668304e-02
8.602214166895996716e-02
7.964802820606781131e-02
7.271800978802003823e-02
6.382069492891345730e-02
4.801613355153658280e-02
2.503743589024407662e-02
2.683169369124792369e-04
-2.191800435100660707e-02
-3.916364771955568869e-02
-4.887916436929316821e-02
-5.182057874675033426e-02
-4.932764414972640177e-02
-3.799168406202411280e-02
-2.472470107984640203e-02
-3.034968667863762251e-02
-6.335842803095016740e-02
-1.165735907718394859e-01
-1.813678771577540150e-01
-2.507917112375495083e-01
-3.172939922327242535e-01
-3.702314522742378156e-01
-3.965801109505686095e-01
-3.818047484510324052e-01
-3.099408705916021911e-01
-1.638276250352233010e-01
2.576875236885555268e-02
1.774194379508609587e-01
2.585419089648841595e-01
2.886912463910849547e-01
2.860435356934362683e-01
2.628728912448450306e-01
2.297123293041081205e-01
1.954101507048780495e-01
1.619643974864533875e-01
1.323645089378996387e-01
1.142082574862901406e-01
1.105401515425271791e-01
1.134787417059494319e-01
1.107093022722919068e-01
9.834131443435820130e-02
7.952871399113255191e-02
5.738299030025611341e-02
3.312399338938200322e-02
7.230479651152088572e-03
-1.704324652228240977e-02
-3.477480971804713938e-02
-4.494740386692426537e-02
-5.034316607247076719e-02
-5.085330260047252193e-02
-4.751661984379779158e-02
-4.627855614243189808e-02
-4.862526038949957496e-02
-5.384179783468260455e-02
-6.389370265748164912e-02
-7.936463799846903144e-02
-9.673182026389108568e-02
-1.093375228298577584e-01
-1.126305139361911678e-01
-1.047142239628156696e-01
-8.362514932161727033e-02
-4.669313502844972541e-02
-3.530026922400489667e-04
3.848801172888343530e-02
6.056946357758696831e-02
6.622655813718267281e-02
5.866849730127226409e-02
4.358999656074626083e-02
2.686147487574940679e-02
1.212533456689585294e-02
8.482753824008990376e-04
-4.553016145267613918e-03
3.397770125297683297e-05
1.567727486033491588e-02
3.475825428104688253e-02
4.549819134290371270e-02
4.261229493122910272e-02
2.938944507009050300e-02
1.159053731284913000e-02
-7.559383947101335974e-03
-2.640865040145929515e-02
-4.388958231185161041e-02
-5.706805970996611105e-02
-6.113104184231531180e-02
-5.587751477471238071e-02
-4.485917932912044520e-02
-3.096403710602025836e-02
-1.683522986045084963e-02
-4.082227694685303110e-03
7.307190530856646701e-03
1.725151403404056455e-02
2.589496690295176040e-02
3.363211995289258627e-02
3.905892814342057373e-02
4.005978993862185922e-02
3.711848509520474654e-02
3.287595498189750665e-02
3.037191218096506329e-02
3.197022962449463934e-02
3.882207381248919259e-02
5.024001224173450797e-02
6.170995422735953140e-02
6.712842036034449844e-02
6.581481077035281069e-02
6.251879319812703173e-02
5.882688120422671640e-02
5.235268672157512848e-02
4.156740461868416170e-02
2.439645266606355750e-02
-4.982357491364868690e-04
-2.621358086246292074e-02
-4.347988274101312334e-02
-5.201496748568301687e-02
-5.661724514946983589e-02
-6.126746474122048841e-02
-6.802343483131757795e-02
-7.794607641137166198e-02
-9.079553806318611808e-02
-1.036233224339050824e-01
-1.108643121694936479e-01
-1.068420782334646990e-01
-8.939187651615551622e-02
-6.376958018842332487e-02
-4.282418648684457180e-02
-3.251195682343999832e-02
-2.906783313177725703e-02
-3.567945375901629412e-02
-5.912199063580589331e-02
-9.540676157513382216e-02
-1.316807463844998916e-01
-1.536207867346230660e-01
-1.479686133306610252e-01
-1.042252911373463403e-01
-1.639553197179147159e-02
9.181105825481532257e-02
1.736986622048077855e-01
2.174835659737842930e-01
2.368728845975151542e-01
2.395316602751249024e-01
2.325205873039783711e-01
2.207736853375116826e-01
2.049998136573694119e-01
1.835471816067174855e-01
1.534690774153542048e-01
1.110503082819182114e-01
5.029301431992469484e-02
-2.155797996109926409e-02
-7.956833467556621853e-02
-1.128590053733409537e-01
-1.264045621071401282e-01
-1.236727886959430867e-01
-1.088916945744185932e-01
-8.859094239946378735e-02
-6.688180565996744431e-02
-4.444130757018598110e-02
-2.294978438526050837e-02
-5.071543246113280334e-03
9.138429664594629326e-03
2.200462590139289423e-02
3.313244645953432321e-02
3.955732049359498431e-02
3.955605512382961986e-02
3.300853833626068989e-02
2.054898120026579095e-02
2.389476680208110076e-03
-2.152221466230967023e-02
-4.799280463851538642e-02
-6.912987254938152137e-02
-7.846992328450079490e-02
-7.350070999884913969e-02
-5.977814545543808089e-02
-4.943267909284548151e-02
-4.603562618505262910e-02
-4.645044231763155451e-02
-5.033104646585503245e-02
-5.824511592603393018e-02
-6.872456060346539275e-02
-7.769522145650457901e-02
-8.034946292037639659e-02
-7.420887665235391395e-02
-5.607675114812872563e-02
-1.797652551662361903e-02
3.675151517489879532e-02
8.873737291832783924e-02
1.266389858177224270e-01
1.506497809629496198e-01
1.606219803222500020e-01
1.564025082360869234e-01
1.395861804932627681e-01
1.130164973791569216e-01
8.211508542186482518e-02
5.013776214738761838e-02
1.655001450420966191e-02
-1.453469828572906235e-02
-3.832497721139535574e-02
-5.586187033248381228e-02
-6.814288844839885839e-02
-7.560494389869375220e-02
-7.999588186940810586e-02
-8.158713000835451923e-02
-7.837894636967383810e-02
-6.897811797976335924e-02
-5.480403892686291911e-02
-3.796657451407590977e-02
-1.779449551962479850e-02
1.039585409040982150e-02
4.257487480794140688e-02
6.416592762623467283e-02
6.965517081823925649e-02
6.204742280806638949e-02
4.587889470939648939e-02
2.732962782513705807e-02
1.229783259327004927e-02
5.533659233918848501e-03
6.626347434322514031e-03
1.036852118758722560e-02
1.174350311368697018e-02
9.337443415370124539e-03
3.745250462549374118e-03
-4.856091935396806766e-03
-1.542431537448989837e-02
-2.721383117927021408e-02
-3.962579212751998065e-02
-5.068434473823202335e-02
-5.861923069251945978e-02
-6.155462185626595084e-02
-5.944620316196680410e-02
-5.490278566715323105e-02
-4.789707808063292660e-02
-3.595270510302746997e-02
-2.127098045806575383e-02
-9.379512556561253253e-03
-1.130976270426933133e-03
7.664697405210434480e-03
2.310921826691193434e-02
4.823396679612933224e-02
7.816204155945657983e-02
1.039286181884435251e-01
1.195848233353908052e-01
1.224156304535363171e-01
1.127028310400941674e-01
9.427577095189132450e-02
7.006257261026690997e-02
3.842170624951170288e-02
-2.402854271574292951e-04
-3.742832649028066117e-02
-6.687698349517402774e-02
-9.083344447250593645e-02
-1.113010994121705344e-01
-1.251364484186284765e-01
-1.285147368761876963e-01
-1.204630675034681769e-01
-1.017820214126756856e-01
-7.198515283300588319e-02
-3.742604630252063802e-02
-9.088985208395352136e-03
1.335023658024667333e-02
3.471841090293610599e-02
5.400136387058584314e-02
6.690648435925566906e-02
7.176340507335317309e-02
7.054651273753291540e-02
6.390228538054767982e-02
5.107918835165466132e-02
3.421918821726817328e-02
2.114183818506456744e-02
1.771102348508759444e-02
2.026078458134168703e-02
2.604534966364110624e-02
3.707204005198821983e-02
5.171417629982698327e-02
6.533341518252316904e-02
7.677808967737430323e-02
8.724420394790063926e-02
9.478097088170747697e-02
9.402248342864447106e-02
7.876291174593823274e-02
4.494109733574667975e-02
-3.294460569933485745e-03
-5.293494894789119165e-02
-9.540169114712995779e-02
-1.303785113978848387e-01
-1.606732298274076709e-01
-1.893851363091731410e-01
-2.166030698743016403e-01
-2.396452299086123394e-01
-2.529431201560715103e-01
-2.471015203883500377e-01
-2.086136987918728314e-01
-1.217954788587826132e-01
-5.135016312482955370e-03
8.742790809912959205e-02
1.342110894893177586e-01
1.461887385862705724e-01
1.331708868664714662e-01
1.068536353595788135e-01
7.919796741280010766e-02
5.724588983009110121e-02
4.429246187737735652e-02
4.134510824324724720e-02
4.912900445628436835e-02
7.024548431486983546e-02
9.801914100827739673e-02
1.166177880775523257e-01
1.200362594415510797e-01
1.110087592367504233e-01
9.447373186441543336e-02
7.741693090437076763e-02
6.202602829865576373e-02
4.563206317544630380e-02
2.706476665029308032e-02
8.243205662658391678e-03
-8.555602276494522415e-03
-2.179672041291828843e-02
-2.994986692568300801e-02
-3.450097797653826903e-02
-3.821967947988350739e-02
-4.169840736761169786e-02
-4.507821158266450690e-02
-4.684168583864670166e-02
-4.551441516989510050e-02
-4.249469219087162464e-02
-3.982133036491007638e-02
-3.976674236777379828e-02
-4.280040604839958213e-02
-4.288128728216322044e-02
-3.295256512592664722e-02
-1.029208823245041267e-02
1.979077603219079814e-02
4.574573794598328635e-02
6.369525075080616217e-02
7.499138972531556313e-02
7.756819531500126763e-02
6.907707141313901289e-02
5.033203513129728274e-02
2.566036375830284960e-02
3.493742606048829379e-03
-1.005823811338190342e-02
-2.316967205238784633e-02
-4.950930424568390775e-02
-9.108090469712344650e-02
-1.424477170915575130e-01
-1.998285068020180522e-01
-2.588732798227301735e-01
-3.107033280032390765e-01
-3.432819178842187458e-01
-3.444545099080288386e-01
-3.038065876122367781e-01
-2.137982183669730196e-01
-6.486193177719767888e-02
1.175758624315404038e-01
2.675313188076821058e-01
3.563709816493136895e-01
3.952714648993357893e-01
3.954353393577965670e-01
3.678140902777936594e-01
3.227517644639825156e-01
2.677392803239399544e-01
2.075062803968739378e-01
1.461256651438929688e-01
8.553123119154186493e-02
2.565895394273014218e-02
-2.911718525785340211e-02
-7.097641285873498851e-02
-9.640130584591698193e-02
-1.055809169772512490e-01
-1.020849125618208258e-01
-9.205416310157184256e-02
-7.878518719673992254e-02
-6.342279819075491432e-02
-4.726693132013505549e-02
-3.093780730912484844e-02
-1.543156006836818653e-02
-4.156805062691009897e-03
1.037248492847494749e-03
2.778172023966738943e-03
3.774855315998221217e-03
3.788031896294397072e-03
2.560968206639117548e-04
-8.215409814677665512e-03
-1.983472145025611671e-02
-3.025417135884169231e-02
-3.506697048360619962e-02
-3.419226032552303424e-02
-2.842850739649458933e-02
-1.380252273227354498e-02
4.363758633671253190e-03
9.020396425210703423e-03
-5.798923823863284983e-03
-3.597883547629043832e-02
-7.756122617186003709e-02
-1.249317442520624238e-01
-1.705511297014541683e-01
-2.064719874000189026e-01
-2.255223842494688824e-01
-2.193319762441237608e-01
-1.774756542858537400e-01
-8.910267882060328437e-02
2.500499497117578476e-02
1.124783135771824510e-01
1.525138866103590563e-01
1.561568968827855564e-01
1.339991657216294263e-01
9.726708746285428475e-02
5.752623351663715967e-02
2.313245086881283996e-02
-6.921079407650604365e-06
-6.960351309789190866e-03
9.050725855081959148e-03
5.748550299564464394e-02
1.271511621301261996e-01
1.868502675767601817e-01
2.236294465052060809e-01
2.405198350992223399e-01
2.392040225343607385e-01
2.211849338967129541e-01
1.886485680222108885e-01
1.445423098484044377e-01
9.133809730764881618e-02
3.279118545947184993e-02
-2.856269964981560106e-02
-9.005055797532174333e-02
-1.430224573857102333e-01
-1.809213585474962194e-01
-2.055715077382055944e-01
-2.197315262625957610e-01
-2.240297196280882364e-01
-2.192473630403972973e-01
-2.062517003217737843e-01
-1.857334380945740993e-01
-1.589525419048814503e-01
-1.273609890648345344e-01
-8.980478624403789856e-02
-4.133221561589045523e-02
1.385319618033553982e-02
5.954413418360314514e-02
8.858612185351105728e-02
1.040029156220779599e-01
1.094265799813392004e-01
1.089274106466360664e-01
1.052818991835745704e-01
1.001335361573421900e-01
9.480962438693454897e-02
8.822653008682777853e-02
7.701979895754725025e-02
5.884879672453309507e-02
3.596167017902165974e-02
1.337648689731036483e-02
-8.351977194625451184e-03
-2.972426036825848855e-02
-4.765820907852812149e-02
-6.060857624108657166e-02
-6.888661446265111066e-02
-7.177744627772601749e-02
-6.789167039036415885e-02
-5.508022610723240647e-02
-3.409034157203445770e-02
-9.435110303135409160e-03
1.570520112413930497e-02
3.881822507282549350e-02
5.666393945170789676e-02
6.644724159200662839e-02
6.709527229566274176e-02
5.931790194178440667e-02
4.479443375204755773e-02
2.886676485374065071e-02
1.792560278258740342e-02
1.269914849582899977e-02
9.660183658728328099e-03
6.322405757851735052e-03
3.890918341902554166e-03
3.940044436666234606e-03
3.014707560895338138e-03
-1.617046482825737312e-03
-8.209542280598867287e-03
-1.639592195015226669e-02
-2.519633955579599072e-02
-3.138755584451539959e-02
-3.276664770469029514e-02
-2.921700723619326256e-02
-2.341383385238680892e-02
-1.815351773285114184e-02
-1.379956629210026854e-02
-1.178202548930045931e-02
-1.517346053377433869e-02
-2.466081102318721727e-02
-3.892852105251264072e-02
-5.670728432135519609e-02
-7.561010448272217910e-02
-9.100506896261947865e-02
-9.879179231178268628e-02
-9.515036499127568770e-02
-7.570056918089401732e-02
-3.668418337196521772e-02
1.502266131923185935e-02
5.990846538391772502e-02
8.839323569933053848e-02
1.032172401183469868e-01
1.078645731739788227e-01
1.055447804014369995e-01
9.740146775266173007e-02
8.393258615074560003e-02
6.741311733574545384e-02
4.964364266659890973e-02
3.116733084682734786e-02
1.386639362787366395e-02
4.673345559781422361e-04
-8.324044502341681334e-03
-1.335483214151198320e-02
-1.424396809719043547e-02
-9.875314794032828691e-03
8.496328115774332002e-05
1.350731878239713052e-02
2.583890111060350298e-02
3.404068413335573778e-02
3.693100762779534529e-02
3.273102812696836866e-02
1.960505353348155136e-02
-7.491736014222766769e-04
-2.427249448344466140e-02
-4.902754247067675486e-02
-7.401100909450444854e-02
-9.885080097021071988e-02
-1.241691365449546641e-01
-1.494698295308249381e-01
-1.693987159962336564e-01
-1.744820372018672239e-01
-1.580180319800478239e-01
-1.174191269400942234e-01
-4.829373040667701844e-02
3.917581861385950603e-02
1.144919791105157847e-01
1.623014543450809755e-01
1.855922989853091010e-01
1.884065841751882964e-01
1.757431720862975555e-01
1.532900829948289911e-01
1.259657929116714814e-01
9.689434710256483729e-02
6.749523600825643732e-02
3.629533570055482744e-02
-2.173333209628475551e-04
-3.944663406172292663e-02
-7.129044204450851741e-02
-9.058452479517688227e-02
-9.775987490955966031e-02
-9.340400664629427974e-02
-7.987721646510206885e-02
-6.149551590846467908e-02
-4.258406571339591606e-02
-2.517362979041256124e-02
-1.097729298306201161e-02
-2.760322371808223915e-03
-2.176804991731479122e-03
-5.522463259869598955e-03
-4.530786389313362118e-03
3.978996784911039211e-03
1.561724188456102558e-02
2.493064051424779409e-02
3.017031747728940103e-02
3.203919470176954526e-02
3.124277604005691600e-02
2.974736329866220150e-02
2.962785255084845332e-02
3.030258249538526905e-02
2.955403695185649174e-02
2.661064266154224492e-02
2.174155993576439364e-02
1.392203778466284507e-02
1.612523366327846567e-03
-1.506913673535718520e-02
-3.335153338022178032e-02
-5.063657078985719928e-02
-6.617508655115698912e-02
-7.778815121699662882e-02
-8.180038138193150565e-02
-7.479157385326638818e-02
-5.186007570035270492e-02
-1.705490308194260868e-02
1.401015315887481176e-02
3.419678178010907010e-02
4.570787489120574365e-02
4.976347246801195168e-02
4.692515674363299111e-02
3.763852176226371860e-02
2.366134829779110299e-02
7.737059068671680445e-03
-7.907243707443053354e-03
-2.238473395418787842e-02
-3.586360564801288620e-02
-4.645236562786409645e-02
-5.174622024060125669e-02
-5.009882424934086753e-02
-3.930226985600097922e-02
-1.710158806065277537e-02
1.842731463617639648e-02
6.026777302910987094e-02
9.272815960930747003e-02
1.076237735395652040e-01
1.061832979645323249e-01
9.271404235072396027e-02
7.168572840789433354e-02
4.680901615167797764e-02
2.208804070424955079e-02
-9.518031317631804253e-05
-1.908323952625583936e-02
-3.545309718101217339e-02
-5.217105737614341487e-02
-7.217315632642634649e-02
-9.232297282735019150e-02
-1.039753648068836439e-01
-1.004521051221544670e-01
-8.022481322392091552e-02
-4.523377885769981621e-02
-3.805945183709013094e-03
3.047928387103919501e-02
5.121338907861033851e-02
5.981179037243845864e-02
5.849421874497172380e-02
4.890389326782456497e-02
3.249113135171780714e-02
1.342841462414093301e-02
-2.421725376243964809e-03
-1.253280017722203238e-02
-1.815156702124651536e-02
-2.009592664721137484e-02
-1.827337091743035796e-02
-1.529111825889821995e-02
-1.486185126252544640e-02
-1.672906188742994543e-02
-1.833946265645732335e-02
-1.877278444043246897e-02
-1.812941930375463334e-02
-1.586201735582720013e-02
-1.036067083031395712e-02
6.387000977369452397e-04
1.913355398244774574e-02
4.425948494557626484e-02
7.204996409648749267e-02
9.746654114135591684e-02
1.161932562602795288e-01
1.266475590418821018e-01
1.291616682217806567e-01
1.253740975154614967e-01
1.176444142622654065e-01
1.067450673439716557e-01
9.059135918823649214e-02
6.540590096759046901e-02
2.664097881088899056e-02
-2.936198098937254503e-02
-9.524812160502985070e-02
-1.558836089573003292e-01
-2.052096003767694687e-01
-2.453858250578595801e-01
-2.792730055808415046e-01
-3.077575936830733716e-01
-3.281586926533454629e-01
-3.344179023162700548e-01
-3.186514902040076258e-01
-2.736323169424848545e-01
-1.921671880086638640e-01
-6.220221860060187735e-02
9.667899192200909986e-02
2.260890031694853253e-01
3.005039595128022878e-01
3.303014144138457509e-01
3.266221831846427559e-01
3.022904994178828852e-01
2.683693070408209591e-01
2.315141041023378587e-01
1.956259396384828486e-01
1.621503295794577693e-01
1.293916379261580152e-01
9.358793292872330527e-02
5.591332448461316940e-02
2.319680698778676248e-02
-1.765665492573512824e-03
-1.977138571196671718e-02
-3.166995584533852104e-02
-3.943887131080411196e-02
-4.483926559322959360e-02
-4.993244571431563333e-02
-5.598680418663805336e-02
-6.159896119170270301e-02
-6.502604810935602719e-02
-6.736144321366233090e-02
-7.231326762579219636e-02
-8.196146260481679269e-02
-9.642196637531336156e-02
-1.148239389244545827e-01
-1.374019413968962100e-01
-1.633526333847160894e-01
-1.860772129919383844e-01
-1.999412744021435151e-01
-2.006193690266936946e-01
-1.818162422279571977e-01
-1.380082994483942116e-01
-6.340291296908737162e-02
2.810959749291963919e-02
1.025967570259002370e-01
1.470745741200331080e-01
1.704614023251388999e-01
1.819077936169424259e-01
1.880821892679465923e-01
1.945346409363367113e-01
2.011829030288838360e-01
2.018871065237900775e-01
1.932891454834500811e-01
1.733285241322293224e-01
1.393640173783716463e-01
9.709497416221260502e-02
5.820412132621795992e-02
2.751719499246297468e-02
3.552790106138504350e-03
-1.811323730536359977e-02
-4.620061260696843586e-02
-8.263532851594118656e-02
-1.158537164876978776e-01
-1.381397753099887216e-01
-1.505610188992037024e-01
-1.537283220549638951e-01
-1.490394296162290688e-01
-1.380253154053303899e-01
-1.230120226908559128e-01
-1.080107543179522345e-01
-9.324355235888598381e-02
-7.961418136143585955e-02
-7.195875014245865786e-02
-7.262870888939197689e-02
-7.968508826571626957e-02
-8.681317979917384242e-02
-8.338107064941531477e-02
-5.576313648635783382e-02
6.407001478193828127e-03
8.873281351891665336e-02
1.577954281169675621e-01
1.997065632263188006e-01
2.186026984848593591e-01
2.212170753424789471e-01
2.157085476804843360e-01
2.062921829018610209e-01
1.943285717883039276e-01
1.787746076641728021e-01
1.569140966016466521e-01
1.242492580038368211e-01
7.341575779657401324e-02
7.019912601751597883e-03
-6.085978332027131010e-02
-1.238065919411959898e-01
-1.839066150755668538e-01
-2.406125336439693396e-01
-2.925857580722368012e-01
-3.375067848937036707e-01
-3.666710515173841611e-01
-3.705378408824613889e-01
-3.415378320380939026e-01
-2.687334410982042954e-01
-1.391364718860166327e-01
2.173872447601363223e-02
1.527311583255931693e-01
2.320426300068996750e-01
2.728299299949170642e-01
2.862788403365101875e-01
2.816176459990949454e-01
2.651912868295190906e-01
2.413038255820076361e-01
2.112763012396981777e-01
1.763605204493769729e-01
1.398527897343296578e-01
1.035893470138306988e-01
7.023093310545895640e-02
4.338349285828416169e-02
2.208100177406337530e-02
2.772718952578676066e-03
-1.837263089126548593e-02
-4.104175272289387055e-02
-5.947161840057685334e-02
-7.070421426094507245e-02
-7.765733519300381527e-02
-8.328955216520350646e-02
-8.733625110978478212e-02
-9.073369921753682288e-02
-9.507402652354624006e-02
-9.921848600315530398e-02
-1.017924046763747092e-01
-1.044797147159215733e-01
-1.107573454675482572e-01
-1.193134646620233469e-01
-1.239919697533519022e-01
-1.233876709899060509e-01
-1.188189309787903297e-01
-1.039170538839658126e-01
-6.821648354652665169e-02
-5.238759008633000515e-03
6.774077609695049185e-02
1.156225649316744014e-01
1.289655486363086578e-01
1.182348863076316259e-01
9.150962960179520600e-02
5.583422317459271061e-02
1.814109136152587329e-02
-1.537459541037633493e-02
-4.352849278944104228e-02
-6.206230907508625272e-02
-5.996556342610065427e-02
-2.645850133898484599e-02
2.956264419947475519e-02
7.767036885416978009e-02
1.043316427257340029e-01
1.150127847496813238e-01
1.129412153913443018e-01
1.005818421768089055e-01
8.199975905666344322e-02
6.142937827581693849e-02
4.138831673050420712e-02
2.128380381652997602e-02
4.547459885586510597e-04
-1.921609614986124343e-02
-3.767254614191181683e-02
-5.498674449983217277e-02
-6.669545183102368324e-02
-7.021564531453705627e-02
-6.865924874809162248e-02
-6.528265537364502658e-02
-6.071967993467338592e-02
-5.373614184561084639e-02
-4.238048724584396465e-02
-2.586221602601412872e-02
-3.627786418386168624e-03
2.622557385209578831e-02
5.811032679490515246e-02
7.892763646994431503e-02
8.526466570693073954e-02
8.193712861657709290e-02
7.076070857450084128e-02
5.335628516942600430e-02
3.604378158619161998e-02
2.399559093812384664e-02
1.517797395299875715e-02
6.306859643110266159e-03
-1.522645907207847461e-03
-3.747893331995955438e-03
1.334046151578385450e-03
1.050864382005848793e-02
1.959064229232865620e-02
2.488408580172194254e-02
2.377063009458936851e-02
1.578588370881863975e-02
4.520836275292755904e-03
-6.123493340617371800e-03
-1.307616685013711019e-02
-1.134883500771753997e-02
1.647494616928299460e-03
2.386680987284380343e-02
4.149429671554170918e-02
3.464150492935907932e-02
8.194104839719018509e-04
-5.295935945555663854e-02
-1.238458717258614783e-01
-2.056260666818844618e-01
-2.870503410821566015e-01
-3.553858692058083912e-01
-3.966839135363746105e-01
-3.934187148213300622e-01
-3.232871460989736878e-01
-1.654743289069506018e-01
4.201939071503611733e-02
2.093928391739081629e-01
3.025817306086204805e-01
3.381581149397556718e-01
3.295575219571186265e-01
2.867823827396021041e-01
2.198356976108018501e-01
1.433603839336327901e-01
7.464023091888899453e-02
2.667090172836250259e-02
4.268122342768016289e-03
1.118193444808997586e-02
3.788405436347016403e-02
5.747443535484720450e-02
5.768195245853471875e-02
4.333467123696532752e-02
1.948171177351396693e-02
-1.065704048567646042e-02
-4.480500336099479952e-02
-7.980199580542801652e-02
-1.109377180360668902e-01
-1.307648094387690030e-01
-1.277222853892441834e-01
-8.821560098019706753e-02
-2.094068718208395505e-02
4.100139754050740465e-02
8.140992672206384673e-02
1.033470564315786960e-01
1.100563022017065351e-01
1.033542937414899665e-01
8.562881906068098292e-02
6.179554995568802001e-02
3.536350019954914714e-02
9.532236101865390610e-03
-1.135197699045132833e-02
-2.486398616005969231e-02
-3.040391537463844884e-02
-2.929948930009565813e-02
-2.467387576093844209e-02
-1.914666951045509297e-02
-1.367212340269110399e-02
-8.646622674535114905e-03
-5.476287621572687239e-03
-5.220903756834623446e-03
-5.738340372528613620e-03
-5.032723959876757303e-03
-5.121640869619878064e-03
-8.121657885736885754e-03
-1.308346757917629166e-02
-1.762715160168306164e-02
-2.046077568474539282e-02
-2.424821110926320133e-02
-3.405127989958229434e-02
-5.059919192430848561e-02
-7.271640588052707965e-02
-1.006506647289489437e-01
-1.284677377802951881e-01
-1.398623206906107475e-01
-1.174997791557034071e-01
-5.349633340398604608e-02
2.904098325253196000e-02
8.536028258219462150e-02
9.937279239136184716e-02
8.004758852420328086e-02
3.903578792527846730e-02
-1.045259955351949058e-02
-5.701759232036212460e-02
-9.004180607032721828e-02
-9.718825432776234674e-02
-6.070804128598335236e-02
3.912738191834812945e-02
1.818030239640276713e-01
3.021033211079808267e-01
3.641935105239983428e-01
3.709383671384871017e-01
3.294494104656794931e-01
2.555477356962598812e-01
1.682621794328248155e-01
7.362591368451074092e-02
-2.931369642775294437e-02
-1.398851823122503057e-01
-2.543195162983615809e-01
-3.626038634414125439e-01
-4.523049653350434962e-01
-5.123354123502273927e-01
-5.321419701664281687e-01
-5.003358803519224463e-01
-4.059557379232501262e-01
-2.411345934163101890e-01
-4.515255505166811123e-02
1.006864875760984240e-01
1.692023059480805003e-01
1.863529253207511505e-01
1.830267135500086573e-01
1.890457253092820422e-01
2.277048961584348108e-01
2.880660454173913365e-01
3.260892282809735865e-01
3.247935615532258069e-01
2.956502274271337605e-01
2.488015559765662243e-01
1.908024563539655882e-01
1.251936299123548313e-01
5.554876063628755994e-02
-1.381832678625645634e-02
-7.884355277560023412e-02
-1.387573520595748178e-01
-1.918216713386878269e-01
-2.281554520107036965e-01
-2.351651870142138223e-01
-2.077756991174367629e-01
-1.510973097955615185e-01
-7.742040732149557680e-02
-4.305118812403817968e-03
5.164379842749348970e-02
8.500932258448226642e-02
1.007470152103276811e-01
1.044538724539974817e-01
9.849668239100836664e-02
8.491274111785214462e-02
6.834628036325096634e-02
5.402544124001712467e-02
4.271539373658986977e-02
3.219678834658540323e-02
2.203622325791139425e-02
1.295958160243192506e-02
4.872370606998953704e-03
-3.048427772110074915e-03
-1.107579822211344003e-02
-1.725419207015007825e-02
-2.033213866386126764e-02
-2.303563487875442961e-02
-2.537753685539158657e-02
-2.313905532878178864e-02
-1.569248277942024081e-02
-5.965641236194222860e-03
1.382112879926268578e-03
2.884845956253427601e-03
-1.303167853692140457e-03
-1.051021176965678122e-02
-2.380941966103817739e-02
-4.169136370057396901e-02
-6.044800909835913727e-02
-7.098034694770150033e-02
-7.465315267234132190e-02
-8.016562729647475072e-02
-9.174240705225274184e-02
-1.093405253342933509e-01
-1.285493948089081739e-01
-1.432428267819056966e-01
-1.482252403475534108e-01
-1.391493926777986334e-01
-1.123568192893240197e-01
-6.828372897674951647e-02
-1.071853821725996143e-02
6.286191043107265675e-02
1.409038935137976734e-01
1.928828700399410068e-01
2.101372448912054991e-01
2.042230840298319139e-01
1.845007001998366647e-01
1.576154109995005770e-01
1.279144417135791856e-01
9.916393414804869355e-02
7.277410698518306520e-02
4.727467034589406120e-02
2.266041681281115439e-02
-1.234501263109862718e-03
-2.360334788927472352e-02
-4.063881192248935958e-02
-5.184792733602983789e-02
-5.919450081288612359e-02
-6.232934781476365260e-02
-6.119827040329384182e-02
-5.814784717787394724e-02
-5.593104010760466954e-02
-5.523260566312319236e-02
-5.357676026323256180e-02
-4.813408747566028101e-02
-3.853249941831686509e-02
-2.495005824814983120e-02
-7.666701866737731658e-03
1.077800203295403714e-02
2.593544041610349599e-02
3.476555785697301587e-02
3.880626798591141347e-02
4.116643839474694311e-02
4.202968598172475423e-02
4.141971767001245003e-02
3.996546302863522582e-02
3.538034472177686851e-02
2.355994555649347164e-02
5.067671254970085998e-03
-1.322114768102262104e-02
-2.779485793975663976e-02
-3.911531938935602221e-02
-4.520620812719560594e-02
-4.507912004536245715e-02
-4.093664031561450312e-02
-3.427495886124826141e-02
-2.603725800468736223e-02
-1.615643629820141813e-02
-1.715210673728186520e-03
1.874108240564755640e-02
4.206259379172334195e-02
6.195747466536636466e-02
7.493830122536379590e-02
8.087546567345786641e-02
7.958434218678536731e-02
7.108374042295095840e-02
5.449643893185086851e-02
3.110652055014672887e-02
3.608044929656745170e-03
-2.541823296972136464e-02
-5.175253641046646119e-02
-7.563726906114431880e-02
-9.653221830230299116e-02
-1.086755488314434803e-01
-1.112304915623069101e-01
-1.083628571422217551e-01
-1.045009386276584407e-01
-1.015901906328851995e-01
-9.743685087028305936e-02
-8.821706518115406126e-02
-7.150799251425064840e-02
-4.746408044003699866e-02
-1.546850758088987206e-02
2.519173878497778588e-02
6.774078366305347210e-02
1.012809508705972555e-01
1.215651127821218841e-01
1.306275076586343176e-01
1.313709178998809235e-01
1.260863602668587102e-01
1.155045176367080206e-01
9.809797126930741573e-02
7.468740482148129856e-02
5.071888766033861434e-02
2.898235996846110565e-02
6.731081291437747069e-03
-1.406778808797969592e-02
-2.638658201420710642e-02
-3.031116374697003304e-02
-3.007109666413232754e-02
-3.003797445940161251e-02
-3.529839673975699449e-02
-4.588725090026749692e-02
-5.745282070769160837e-02
-6.595052457597262718e-02
-6.842995789305847398e-02
-6.203093490831852741e-02
-4.507945656505300824e-02
-2.235579647125772451e-02
-3.326304194959052787e-03
8.299928849188467628e-03
1.653444604967368309e-02
2.673118770889717014e-02
3.939700540756824881e-02
5.110825733884506034e-02
5.894387267247406387e-02
6.269104735117646265e-02
6.510665489248269877e-02
6.554079209534595385e-02
5.935998911260750160e-02
4.608110619987493273e-02
2.864204502654204426e-02
9.266956244048092303e-03
-9.429349428740300271e-03
-2.816895506796388698e-02
-5.120432569292811958e-02
-7.792247678498985530e-02
-1.053590319689173410e-01
-1.332137550476293342e-01
-1.588709325250161064e-01
-1.760608647104228985e-01
-1.746284740168222160e-01
-1.375187771548940230e-01
-4.674792871145811574e-02
8.001971175922630020e-02
1.880795249057680418e-01
2.477121740873634015e-01
2.642738067765465493e-01
2.496554083817776604e-01
2.146167959955973537e-01
1.681377520560309868e-01
1.177430325161065161e-01
6.766496809989777650e-02
2.071978515934029888e-02
-2.658049052978568583e-02
-8.253873749751985955e-02
-1.468944631942035173e-01
-2.140061400943945036e-01
-2.796677416036451036e-01
-3.376223976970526564e-01
-3.797387249832095413e-01
-3.988877147197490425e-01
-3.853983070984553505e-01
-3.230351181841314978e-01
-1.901793747811124091e-01
1.273605584369988733e-02
2.263478602439013276e-01
3.795100228094314132e-01
4.583101169492283522e-01
4.830933936287462593e-01
4.702241370566724310e-01
4.288089413712140030e-01
3.659059309051858055e-01
2.905081316128427238e-01
2.086635654500330617e-01
1.215485693282033069e-01
2.742009608925108019e-02
-7.867589582638409573e-02
-1.963056176327239166e-01
-3.147208735472606933e-01
-4.214568242800549314e-01
-5.071525471840665489e-01
-5.635275337493378389e-01
-5.806660117448136926e-01
-5.456553090359193003e-01
-4.421065803999411070e-01
-2.479889833704322644e-01
4.358642515488037050e-03
2.215882107760719366e-01
3.645162884988349949e-01
4.483654795431770146e-01
4.848464222664710110e-01
4.855246562907580277e-01
4.627801580031677964e-01
4.273585222991232446e-01
3.868916838636767830e-01
3.429331821309716810e-01
2.911882167416413036e-01
2.292399653485369393e-01
1.558214176890126978e-01
6.706233433137648303e-02
-3.854255966067605260e-02
-1.486145621188299515e-01
-2.431532936681943258e-01
-3.174356926505158549e-01
-3.771799076197206446e-01
-4.257616134409786257e-01
-4.634644466577430011e-01
-4.863555634901123859e-01
-4.893191445535898798e-01
-4.659122277026555015e-01
-4.056438338621244921e-01
-2.958460129256166860e-01
-1.235893794092521036e-01
8.270248349932857179e-02
2.531479174192124981e-01
3.600551729955056568e-01
4.171059279512808748e-01
4.346442416065756653e-01
4.197232703199933468e-01
3.794243761582226093e-01
3.216874389288018055e-01
2.563030228656930087e-01
1.938545240772731881e-01
1.402540212494067517e-01
9.615467150415199504e-02
5.995676252375436999e-02
2.834274911934288668e-02
-3.766777079654951704e-03
-4.094373340246543896e-02
-8.333461446864567912e-02
-1.275581178814115813e-01
-1.717397522462125736e-01
-2.158178693967000017e-01
-2.573489475415280392e-01
-2.917098604629304592e-01
-3.152426433805847195e-01
-3.258555857366551844e-01
-3.214946211546385602e-01
-2.967567870438612143e-01
-2.428513901574087530e-01
-1.489703799287113439e-01
3.996558123663389306e-03
1.955449370878161175e-01
3.542403897397192192e-01
4.477187625426602979e-01
4.835611488052320439e-01
4.713629005739314870e-01
4.250728352766245943e-01
3.541055300832772756e-01
2.617412305446023546e-01
1.502816461365492628e-01
2.677401217308612857e-02
-1.024052705057965917e-01
-2.331756231850080074e-01
-3.547908473934048845e-01
-4.549030498932803424e-01
-5.261602892056167491e-01
-5.574613406579442820e-01
-5.329155764236086501e-01
-4.370369745805219863e-01
-2.508523929764754912e-01
-9.376664889733023200e-03
1.927042341003832315e-01
3.156571581989187081e-01
3.758529415012246688e-01
3.903516732222927499e-01
3.760375171281554740e-01
3.447552920385797970e-01
3.048500313717288912e-01
2.624151202405938799e-01
2.193928510891874351e-01
1.765631337381885768e-01
1.356935736142118598e-01
9.181283190884800827e-02
3.402629937075755950e-02
-4.069391834502399108e-02
-1.263392304443634040e-01
-2.133668025531568202e-01
-2.920928621702127970e-01
-3.566102385244421247e-01
-4.017303709643360032e-01
-4.187593698941346476e-01
-3.960871127470870778e-01
-3.224321488418017134e-01
-1.880281865230528648e-01
-2.046205413539572970e-02
1.157657500849980231e-01
1.949987723381277072e-01
2.303956104510298808e-01
2.343323437288974409e-01
2.168401350618577028e-01
1.872962410404865330e-01
1.555932740669023762e-01
1.275037534236444503e-01
1.035315500413306888e-01
8.474865784371612976e-02
7.480043011911793882e-02
7.236883408895361525e-02
6.802168709479881892e-02
5.531281560116398793e-02
3.566281226390694004e-02
1.315116341831749913e-02
-8.070668449656157387e-03
-2.458278933660582033e-02
-3.563658174097866782e-02
-4.173993432890424349e-02
-4.259846658241785156e-02
-3.970343544584385709e-02
-3.428299139954502084e-02
-2.658185697727073402e-02
-2.086959279437372583e-02
-2.260840000313708159e-02
-3.398804583126913831e-02
-5.485667355863837330e-02
-8.186851982362827740e-02
-1.069837825951695659e-01
-1.215811874919495439e-01
-1.228439565865249855e-01
-1.110166499534540191e-01
-8.269628083805019569e-02
-3.243818960107425209e-02
3.052679533383103466e-02
8.232028280003417242e-02
1.115712081959583518e-01
1.205085333086798188e-01
1.139363901369241094e-01
9.957076238903014853e-02
8.217455767534594113e-02
6.240536036725821689e-02
4.318341380928376882e-02
2.898378727191131682e-02
2.311315957507308755e-02
2.880911993672915714e-02
4.098935333086880378e-02
4.368327892265480572e-02
2.524446915309119452e-02
-1.477479618741274828e-02
-7.114343107817927558e-02
-1.358378832730708086e-01
-1.983460583314835546e-01
-2.482251417121827952e-01
-2.760655393698766558e-01
-2.712546283507147882e-01
-2.205019867685773793e-01
-1.074387175320823118e-01
4.754003331786065684e-02
1.831398031947440164e-01
2.720859758698215836e-01
3.227232769668866297e-01
3.399510892128771999e-01
3.264803001888143541e-01
2.893565421448080488e-01
2.395805567052156082e-01
1.842205393662116886e-01
1.268666100952989262e-01
7.094300138033481085e-02
1.567884003148295458e-02
-4.257006157776513366e-02
-1.046532529341154538e-01
-1.700840487601703865e-01
-2.380820475950747306e-01
-3.044959633683804179e-01
-3.624928884465135059e-01
-4.069853018900591035e-01
-4.344703980346348304e-01
-4.362158470635460472e-01
-3.950408827067113937e-01
-2.903442188741460206e-01
-1.017013393840648511e-01
1.343965378968965951e-01
3.252739261996956954e-01
4.359214690606086906e-01
4.814008069649470256e-01
4.684173857164847798e-01
4.091479428740345536e-01
3.218961244842994951e-01
2.222147293618394193e-01
1.233533790462817414e-01
3.755806492963674470e-02
-2.355244775711770253e-02
-5.097513019388270894e-02
-5.525081074218023136e-02
-6.439288839160513256e-02
-9.014884017066907007e-02
-1.296663128709199808e-01
-1.809191081398046075e-01
-2.381703148292484140e-01
-2.931110053304915586e-01
-3.366654759867112601e-01
-3.580337130219175545e-01
-3.416683266726764923e-01
-2.661313093175260436e-01
-1.081151755356813959e-01
9.937430922593722127e-02
2.683158870978597510e-01
3.643341009482112813e-01
4.048633281667997075e-01
4.062006694167292764e-01
3.837350420328079492e-01
3.480256537358046853e-01
3.021933299403000706e-01
2.463952224786007394e-01
1.822392117226693531e-01
1.124737579555152855e-01
3.828949731662214390e-02
-3.739340825254125478e-02
-1.085746116956497198e-01
-1.743901286888754620e-01
-2.398680308822462859e-01
-3.087721942642045470e-01
-3.799886370822647130e-01
-4.465899920887375085e-01
-4.977286496305810548e-01
-5.189562788035323448e-01
-4.909265033850439552e-01
-3.938557862281693023e-01
-2.076475484814450101e-01
3.341474862021349967e-02
2.356766498338386806e-01
3.580321010646507207e-01
4.162106861839009464e-01
4.265042798197110629e-01
4.024250861033690230e-01
3.546490248827035008e-01
2.931654222691498779e-01
2.262148642669590815e-01
1.614600632151037274e-01
1.048320960295864440e-01
5.525754490390541451e-02
1.131323460201238452e-02
-2.382076281603755924e-02
-4.965136447631072342e-02
-6.705072888415786192e-02
-7.276018414833619607e-02
-6.637117318646137964e-02
-5.457928902207982019e-02
-4.338324577047238118e-02
-3.600336125987872726e-02
-3.450800768114616751e-02
-3.621794647115460924e-02
-3.596489193894428227e-02
-3.267802611407066155e-02
-2.887332547079785386e-02
-2.784602155004241991e-02
-3.203803625467052663e-02
-4.083344475117937911e-02
-5.250488143067717772e-02
-6.438854917399890188e-02
-7.095551484441639523e-02
-6.923350683058675237e-02
-6.201702273333627863e-02
-5.150054683584004422e-02
-3.117444358616939387e-02
-8.450743680037538577e-03
-1.512893998672743337e-02
-6.775975585505508714e-02
-1.604948047967017510e-01
-2.811331132712653336e-01
-4.138622013134918842e-01
-5.440204277868622151e-01
-6.557664440703007136e-01
-7.280085668895730500e-01
-7.345034628691232692e-01
-6.435334406715845779e-01
-4.244456523650360080e-01
-9.863278348452228506e-02
