1.090547026110686747e-02
1.169549498540950472e-02
1.054581577603030951e-02
6.683352423901387993e-03
4.632823859392697953e-03
7.026684225076418495e-03
9.715470109863247328e-03
1.084746449882435272e-02
9.418311154549014602e-03
2.002447898767686224e-03
-1.165020874946717626e-02
-3.142665793906370547e-02
-5.605393744596682409e-02
-7.809491258700973493e-02
-9.099126253656689145e-02
-9.371994399409104559e-02
-8.747458195239195267e-02
-7.340269034989428676e-02
-5.125698236000833519e-02
-2.238020609472442246e-02
8.770510893655819942e-03
3.870912984366201709e-02
6.584658036479069942e-02
8.646268299137196967e-02
9.433659815767603263e-02
8.956655854937474459e-02
7.846255854380469741e-02
6.451105241398256973e-02
4.784457347467983845e-02
3.091467004596665930e-02
1.963010688649845584e-02
1.626789609469936684e-02
1.669114702914585580e-02
1.438665749718518599e-02
5.609709793932575982e-03
-7.734068523546112905e-03
-2.208839121252827511e-02
-3.621736399272876272e-02
-4.981618508433267867e-02
-6.198936077179879184e-02
-7.004708805683637629e-02
-7.094543078148535242e-02
-6.342271298178299432e-02
-4.903808470969650557e-02
-3.272634658095004839e-02
-1.771166888931911126e-02
-4.591698532739683924e-03
5.206125603331567681e-03
1.172723426468032758e-02
1.771769909697713460e-02
2.324506680274463638e-02
2.616549323149275005e-02
2.732394941429921661e-02
2.653397885299979553e-02
2.146140877329002009e-02
1.261786985487388379e-02
1.934203126383516290e-03
-8.625653226585427991e-03
-1.641914304625233939e-02
-2.140789982405104375e-02
-2.464430785401015150e-02
-2.419883865080914992e-02
-1.858563591693205078e-02
-9.383109663807646592e-03
1.671751902433546476e-03
1.381868361195619579e-02
2.527759289796470757e-02
3.422142636551994688e-02
4.142395404177944690e-02
4.856585440059216913e-02
5.573941097647402976e-02
6.088941977839890801e-02
6.073053420947001346e-02
5.319967366522089514e-02
3.820700672127642916e-02
1.644088756332045750e-02
-1.006196499165116706e-02
-3.620015631627001435e-02
-5.792284600077472062e-02
-7.361631103101205775e-02
-8.114304222911999931e-02
-7.906896166872688647e-02
-6.877384222250908230e-02
-5.367241308476930484e-02
-3.612528149028863128e-02
-1.823280461238096714e-02
-2.038290547038584029e-03
1.066202963128328601e-02
1.822202775563338054e-02
2.130118637269009033e-02
2.210474434677472261e-02
2.172925030014415809e-02
1.974803591069374323e-02
1.780019744920714742e-02
1.786466153455998351e-02
1.883087330646671456e-02
1.890835838426777743e-02
1.712912446420052776e-02
1.291694306565765310e-02
5.668987236557765028e-03
-3.719676533622260414e-03
-1.166856673068479913e-02
-1.325680248914938922e-02
-6.119579702197645507e-03
8.231374506929324542e-03
2.771105078470099611e-02
4.901638950011474871e-02
6.709824412842942121e-02
7.989598737979511367e-02
8.842987361897974852e-02
9.214273586625475188e-02
8.937827750505310254e-02
8.130435829590759722e-02
7.001660305943815943e-02
5.473660791653287699e-02
3.389118998312243281e-02
7.361276526156663308e-03
-2.357691541648539169e-02
-5.658929340517070139e-02
-9.030131808695084084e-02
-1.246044992089385683e-01
-1.593537334723000576e-01
-1.941213366656993622e-01
-2.290889258088862346e-01
-2.618434400703472109e-01
-2.838472403674778266e-01
-2.859289826708401594e-01
-2.637784920786587217e-01
-2.153945597851033567e-01
-1.379612555866586154e-01
-2.894863182980898439e-02
9.323931761168635646e-02
1.906529302034508100e-01
2.477405798087874977e-01
2.708592045525141101e-01
2.673136442189169015e-01
2.456294629934513418e-01
2.146340910352788622e-01
1.805490759453013128e-01
1.469609981451825143e-01
1.184484452225543216e-01
9.989654451580247396e-02
9.308386991884066985e-02
9.286772144360595782e-02
8.963890546835673323e-02
7.862779478687696721e-02
5.705048663929162406e-02
2.016499068150895413e-02
-2.926431070892371311e-02
-7.831345148017038182e-02
-1.146878126145544630e-01
-1.344853563250794914e-01
-1.392713741339033640e-01
-1.322371105783000655e-01
-1.168378177348491503e-01
-9.554070447562196255e-02
-7.154200567276894351e-02
-4.722215095050796840e-02
-2.371493659283928357e-02
-5.924423049745972808e-03
2.567788201638602184e-03
5.801296561652445963e-03
9.799574536866667573e-03
1.650402831585261881e-02
2.451733477753753263e-02
3.147171360067239909e-02
3.431843450184811350e-02
3.221876878875162831e-02
2.557611572950193798e-02
1.290224895498641791e-02
-5.883668976719697193e-03
-2.841544023890234943e-02
-5.010916731108806116e-02
-6.462094712086456638e-02
-6.825837011558714973e-02
-6.242277757249721504e-02
-4.928456301758758762e-02
-2.918211788208965179e-02
-3.428629760735706512e-03
2.262321492853739888e-02
4.217029359115444243e-02
5.426052826865530171e-02
6.160570634947988566e-02
6.625526515674083627e-02
7.024068506631159226e-02
7.270033766598639480e-02
7.028808624848588427e-02
6.141451440127213696e-02
4.650674235646200944e-02
2.839689406120318380e-02
1.055177475067640980e-02
-5.891932420289873983e-03
-2.081543890637354427e-02
-3.531258493354470784e-02
-5.111998875820848720e-02
-6.830199896742959742e-02
-8.594518659702822527e-02
-1.022254237690673334e-01
-1.147159886498816672e-01
-1.209969943802871872e-01
-1.163887377597848244e-01
-9.870646908272651121e-02
-7.138470995041397427e-02
-3.898801848707271478e-02
-5.427919045193206615e-03
2.619314652518394543e-02
5.325216262260894229e-02
7.479488330668945806e-02
9.005306860357327470e-02
9.845441328850214335e-02
1.010492775221527584e-01
9.937545817409954019e-02
9.532813132186865324e-02
9.033326718511199005e-02
8.406541539402193064e-02
7.404055719278236636e-02
5.819339325657324480e-02
3.798680092355539301e-02
1.593049456805903721e-02
-6.664990624215457946e-03
-2.777270974573489010e-02
-4.536617432007490625e-02
-5.888266429821727849e-02
-6.719078030390419898e-02
-6.832932522085120863e-02
-6.238027192179253222e-02
-5.044608032999626374e-02
-3.500999283386995592e-02
-1.995906633832347787e-02
-6.765059072339065643e-03
3.866453793678432168e-03
1.005286404413041970e-02
1.217574779288842224e-02
1.510953553552142614e-02
2.245052718421740312e-02
3.301709909642909502e-02
4.392302557477190117e-02
5.029105340469218477e-02
4.684250866682293513e-02
3.132544025968705959e-02
4.929875077696929848e-03
-2.719470551435193562e-02
-5.850550340051861170e-02
-8.581481702819837576e-02
-1.063745958218042104e-01
-1.146034898842701044e-01
-1.059036656743987115e-01
-7.953775704973556349e-02
-3.745053841794138139e-02
1.060107669374108288e-02
4.837643340018844829e-02
6.943661828406012815e-02
7.719440354128769000e-02
7.588886586659816802e-02
7.011121972174527706e-02
6.363782319732634585e-02
5.673910390815821436e-02
4.793411908333736898e-02
3.746614491752543047e-02
2.405240394497989986e-02
5.877637677966924580e-03
-1.363865571636294939e-02
-2.984234515279743372e-02
-4.040275442148798940e-02
-4.202335441799828764e-02
-3.379781121098137525e-02
-2.027614884064766337e-02
-5.171967360741820501e-03
9.426233725528289364e-03
1.909522916473429047e-02
2.061205865266090356e-02
1.711987973048203354e-02
1.427172351721656129e-02
1.288924330349522536e-02
8.969752171264526105e-03
-1.386477905800089991e-04
-1.430940924033334560e-02
-3.205099276020304672e-02
-4.998254208651096986e-02
-6.478338216801407534e-02
-7.320679999936041682e-02
-7.294052235440272314e-02
-6.475037299602885710e-02
-4.757857173393405942e-02
-1.847916517098536007e-02
1.477843500488853351e-02
3.842048658559323732e-02
5.072633136150438843e-02
5.583331762850467228e-02
5.522800651437649588e-02
5.150702249875878380e-02
4.572218268411451514e-02
3.685039669902535203e-02
2.612043951438439149e-02
1.743780664688139581e-02
1.204521667111681932e-02
6.641275566886407043e-03
-9.620190721936875983e-04
-8.517277846848910622e-03
-1.145565175964694676e-02
-7.083076292416420720e-03
1.876748230181880632e-03
9.347192920626367502e-03
1.266476566189121342e-02
1.268548473571464059e-02
1.092549128684427301e-02
9.344229628935010745e-03
8.822397720587581843e-03
8.593934168723754707e-03
6.816261413429574104e-03
2.613801364250902676e-03
-2.270698138688141948e-03
-7.046929468229740090e-03
-1.305593656377101661e-02
-1.937560091935171258e-02
-2.307874983275370190e-02
-2.219342134088267762e-02
-1.714732620952771555e-02
-1.098282130058343166e-02
-6.312371578243783365e-03
-4.825918817441232113e-03
-7.046394585425614331e-03
-1.123515301288530166e-02
-1.566440187697927186e-02
-1.843808268946766499e-02
-1.766217865812747326e-02
-1.081696734416336646e-02
8.524438507675735285e-03
4.764701373590730926e-02
9.705370815984300237e-02
1.302322335058077596e-01
1.312165363118976413e-01
1.011249822648058877e-01
5.250678732807001481e-02
7.730312285700161913e-04
-4.719857322441185082e-02
-8.931899179027757985e-02
-1.230509465486044618e-01
-1.458321027178945406e-01
-1.591537803596409506e-01
-1.670346825426478332e-01
-1.682749292785515882e-01
-1.563645123467111431e-01
-1.251716764749945809e-01
-6.933431197996668682e-02
2.241837003879800123e-03
6.335173657911558065e-02
1.026655962194238381e-01
1.259470551470029676e-01
1.350890952977291115e-01
1.311959579260759678e-01
1.177573666240102207e-01
9.388803700287166876e-02
5.845573516585331891e-02
1.707237214273822287e-02
-1.945343666193309964e-02
-4.206788703076710240e-02
-5.082881363625239846e-02
-4.910941645182162474e-02
-3.749481656189281031e-02
-1.476286689964785570e-02
1.442438158176315675e-02
3.711542424937015749e-02
4.808299005348365407e-02
4.989168301038753722e-02
4.380961959590121135e-02
3.156246846715849569e-02
1.607158408341368208e-02
3.148488428536264701e-03
-5.676707621754500770e-03
-1.550325306268039889e-02
-2.637948886139260263e-02
-3.447928825203499387e-02
-3.694898989405429740e-02
-3.251896559649827823e-02
-2.361621591903079881e-02
-1.257032608185262336e-02
-1.620828628838630412e-03
5.198302217016358140e-03
8.924421771042950063e-03
1.488767029629574357e-02
2.428168903442647075e-02
3.539899334064657010e-02
4.758227466506988884e-02
5.978790835361983552e-02
6.528440284373435154e-02
5.913111371074473988e-02
4.849667309765411105e-02
4.022519613956117290e-02
3.378975777759432586e-02
2.727041797198155593e-02
1.999121584889641812e-02
1.201559829745176000e-02
4.284497508706693047e-03
-1.839240831206762072e-03
-6.138317025979646291e-03
-8.343065074265514081e-03
-9.660689528364053980e-03
-1.199369133278961261e-02
-1.646831626339053528e-02
-2.677506566121634624e-02
-4.723664445941144069e-02
-7.649532710317516471e-02
-1.090675478643067658e-01
-1.405494533155171033e-01
-1.689757544516333199e-01
-1.925724289594354655e-01
-2.078030934734755586e-01
-2.110713493378563732e-01
-1.968224936123069979e-01
-1.565050919330294721e-01
-8.578508730331144139e-02
1.333343511372408335e-02
1.208777340415402579e-01
2.023578522673943891e-01
2.440997988287396114e-01
2.512460284775696051e-01
2.293968400997285217e-01
1.867290208054999956e-01
1.359481778753637293e-01
8.907790866794562668e-02
5.133348331175138085e-02
2.459672561179583605e-02
9.432279009590862837e-03
3.659190841350809867e-03
1.725503829402634873e-03
-2.224773352049630101e-03
-9.591348872189211019e-03
-1.893816512995813786e-02
-2.793632476278025412e-02
-3.417052710199194876e-02
-3.720670787386190503e-02
-3.830181103830395534e-02
-3.824689966020026338e-02
-3.764967912016052576e-02
-3.693802713671687221e-02
-3.571923375025905234e-02
-3.419102010411604470e-02
-3.230021396449685167e-02
-2.901762383260987621e-02
-2.272579845212237271e-02
-1.475840263712296235e-02
-6.756233455668799945e-03
5.383113691435572126e-03
2.326559168802673494e-02
4.162301099655026787e-02
5.397360663455246649e-02
5.742493834609550818e-02
5.301318956405286914e-02
4.261271608404207378e-02
3.037037903629500116e-02
2.122626267588001783e-02
1.570857462187811443e-02
1.168184970837972403e-02
6.390039870901924497e-03
-6.659603507507411146e-04
-5.293597129738139215e-03
-5.951112713134087961e-03
-5.844257925135491055e-03
-7.672237768409547951e-03
-1.316562002742838536e-02
-2.296757250526346855e-02
-3.431394075802288862e-02
-4.199621464166007623e-02
-4.220821501003022003e-02
-3.803854838150005913e-02
-3.738672140917999320e-02
-4.216030722249382301e-02
-4.880483102529609846e-02
-5.488403203991737422e-02
-5.799284495343501322e-02
-5.516549034262729911e-02
-4.508201814846530403e-02
-3.077990947218270032e-02
-1.912831152991302519e-02
-1.366131727831806399e-02
-1.177206648011971425e-02
-1.013987847468031563e-02
-6.469557783779743276e-03
2.653014646381950115e-04
6.759594873905760970e-03
9.669501923582322217e-03
1.024698880941855329e-02
1.158077473293748008e-02
1.576599263059204337e-02
2.326595938726852553e-02
3.450280285370134481e-02
5.118141325950811837e-02
7.278295933110782989e-02
9.533446844563886469e-02
1.163346026378104248e-01
1.364060867892660234e-01
1.562759765857016925e-01
1.741863129499090501e-01
1.854176422753869569e-01
1.842826523554224050e-01
1.664979905477257938e-01
1.291961447788442796e-01
6.791709924993152847e-02
-1.134604478429757438e-02
-8.728955422311361623e-02
-1.477249406302720558e-01
-1.924918136965351467e-01
-2.221363190562968826e-01
-2.391304162199818228e-01
-2.471815548210259950e-01
-2.491841615394010390e-01
-2.471388632456880396e-01
-2.397901703108260285e-01
-2.197717016380760779e-01
-1.771469391361782109e-01
-1.179003994933111865e-01
-6.373749060510026931e-02
-2.286190620189262890e-02
1.070823893065581123e-02
4.094595473846745354e-02
6.942845870062112901e-02
9.919332554921803102e-02
1.339852712030900617e-01
1.680731720558686915e-01
1.878623273757961121e-01
1.914942915269091106e-01
1.861401678858918829e-01
1.747274561658646030e-01
1.594308713040611392e-01
1.455779606019829142e-01
1.374217582714508945e-01
1.351089611790213529e-01
1.363503934202589252e-01
1.389138917808127593e-01
1.405777348520308168e-01
1.384580529479584876e-01
1.306359122653828753e-01
1.169345626415405903e-01
9.715864565908603756e-02
7.092999957528628441e-02
3.735690763977354140e-02
-6.272060725724941388e-03
-6.128670232363271630e-02
-1.211025365253759201e-01
-1.744083279841500689e-01
-2.252302629655509869e-01
-2.799559784899907644e-01
-3.245777114416380504e-01
-3.452770720290737061e-01
-3.368733578903613246e-01
-2.910916481720711158e-01
-2.213489438827959122e-01
-1.726916155387085150e-01
-1.689567721675854228e-01
-1.976063918670980246e-01
-2.366961790186786763e-01
-2.612056598531144469e-01
-2.405923600376668747e-01
-1.423434028977466903e-01
7.229477325878960747e-03
1.262367667222457079e-01
1.875353584927612616e-01
2.184538093809931802e-01
2.383614522779224365e-01
2.576351662489398953e-01
2.800379476559697323e-01
3.014143286684755063e-01
3.153904098170435821e-01
3.083295807037999547e-01
2.736835678370073688e-01
2.214955500362612573e-01
1.639248674673176309e-01
1.086719902690114203e-01
5.968239953788647550e-02
2.074609830702243279e-02
-6.030133866970804196e-03
-2.312744589885786309e-02
-3.478629846636416972e-02
-4.317082500251430421e-02
-4.914659062402877004e-02
-5.404870934750527489e-02
-5.871010953664577980e-02
-6.131803358816993038e-02
-5.964051772546540703e-02
-5.369553620508721314e-02
-4.453707114772435804e-02
-3.276980826720951590e-02
-1.984273029130154478e-02
-9.514560833826263275e-03
-4.730580812695148879e-03
-4.755063857012789205e-03
-6.445077514330415508e-03
-9.677899234574079135e-03
-1.597786973172114072e-02
-2.268587146089386802e-02
-2.802255152236211855e-02
-3.293090422355279823e-02
-3.796455610822337817e-02
-4.491984808599557011e-02
-5.598298715612342463e-02
-7.042797521547156103e-02
-8.145745901427327296e-02
-7.990430159648403974e-02
-6.722901462912786452e-02
-5.336790866571772263e-02
-4.151130299340555219e-02
-2.922712500412047790e-02
-1.873083936150092554e-02
-1.381799026048707163e-02
-1.089626687621426601e-02
-2.347035032639822189e-03
1.221906426815430775e-02
2.897917999885897544e-02
4.637510988617009333e-02
5.794283575155143723e-02
5.627028848879604694e-02
4.283870106334441985e-02
2.615394401371918393e-02
1.421508098956085486e-02
9.480895958655172207e-03
1.061964293084409136e-02
1.505278546663344277e-02
2.202336963698194733e-02
3.053113542011721276e-02
3.721148475769522207e-02
4.047850744986676574e-02
3.994190125594342805e-02
3.606102746471041842e-02
3.038701044249176794e-02
2.215693673184204390e-02
1.040802899668394517e-02
-2.777374074162716755e-03
-1.449078791421777937e-02
-2.096681153105999645e-02
-1.892424733546435589e-02
-9.234818368061942576e-03
5.993831405279811259e-03
2.639891745504995002e-02
5.010166968552316746e-02
6.947680353772288375e-02
7.702695042141732840e-02
7.330460133457653016e-02
6.195648120232340184e-02
4.511839796208912123e-02
2.652834426981088775e-02
1.106074324161294802e-02
-4.174161650254762379e-04
-1.042301693873059348e-02
-2.040261157662113731e-02
-2.948752181180190612e-02
-3.574319473392256752e-02
-4.297733654000726600e-02
-5.923295707511058716e-02
-8.730629140873547023e-02
-1.248764323817161820e-01
-1.680591945308229918e-01
-2.144555838048158303e-01
-2.610635790280762536e-01
-3.002923327587938562e-01
-3.200006203816214700e-01
-3.044328584730488507e-01
-2.362572153775550909e-01
-9.824447545007319871e-02
7.781133467758137578e-02
2.135199017791121756e-01
2.810217463580574893e-01
2.986351688826521245e-01
2.834787830460280267e-01
2.521113204065703606e-01
2.163013440528086528e-01
1.852295017793304521e-01
1.581400455149694628e-01
1.251776098616725341e-01
8.789741081481206031e-02
5.527128248818643369e-02
3.122981017589944799e-02
1.456724072289411302e-02
1.250409901398429058e-03
-9.529312331280449105e-03
-1.958983600131618957e-02
-3.432846595074716400e-02
-5.206694791287114210e-02
-6.659454043462173511e-02
-7.500429187169928291e-02
-7.504061146519624970e-02
-6.522814042988700489e-02
-4.625415534935047035e-02
-2.330622567918119725e-02
-7.509410778520911149e-03
-3.748882846525078156e-03
-7.864526200547446860e-03
-1.428006259139941517e-02
-1.656332070850642310e-02
-1.429421827596622126e-02
-1.424009055151113229e-02
-2.025747532570615350e-02
-2.998702074321439939e-02
-3.839443509010232597e-02
-4.138623103937345837e-02
-3.806863938103263040e-02
-3.044308558141773854e-02
-2.022331116242221186e-02
-7.796786262842942718e-03
6.455019892953291379e-03
2.235707296495055910e-02
3.997633863423601802e-02
5.731731955465098338e-02
6.983353380014979683e-02
7.219755717438447462e-02
6.398689534960350089e-02
5.381794306766599090e-02
4.700730552088795700e-02
3.918982596490640929e-02
2.937491206686503389e-02
2.363270534105461895e-02
2.422817150295074329e-02
2.635411156796022697e-02
2.515543843588608636e-02
1.976164475177787094e-02
7.622703348898147990e-03
-1.427650267457450384e-02
-3.962331567164516233e-02
-5.952341361512537843e-02
-7.033187286127065563e-02
-7.133671999545623810e-02
-6.313640102535925114e-02
-4.763544644100221187e-02
-2.984971766034393015e-02
-1.425934766379267915e-02
4.624854433967796885e-05
1.581102205835186597e-02
3.319268631847311496e-02
5.041211326664567921e-02
6.538905147736008561e-02
7.673285027406653858e-02
8.190548573620487494e-02
7.720139138656091637e-02
6.123127502082475332e-02
3.441053554907598511e-02
2.574746467638331857e-05
-3.514296320712779337e-02
-6.723200173325004358e-02
-9.485803896109405720e-02
-1.212336479543729278e-01
-1.559240544310272480e-01
-1.990534842641570323e-01
-2.398747111010523791e-01
-2.725407765944541927e-01
-2.946427972968003184e-01
-2.968166063673894350e-01
-2.651265251210357943e-01
-1.874292662070788928e-01
-5.391509218597163866e-02
1.076362900013395352e-01
2.357452665556774019e-01
3.109325577554369890e-01
3.479628885173793873e-01
3.540150859368553782e-01
3.334217085255122281e-01
2.918811056159135164e-01
2.354664267039714431e-01
1.704576961723641149e-01
1.037619737489561683e-01
4.151260167107256177e-02
-1.184616111377589584e-02
-5.324321626906389215e-02
-7.772416600438193657e-02
-8.321984893477803180e-02
-7.549165241942104587e-02
-6.361608627885241563e-02
-5.458708683285846963e-02
-4.947227890052331711e-02
-4.649536459292317320e-02
-4.266870491901945950e-02
-3.345948348779020226e-02
-1.775013632895265647e-02
2.084388016297436877e-03
2.121830775084568299e-02
3.392759744573441150e-02
3.831972198936080265e-02
3.596688241064327496e-02
2.875409738614030306e-02
1.798807304833548865e-02
5.112328043428731282e-03
-8.839271020437437440e-03
-2.391198062764787052e-02
-3.864183656450913967e-02
-4.866859123137435433e-02
-5.029208243178590054e-02
-4.490656584168064430e-02
-3.679302414713249425e-02
-2.723852395680148586e-02
-1.638929761125419021e-02
-5.980340863331235282e-03
2.738090296573038578e-03
1.019988802211059704e-02
1.665052260027399464e-02
1.859997374495739320e-02
1.277380930899507487e-02
1.476254242805069214e-03
-1.195060224960485876e-02
-2.630495413486495793e-02
-3.881214669795650385e-02
-4.575551254613867413e-02
-4.672771132387400217e-02
-4.318303574185761162e-02
-3.618133523045868882e-02
-2.674448392757861753e-02
-1.577270509780407531e-02
-3.270952357818672843e-03
1.196991331075572193e-02
2.718991445230676748e-02
3.561311278978943062e-02
3.387719367108726898e-02
2.162585412255109765e-02
2.479666796977577845e-03
-1.721471428277788346e-02
-3.473337452627029559e-02
-4.670682916508066967e-02
-4.795871052230601950e-02
-3.421781121066737319e-02
-9.662681874477840188e-03
1.148069953094361939e-02
2.616483107224625709e-02
4.233553240429151210e-02
5.728706182016823217e-02
6.030689854153471058e-02
5.103709939947118079e-02
3.720199489291696471e-02
2.330959048346771187e-02
1.149225727769507578e-02
2.134358565142368928e-03
-5.723167891547698005e-03
-1.194461393252412018e-02
-1.401211161141471123e-02
-9.600909178117266948e-03
1.234619851091485650e-03
1.536138960230986651e-02
2.580737992216054419e-02
2.883498604207267169e-02
2.751093940355917034e-02
2.512457111650567496e-02
2.339304198709089150e-02
2.402748365303791073e-02
2.683285317907826290e-02
3.135770691936037163e-02
3.952693426286950362e-02
5.223859643047918527e-02
6.682481904514085691e-02
7.798842560049144834e-02
8.139195506885464615e-02
7.668897473450551894e-02
6.421685343909790122e-02
4.407991654896994960e-02
1.832021619150106181e-02
-1.015865457014484760e-02
-3.925698453791365283e-02
-6.896947107982692726e-02
-9.754329405637324202e-02
-1.200468097029108172e-01
-1.329355617695570368e-01
-1.365059791749343998e-01
-1.323806594932006031e-01
-1.245807499967482579e-01
-1.199831192863593243e-01
-1.250482276904665846e-01
-1.458282758940103729e-01
-1.801181276572628442e-01
-2.168947386201078298e-01
-2.425730141469145396e-01
-2.394708178436363299e-01
-1.886681613974002247e-01
-7.424341366832912237e-02
7.835073521133735508e-02
2.034807201029145973e-01
2.765483562521671157e-01
3.130468737594794271e-01
3.199351127211100820e-01
2.966557076759151479e-01
2.495600097922803795e-01
1.909265286026909647e-01
1.292763648053281145e-01
7.213357705568403111e-02
2.759778903664069152e-02
-5.218599318277845900e-04
-1.487562323711046422e-02
-2.114507984109162408e-02
-2.318047423903846216e-02
-2.169153438116369972e-02
-1.746458614904921811e-02
-1.369729307156127354e-02
-1.214971841783302718e-02
-1.157582317686466598e-02
-1.105413409931809039e-02
-1.111958485535907357e-02
-1.272290692440093164e-02
-1.579719720360199878e-02
-1.963431003539401615e-02
-2.343148454109664214e-02
-2.377357026365424508e-02
-2.079994586154723657e-02
-2.169772964970969470e-02
-2.838575091565714859e-02
-3.656318702625629274e-02
-4.316597239480167436e-02
-4.594028421704271503e-02
-4.245499761151489554e-02
-3.346285010832036888e-02
-2.297095108402137653e-02
-1.336425205037166525e-02
-5.344093763119442050e-03
-2.738889883346361546e-04
-7.841374481212933997e-05
-4.973156100577620295e-03
-1.135341187525470280e-02
-1.341204907232607449e-02
-7.477229537501430684e-03
2.377357378443794612e-03
9.114583573029055516e-03
1.349108651394451998e-02
1.825286011957148041e-02
2.126497963218251450e-02
1.917520164365642266e-02
1.315136999289613987e-02
7.881911916355094361e-03
2.504525093143795695e-03
-7.433560119170517719e-03
-2.273497217967238374e-02
-4.258920757418639680e-02
-6.381024230895691873e-02
-7.690840412612751087e-02
-7.077154090745634007e-02
-3.771027232399195434e-02
1.283731726714813087e-02
5.483984836790283673e-02
7.658425645048477781e-02
8.192936122852120806e-02
7.432446880190900218e-02
5.771431013551923256e-02
3.791875765733410120e-02
2.061440602621224596e-02
6.660224234297715956e-03
-6.554990031360311172e-03
-1.830453006870598129e-02
-2.422686819395398344e-02
-2.276322975027730150e-02
-1.709057593472714659e-02
-9.863206565014610849e-03
-1.754660788529543644e-03
5.296109109144575555e-03
8.980797397996124337e-03
9.684809260010859150e-03
8.786331375625023796e-03
7.196586052592464713e-03
5.549949779116344559e-03
3.806457193280867943e-03
1.810219066355863143e-03
-1.376733480769755597e-03
-6.798116867601704770e-03
-1.357945753129152083e-02
-1.952637195709985840e-02
-2.259121192256231814e-02
-2.246128086424660497e-02
-1.991711180049602140e-02
-1.593830680747097134e-02
-1.164857228665161330e-02
-6.421242891784553070e-03
3.428222445580114339e-04
8.018377188556424090e-03
1.596031616006878331e-02
2.321417978089259856e-02
2.981730668422831465e-02
3.724567350382061715e-02
4.576405171298859181e-02
5.266746789984189103e-02
5.480903163279132045e-02
5.083158346348461143e-02
4.112738187470658252e-02
2.760683250267045516e-02
1.267911900281886578e-02
-1.342870970847114855e-03
-1.358549667771750090e-02
-2.368866404164957432e-02
-3.016766481410085299e-02
-3.182250739727720407e-02
-2.802073955984105136e-02
-1.909196318756112981e-02
-5.534446524178664173e-03
1.374576064827229965e-02
3.156000108208065202e-02
3.287179220635134264e-02
1.397216825388473277e-02
-2.045094915399190555e-02
-6.857313431095457545e-02
-1.272381213435953007e-01
-1.900088099503569328e-01
-2.511790375749949344e-01
-3.056588419840959858e-01
-3.432601572586870819e-01
-3.475581255906777245e-01
-3.034625614217754119e-01
-1.996121595154682071e-01
-2.394233138908709660e-02
1.895690019007838512e-01
3.610806391472933807e-01
4.595468364612730339e-01
4.997994633349464033e-01
4.941753749503043358e-01
4.542633246670715330e-01
3.920455016098370327e-01
3.180774082029924066e-01
2.402144167679820808e-01
1.648677433189811581e-01
9.614179387909675689e-02
3.494747974220509951e-02
-1.939030113910455988e-02
-6.594460497172330293e-02
-1.027394763206211370e-01
-1.296794489991262567e-01
-1.498603707105119198e-01
-1.683788083259973867e-01
-1.868017233286772272e-01
-2.033646948270459442e-01
-2.228298157154667003e-01
-2.544155627821038101e-01
-2.987236398834535733e-01
-3.495643361222241507e-01
-3.980630087095645697e-01
-4.280902764862401511e-01
-4.211264468701251817e-01
-3.636406844250668624e-01
-2.682955074661861894e-01
-1.668600698100934365e-01
-5.637189007834475518e-02
9.389480905219343976e-02
2.640480287593408582e-01
3.865510406505999752e-01
4.391974938351418944e-01
4.438398714624822716e-01
4.180496943052171011e-01
3.722193266921504651e-01
3.156060421321984499e-01
2.583538621982889860e-01
2.054467865102479474e-01
1.584795323124100486e-01
1.181358315651203778e-01
8.309762807422982345e-02
5.127565978304209071e-02
2.139063059338849188e-02
-5.215227705374903683e-03
-2.658408052179903752e-02
-4.329676094856481361e-02
-5.566577632926573288e-02
-6.534020410728667849e-02
-7.581750697225307645e-02
-9.056846692220385520e-02
-1.132775000195131998e-01
-1.428308078890812571e-01
-1.743926275825981864e-01
-2.041424795873676146e-01
-2.262276210311143787e-01
-2.330084193614507249e-01
-2.192635075655618992e-01
-1.886220084545460751e-01
-1.504601967925137118e-01
-1.023994241312168318e-01
-3.277527969247590045e-02
4.906473185450260788e-02
1.143133894020809116e-01
1.527401616313290578e-01
1.716618084500850794e-01
1.774767301294346011e-01
1.733067576703692103e-01
1.597885276980851033e-01
1.388740790384202506e-01
1.136323069364853777e-01
8.656714134410903316e-02
5.908545355093319101e-02
3.232264875531445231e-02
7.422594633630695896e-03
-1.532852472941808111e-02
-3.702691384887257103e-02
-5.893964929437532640e-02
-8.013788171107946723e-02
-9.518373190560530661e-02
-9.881614773286914732e-02
-9.090260493750632054e-02
-7.468985411429432397e-02
-5.517052954118412122e-02
-3.533687478032261631e-02
-1.399897810884429689e-02
9.603079958182981352e-03
3.317294330075130221e-02
5.237714951014594417e-02
5.999192450035307350e-02
5.379607236896192385e-02
4.125906856789370025e-02
2.957176254908040064e-02
2.256780972405626404e-02
2.086139992742291893e-02
2.048879714112215519e-02
1.904882635160181498e-02
1.694292272927368573e-02
1.449840191136426981e-02
1.126115579709750791e-02
5.757220903519621492e-03
-2.535257404552164300e-03
-1.377341320338149912e-02
-2.483239935486097894e-02
-2.963092204312853944e-02
-2.598682332121248981e-02
-1.708765731445704636e-02
-8.232466958160480561e-03
-1.853474184588365346e-03
2.125775527875114600e-03
3.299449578547813261e-03
1.665688973043065414e-03
-2.444997343394603520e-03
-8.919527414636262835e-03
-1.686847733924473625e-02
-2.522409519625903526e-02
-3.274485226371835062e-02
-3.678598431346776637e-02
-3.866292141436451085e-02
-4.465418293951463335e-02
-5.553823561253626306e-02
-6.657923336817231363e-02
-7.378014496941710798e-02
-7.393337709488541354e-02
-6.333980911531679470e-02
-3.683654872980546280e-02
3.910185445916802664e-04
3.055489879370663214e-02
4.622017267814827746e-02
5.352795614474118585e-02
5.715422319460732731e-02
5.732693477474254395e-02
5.488212931737106864e-02
5.426253473577159758e-02
5.792033153809748175e-02
6.288914251858276905e-02
6.580092269512884118e-02
6.342225370955295594e-02
5.342479453870935951e-02
3.802342134602577917e-02
2.333977201221526521e-02
1.422546763175323511e-02
1.050693512805461402e-02
8.837338312009654362e-03
6.381989534844827519e-03
2.542198400948525970e-03
-3.918449466126564494e-03
-1.368994852144323274e-02
-2.379012974537673270e-02
-3.022945776411461311e-02
-3.016683994819430517e-02
-2.351114270656828181e-02
-1.349117814566738391e-02
-2.674258926788093856e-03
7.051923692681836241e-03
1.304869743629562956e-02
1.421264371772627474e-02
1.080021199406632285e-02
3.909601944776651405e-03
-5.114162864246827103e-03
-1.472953423929868402e-02
-2.267983516383518736e-02
-2.851644372298767910e-02
-3.322563638781862033e-02
-3.632052929129087754e-02
-3.739334123188115672e-02
-3.774554980946442928e-02
-3.921096288303407146e-02
-4.267035375169369454e-02
-4.597465368468094116e-02
-4.615995719604264191e-02
-4.304751738854175475e-02
-3.561128927969021279e-02
-2.182283248786139399e-02
-3.779725841131062209e-03
1.389978173836972468e-02
2.899889595957314686e-02
4.192307158588386151e-02
5.097189562485709979e-02
5.130652983073433898e-02
4.151840619765506668e-02
2.542540720449086578e-02
8.689255006378227703e-03
-3.143713044676879620e-03
-7.771073780292172758e-03
-6.019797382155560143e-03
-9.564000264105468633e-04
3.209272151541554905e-03
5.457797722145136567e-03
6.593651778650923972e-03
6.895301924377107358e-03
7.877766639294238663e-03
1.192923741820863491e-02
2.074742118276733452e-02
3.200757941237944437e-02
4.041561626288813630e-02
4.387942231303212232e-02
4.130698492714799525e-02
3.139684519902285337e-02
1.725204184861513917e-02
3.854656459002399598e-03
-7.365836990524819022e-03
-1.624017442636899178e-02
-2.096143712281621496e-02
-2.224065782190173812e-02
-2.323747358083138453e-02
-2.451052476940494829e-02
-2.441274112743262517e-02
-2.220550380067299809e-02
-1.912194424115407076e-02
-1.672554697562569220e-02
-1.464236746029132057e-02
-1.189727415029279145e-02
-8.732097692435335928e-03
-5.603546590327216845e-03
-2.547078140835727124e-03
6.798224691348215502e-04
4.054965124780439238e-03
6.120123331691078999e-03
6.601826620787452568e-03
7.726470887200692292e-03
1.096205176307866319e-02
1.683858489489509919e-02
2.458729163731827524e-02
3.192214018061022979e-02
3.894226621841106323e-02
4.753084170123552527e-02
5.802234606535295464e-02
6.896126477729963566e-02
7.790165485819845748e-02
8.290156244664527441e-02
8.346747819424871206e-02
8.119911530397937172e-02
7.764732516016689678e-02
6.813237658420565057e-02
4.453060224967489433e-02
4.574427863428684286e-03
-4.893779981297063236e-02
-1.118068218195323871e-01
-1.793724569579888406e-01
-2.478302660505018185e-01
-3.130656184920642682e-01
-3.680639272834779763e-01
-4.019616700797617459e-01
-4.025027724650315775e-01
-3.586439494408779072e-01
-2.581594006484153048e-01
-8.708937759580598348e-02
1.200034798565912386e-01
2.814594469121373121e-01
3.654300529374869821e-01
3.878509797960970618e-01
3.643419788759495459e-01
3.116783138855286905e-01
2.455081571960046338e-01
1.775720664705572882e-01
1.154966553584630684e-01
6.258878604064355144e-02
2.039225998747132979e-02
-8.881405616483891916e-03
-2.544653253346282340e-02
-3.152441219880251777e-02
-2.964933232121744200e-02
-2.402724003514226242e-02
-1.724533226739543429e-02
-9.225850716081677311e-03
-2.159523172826196061e-03
6.510652001180550902e-04
-1.121397109283588794e-03
-6.485027510471693540e-03
-1.473547269142272235e-02
-2.467939568265024863e-02
-3.345315847823666922e-02
-3.852609736139824687e-02
-3.990945346059253385e-02
-3.856324480022868539e-02
-3.484552053247783748e-02
-2.835006511858271377e-02
-2.006730348584059506e-02
-1.385637563559108387e-02
-1.267377748826345463e-02
-1.546488065411687901e-02
-1.918227978667256389e-02
-2.060445910310269163e-02
-1.822168504529526195e-02
-1.357166234658018292e-02
-6.617116373668406257e-03
5.150730833354381227e-03
1.865567640709525285e-02
2.715994575390109911e-02
2.868958594369876158e-02
2.527936630299733312e-02
1.917734961670385097e-02
1.098903796059426397e-02
1.183657205427965289e-03
-9.317858367691538718e-03
-1.847630062792491451e-02
-2.160718312055410692e-02
-1.651966577250130880e-02
-5.574546276485337765e-03
6.093308734061989550e-03
1.384473888053951683e-02
1.849162082766857285e-02
2.261177153996064837e-02
2.565579420130088134e-02
2.391625782210032164e-02
1.492542608636533708e-02
-2.952353720155139090e-04
-1.811780078449714421e-02
-3.211336350044267235e-02
-3.878244788437149038e-02
-3.927876689283385514e-02
-3.646996750583128555e-02
-3.466134212089116984e-02
-3.484848317638622461e-02
-3.309641579868311673e-02
-2.701221434531561952e-02
-1.757735258500176326e-02
-6.523362914806651001e-03
5.367857661643558702e-03
1.774553016744868927e-02
2.828438999709623550e-02
3.663512829072040899e-02
4.577437331066251669e-02
5.354979419934539908e-02
5.414845789393393088e-02
4.647191447889673088e-02
3.156462601066947760e-02
1.112132300430376114e-02
-1.008713398487341185e-02
-2.759361427690471338e-02
-3.920422174916349256e-02
-4.401293336772050396e-02
-4.360560026023452274e-02
-4.038043138758100337e-02
-3.469814495263114085e-02
-2.640240132451449409e-02
-1.638473446316758217e-02
-5.845283084672355661e-03
4.988031789226807580e-03
1.709041061776125220e-02
3.031919659995315625e-02
4.077756899144869412e-02
4.398558174305595286e-02
3.973943459946742418e-02
3.144055551705556700e-02
2.122236617791304833e-02
1.043753927646769164e-02
2.725555601812530964e-03
-2.327547077745698023e-04
-2.346068055028023569e-03
-8.138664389063752017e-03
-1.757662588476417709e-02
-2.860206238325608066e-02
-3.978061365920095710e-02
-4.977328530424795366e-02
-5.755320510808933920e-02
-5.950269457236552484e-02
-4.930034700641974799e-02
-2.392632411307249810e-02
1.053083955638998460e-02
4.167405697844052404e-02
6.424935929644159938e-02
8.005490947272957125e-02
8.721366637332191030e-02
8.337420255095795429e-02
7.250977927875151829e-02
5.854892544977483015e-02
4.222420913415214638e-02
2.467782328323587376e-02
7.169388593860945291e-03
-8.729237635028936487e-03
-2.026936218776939636e-02
-2.470880743236775895e-02
-2.362110410553111550e-02
-2.166529281543701918e-02
-2.208459483323867156e-02
-2.567964000436239597e-02
-3.051405729936736491e-02
-3.367105596593083366e-02
-3.426557727962605687e-02
-3.373054665347215847e-02
-3.221492236160129752e-02
-2.856801129176935947e-02
-2.286841217370431251e-02
-1.439515639663066157e-02
-4.046349187585363341e-03
4.311010217787316495e-03
8.562145579485373054e-03
8.553456858818810418e-03
6.756340339658366972e-03
6.489992393740682403e-03
5.995434820388012738e-03
2.613639907353328823e-04
-1.155395085385700626e-02
-2.551389199417831294e-02
-3.837351527443057242e-02
-4.728873602852395885e-02
-4.819504666277799054e-02
-3.819764163919337624e-02
-2.240536335796368753e-02
-1.181739878927494207e-02
-8.098690490406106751e-03
-5.776485164161745435e-03
-2.174135715627825011e-03
3.939096246667675438e-03
1.342364056075828413e-02
2.740941558661468685e-02
4.416762306962841028e-02
5.835647028878562792e-02
6.756022382043630481e-02
7.153766703787772796e-02
6.941138007524499942e-02
6.087413168548852505e-02
4.842681586300370822e-02
3.613259200815311517e-02
2.430266541053807336e-02
1.183276506834898129e-02
1.234217403603063423e-06
-1.084697550467983093e-02
-2.138972980039156521e-02
-3.171150757985842505e-02
-4.267949805529698548e-02
-5.440104345079978948e-02
-6.452234359944127029e-02
-6.941950015700387722e-02
-6.686195412721043785e-02
-5.699173833519589893e-02
-4.289817764798312810e-02
-2.850482470146735101e-02
-1.311688288012959232e-02
5.224560530701112884e-03
2.476320716554283874e-02
4.264660728303676374e-02
5.628001729119576357e-02
6.336187326058008440e-02
6.351707290612423895e-02
5.703257741287751786e-02
4.637955809143738672e-02
3.714998276832059965e-02
3.131859138264885684e-02
2.767877043573497772e-02
2.588329481430451731e-02
2.441698962812486468e-02
2.034574077642677115e-02
1.202680723940923596e-02
4.109085949053747217e-05
-1.408258441597914565e-02
-2.815645701419794422e-02
-4.035193526526854174e-02
-4.992809115079964444e-02
-5.642958931799819944e-02
-6.056120565748109724e-02
-6.332683972648765758e-02
-6.406947949085584071e-02
-6.245623101629220464e-02
-5.936986125269199527e-02
-5.300882928231093888e-02
-4.048457304818899039e-02
-2.289297400882319908e-02
-4.299645908471148512e-03
1.256496418418110925e-02
2.852782830318860430e-02
4.534710525360857031e-02
6.210145970197461507e-02
7.530135155079177578e-02
8.176835999192062776e-02
7.848523283842535891e-02
6.581515682957725377e-02
4.975174924694060474e-02
3.501544624666754618e-02
2.283927773476373407e-02
1.255010897537960080e-02
3.449571782038084698e-03
-4.399828021845195516e-03
-1.219362932400354198e-02
-2.062741877024047016e-02
-2.871500793149398337e-02
-3.581740018182640040e-02
-4.265939465563254457e-02
-4.956905008129876278e-02
-5.501876562075666555e-02
-5.731072160752246486e-02
-5.595821428791519087e-02
-5.208935709235491124e-02
-4.838933634309579290e-02
-4.529846056328033777e-02
-3.975056822308375287e-02
-2.982196576147382733e-02
-1.598388512145761456e-02
8.664247495676772118e-04
1.982594212393138169e-02
3.930791804218893015e-02
5.782351054800194401e-02
7.474759771064641567e-02
8.929673297119762598e-02
9.692501356061733464e-02
8.915409328545133294e-02
6.645084398941361603e-02
4.008008000519523717e-02
1.662916304432940015e-02
-3.174254845593852369e-03
-1.787590850551819266e-02
-2.571991497566786244e-02
-2.709945418563824981e-02
-2.481311032211213491e-02
-2.139597624557285083e-02
-1.812349036354130027e-02
-1.591360584742617171e-02
-1.558239759361041907e-02
-1.565672779212705715e-02
-1.305762311907868005e-02
-7.011141862382530218e-03
1.253232712460797781e-03
8.975948730280031845e-03
1.282678088724034486e-02
1.228881087090930371e-02
8.576929922653818428e-03
2.616924803161092827e-03
-4.709584093059518591e-03
-1.291666363595311492e-02
-2.159031569125919106e-02
-3.029139472993733553e-02
-3.770636489256719986e-02
-4.205689715052922384e-02
-4.265519836460278380e-02
-3.843257490548263738e-02
-2.957648899906262924e-02
-1.866823732216751561e-02
-7.393071940598312970e-03
3.938341880760309888e-03
1.601717133073459962e-02
2.971950268257264952e-02
4.376751610918509783e-02
5.453518315573156749e-02
5.977958080731408941e-02
6.005242752844975468e-02
5.616280252301636411e-02
4.878304344437412593e-02
3.809082060135863396e-02
2.584873368235985139e-02
1.536368519727356399e-02
6.743809320598052361e-03
-3.778840301831377056e-03
-1.949678268366714790e-02
-3.870666671204428533e-02
-5.748151799867419476e-02
-7.297660066171572646e-02
-8.249589809342747215e-02
-8.295535165861049609e-02
-7.410284691821408809e-02
-6.047294978400425541e-02
-4.738207783811821533e-02
-3.866991850572235045e-02
-3.541823535813504176e-02
-3.441875365412813692e-02
-2.979925079850357164e-02
-1.595565688601471160e-02
6.455817841655139659e-03
3.076702280044699145e-02
5.267123021543791000e-02
7.149731134894993234e-02
8.773575459708682356e-02
9.939401571601370888e-02
1.032242841434485581e-01
9.898328251466290140e-02
8.834825057800931025e-02
7.317170333971127760e-02
5.658818263247403918e-02
4.188849989947416447e-02
2.860357391425664281e-02
1.600678298084291448e-02
4.622775352529031115e-03
-6.904409554628841358e-03
-1.912166019069166251e-02
-3.022465285344077407e-02
-3.904111674267438103e-02
-4.482096873521447533e-02
-4.764430980659460635e-02
-4.987211723667692859e-02
-5.249757214144355755e-02
-5.426354330971099038e-02
-5.602680203061812664e-02
-5.997296070976709803e-02
-6.388759115306917591e-02
-6.223569156000102048e-02
-5.416563709643202468e-02
-4.327100699027498776e-02
-3.141594480419604429e-02
-1.737683189055824751e-02
-1.615597658413537099e-03
1.204903497026517736e-02
2.443750918707866121e-02
4.044580582108959349e-02
5.627976560883846818e-02
6.179919074229573567e-02
5.625430837807703088e-02
4.507765485555025042e-02
3.174107296574582571e-02
1.906543655738025117e-02
8.203829234349382937e-03
-1.163457779636515406e-03
-9.382771910103369223e-03
-1.566834726932687938e-02
-1.901942149370464824e-02
-2.093189895546335166e-02
-2.236912951277814435e-02
-2.106512836426399637e-02
-1.574887486461953173e-02
-7.183796865902044616e-03
2.250628417652558548e-03
9.711034057606475478e-03
1.424957917560755634e-02
1.614053126902200569e-02
1.672514677688028903e-02
1.664313092625765989e-02
1.579874621393506651e-02
1.528596514257519155e-02
1.639465486452184803e-02
1.974846580034336427e-02
2.522942472204547232e-02
3.102597146316087365e-02
3.468125333503596641e-02
3.520274513868619504e-02
3.262706277759554185e-02
2.639263226589833727e-02
1.598958113538150386e-02
4.088066932664818215e-03
-6.203953595239546787e-03
-1.505859229026395088e-02
-2.320914453158810092e-02
-2.907907945799345639e-02
-3.042962651857080564e-02
-2.586751245205448635e-02
-1.613782940091989387e-02
-4.024181511504834087e-03
7.519672319063921799e-03
1.337866062127677363e-02
9.682775411354106396e-03
-3.376813780417947490e-03
-2.351039469580503902e-02
-4.657196765343278588e-02
-6.901718099625987757e-02
-8.783204719722961795e-02
-9.999646998492223160e-02
-1.054689847953350773e-01
-1.044464288858040768e-01
-9.381396949753209591e-02
-7.060580056466111976e-02
-3.412676345414394213e-02
7.162974547416084588e-03
3.877758334730191381e-02
5.864623335573383028e-02
7.273632272874505644e-02
8.199915915939731681e-02
8.542890086695441310e-02
8.399076745686154255e-02
7.807197681512506593e-02
6.834236748284100438e-02
5.800635679807093770e-02
4.941808839206870974e-02
4.303530295906007885e-02
3.847230089678178866e-02
3.468729969665108881e-02
3.071711695242061724e-02
2.716903541271545319e-02
2.482952330245297851e-02
2.276376005087461449e-02
2.046336637398596045e-02
1.798587028910352340e-02
1.506454007237587392e-02
1.145425650775367885e-02
6.724787311394288258e-03
8.321631420920086453e-05
-1.002922896657578236e-02
-2.443852215575039594e-02
-4.140787939841095167e-02
-5.815264717686734891e-02
-7.248829395655843888e-02
-8.207322113264671481e-02
-8.488057580902697019e-02
-8.012944944982131057e-02
-6.967411266528897307e-02
-5.637777931999073122e-02
-4.031866429151786252e-02
-2.115777105513063500e-02
-9.480103585766002684e-04
1.741189974057296558e-02
3.250351754960564138e-02
4.386620479917573145e-02
4.955248546023469092e-02
4.802185053074535526e-02
4.094875684384008396e-02
3.062752368833734570e-02
1.859717388985367148e-02
5.144705702927420549e-03
-9.247083663821847876e-03
-2.168647572050660249e-02
-3.007127831783243388e-02
-3.401744217604808079e-02
-3.250739556149314508e-02
-2.474438096017938030e-02
-1.294592654222429494e-02
-1.635333890198575543e-04
1.278726160880454613e-02
2.524812738375485296e-02
3.460751218254856654e-02
3.820280201934443676e-02
3.618219663378192952e-02
2.982203085255416553e-02
1.984023508968498981e-02
7.775273018195291708e-03
-4.042404403919794623e-03
-1.285534346598429974e-02
-1.583388657742160893e-02
-1.212276618189252197e-02
-4.517298726058457600e-03
1.177074581769152993e-03
1.338676501806593689e-03
-2.363109808047273580e-03
-7.020699293235275508e-03
-1.020078891272477133e-02
-9.908928463536170392e-03
-5.478892741894397442e-03
2.177950983391696745e-03
1.072469166336341255e-02
1.778713396669413110e-02
2.168238124501139369e-02
2.267681758768542305e-02
2.206464108696192666e-02
1.956053944711549225e-02
1.372839802122679045e-02
5.641959938086322374e-03
-3.981400717551352060e-04
-2.692035899392028475e-03
-3.893558313829026656e-03
-7.917410079266402195e-03
-1.701558514688134016e-02
-3.027993027334969015e-02
-4.550420094441377794e-02
-5.866136618157834215e-02
-6.561582705289245587e-02
-6.704881969527681784e-02
-6.436089240947734380e-02
-5.513973138547104136e-02
-3.701040459832030671e-02
-9.013942083441063569e-03
2.988311550034420880e-02
7.268487157362259199e-02
1.056422148003026834e-01
1.236719006274079602e-01
1.275601725555596533e-01
1.168321427580814587e-01
9.321165532953540334e-02
6.107609897417241168e-02
2.489260643208496271e-02
-1.155841505124101561e-02
-4.508107012019285653e-02
-7.260831067979692244e-02
-9.048548501302017266e-02
-9.804434487131427622e-02
-9.724250139584703079e-02
-8.938238950007086625e-02
-7.504031219030332656e-02
-5.651007705614215920e-02
-3.658246292047968168e-02
-1.215613123070707034e-02
2.130213006470714834e-02
5.695225663906057501e-02
7.970780306068787902e-02
8.401961759673508279e-02
7.478192101117915602e-02
5.818550463108787540e-02
3.968711663076891077e-02
2.223636762788394616e-02
5.444123385490046499e-03
-1.124346028633869780e-02
-2.616322773084810843e-02
-3.676326533110368944e-02
-4.148724491007276666e-02
-4.188257503346547173e-02
-4.017248312114542891e-02
-3.486189148629143669e-02
-2.400184972741040493e-02
-1.062624410087788240e-02
8.505143070684870882e-04
1.003553893689050625e-02
1.817007225637297732e-02
2.411333086125218989e-02
2.629064092659585614e-02
2.734896750615424532e-02
3.128806341045348161e-02
3.758835826100668381e-02
4.301388369964054270e-02
4.586918745832070654e-02
4.493348755853358856e-02
3.754079198938230222e-02
2.237821654420957609e-02
2.289146520455481379e-03
