5.339415862229572596e-02
8.467875489295575986e-02
1.139871092202578984e-01
1.345280477964554133e-01
1.441478323038044018e-01
1.448554225301173504e-01
1.338750463466247820e-01
1.036392234512891891e-01
5.268676995319648837e-02
-1.576622649305531657e-02
-1.033904847574428909e-01
-2.034143155710844142e-01
-2.954696708217680046e-01
-3.685568430225265035e-01
-4.222052104772527903e-01
-4.517891018362242828e-01
-4.440083107580776178e-01
-3.854117539827351391e-01
-2.737012284379294891e-01
-1.077922916061254677e-01
8.123012110240350470e-02
2.273348097731507644e-01
3.060175132850050939e-01
3.365652673311844700e-01
3.382764044136644666e-01
3.179981236342241946e-01
2.775902335652540298e-01
2.230637773272771684e-01
1.632471028611182096e-01
1.075111875969693848e-01
6.089315741945877658e-02
2.493777169874635685e-02
1.057803223544900861e-04
-1.388731301880735680e-02
-1.778334480241217097e-02
-1.792822986831560730e-02
-2.499893000182065034e-02
-4.239004593370317153e-02
-6.732098606697943521e-02
-9.744741107682533543e-02
-1.296162403875932290e-01
-1.599520100774675380e-01
-1.827899928801771934e-01
-1.887068195283780059e-01
-1.662033124338501977e-01
-1.030795828409678816e-01
-1.186699739553320754e-03
1.001759513239688509e-01
1.549145829898979643e-01
1.557702080476010553e-01
1.184025857195947912e-01
5.957812800759522409e-02
-8.295971706468088097e-03
-7.788381770274492577e-02
-1.386906445458655490e-01
-1.790349174914602770e-01
-1.839326323281889886e-01
-1.333022629695248262e-01
-1.289341225134650604e-02
1.401392315218925599e-01
2.449448671363516350e-01
2.710716520688652986e-01
2.378859697998846889e-01
1.677330207292918318e-01
8.210359431723224244e-02
-3.376865189272156703e-03
-7.709346847429283944e-02
-1.296814918062864919e-01
-1.549564652875791981e-01
-1.471966382249561556e-01
-9.861996884332191460e-02
-2.607432237645712636e-02
2.740482773289147980e-02
4.335798746364781520e-02
2.824924266798770067e-02
-9.936630789500772165e-03
-5.964591474477367455e-02
-1.079488244744053610e-01
-1.442811515326626604e-01
-1.603379938752253486e-01
-1.481321778022464952e-01
-1.000544375716253265e-01
-9.412666703632201204e-03
1.015298529455633397e-01
1.859978312603521589e-01
2.294627796573598943e-01
2.419482199944351930e-01
2.290855440349058303e-01
1.979543294961804700e-01
1.579688530539243296e-01
1.150453287865509933e-01
7.065323863525783954e-02
2.561507309504401642e-02
-1.790989931663557883e-02
-5.670607281708033021e-02
-8.751717317693810672e-02
-1.079402692581740431e-01
-1.188047743784791943e-01
-1.229961815551424698e-01
-1.232467154094510492e-01
-1.218989645889175522e-01
-1.196638929342243585e-01
-1.158960415183003523e-01
-1.102624108587098306e-01
-9.997962715887918905e-02
-7.923464374206143357e-02
-4.379978487890178601e-02
3.586200973601765939e-03
5.010479261251871153e-02
8.256482749381344188e-02
9.725387312346378543e-02
9.605810150933719038e-02
8.403465134529744529e-02
6.844238910214234251e-02
5.417030987838970801e-02
4.125001498591860521e-02
2.679826906883033683e-02
1.110468017941022845e-02
-3.624158094632292607e-03
-1.204493993510841535e-02
-9.602468958683264139e-03
-2.341781882632678995e-03
4.710499031396801761e-03
1.171476541909399934e-02
1.832400637466133006e-02
2.439029746376737348e-02
3.048729239233686009e-02
3.865370123213627412e-02
4.651602763297162796e-02
4.803829588716240079e-02
4.185033013162033771e-02
2.927995987643231338e-02
1.273779814428601005e-02
-2.577616150008401989e-03
-1.316162584944873849e-02
-1.827732864406947377e-02
-1.864123778745639670e-02
-1.586493166492431578e-02
-1.043474666516762232e-02
-2.419118614802503661e-03
6.377995179433392642e-03
1.249044928425309745e-02
1.358341589095820104e-02
9.175345536421334117e-03
-1.787230769453959645e-03
-2.031451853521435910e-02
-4.539043575026105448e-02
-7.522585618272135954e-02
-1.095755663097791321e-01
-1.477647681700328397e-01
-1.841196657490370425e-01
-2.099438353198513907e-01
-2.176198168704812363e-01
-2.006192269700802222e-01
-1.502755065191155870e-01
-5.356805044557513135e-02
7.058044446879822853e-02
1.683394981663094703e-01
2.167998061751367223e-01
2.244395934062243525e-01
2.013304371699230766e-01
1.596098045785406816e-01
1.085897230414400311e-01
5.465860641261498926e-02
4.809104294664221652e-03
-3.400510462918752974e-02
-5.638717367323241303e-02
-5.724481448108828530e-02
-3.961606115886179974e-02
-1.729957792915598480e-02
7.316657797353885023e-04
1.348247347942464931e-02
2.272335182055885625e-02
3.189028511049665782e-02
4.329434387621925590e-02
5.872508589849563532e-02
7.604635455136744826e-02
8.833423728675081354e-02
8.829658682792983215e-02
7.280708631616790438e-02
4.938247316410347698e-02
2.597830846955571926e-02
2.438699586299889616e-03
-2.188988510533202564e-02
-4.616692711518573938e-02
-6.823616327875736687e-02
-8.513483232055595040e-02
-9.569110262791472032e-02
-9.941356007602568379e-02
-9.615935397473573953e-02
-8.292223386947768227e-02
-5.578455705517465502e-02
-2.167737125720909513e-02
8.927969676043650757e-03
3.369003229414770789e-02
5.333395578289176764e-02
6.753967896201379384e-02
7.442976804411753633e-02
7.120016858007702232e-02
5.753223529725373653e-02
3.718814761342917330e-02
1.607421440454661482e-02
-3.071992622885547346e-03
-2.213341267716278926e-02
-4.157560416977539725e-02
-6.010866628645532977e-02
-7.763638043480186601e-02
-9.353707496903636287e-02
-1.071738178379479239e-01
-1.182872566671070991e-01
-1.238201603524821809e-01
-1.179260263094858568e-01
-9.831109966611444040e-02
-6.675337149865703812e-02
-2.103300643354766644e-02
4.365746693271277401e-02
1.179812295283506757e-01
1.789178904129720971e-01
2.125759342063872070e-01
2.178991635360897350e-01
2.012870372448785639e-01
1.722186389225697223e-01
1.371954593741274708e-01
1.015605488272331020e-01
6.819416936517061489e-02
3.458667494499323425e-02
-4.441456857894885216e-03
-4.752440432520695091e-02
-8.711904747998581999e-02
-1.181141024810794526e-01
-1.355984145014723086e-01
-1.347311169458696445e-01
-1.196287750218958945e-01
-1.009207697555772609e-01
-8.288134731185567428e-02
-6.434254785583959357e-02
-4.351438703711270339e-02
-1.632211743593683928e-02
2.312021021567579188e-02
6.808186772219963767e-02
9.963269678885293412e-02
1.107231767299895753e-01
1.051426607010452763e-01
8.594665896580248876e-02
5.595799201673241213e-02
2.021394631341032200e-02
-1.577091019512473491e-02
-4.793850651824777681e-02
-7.129533067661031343e-02
-7.251401419635411516e-02
-3.277502765116428740e-02
3.104747992970140549e-02
7.006185909486455088e-02
6.566444689899358922e-02
2.749497323478511390e-02
-3.632269316798045211e-02
-1.191495335914856818e-01
-2.131542944730357991e-01
-3.086103536100641143e-01
-3.939947311270960428e-01
-4.544042811811171978e-01
-4.713408607668085892e-01
-4.262376290546187052e-01
-2.995291093337996702e-01
-1.073311404995861001e-01
9.778536187362152354e-02
2.866504843268581348e-01
4.417722918305007074e-01
5.453772829770812125e-01
5.930221512982820631e-01
5.885756877172413359e-01
5.428604304566782002e-01
4.677034611961903843e-01
3.711787613309083245e-01
2.599575843594388314e-01
1.489149084515420662e-01
5.691976295966141852e-02
-1.081917075838632891e-02
-6.073648328028644766e-02
-9.885700476044984031e-02
-1.299793328702452122e-01
-1.594212513293975508e-01
-1.896704909787407800e-01
-2.167847813819757663e-01
-2.417031051803949782e-01
-2.721314446695493050e-01
-3.044258768760855216e-01
-3.221134422686885435e-01
-3.054974569966208975e-01
-2.394101869403603977e-01
-1.442668988740632430e-01
-6.847017561597572299e-02
-2.971002853432581567e-02
-1.827297482629739941e-02
-2.632384715527890523e-02
-4.613543446400835552e-02
-6.224410537521440911e-02
-5.057615500932907682e-02
1.342848892510941500e-02
1.166734434686669819e-01
2.046769408282324287e-01
2.505225923077011307e-01
2.616121615232096520e-01
2.468843118098051626e-01
2.125313050560440065e-01
1.611124054653134685e-01
9.911750415758872890e-02
3.809946366006190105e-02
-1.269219767597602917e-02
-4.644327752448929036e-02
-5.728847669359735106e-02
-4.773773748731277577e-02
-2.926253179008946048e-02
-9.699971218011560134e-03
1.036622830957692129e-02
3.191241427901422151e-02
5.392433365546153712e-02
7.481142321315355226e-02
8.882162899305189041e-02
8.633371506972402354e-02
6.664407580849575352e-02
3.558851701649405619e-02
-3.161172733774860605e-03
-4.594882886506545389e-02
-9.086768914915205331e-02
-1.391509829333902326e-01
-1.925666656151323874e-01
-2.506172905189080757e-01
-3.084462162719804335e-01
-3.599553413656551015e-01
-3.969797285419852106e-01
-4.051615409734820039e-01
-3.641243756904589679e-01
-2.524410105629528167e-01
-5.031545648938041265e-02
2.030041003448258830e-01
4.109211885526800612e-01
5.383281611889021434e-01
6.040537593158916696e-01
6.181653388504149138e-01
5.917935554805484610e-01
5.404146442070667522e-01
4.729522265843929540e-01
3.881128416235015144e-01
2.830749988987616983e-01
1.563514225481485442e-01
6.524173087850047847e-03
-1.605220402095385857e-01
-3.285734081959894581e-01
-4.831051323316745139e-01
-6.172548880228662105e-01
-7.259563316027104474e-01
-8.019954556707782345e-01
-8.352432292668016123e-01
-8.139370593700872014e-01
-7.254837367666815418e-01
-5.521484013899278231e-01
-2.697437776201053738e-01
1.035786137510228688e-01
4.654629318384246872e-01
7.187180344505527119e-01
8.518245825318881970e-01
8.897092690838234175e-01
8.498088538783830082e-01
7.483545239492161993e-01
6.024495911223175515e-01
4.276598396366150245e-01
2.394010385945801733e-01
5.122487056447525694e-02
-1.267818994063146520e-01
-2.873790522860424357e-01
-4.258224083314334774e-01
-5.387304986065371004e-01
-6.211999698115839852e-01
-6.639818413927726093e-01
-6.556042717173827805e-01
-5.867255708289105254e-01
-4.501177220976823601e-01
-2.751576183471057258e-01
-1.199045981185671850e-01
8.609383972898981829e-03
1.429355327364693895e-01
3.103153123347164311e-01
4.911194881423588954e-01
6.164613652888455420e-01
6.602475902968909516e-01
6.445927507131421486e-01
5.889770512878632625e-01
5.076370504721237076e-01
4.112156546377975785e-01
3.058336128701411583e-01
1.970080962840712047e-01
9.070375042502869245e-02
-1.201010592864967808e-02
-1.156470790452812369e-01
-2.166191598610809343e-01
-3.017383547415545819e-01
-3.683361512040794761e-01
-4.228085725772674497e-01
-4.692931797003944139e-01
-5.078957004209712078e-01
-5.339087195269784925e-01
-5.406345030078962832e-01
-5.181778330707776936e-01
-4.520543019642841442e-01
-3.276971353137463905e-01
-1.324109678756575925e-01
9.688538738634799863e-02
2.736957892082174659e-01
3.636644484581768033e-01
3.865010073012898895e-01
3.611125456612099272e-01
3.026305439927783891e-01
2.258340458450915911e-01
1.468345980295933662e-01
7.920218456422579989e-02
3.104297332396738218e-02
8.785896604258075504e-03
1.993165990978881807e-02
5.699401467800273291e-02
9.575778517896503528e-02
1.252894462637526296e-01
1.480158106353319791e-01
1.637486910964733589e-01
1.730033417939730866e-01
1.772991461199831531e-01
1.755568136229183895e-01
1.638573286352164593e-01
1.378918204107915657e-01
9.517078142804287488e-02
3.433584639170436659e-02
-4.409874437328996366e-02
-1.305267205475980075e-01
-2.162371823155235240e-01
-3.010022092528252813e-01
-3.791872526597260817e-01
-4.436713685254751183e-01
-4.899811893589203216e-01
-5.102391169690306816e-01
-4.951057516938749403e-01
-4.348794163928140222e-01
-3.165123949672833392e-01
-1.271170602174410691e-01
1.002137376047109729e-01
2.921147702295283644e-01
4.204756657211836113e-01
4.982363075350991766e-01
5.363062228439823276e-01
5.448528968194712441e-01
5.314408512735222523e-01
4.988908206998812767e-01
4.483403795957278115e-01
3.789759762763845186e-01
2.886914388730089098e-01
1.766769801593484346e-01
4.849254985384986172e-02
-8.240407551395495522e-02
-2.083017447878346973e-01
-3.247730413708520558e-01
-4.232404868865527470e-01
-4.971995724574164166e-01
-5.410266008463938681e-01
-5.504619873296858756e-01
-5.243469591962068854e-01
-4.596994074464036961e-01
-3.509065673466025270e-01
-1.901588140018742046e-01
-1.116955155590801732e-02
1.188115686805212151e-01
1.875016757381371413e-01
2.214787651733551022e-01
2.427753294381190252e-01
2.628554370782290595e-01
2.799725246218108254e-01
2.799618592459221511e-01
2.404702492072702813e-01
1.608840212656727220e-01
5.537361478082435812e-02
-5.933958726425446473e-02
-1.482312637651428677e-01
-1.658661220313240592e-01
-7.940563652456933408e-02
8.107723919327075590e-02
2.339091416558066738e-01
3.430233286951234195e-01
4.139896946528300314e-01
4.475783429168125882e-01
4.438658297030907418e-01
4.061054698387876472e-01
3.385574976206533471e-01
2.427707060049976440e-01
1.188033049405557290e-01
-3.476261343544328336e-02
-2.180290523930250579e-01
-4.250461899248103026e-01
-6.430351157604715651e-01
-8.534056629049111553e-01
-1.033570872096832183e+00
-1.157820800383633664e+00
-1.204124589434188319e+00
-1.148480952851694825e+00
-9.508012523078299694e-01
-5.902311247180446196e-01
-1.268707094717175243e-01
3.058754841815009007e-01
5.957033328154613949e-01
7.256996835672845370e-01
7.505562801958087782e-01
7.338975361018946764e-01
7.349162088351576250e-01
7.658361937474215120e-01
7.731343635497999189e-01
7.308259556436047522e-01
6.532450357718950773e-01
5.506384165429413224e-01
4.313422837458533721e-01
3.054399308309206917e-01
1.819387621114200715e-01
6.753083280867369642e-02
-2.750426514550392831e-02
-9.436028033012359983e-02
-1.336991648415814249e-01
-1.506107208564422262e-01
-1.507074588129543313e-01
-1.394312863862978702e-01
-1.218409008456986520e-01
-1.045682522934673203e-01
-9.387989535945462372e-02
-9.489371693505237182e-02
-1.118079979890262282e-01
-1.439169262244051062e-01
-1.885598079830662910e-01
-2.422874685343830714e-01
-2.964314070846597593e-01
-3.421115150766155244e-01
-3.742048177555871158e-01
-3.817346059578392015e-01
-3.389827612005060775e-01
-2.256544181238109292e-01
-8.828925480796016856e-02
-1.467875446992310609e-02
-2.917695633223418156e-02
-1.059049253779104360e-01
-2.215396878242229528e-01
-3.527892296721615861e-01
-4.708688489045629866e-01
-5.423759766439361085e-01
-5.332739147758456255e-01
-4.184377371048801919e-01
-1.807613409985364405e-01
1.591405142922734939e-01
4.960303607443225515e-01
7.249477459341300278e-01
8.355787944725773242e-01
8.629641885314733862e-01
8.340623230302038893e-01
7.676429792320460521e-01
6.761330281313362445e-01
5.687793510963170540e-01
4.544397667331470103e-01
3.380061587389619482e-01
2.207360168806099254e-01
1.038800262557669773e-01
-8.462364906478697657e-03
-1.046817105244072788e-01
-1.732596739757050475e-01
-2.133799320691693868e-01
-2.309938372661212436e-01
-2.353279666404248793e-01
-2.366978093277569695e-01
-2.412893199107413733e-01
-2.495775402757984818e-01
-2.609584012104629869e-01
-2.754831141981389786e-01
-2.900989993671779787e-01
-3.074924516157526710e-01
-3.371469536750372198e-01
-3.752899870488982659e-01
-4.077052553686901781e-01
-4.233215454618329265e-01
-4.071036758194720440e-01
-3.331106392063800103e-01
-2.190670363494313100e-01
-1.315902680710143435e-01
-8.074151705272530899e-02
-2.056829193316954407e-02
8.881030208426746175e-02
2.284964250667200769e-01
3.256387090995750966e-01
3.536599846684908011e-01
3.332499728295730268e-01
2.888829186045091535e-01
2.319306633924034244e-01
1.573333078594540413e-01
7.274394114385360210e-02
-3.169713299952893470e-03
-5.249877820715796728e-02
-5.538402282038285690e-02
9.758126131095126721e-03
1.207324329767415355e-01
2.095098486635682822e-01
2.476794104807663321e-01
2.486449096150284144e-01
2.253790579408476435e-01
1.878898753059636550e-01
1.434209847567285423e-01
9.883699182759064783e-02
5.989965394166667234e-02
2.431378790454362740e-02
-1.539634816171771628e-02
-5.820233112063971648e-02
-9.442483173317869904e-02
-1.160144202066122066e-01
-1.229097396229016093e-01
-1.202415900028975249e-01
-1.121529681464681905e-01
-9.854408534704080236e-02
-7.720010264167820324e-02
-4.966840947801429845e-02
-2.137081194572553605e-02
2.513452439247623738e-04
8.542821145587631282e-03
1.605783606481763198e-03
-1.386335935402926642e-02
-2.606300455123656407e-02
-3.113079086462599079e-02
-3.318370547096125001e-02
-3.382523255434824461e-02
-3.125105206633910920e-02
-2.453574669053748547e-02
-1.244247647643675729e-02
7.003610938517651138e-03
3.417203551699338898e-02
7.051266812003310902e-02
1.102213876856423386e-01
1.375505611065758749e-01
1.456470858058677709e-01
1.368266260158772507e-01
1.130770176373843972e-01
7.666625501180862612e-02
3.013210583128631687e-02
-2.378763123158657983e-02
-8.073162421496252183e-02
-1.385335351192580056e-01
-1.974050703640053972e-01
-2.516476402646617982e-01
-2.905886524063886478e-01
-3.088374583420734898e-01
-3.108195460410460575e-01
-2.994645602655213734e-01
-2.655011248842307214e-01
-1.901363136088085326e-01
-8.106705105299298608e-02
1.391395488358669955e-02
6.631749241889245416e-02
8.875244192959333422e-02
1.052033647812612716e-01
1.390442870377065487e-01
2.124462826382427783e-01
3.056745857115826248e-01
3.577435957851055059e-01
3.480759014692282882e-01
2.938180899014687930e-01
2.085456917729526793e-01
1.040550547866504472e-01
-7.728164322366337657e-03
-1.140515991462741768e-01
-2.016743631843098128e-01
-2.577098266700638129e-01
-2.679096787779571276e-01
-2.148033385496840031e-01
-1.161264916932581159e-01
-2.436869188150445412e-02
4.276051258307084213e-02
9.406800676835050390e-02
1.285226992360515019e-01
1.463852636295673304e-01
1.513928625807386408e-01
1.426684340796214590e-01
1.192399518343032344e-01
8.550278535344410513e-02
4.690007334713773568e-02
8.927999989870531727e-03
-2.382730684403115001e-02
-5.039116764274641225e-02
-7.142722493556935559e-02
-8.772027104637719619e-02
-1.006148508561614530e-01
-1.078585154896905263e-01
-1.018958062688464783e-01
-7.581210326016250833e-02
-2.650538364575922082e-02
4.709885704101646892e-02
1.456532327842919305e-01
2.440633915061864168e-01
2.952074295026972939e-01
2.887031967284089395e-01
2.466137283818520820e-01
1.877103794363333134e-01
1.240619259761581578e-01
5.852317128363076354e-02
-1.040637941103409597e-02
-8.409554989764801702e-02
-1.650250958645772814e-01
-2.521696710441553302e-01
-3.360263081787107642e-01
-4.030047067927250426e-01
-4.383047547504682617e-01
-4.221087242800379835e-01
-3.320212308083262953e-01
-1.965874554431093491e-01
-9.456065661331566896e-02
-5.486037239490499512e-02
-5.561496391589999116e-02
-7.205348413978129862e-02
-7.874252698666499295e-02
-5.583449985489433165e-02
1.683690875928953515e-02
1.670209112864660395e-01
3.646935082279201268e-01
5.185814192733714245e-01
5.922851842333720640e-01
6.029142575356141176e-01
5.652386309523921293e-01
4.935938410289337774e-01
4.012131950453540763e-01
2.974439862364320897e-01
1.873511560340744009e-01
7.723432888739031887e-02
-2.543861061086555297e-02
-1.271434740250073914e-01
-2.455468109742561245e-01
-3.835407189621236057e-01
-5.273615267787541416e-01
-6.628804082003602050e-01
-7.782638678233130269e-01
-8.560106548048356245e-01
-8.730279190935429368e-01
-8.116138252225729710e-01
-6.531775638525609828e-01
-4.138556403893420277e-01
-1.542779714812654024e-01
1.155463450812626303e-01
4.012536066407256796e-01
6.344885196294570706e-01
7.506322094865837125e-01
7.513140677119237720e-01
6.637264436167987780e-01
5.128736985975866913e-01
3.283888109663826160e-01
1.474688184978811822e-01
-6.810375403296375918e-04
-9.853851620591072558e-02
-1.299258189645160488e-01
-7.908715329093607416e-02
2.692630943782707564e-02
1.186967648817258136e-01
1.647788562834796022e-01
1.713999125608656193e-01
1.462982084830881102e-01
1.032142875112328911e-01
6.136680146657736562e-02
3.095281676195687712e-02
4.887288716862860788e-03
-2.332609404210340617e-02
-5.183877927980486133e-02
-7.760607702396213337e-02
-9.645116984505931745e-02
-1.064551233514915984e-01
-1.117397879079894962e-01
-1.147301152693775000e-01
-1.129957484658453276e-01
-1.054937254122385315e-01
-9.490594664736161368e-02
-8.578494007758075135e-02
-8.020002653475111210e-02
-7.687536807398503980e-02
-7.250665063168638957e-02
-6.334630459309675832e-02
-4.897571328540233082e-02
-3.120109085902197585e-02
-9.909769698878318628e-03
1.406179076350810332e-02
3.608834850533963745e-02
5.361360075944046621e-02
6.772577680230917885e-02
7.907213845464801383e-02
8.891224166517207317e-02
1.004616494836368945e-01
1.157344687234699160e-01
1.344032475747111988e-01
1.533436323752898067e-01
1.677655498430415115e-01
1.765818652938262456e-01
1.816628139182149548e-01
1.850907174923305254e-01
1.869813939907605804e-01
1.826379824159407583e-01
1.665099431203099778e-01
1.361421264393128383e-01
8.715074654995759451e-02
1.172306835510036893e-02
-9.387890380129264301e-02
-2.168584599363585219e-01
-3.267034471181288202e-01
-4.008089710110282478e-01
-4.341253322489863620e-01
-4.223520155468850623e-01
-3.655598236645645205e-01
-3.011041769826214853e-01
-2.839535232618184968e-01
-3.232565754361013677e-01
-3.901758477798384916e-01
-4.480295637866656411e-01
-4.574177850217058250e-01
-3.864020606438338112e-01
-2.534734665980186707e-01
-1.165052921853252932e-01
1.174583766650502681e-02
1.607432208823890707e-01
3.102599651379567280e-01
3.851845330249767940e-01
3.689903408010142272e-01
3.075384975794392961e-01
2.447046092586649402e-01
2.197228566424146989e-01
2.654103252712030070e-01
3.596147651880246543e-01
4.234061014372038079e-01
4.209450323331411781e-01
3.721072081325443870e-01
3.060870110643113540e-01
2.482515768331747530e-01
2.087924761617887259e-01
1.825729496499003124e-01
1.581741436760800701e-01
1.319925759846360680e-01
1.033794549216150715e-01
6.579247690942406634e-02
1.843037800481022587e-02
-3.064864392151739336e-02
-7.587810320774099337e-02
-1.125871185689274884e-01
-1.347038176204916615e-01
-1.396362852929849130e-01
-1.273129122691254445e-01
-1.016593834014243719e-01
-6.893383570901080726e-02
-3.441695705531222504e-02
-5.060445472319499705e-03
1.212342094430804429e-02
1.116677925851064512e-02
-1.415062733542720927e-02
-6.226757215451820399e-02
-1.236359762654395122e-01
-1.934820845813378098e-01
-2.698398274717805356e-01
-3.472636258315947022e-01
-4.232309906951101652e-01
-4.965733418500891672e-01
-5.573210660804741590e-01
-5.873677822204316223e-01
-5.651741460671894091e-01
-4.892421363005581281e-01
-3.814386720214967275e-01
-2.401401759423894000e-01
-5.950359146330629762e-02
1.439562581872880775e-01
3.713364838451754801e-01
5.960500628648047750e-01
7.429641119924480508e-01
7.806201799466511160e-01
7.306172667603565429e-01
6.239910602760340153e-01
4.883000421333368868e-01
3.443587013690555532e-01
2.114309822806065831e-01
1.010534390337630289e-01
1.629466631751567626e-02
-4.067483627840884353e-02
-7.008885598477167245e-02
-7.829933522060467110e-02
-7.523711971192989512e-02
-6.782260209847736088e-02
-5.851704214068226967e-02
-4.784878378740074073e-02
-3.677671262069037023e-02
-3.122669405311472718e-02
-4.086052770972468939e-02
-7.115497208208025615e-02
-1.207047185810210255e-01
-1.812492598460096194e-01
-2.396676705103998606e-01
-2.836479065589873616e-01
-3.084513045386596541e-01
-3.137970195383480987e-01
-2.935641710784409608e-01
-2.367206458945584069e-01
-1.340062243970842337e-01
-1.059362545502025299e-02
7.988279888777219395e-02
1.211606251172296367e-01
1.303958362330474852e-01
1.240258567199388900e-01
1.136831688425351816e-01
1.071731685192287009e-01
1.078071700776412345e-01
1.090104167385549938e-01
1.054941667885966189e-01
9.968102456621480423e-02
9.539380801382317532e-02
9.949782171571826261e-02
1.150361573091689127e-01
1.367176083284641352e-01
1.605414026762969071e-01
1.849692594371571130e-01
2.096758876115978609e-01
2.321086551293374267e-01
2.457694900396186766e-01
2.456913927789729502e-01
2.287799473658787830e-01
1.920105890877894517e-01
1.258646960696953032e-01
2.464854932179262256e-02
-9.707285879576030285e-02
-2.244823162130233085e-01
-3.549213355912909651e-01
-4.863035089052447635e-01
-6.104986421081392001e-01
-7.144306182471943378e-01
-7.833499695452049716e-01
-7.959787453497074727e-01
-7.460869974567831964e-01
-6.481983263793049677e-01
-4.946071879873533139e-01
-2.533026285613282358e-01
5.604842728974856331e-02
3.592172569426374529e-01
6.270136522931918366e-01
8.418620755078585205e-01
9.599733466294770867e-01
9.807020191297111111e-01
9.327063277484894943e-01
8.320966183908411473e-01
6.895225416283086162e-01
5.172491909182512781e-01
3.236486078984642800e-01
1.185244536582098218e-01
-8.208384252659295388e-02
-2.697424031432453795e-01
-4.420863915503394082e-01
-5.915045926069737448e-01
-7.085038025861032374e-01
-7.868067277359992451e-01
-8.188966236473468330e-01
-7.875479315462501351e-01
-6.920683737543293912e-01
-5.550095309161793278e-01
-3.763090702529771070e-01
-1.261629145984877742e-01
1.723917305180593385e-01
4.230455727234896934e-01
5.716477825321506501e-01
6.256713583510438159e-01
6.034299446028423830e-01
5.249835912932998561e-01
4.081041288499073216e-01
2.759851895595010762e-01
1.523897189536305707e-01
4.979374657220352052e-02
-2.911352662907644787e-02
-7.334068772728349894e-02
-7.735929943488462079e-02
-6.298543031545519866e-02
-4.902837670875948017e-02
-3.889224804874015506e-02
-3.163732895889068142e-02
-2.265413114300478259e-02
-8.085729078983399515e-03
1.361187744462512283e-02
4.109889957283408696e-02
7.050543494876880535e-02
9.801309568630434121e-02
1.237366418662287776e-01
1.511078745424088154e-01
1.816322646900710713e-01
2.040456547982997526e-01
2.039975768657694422e-01
1.871856082256435905e-01
1.607914418773620790e-01
1.204652175586438251e-01
6.439295963225200037e-02
-6.203846726516137888e-03
-9.059788119604422763e-02
-1.907444350470158534e-01
-3.059754068241312130e-01
-4.233985800136431665e-01
-5.244602280308052755e-01
-5.940141293678432577e-01
-6.360802364188420377e-01
-6.698255236724416362e-01
-6.915352264522612868e-01
-6.798078749749388860e-01
-6.144435430607105841e-01
-4.709761304937972737e-01
-2.204569884383933420e-01
1.257009891475041330e-01
4.585484012867799275e-01
6.609852993253297893e-01
7.220377924069882880e-01
6.884678003397766144e-01
5.980613013094099317e-01
4.767368093228961934e-01
3.435666501362299452e-01
2.146760528863933815e-01
1.041273335571646086e-01
2.288906432050952233e-02
-1.734452469690209858e-02
-2.544119449422913015e-03
5.065221613314312143e-02
9.516901871546420977e-02
1.124514073169807088e-01
1.118883005397354607e-01
1.016867349920903968e-01
8.677071498984041675e-02
6.963955584209677308e-02
5.138796573216342090e-02
3.312938687179983743e-02
1.473356097880889129e-02
-3.759854274811812169e-03
-1.989356400833500876e-02
-3.216679956489322534e-02
-3.711465880776754211e-02
-3.213560190585985910e-02
-1.949836047164367134e-02
-3.391739148334259324e-03
1.289498502679892189e-02
2.766762959686386303e-02
4.031449870117270046e-02
5.053840281334719131e-02
5.686141297531169952e-02
6.075902332578912712e-02
6.344435444301058102e-02
6.117263241729630624e-02
5.347482435246164734e-02
4.440209314994709999e-02
3.025432582952215788e-02
-1.670718062566783207e-03
-5.882383177696982879e-02
-1.394873418488092875e-01
-2.412204072984803771e-01
-3.627312590432779094e-01
-4.935748245272571499e-01
-6.126931292236024174e-01
-6.974479904925867668e-01
-7.182153463164642204e-01
-6.505477094869120958e-01
-4.858480937829656177e-01
-2.466654094605412184e-01
1.909289020886541233e-02
2.555684624672202587e-01
3.963696381846349981e-01
4.306552521460418337e-01
4.009165545041156742e-01
3.460705242458917974e-01
3.058944732448101167e-01
3.188197234523305057e-01
3.732029273856918850e-01
4.039134079835474678e-01
3.802617713923414078e-01
3.201370186131028417e-01
2.436676459944259188e-01
1.569209672862033333e-01
6.113128912635634044e-02
-3.110293055309551816e-02
-1.045950043569060378e-01
-1.457880208558983703e-01
-1.394776437908552547e-01
-7.476093724920207517e-02
2.256973554508275026e-02
9.245401494407101683e-02
1.094045486873646417e-01
8.369459507578171087e-02
2.559932487288564887e-02
-5.119535509279221630e-02
-1.307474018172155861e-01
-1.998445778736456790e-01
-2.452893624349430646e-01
-2.542633800843910330e-01
-2.134960342413696477e-01
-1.100749699412335303e-01
2.644216051849544724e-02
1.290797469636766059e-01
1.721760020552647041e-01
1.673709698590677697e-01
1.258256850091650225e-01
5.950089546681944230e-02
-2.154448902518152006e-02
-1.092753419634289874e-01
-1.971617402084689663e-01
-2.769657583061110318e-01
-3.364479653264629833e-01
-3.601302514949692446e-01
-3.322724451158066694e-01
-2.405243299260348966e-01
-6.967682213629089460e-02
1.420119515179200653e-01
3.007403599710888886e-01
3.716936072385150780e-01
3.726082746394314693e-01
3.184004123732218083e-01
2.312935339534040180e-01
1.423544209189725740e-01
8.220196266441937016e-02
7.337731040611350508e-02
1.053118422094247858e-01
1.363030825890827469e-01
1.481196185998547854e-01
1.457629467721255900e-01
1.303924592145534744e-01
1.043223308283211942e-01
7.257772704572566791e-02
3.759921483696253286e-02
-4.059070300673761622e-03
-5.594017290983147039e-02
-1.163746614757891484e-01
-1.806870961190649438e-01
-2.415008414620846700e-01
-2.874891105285832804e-01
-3.105503402921606648e-01
-3.091292184779247942e-01
-2.776033948496144932e-01
-2.248403337071256947e-01
-1.822871476797663925e-01
-1.591917768986291504e-01
-1.388039308221961921e-01
-1.048029958765136910e-01
-4.344810947686700286e-02
6.173212930359716494e-02
1.906369181906148180e-01
2.798456917683411205e-01
3.021425397356608533e-01
2.734368867916009416e-01
2.120532317983481185e-01
1.285762718981035557e-01
2.867941860381883340e-02
-7.587587399499676200e-02
-1.701542060956781621e-01
-2.410589492439719483e-01
-2.773253201584579553e-01
-2.697132829830439227e-01
-2.124777555980667254e-01
-1.080519386506572227e-01
1.500934972805906611e-02
1.127024116563527661e-01
1.717322204960910759e-01
2.069464874218990558e-01
2.326327980141522367e-01
2.531232732357256987e-01
2.662930661167347002e-01
2.722639422857727753e-01
2.732440573496844327e-01
2.676695280368192598e-01
2.514423083531976411e-01
2.262581121067707424e-01
1.977078238404371413e-01
1.684165573513253800e-01
1.349592951738397550e-01
9.152945103964467422e-02
3.744426274105482066e-02
-2.270036765356662350e-02
-8.553050049502669561e-02
-1.510402163991772795e-01
-2.208200309337242651e-01
-2.977936239464917811e-01
-3.772578858741453267e-01
-4.457309087344922816e-01
-4.927388550721552574e-01
-5.188435643682043352e-01
-5.306085109601703653e-01
-5.213806402956306929e-01
-4.724043357635745455e-01
-3.627759797517705054e-01
-1.920326462993151295e-01
-3.224109860675228312e-03
1.656487304806729677e-01
3.241875788906565248e-01
4.645772212970596948e-01
5.390227467190411570e-01
5.331662332901049295e-01
4.681005404285012994e-01
3.658397772424114569e-01
2.479794408439485176e-01
1.398418547965991632e-01
5.887914379214417848e-02
4.570422483869244351e-03
-2.133258794630720975e-02
-1.125102211538455549e-02
4.051560962948388273e-02
1.127484648490834074e-01
1.576197965201758255e-01
1.568747512476906247e-01
1.198885074883572904e-01
5.291715288158250347e-02
-3.838496763218913338e-02
-1.452221933827483602e-01
-2.558765293663401996e-01
-3.568238663162129898e-01
-4.342173935706954424e-01
-4.708251856008742742e-01
-4.542361751944368753e-01
-3.825748070789032340e-01
-2.627010403176422981e-01
-1.063940777584946595e-01
7.043103437442055359e-02
2.285203397783730495e-01
3.316828491866664619e-01
3.795351344297595575e-01
3.904411667765690375e-01
3.785641093014229797e-01
3.509215931349059514e-01
3.190931159321343524e-01
2.937292167765686579e-01
2.642282001823290094e-01
2.071262931906925897e-01
1.165698297793934662e-01
-1.258627003104256445e-03
-1.391479501483836034e-01
-2.837309059164710434e-01
-4.175875075656328428e-01
-5.245774176393951382e-01
-5.901114420923988524e-01
-6.018414057154926056e-01
-5.524448414544642638e-01
-4.307356191277098567e-01
-2.523000433639202567e-01
-6.335397913206021470e-02
1.335216720498531295e-01
3.311324835661308974e-01
4.699702882223615874e-01
5.302412330238867044e-01
5.344641410004117299e-01
4.983052167088082851e-01
4.329194787229451169e-01
3.493612025678215494e-01
2.582562450803199683e-01
1.668365220468832344e-01
8.370321098936056581e-02
2.195374778139396604e-02
-2.142601342520862595e-02
-6.798496429506040162e-02
-1.266642864575304173e-01
-1.944526217689573899e-01
-2.725208744829363816e-01
-3.550499491082802495e-01
-4.246645737745292637e-01
-4.666135038908007515e-01
-4.690316904097408535e-01
-4.159940157863180055e-01
-3.048042328668749690e-01
-1.599203981504656591e-01
-1.833429963013133782e-03
1.445319692357420194e-01
2.362309171570521338e-01
2.651803485227490209e-01
2.520850042159281101e-01
2.152997405781073292e-01
1.737474015745584244e-01
1.440589233046259965e-01
1.387884961339458934e-01
1.658644857656256799e-01
2.123312050038003718e-01
2.459698595547107347e-01
2.536884259875304970e-01
2.408748412946515871e-01
2.100700380463894901e-01
1.615418724016582930e-01
9.565653159401760197e-02
1.222711002615485716e-02
-8.682169672250932002e-02
-1.937158317573234312e-01
-2.998832172554437570e-01
-3.959594789932401881e-01
-4.697009387166517502e-01
-5.088456861973623679e-01
-5.006193609552135326e-01
-4.327938166022545219e-01
-2.942384193412751481e-01
-1.121874712046776745e-01
4.602950855723758616e-02
1.517957341616687494e-01
2.177032955804625858e-01
2.561883190753790340e-01
2.766451366990186900e-01
2.877314068494652433e-01
2.925217195613850074e-01
2.831069264679239028e-01
2.530469792460773304e-01
2.062348936771647989e-01
1.511254491966444735e-01
9.496939994966765997e-02
4.441378868800568980e-02
3.377697766486732409e-03
-2.820194412984397547e-02
-4.941551117690028139e-02
-5.998486827355626466e-02
-6.399724923747393546e-02
-6.737092633871502589e-02
-7.172070988437657946e-02
-7.505046461378028777e-02
-7.669255790504478365e-02
-7.499725088268159590e-02
-6.858121339824758966e-02
-6.095603034303301304e-02
-5.468841266807459439e-02
-4.630180855907886639e-02
-3.427714245372926599e-02
-2.185806295184967649e-02
-8.257503839319023375e-03
7.555230738399051557e-03
2.110205114899805709e-02
3.023898070203327737e-02
3.420247241971251934e-02
3.145768297501451427e-02
2.315007040174872285e-02
1.048651404745311842e-02
-5.656974441021190431e-03
-2.166073182166758718e-02
-3.614945187933167603e-02
-5.358676101196333669e-02
-7.439127866374140030e-02
-8.869907706257360025e-02
-8.713688759752538648e-02
-6.975501345480103477e-02
-4.141159394752255696e-02
-6.488726453146791140e-03
2.940509023401170763e-02
5.898065891520198195e-02
7.887353079295411629e-02
8.868225169661397844e-02
8.982038302223160908e-02
8.430526513351234430e-02
7.116030759105811121e-02
5.324751309865512205e-02
3.636967212135163580e-02
1.868812241466455762e-02
-1.566740624501689137e-03
-1.970713993335619987e-02
-3.271481163115039920e-02
-3.995358183366111426e-02
-4.268922529461405962e-02
-4.334154735965421029e-02
-4.191057317689225736e-02
-3.651582486211694262e-02
-2.544081026854860123e-02
-1.038980551165145580e-02
2.652745654324466327e-03
7.012048898427104306e-03
1.613402783422355526e-03
-8.862133017720969994e-03
-2.093059888764732535e-02
-3.339412417641925146e-02
-4.390893473771975697e-02
-4.899394692592055206e-02
-4.588211279518000091e-02
-3.283696217922026789e-02
-8.480096629936725514e-03
2.227759955598475339e-02
4.795778731953305452e-02
6.469684774878506350e-02
7.646945607156981073e-02
8.829230647272387489e-02
1.027278254036691207e-01
1.168227441929289845e-01
1.266576572852149696e-01
1.282975299532668756e-01
1.188206550009790891e-01
9.900290116781014504e-02
6.754810909629917204e-02
2.818524770100315838e-02
-5.286980464936936325e-03
-2.766209536118355988e-02
-4.261621091677591372e-02
-5.411601150141216732e-02
-6.746895580083689392e-02
-8.275963213622027081e-02
-9.348712275631496094e-02
-9.533951031085612093e-02
-8.850191546300434364e-02
-7.255523680939249265e-02
-4.471658104904042974e-02
-1.544245471895817207e-02
-7.678022063718640232e-03
-2.838855697321305063e-02
-6.965742124893892218e-02
-1.222014969892890740e-01
-1.765544376503859481e-01
-2.226105469036995244e-01
-2.512272674345044088e-01
-2.554197684297887516e-01
-2.260098966814136912e-01
-1.488977658076890975e-01
-6.524978782446427816e-03
1.723906645971073626e-01
3.132731241222585505e-01
3.867414184973786972e-01
4.081288266522406505e-01
3.913244577950039105e-01
3.459173703836027070e-01
2.792605997628396786e-01
1.971142638289669902e-01
1.038397411436555728e-01
4.527375849371225412e-03
-9.595074216065739570e-02
-1.933478154237374957e-01
-2.816184449528409961e-01
-3.534205000037997091e-01
-4.018612055189777488e-01
-4.188177620139613699e-01
-3.953909839205742016e-01
-3.219762303178909657e-01
-1.859386408113951894e-01
-1.096507616977825117e-02
1.407406687330820527e-01
2.407908320636047150e-01
2.940128147192212493e-01
3.022661829688531032e-01
2.723117365148195468e-01
2.214839408617106931e-01
1.642287052615797605e-01
1.085841755886588211e-01
5.944148425783100237e-02
1.719828065034775810e-02
-1.789545529365277679e-02
-4.335592842587492057e-02
-5.493521966232188525e-02
-4.914429815259133139e-02
-2.417876601715331780e-02
1.963819674638287924e-02
7.120740866924848977e-02
1.141764002948370549e-01
1.406044892908391852e-01
1.511085411992198202e-01
1.536190011764827779e-01
1.520600416918352349e-01
1.425997033936821368e-01
1.251898380849950088e-01
1.040861977644612080e-01
8.264951996478052398e-02
6.233164505813201806e-02
3.800655339913314168e-02
3.951662216178916665e-03
-3.715525013743695149e-02
-8.489470814638025442e-02
-1.411055621256671333e-01
-2.028507398029204545e-01
-2.679265629468188803e-01
-3.344616723941469250e-01
-3.936695964306882178e-01
-4.308556529527042822e-01
-4.321005733638794699e-01
-3.834426674445545191e-01
-2.732412616064776589e-01
-1.363424433219523890e-01
-4.072945131832950150e-02
9.215264076637003088e-04
2.042350953367358390e-02
4.863092537643717156e-02
8.005758064572665589e-02
6.870572214401976519e-02
1.068484921273170352e-02
-4.953551345181655963e-02
-7.259836714156854554e-02
-2.800234324387266410e-02
1.055481044411841346e-01
2.859271935722892954e-01
4.211382598909043651e-01
4.780653380520471507e-01
4.750068121399200205e-01
4.272810678678573004e-01
3.492964642259637209e-01
2.543577210410216671e-01
1.567584425958810090e-01
7.221198548182149179e-02
6.730794706808325423e-03
-4.575310276818978644e-02
-8.765155414995569327e-02
-1.155410716280028671e-01
-1.303649459893817253e-01
-1.343204949406602011e-01
-1.366361948243237090e-01
-1.542823147001910478e-01
-1.911303084457602608e-01
-2.387646923318321734e-01
-2.844183134907736221e-01
-3.108830644883886496e-01
-3.015205921298284020e-01
-2.439426996011734849e-01
-1.296811971523759155e-01
1.701709485856877160e-02
1.372490049038226079e-01
2.036021412093981520e-01
2.245314287920531227e-01
2.095834695348127164e-01
1.682892322439951682e-01
1.106153365760791374e-01
4.765543521652564063e-02
-8.783196375626543817e-03
-4.835686860039589002e-02
-6.253972350543832159e-02
-4.385172062258030357e-02
-2.801475595279852640e-03
3.011185450142081152e-02
4.158692148517899312e-02
4.071195668998113526e-02
3.663152718825671283e-02
3.338476604263422576e-02
3.125964384571811722e-02
2.833258231397088600e-02
2.260075184870675297e-02
1.372685105876767994e-02
1.682254921985235551e-03
-1.281963824187188836e-02
-2.435031487431572883e-02
-2.760643414170323856e-02
-2.420743824877898825e-02
-1.738964299029746238e-02
-8.772596835883052571e-03
1.832936939999635709e-04
9.553486848191444086e-03
2.089515699473418892e-02
3.457115659950200925e-02
4.805696596444394841e-02
5.735236730784064318e-02
5.862007931197860816e-02
5.553553289749230126e-02
5.608262517329459101e-02
5.786685701343144417e-02
5.698842306414166753e-02
5.519425522955700297e-02
5.238261209996605133e-02
4.877200595059535959e-02
4.460715296840105093e-02
3.794256977911887596e-02
2.740576692069175355e-02
1.045863285188890907e-02
-1.751628589936809338e-02
-5.555184361357291128e-02
-9.885300887048938112e-02
-1.462954029532148870e-01
-1.957785331025279907e-01
-2.448487860299079777e-01
-2.912365593248770756e-01
-3.296372913161083051e-01
-3.538221515502693593e-01
-3.545403265305440699e-01
-3.205389973385081581e-01
-2.392972151345793552e-01
-9.408143290440813822e-02
8.541040356094700692e-02
2.239381857970567380e-01
2.977255815267507710e-01
3.269307626366021458e-01
3.256748896320075248e-01
3.058013854628269801e-01
2.758830829620418923e-01
2.407812302097209478e-01
2.024973859123302411e-01
1.604071744725307225e-01
1.143777320075499704e-01
6.524148902532571348e-02
1.645754467389545783e-02
-2.442107851381929845e-02
-5.288329013699889086e-02
-6.953550169534514214e-02
-7.598577472174362912e-02
-7.458535481606352879e-02
-6.944888201439286535e-02
-6.296464475972152197e-02
-5.279155415639970317e-02
-3.912091900312864023e-02
-2.744987825687428273e-02
-2.016444121685684321e-02
-1.991099445889796607e-02
-2.863522576637617806e-02
-3.957464983789447249e-02
-4.637175705105963525e-02
-4.614555540943007100e-02
-3.942597006606715637e-02
-3.133226783866834703e-02
-2.372066765845977365e-02
-1.573842516029545086e-02
-7.321714517603255395e-03
5.747004434592212045e-04
5.927247899994241530e-03
9.612206764454542945e-03
1.461426134482084367e-02
2.151420721426203567e-02
3.007291876529929672e-02
3.938002733101330505e-02
4.701643253310400922e-02
5.121398587369642430e-02
5.143627608851174260e-02
4.885721930262577894e-02
4.529562115517939830e-02
4.176565794143707877e-02
3.787694430181016980e-02
3.132551950576828448e-02
2.119820166521843574e-02
9.807183700946010135e-03
6.993570804062470420e-04
-3.515978647429517448e-03
-3.527476182679300382e-03
-1.611174377206193303e-03
6.542702601616597752e-04
3.062558466691567283e-03
3.433081069530030324e-03
-4.274137856988980549e-03
-2.389745528907828015e-02
-5.223128587872945261e-02
-8.003827151484076141e-02
-1.013079902177300429e-01
-1.178810808385442332e-01
-1.329481254411604418e-01
-1.472725652316405343e-01
-1.597206108323200036e-01
-1.668969080727048804e-01
-1.640690654489724010e-01
-1.447285548845963776e-01
-9.895033964314481345e-02
-1.458752207227970686e-02
9.010318950458608145e-02
1.713454486462317461e-01
2.212240184350755534e-01
2.539117315082127790e-01
2.723389939502681156e-01
2.754422264791550057e-01
2.624631460512031889e-01
2.360392049824218685e-01
1.998123611551449741e-01
1.568481806025259773e-01
1.104335935532433643e-01
5.833546432052331976e-02
-4.053639356254563550e-03
-7.327752660700138920e-02
-1.431346015176580000e-01
-2.125844051917070154e-01
-2.816823163542778730e-01
-3.422245297712896428e-01
-3.804361675910853946e-01
-3.889083984871525290e-01
-3.635047128022312890e-01
-3.004975467993022398e-01
-1.980302309373603020e-01
-5.783601569279923915e-02
8.934890493577994641e-02
1.991571785796815153e-01
2.622808697507481024e-01
2.905968859926959524e-01
2.926858935613761981e-01
2.769984705669751301e-01
2.521210595763365703e-01
2.238839894651358797e-01
1.949982470590735650e-01
1.642326886116451667e-01
1.261108025625730933e-01
7.627489060451711489e-02
1.776120068879703459e-02
-3.854258219008926956e-02
-8.426595614668994094e-02
-1.189020555089468911e-01
-1.453215426837975444e-01
-1.660925333547295379e-01
-1.818214844885150949e-01
-1.920311964009293326e-01
-1.938699159571064257e-01
-1.810057638494598220e-01
-1.468005300818291115e-01
-8.611842691037856212e-02
-8.410093281387165734e-03
6.150213499652086580e-02
1.111991238586453046e-01
1.427065867113501141e-01
1.597831202948858387e-01
1.640033618945329341e-01
1.526334958114550500e-01
1.264465661627155180e-01
9.085480147560483222e-02
5.280136101413276939e-02
1.968911738442843951e-02
-4.869253148434820461e-03
-2.455467724548305794e-02
-4.735051230261914934e-02
-7.629705906980215058e-02
-1.097315611502012872e-01
-1.445346863794668979e-01
-1.751860676078874357e-01
-1.982306784578812819e-01
-2.130001804121415820e-01
-2.182143183709621403e-01
-2.075003485526233094e-01
-1.660712761739518983e-01
-7.823968411437097481e-02
3.881883494421466130e-02
1.381554942902403771e-01
2.019075998022805962e-01
2.386704066871677410e-01
2.537003583682739261e-01
2.501886395451382583e-01
2.335468956606226720e-01
2.137195968921811462e-01
1.945131605663165675e-01
1.695438279537584692e-01
1.341103099744583305e-01
8.932529556659161984e-02
3.913664723318010380e-02
-1.289504963409469906e-02
-6.554277251380162539e-02
-1.146432453745841878e-01
-1.546231889660233394e-01
-1.855683247511932255e-01
-2.112206285536373795e-01
-2.314374261193721527e-01
-2.437772518543522837e-01
-2.428975152806998050e-01
-2.131070525069259647e-01
-1.351142830384986504e-01
-2.113287180451508054e-02
8.460764004674797834e-02
1.584624442896423180e-01
2.027353869997583491e-01
2.224945940159065716e-01
2.235654162634070907e-01
2.113525242455683850e-01
1.892003763432196783e-01
1.593934945863331176e-01
1.233914544883638609e-01
8.146094387286702265e-02
3.455335908009814216e-02
-1.608148121962068092e-02
-6.904258928263934392e-02
-1.211887497084460363e-01
-1.708862133459167487e-01
-2.192778031670594707e-01
-2.661956112866294411e-01
-3.089679821267398707e-01
-3.419658502800992927e-01
-3.558785471863031291e-01
-3.392162232399625887e-01
-2.738007161888563190e-01
-1.338350013195631905e-01
5.454330804254341192e-02
2.113749914612298997e-01
3.039150530805151962e-01
3.457058070150569873e-01
3.485641193485243816e-01
3.237280748269811825e-01
2.815413125625434443e-01
2.308156703242901786e-01
1.782292966383551280e-01
1.281239113399274543e-01
8.245298739336137661e-02
4.126799362589363140e-02
4.938998027515755299e-03
-2.553747959124375716e-02
-4.953976687717881466e-02
-6.633873627548168839e-02
-7.648455752493166226e-02
-8.172698576183694275e-02
-8.305113097802829802e-02
-8.234236740145314815e-02
-8.143573648927959763e-02
-7.949549197513679222e-02
-7.381910795406637638e-02
-6.340831564446791635e-02
-4.830431596877957090e-02
-2.218419048862279447e-02
2.311344054965757538e-02
7.551266301699353922e-02
1.092876941830907001e-01
1.158363426070220387e-01
9.801286526347766093e-02
6.206644112277432540e-02
2.054226787423096487e-02
-1.894737453536329830e-02
-5.497447607593345525e-02
-8.725162145729725705e-02
-1.200664529816337922e-01
-1.628140165307760401e-01
-2.194468067314621629e-01
-2.859792722944081156e-01
-3.567384421892209612e-01
-4.259822365742889083e-01
-4.874074989403527347e-01
-5.352967788879191557e-01
-5.583634635102247001e-01
-5.326091214325958667e-01
-4.335790543903080829e-01
-2.682078452397209101e-01
-7.732708464393509007e-02
