8.173739817794373197e-03
8.057386011608023285e-03
2.723569099713170349e-03
-7.483766464096592089e-03
-1.587787868298407012e-02
-1.375146027530115174e-02
-5.710846869443159069e-04
1.451661078252238640e-02
2.467766551454901938e-02
2.788888482212985298e-02
2.478741412856499265e-02
2.082119203050153064e-02
2.164435740469181080e-02
2.929681451711514326e-02
4.205552775482236660e-02
5.457760974798481213e-02
6.196159679590498848e-02
6.294874693357117856e-02
5.590194025845073023e-02
3.842773731943398274e-02
1.132368197299950599e-02
-2.288625883608984626e-02
-5.947387537309801325e-02
-9.093843998143431862e-02
-1.106092628274158995e-01
-1.134610099657656912e-01
-1.016232078664079386e-01
-8.462062376316652201e-02
-6.562401731971360952e-02
-4.252053512572465804e-02
-1.826159996458359344e-02
2.758019997801872819e-03
2.043809966205886036e-02
3.612186440259329556e-02
5.329666454686887017e-02
7.648310904616419104e-02
1.040786845753355200e-01
1.316755843493493117e-01
1.550753032017526123e-01
1.680010031883859001e-01
1.652504068168926810e-01
1.465887541839694663e-01
1.164708990363483576e-01
7.816825462652797485e-02
3.229844575613860513e-02
-1.796736190583239634e-02
-6.609290695651780234e-02
-1.057065207225663800e-01
-1.334063862850808357e-01
-1.505695159883902456e-01
-1.609853581370589148e-01
-1.670140651409351973e-01
-1.702165208170613175e-01
-1.703878565134097078e-01
-1.648416233946254916e-01
-1.505904053332816905e-01
-1.239434300852034765e-01
-7.969399864157708513e-02
-1.343529554352792046e-02
6.157778364349553862e-02
1.166586891780489882e-01
1.410330310783066421e-01
1.410742727074934533e-01
1.230410839489621960e-01
9.372677865279813170e-02
6.031616356748803476e-02
2.816511385864910871e-02
1.938975805203392577e-03
-1.402824285363438866e-02
-1.723556063245557796e-02
-6.773689430847104793e-03
1.204175061281748810e-02
2.951328240972388856e-02
4.138498967404090345e-02
4.872147493778976324e-02
5.288788726166121501e-02
5.508056325826592159e-02
5.595220215216365617e-02
5.377179424586370909e-02
4.699029890520045605e-02
3.684779795060437457e-02
2.483705978761488811e-02
1.035580719382042138e-02
-3.726718114501374052e-03
-1.221262702385853688e-02
-1.702717827438512271e-02
-2.522952169982434212e-02
-4.233357564398333717e-02
-6.676903350067629750e-02
-9.107026122305886262e-02
-1.109397913322181101e-01
-1.264157858668558121e-01
-1.339001019288773020e-01
-1.252856525811194000e-01
-9.460305882807609756e-02
-4.630650669446180479e-02
3.039476037619723899e-03
4.023936794011367946e-02
6.327087347834398079e-02
7.344550732237326018e-02
7.325920197277543955e-02
6.812217431255457312e-02
6.060770183636342290e-02
4.804858658404446980e-02
3.036742164124338339e-02
1.134178000255450791e-02
-3.752931851163326601e-03
-7.025030663616483630e-03
1.440947116863492555e-03
1.079421011773590462e-02
1.781935962150451441e-02
2.748262107187332895e-02
3.974780693043647450e-02
5.152308465602074838e-02
6.147149182754135799e-02
6.707762795955986290e-02
6.585488774388337241e-02
5.732002351070627361e-02
3.905775462936717651e-02
1.110071748349047288e-02
-1.808655977001293047e-02
-3.905869776464398341e-02
-4.972753124413387821e-02
-5.332977132989765584e-02
-5.257704181345002753e-02
-4.964865550766540958e-02
-4.584807934363299003e-02
-4.083096435407874286e-02
-3.611592762784553851e-02
-3.382337230659218652e-02
-3.502887973845521946e-02
-3.763461844838685705e-02
-3.616425604787520259e-02
-2.863271771195567000e-02
-1.717282193025061049e-02
-5.451161280922490505e-03
2.683947533639495335e-03
5.979170069537937705e-03
5.847188630436671308e-03
3.648319247470015094e-03
1.281848145236423077e-03
2.012093977929185068e-03
7.189726796906380744e-03
1.402698129174442462e-02
1.813333066415275321e-02
1.871937410750426634e-02
1.714833266733024192e-02
1.374930470939773886e-02
9.840726066294233285e-03
6.545662469424775795e-03
3.419082674345465690e-03
1.504860326093543886e-03
1.667466716973923417e-03
3.910621950818665531e-03
9.182405762932740675e-03
1.571841012562804479e-02
1.914056815434236544e-02
1.792691601369512944e-02
1.453304055031407263e-02
1.131985346049167729e-02
8.430008548990099160e-03
6.270215245616936502e-03
5.412778609240983217e-03
4.482257529443742228e-03
2.070586385105122832e-03
-2.434248476383552365e-03
-1.105676257721700112e-02
-2.353156114100366653e-02
-3.465947585660145852e-02
-4.032305105626386027e-02
-3.913307108704701387e-02
-3.092414346445294254e-02
-1.782562418674714377e-02
-2.701308226136104121e-03
1.235290507203056984e-02
2.526029610259417427e-02
3.467273119881170845e-02
4.006097812120436308e-02
4.006809518168777395e-02
3.620510796871210385e-02
3.364981641108429067e-02
3.315000941878720742e-02
3.171180891990278000e-02
2.856725534842518080e-02
2.416442475320929387e-02
1.899176675056998831e-02
1.181425371864707613e-02
3.077562741104398168e-04
-1.453854147378639411e-02
-2.987770475837174186e-02
-4.339888431145627612e-02
-5.280615564618982433e-02
-5.513955672367008842e-02
-4.812525997265677119e-02
-3.377271900386366599e-02
-1.718730410476138060e-02
-2.428907378957498309e-03
9.183253653252764978e-03
1.616859481696402562e-02
1.724481306610276682e-02
1.384326485411280921e-02
8.055926466668942784e-03
1.432553883599255434e-03
-6.241922334278979939e-03
-1.659479727517898864e-02
-3.078072474298120323e-02
-4.650507387448499230e-02
-5.921120681004986980e-02
-6.618838248659771051e-02
-6.722125249461985419e-02
-6.348376922224285845e-02
-5.580275518816282115e-02
-4.398756624307790380e-02
-2.591843142984413817e-02
1.712183662690454529e-03
3.576414775148119979e-02
6.443074099259323007e-02
8.001270681987993072e-02
8.448428625648513046e-02
8.369067889062770105e-02
8.169447771312599027e-02
7.863298585497353888e-02
7.367712022003304606e-02
6.667137095755462650e-02
5.812234133375430295e-02
4.987592143654257654e-02
4.362637864874472499e-02
4.009267802282492910e-02
4.084652434830561563e-02
4.582545158679462993e-02
5.115464461004878838e-02
5.363207401060896690e-02
5.283838244796675021e-02
4.846907829956030589e-02
3.940768199904193941e-02
2.500281596420723951e-02
5.408870269097757616e-03
-1.946722215024216870e-02
-5.060667669990583095e-02
-8.568005657110205897e-02
-1.204711647223740967e-01
-1.567097058324241343e-01
-1.980604289042111887e-01
-2.437024158203374424e-01
-2.881289462371986465e-01
-3.221574895983564946e-01
-3.364169779537211635e-01
-3.228461236703296100e-01
-2.716049647785505616e-01
-1.748370010046350342e-01
-2.844927583925965786e-02
1.410446756404295510e-01
2.759790635798140546e-01
3.543850947247444427e-01
3.897495881306130006e-01
3.932587775561459109e-01
3.729392242633553511e-01
3.352136228632675019e-01
2.858241849557261460e-01
2.277059834424733364e-01
1.636899524941663187e-01
9.942929390312625626e-02
3.852924701572644356e-02
-1.781166668476250395e-02
-6.898665382844011706e-02
-1.153774588533764134e-01
-1.555791214231722064e-01
-1.876023603465027667e-01
-2.119931058575107441e-01
-2.275231140884399761e-01
-2.304779242248691240e-01
-2.187907053659888246e-01
-1.915305154722837244e-01
-1.452604292333802283e-01
-7.118469944935476579e-02
2.014523249015279932e-02
9.404896254686673229e-02
1.351209094341018768e-01
1.497992485998496104e-01
1.447846453617001317e-01
1.263787234577859464e-01
9.980948664012538607e-02
6.989820213456215958e-02
4.027334078481941554e-02
1.151324799790383671e-02
-1.693088188959813653e-02
-4.497989152248501460e-02
-6.891840364997803281e-02
-8.425805527057479705e-02
-9.110785341871886767e-02
-8.951169472441483643e-02
-7.729840057723230684e-02
-5.364242110050920082e-02
-2.315295561162880947e-02
4.906182654683352053e-03
2.592038226694344527e-02
4.155219935635011408e-02
5.415608466673110799e-02
6.535179807929286655e-02
7.581587248474848384e-02
8.425289218651815792e-02
8.561950250684005614e-02
7.659402655771814505e-02
6.180683445005690640e-02
4.613432184563126537e-02
2.980694173745092324e-02
1.205425516067924405e-02
-6.656573197930981331e-03
-2.354808268074509714e-02
-3.559078768692310046e-02
-4.353832786644650649e-02
-4.921909834018678431e-02
-5.098640965301185629e-02
-4.830662028917874495e-02
-4.288757213877112534e-02
-3.629707148720240362e-02
-3.304517333906728527e-02
-3.650455883937108598e-02
-4.297702261247885597e-02
-4.576470249876722629e-02
-3.995464126107697161e-02
-2.463273493645898662e-02
-1.181613569775983100e-03
2.489163802661622724e-02
4.299449373676279829e-02
4.728234354127956729e-02
3.927203072346435730e-02
2.349480669915240960e-02
3.367324300959073299e-03
-1.919119565394027810e-02
-4.158903771551410167e-02
-6.108478767138323523e-02
-7.481981901336126617e-02
-7.810786843404636526e-02
-6.260807963673817311e-02
-2.959198366402527106e-02
5.109665641336494542e-03
3.069757843120292373e-02
4.683184375169471142e-02
5.518358135365722394e-02
5.647785924109641198e-02
5.198286246199754213e-02
4.529524829488477955e-02
3.964419454282796379e-02
3.617836728632119192e-02
3.604014674453824563e-02
3.950646360397087886e-02
4.460277658155948483e-02
5.007827751804256461e-02
5.678876701295381552e-02
6.482779765075019629e-02
7.238294295302979964e-02
7.647364357541347468e-02
7.301785220860802783e-02
5.734966124294638146e-02
2.715660150139223919e-02
-1.406876091405381314e-02
-5.677059379936024580e-02
-9.128632722034818459e-02
-1.132756797276764371e-01
-1.212551005494537371e-01
-1.152784690996316169e-01
-9.845677087036133757e-02
-7.707128565629761674e-02
-5.615362709336559760e-02
-3.672281916144879560e-02
-1.935002028489689677e-02
-4.566301851539797049e-03
7.225635424359900735e-03
1.545159571992009949e-02
2.130034661929084208e-02
2.472869604882527855e-02
2.302410573450378375e-02
1.605998523528257005e-02
7.577845798525050490e-03
2.053577852101486165e-03
1.260663184967543860e-03
3.004914925622860066e-03
5.472817719389027127e-03
9.524526523668554873e-03
1.489551991908695354e-02
2.037835685663963101e-02
2.538941701883980218e-02
2.895219799758114859e-02
2.962789428461390373e-02
2.547926033960135062e-02
1.613495003414443935e-02
3.619147665095743746e-03
-9.414099369660863109e-03
-1.982192302098689796e-02
-2.481822482699147167e-02
-2.422247055099750745e-02
-2.046817299995912220e-02
-1.549063469530190598e-02
-1.010511596284211985e-02
-4.279325669630398496e-03
2.689674022833249151e-03
9.915911150381307576e-03
1.740448572506689273e-02
2.579987268878101980e-02
3.165329621145290817e-02
3.034395690767384413e-02
2.233428457906746697e-02
1.141917793612510015e-02
1.666251932006803868e-04
-1.007057071152604039e-02
-1.900391571584802639e-02
-2.619858648086884415e-02
-3.136101711176499107e-02
-3.567937407474082445e-02
-3.865588646040681031e-02
-3.855363777074817533e-02
-3.677283083702835575e-02
-3.606254062730499671e-02
-3.546909687479322254e-02
-3.122262631247879269e-02
-2.062978400954927280e-02
-2.436877207533392001e-03
2.432011880786176181e-02
5.515682314269950565e-02
7.904023382147351562e-02
8.950972488121307358e-02
8.840520963363679430e-02
7.977078705933678127e-02
6.551590496300446764e-02
4.772292482299281269e-02
2.989384184299593433e-02
1.276461955407820655e-02
-4.443853162264709694e-03
-2.027380457257221824e-02
-3.236892944856748638e-02
-4.090657115803909838e-02
-4.798000626307728778e-02
-5.386267063852068215e-02
-5.605796891896500100e-02
-5.242084595527055774e-02
-4.503111220486386707e-02
-3.819176971641687068e-02
-3.281218239186417529e-02
-2.681708767473049010e-02
-1.928856250005206788e-02
-1.005954554713381355e-02
2.964840325732469480e-03
1.798793992214562862e-02
2.875306281296000424e-02
3.403065866497416436e-02
3.492252175364530392e-02
3.175265355946650658e-02
2.719703662667944527e-02
2.451242543484044925e-02
2.480035771247918880e-02
2.591926026671149963e-02
2.323717780945636080e-02
1.385963128296624665e-02
-3.836163952363686250e-04
-1.671520459534206471e-02
-3.347386664571519455e-02
-4.701122638871742254e-02
-5.385782122043913933e-02
-5.336508553842737174e-02
-4.658196807960084118e-02
-3.639932848216176353e-02
-2.497445275965839984e-02
-1.325050225291363876e-02
-2.685099328360932881e-03
5.539057784156190510e-03
1.075452136077725482e-02
1.394314772812042455e-02
1.743358867432395071e-02
2.146427107387052086e-02
2.527198015028913475e-02
2.966222148357115090e-02
3.540483322435584307e-02
4.275749184600934755e-02
5.074832361387406759e-02
5.699286821675123016e-02
5.938152068740387701e-02
5.578057803712943574e-02
4.573513651945378122e-02
3.291220046476165534e-02
2.211117158511311312e-02
1.417230659360018546e-02
6.070999509209748686e-03
-4.921852057579632900e-03
-1.852124607019572239e-02
-3.208311452367280936e-02
-4.297415828244650210e-02
-4.929251579070430961e-02
-5.082213781802382563e-02
-4.912728535295478316e-02
-4.533035469253317989e-02
-4.095049227032990236e-02
-3.779249495451422747e-02
-3.678312103322681215e-02
-3.908783788184511110e-02
-4.408496594446338623e-02
-4.888917083993628981e-02
-5.130420878658008277e-02
-5.070383293582046702e-02
-4.638736696405817983e-02
-3.815654437934868498e-02
-2.565238758125179194e-02
-4.489893690883109412e-03
2.298009042285716758e-02
4.476631127287510059e-02
5.719010737550169615e-02
6.406170246496052656e-02
6.687650232796012173e-02
6.679562156256056704e-02
6.584605839615545464e-02
6.478301692452197169e-02
6.359074960571801938e-02
6.333798666892707929e-02
6.364888243385265210e-02
6.131976954490962750e-02
5.523052373468267245e-02
4.735114719455264104e-02
3.741733449084958668e-02
2.341716113909663582e-02
5.585964866750956284e-03
-1.231799477482355999e-02
-2.467817121514463002e-02
-2.969383527535792919e-02
-3.043975870745751697e-02
-2.948880117865330247e-02
-2.724590185878715196e-02
-2.439972660886707834e-02
-2.130240557777043908e-02
-1.887604748104909635e-02
-2.278196076650430141e-02
-3.840927757350114796e-02
-6.421453861734954804e-02
-9.532118294067955244e-02
-1.277907916051251869e-01
-1.582848658118696794e-01
-1.807992179678213629e-01
-1.867653376207958071e-01
-1.668035545953655274e-01
-1.102704334475573117e-01
-3.010739611450432771e-02
3.870504167783624105e-02
8.474344996115731887e-02
1.151063459519158227e-01
1.337580407058899801e-01
1.448172533905719428e-01
1.504795786775118827e-01
1.484354434434504433e-01
1.367052050327481894e-01
1.162157838426059187e-01
8.895431519394765563e-02
5.933157087263718488e-02
3.241152738477179329e-02
1.177462486586306964e-02
-1.172668641388412841e-03
-6.985237722355354395e-03
-6.665310377382096738e-03
-1.906440228494007266e-03
5.150493140386010887e-03
1.319152309541901658e-02
2.068353462878803894e-02
2.592828353553536941e-02
2.843466673835329597e-02
2.743958402555485981e-02
2.112048561296126642e-02
9.396701387945339407e-03
-5.420004639548944153e-03
-2.218336866944398827e-02
-4.110448185963738732e-02
-6.209492140553987682e-02
-8.464744691605607940e-02
-1.069506187482049536e-01
-1.254570329129086059e-01
-1.360901594145705329e-01
-1.359689026874779938e-01
-1.230045086501106999e-01
-9.679830685017731806e-02
-6.245279548847711137e-02
-2.573876078981579205e-02
7.260766797973570996e-03
2.842493597696051782e-02
3.722007189934168486e-02
3.910263912343910769e-02
3.894578733699607248e-02
3.975613411817824350e-02
4.234788745005473032e-02
4.856679947124811075e-02
6.239376957662341738e-02
8.138519754122580663e-02
9.643398692041763032e-02
1.031260139553320382e-01
1.016525184950932692e-01
9.343391545989997160e-02
8.089781878298625550e-02
6.522216049201813581e-02
4.601750699843429326e-02
2.574996100897948559e-02
8.259969499187305025e-03
-5.973780376467450678e-03
-1.771140671761779056e-02
-2.687767550901323799e-02
-3.304682938755174049e-02
-3.618702170530533474e-02
-3.768478698661079096e-02
-4.090730948465193251e-02
-4.896106042308226436e-02
-6.197643879297982245e-02
-7.742403417507449925e-02
-9.176020333333206880e-02
-1.002989637074201273e-01
-9.779658386390563396e-02
-8.028834067507063799e-02
-5.114961445398841927e-02
-2.176711808453803132e-02
1.289273643176104024e-03
1.860032628389837739e-02
3.082744747349264527e-02
3.863553548374402957e-02
4.310858486768799624e-02
4.467932098881043090e-02
4.453626322836809481e-02
4.376091583997662043e-02
4.102305794167455250e-02
3.476267227509223512e-02
2.475134503816762283e-02
1.387819672727976308e-02
7.362971474197727365e-03
6.711464859524340909e-03
9.444441066643020563e-03
1.196885845441280662e-02
1.202217139420934736e-02
9.343398150983756034e-03
4.119998953840076951e-03
-2.568780646307096491e-03
-1.057523939007137988e-02
-2.010278537015487352e-02
-2.751446740206282826e-02
-2.747326282502844663e-02
-1.813373217594291958e-02
-1.174725427796190561e-03
1.968924773862577166e-02
3.896826171246366849e-02
5.251942181401175053e-02
5.997171420841577311e-02
6.258744270126100073e-02
6.043052514353088739e-02
5.167582986389059746e-02
3.395295496940242685e-02
9.532780974190128986e-03
-1.488331536299095093e-02
-3.826706227237272606e-02
-6.456332144663728956e-02
-9.387611976588407237e-02
-1.217132183194140627e-01
-1.430454747739771937e-01
-1.552569722318873635e-01
-1.563773596316575532e-01
-1.425003229071939714e-01
-1.095039095385275801e-01
-5.480413563925788656e-02
1.138482255797897483e-02
6.717310757124116127e-02
1.038799320441148727e-01
1.255366144471347090e-01
1.362448050478495265e-01
1.385673710560970384e-01
1.345032807640306471e-01
1.265642492005788211e-01
1.150243162279453585e-01
9.922318690745794700e-02
7.844435374923626469e-02
5.061588286861071206e-02
1.805549040824850487e-02
-1.139649896047078767e-02
-3.480412329363023749e-02
-5.412411731289512584e-02
-6.966580562162413837e-02
-8.059821424786457744e-02
-8.574252721434122426e-02
-8.557660614617020045e-02
-8.076971658489834338e-02
-6.911234368104342274e-02
-4.735368299328934771e-02
-1.286937858061457281e-02
2.670541502679856655e-02
5.374999265040239504e-02
6.151000856377741161e-02
5.406010495668120419e-02
3.489959024888233952e-02
9.068520369859016730e-03
-1.687021605269380803e-02
-3.773867096684895700e-02
-5.066734115770514524e-02
-5.294790613141982238e-02
-3.989816734514762403e-02
-7.011534324290814510e-03
3.624720181035704508e-02
6.810620122320022729e-02
8.067274503993654422e-02
7.877769762409880805e-02
6.503261970875597042e-02
4.159704130859974425e-02
1.473903260097473439e-02
-1.006050157955912065e-02
-3.161266410907553198e-02
-4.398314751312154547e-02
-3.716737333965621642e-02
-6.763729256598946527e-03
3.410150972704803496e-02
5.885633095582451513e-02
5.479099335288890177e-02
2.621862170978154355e-02
-1.984137002755764420e-02
-7.506027808910252508e-02
-1.302476148770283781e-01
-1.793740485809000862e-01
-2.140173100733630818e-01
-2.193997769537888720e-01
-1.815461151814647400e-01
-8.790062224852683570e-02
3.900475400884923644e-02
1.402326413950785444e-01
1.930082793718759515e-01
2.095467462763160593e-01
1.976382865510087350e-01
1.629229765951142606e-01
1.138278355755755339e-01
5.958762990272777060e-02
9.203582012012932398e-03
-2.886008597000778997e-02
-5.013511466989341997e-02
-5.105219549195966211e-02
-3.744201956957480398e-02
-2.757831603574868035e-02
-2.957684236361496702e-02
-4.102497624373035306e-02
-6.226726686008013378e-02
-9.149415982089380284e-02
-1.236784488871948695e-01
-1.527869690169613714e-01
-1.701362232941264208e-01
-1.670135605752028074e-01
-1.344598808250931921e-01
-5.981491249432160928e-02
4.554287361808866119e-02
1.396862162156268516e-01
2.015997181377433278e-01
2.365181599598536466e-01
2.500474639074896643e-01
2.469569937911822721e-01
2.300120846489278059e-01
2.006142904841036190e-01
1.621626358814023394e-01
1.170939757398535563e-01
6.384717667659839391e-02
-1.071550430294077386e-03
-7.096527553598781790e-02
-1.279318099172762624e-01
-1.642910973183950296e-01
-1.834056508209455372e-01
-1.884580940719559061e-01
-1.820770472861972800e-01
-1.655438065205180331e-01
-1.404853555104630114e-01
-1.102597299215325594e-01
-7.782320349164867368e-02
-4.420662012841335836e-02
-8.233595729261399335e-03
2.907263881408554337e-02
6.221814414629664447e-02
8.710973096686569495e-02
1.028964811610766361e-01
1.098756264245694392e-01
1.098203848589456022e-01
1.043086952082269842e-01
9.434136368783688220e-02
8.141221385459553039e-02
6.534701337405424137e-02
4.398513104663021034e-02
1.792701734046897935e-02
-7.886524803006989687e-03
-2.962856976612177756e-02
-4.702081671372838889e-02
-6.147260446819913932e-02
-7.592144943026479798e-02
-9.333561253749225739e-02
-1.144112072422899806e-01
-1.375188628516793854e-01
-1.567941563689608242e-01
-1.634191920939753462e-01
-1.484144592676741592e-01
-1.027581930766502255e-01
-3.514880373383372225e-02
2.705650394192284786e-02
7.089124604021190823e-02
9.981714976562013064e-02
1.170621855181073201e-01
1.246854154522559488e-01
1.241049726826864985e-01
1.166368785948374842e-01
1.037158717849561151e-01
8.640000219612575805e-02
6.531330636016315083e-02
4.143052270926020353e-02
2.009656209894204390e-02
6.268041581184970179e-03
-3.291848284632156382e-03
-1.190016361193106664e-02
-1.816425000684272067e-02
-2.124982636511603060e-02
-2.064038889746905997e-02
-1.522317577592880583e-02
-5.761030814077031798e-03
3.776308729294679256e-03
7.629502831478231564e-03
2.354102596865419346e-03
-7.902717379553964722e-03
-1.477384204138475383e-02
-1.599935065330412159e-02
-1.488896700831157660e-02
-1.402781017199309505e-02
-1.398227574863959016e-02
-1.446617409505545487e-02
-1.415226435567176755e-02
-1.204448584454314783e-02
-8.553893054528966325e-03
-3.570926894190314983e-03
3.047826053024775550e-03
8.508526929640648079e-03
8.331223265571053443e-03
3.509364609294925337e-03
-1.994451237626924164e-03
-8.386588567676930145e-03
-1.735679321537917166e-02
-2.872631179982202548e-02
-3.990935848132341757e-02
-4.737535002306045989e-02
-4.975232414673631115e-02
-4.632608915166164937e-02
-3.461778951360505036e-02
-1.587595476872774927e-02
1.229653056909402360e-03
8.841833808293690991e-03
7.209200742498441880e-03
3.107527016642009504e-03
1.916296872504452860e-03
2.930945427318930145e-03
3.835945818988053917e-03
3.733744543857748545e-03
3.747674114057767888e-03
6.641645497950590324e-03
1.614792467912697788e-02
3.169941924148304835e-02
4.616423363965239945e-02
5.574479203169530050e-02
6.042909181504649285e-02
5.887847417203269373e-02
5.027335950958260885e-02
3.566913693690827031e-02
1.723536460306558660e-02
-1.772937965549433630e-03
-1.656225640654551690e-02
-2.466146826273901346e-02
-2.979693246028321946e-02
-3.409171759702361859e-02
-3.366015934772437213e-02
-2.929002449314417611e-02
-2.633108966553310629e-02
-2.516916839654423366e-02
-2.252147190117508024e-02
-1.742907681032944411e-02
-1.201192347011750816e-02
-6.760850765643680073e-03
-5.309222392810290965e-04
5.400212705773324053e-03
9.679593467870598392e-03
1.435339868278232532e-02
2.112831032706815465e-02
2.843331274588124444e-02
3.539077922589300290e-02
4.167544522528494194e-02
4.561540827488246713e-02
4.632950283022154586e-02
4.371894635028900772e-02
3.738634266929281857e-02
2.699328932330478936e-02
1.240816644235135172e-02
-5.286376061714869942e-03
-2.229641246649405328e-02
-3.572316670264448490e-02
-4.635423174673897195e-02
-5.430323466274174921e-02
-5.669844052397637196e-02
-5.088136043553675991e-02
-3.781680011356372551e-02
-1.996251038876653908e-02
9.935772790740232674e-06
1.706286472074449237e-02
2.855687522515687471e-02
3.887805827789674734e-02
4.950183865070138106e-02
5.228262151715473011e-02
4.077697255617410144e-02
1.563682551774423640e-02
-1.925964048614642668e-02
-5.873315100799345045e-02
-9.644850920692402130e-02
-1.271600847104979726e-01
-1.460848148989507822e-01
-1.461069879022384443e-01
-1.220430348275609866e-01
-7.046800097737193624e-02
-1.207460901294950609e-03
5.989899281779052787e-02
9.816083225964421233e-02
1.138521653417519930e-01
1.107630311634254655e-01
9.419517566052848512e-02
6.986460995367896332e-02
4.431490391244861937e-02
2.171342198001448981e-02
2.578885968547009466e-03
-1.364872158152907917e-02
-2.731397430897722009e-02
-3.585819802347845614e-02
-3.531906775446869151e-02
-2.522248665424279418e-02
-7.385572242877642447e-03
1.601366179574502391e-02
4.057553589543495820e-02
6.127507576557471303e-02
7.656748604173370387e-02
8.616305220341233251e-02
8.856240768255647933e-02
8.247987132693188062e-02
6.726326497905465995e-02
4.487734029719779583e-02
1.757728103823772217e-02
-1.481353684805569726e-02
-4.811918566877110975e-02
-7.386490403035692043e-02
-8.810596558921920951e-02
-9.226575429354016977e-02
-8.873771367205113281e-02
-7.964436243446891550e-02
-6.696028040425763828e-02
-5.273470813107712651e-02
-3.821322550589384415e-02
-2.065871212911583876e-02
5.857902585382243447e-04
1.980056556815792609e-02
3.419711174044836460e-02
4.425820227493097031e-02
4.985952829987235629e-02
5.146533886602736030e-02
4.953735224414861776e-02
4.304676710377360049e-02
3.120642885157272339e-02
1.647326000150572956e-02
7.268353953099283490e-04
-1.547028882455736207e-02
-2.838843305033882450e-02
-3.516609465027750736e-02
-3.753028169741341735e-02
-3.657875281893360059e-02
-3.162959720227553201e-02
-2.368345598731140533e-02
-1.468031955555307647e-02
-5.231882951012027140e-03
2.155095068743762519e-03
3.306512747874736265e-03
3.570629541001365745e-04
-1.617135603240752936e-04
5.033296583045177713e-03
1.514030510205876916e-02
2.620140117266710894e-02
3.336744155631461012e-02
3.473251356127037004e-02
3.187430115117791812e-02
2.675052612795068493e-02
1.952877807310688524e-02
9.104750704760921493e-03
-4.730979935641945605e-03
-1.869647097286681117e-02
-2.820310096589592752e-02
-3.142750838983695422e-02
-2.865768477129176928e-02
-2.125385721063321326e-02
-1.218658013153217298e-02
-3.664512446692939993e-03
3.889517172797372652e-03
1.171759468754117114e-02
2.117164408503477077e-02
2.913605145274252017e-02
3.059238063419222539e-02
2.372383571434951224e-02
1.201500700365713305e-02
7.211396105985135724e-04
-9.239683589996033203e-03
-1.961781612214885326e-02
-3.136008453491422043e-02
-4.364014773468389424e-02
-5.465136239087974024e-02
-6.257712152608330136e-02
-6.617380322375158996e-02
-6.427805766731756187e-02
-5.439282974737208454e-02
-3.405300367677028400e-02
-6.615472165903424524e-03
1.831511578745258911e-02
3.504508740954427604e-02
4.507436990184115339e-02
5.146117183756704350e-02
5.500550817263523407e-02
5.566655332352764274e-02
5.468285896119110673e-02
5.398737541841962251e-02
5.394417442670452340e-02
5.107635089069297724e-02
4.135026882906567974e-02
2.585740947600643352e-02
1.161259121359264554e-02
3.048114360892523536e-03
-2.515283682767621189e-03
-8.092048386961300799e-03
-1.303086520884936227e-02
-1.549305442250281661e-02
-1.630224018610795800e-02
-1.660320448920796221e-02
-1.495847560522282904e-02
-1.084190657278913221e-02
-8.255510620865677204e-03
-1.074859035870779148e-02
-1.622514438602635362e-02
-2.237960748318934892e-02
-2.846988658742243342e-02
-3.293669899268122231e-02
-3.444563522909530051e-02
-3.279085335265094492e-02
-2.819576655251020136e-02
-2.058092274206294731e-02
-1.086052717577374628e-02
-1.439743897770653014e-03
5.506390073855027892e-03
9.886769853577639239e-03
1.342731978516601039e-02
1.706545711080100641e-02
2.044197750765582022e-02
2.394344833107368148e-02
2.891448068454176290e-02
3.470229225681398244e-02
3.896304100192381908e-02
3.998877723185154109e-02
3.653107388304316361e-02
2.806483177623987635e-02
1.516409082874391190e-02
2.626130470464519730e-03
-4.197094557096794215e-03
-7.178123580278177734e-03
-1.118441593059766280e-02
-1.755980167775171574e-02
-2.314235080661353194e-02
-2.484936925950294653e-02
-2.361431117241280173e-02
-2.076905760565065165e-02
-1.629815215557265176e-02
-8.046146959378139979e-03
5.258901356515062984e-04
2.084273984330696147e-03
-3.247977308178567391e-04
-2.522316404335530043e-03
-4.943751499136111484e-03
-8.376931199458469493e-03
-1.314390031940082006e-02
-1.784145880299782549e-02
-2.201290179512837425e-02
-2.629753782602936921e-02
-2.898763045452478621e-02
-2.478069660105243835e-02
-8.672186988229229482e-03
1.471003225635620325e-02
3.143936864649692076e-02
3.520509355004151214e-02
2.851936395073607911e-02
1.175587014769082297e-02
-1.366490861921339575e-02
-4.024292704700049850e-02
-5.954480287848704784e-02
-6.744273566966017819e-02
-6.204411784296288979e-02
-4.274423728479542772e-02
-8.109887915808657727e-03
3.532403205702920601e-02
6.732086518817050058e-02
7.726791106160674216e-02
7.118639755985251005e-02
5.696155851645789969e-02
3.953785693964026460e-02
2.207304173641686310e-02
6.438519825412799061e-03
-6.514464462618812374e-03
-1.536817299041565166e-02
-1.810611596359933823e-02
-1.337326955168945467e-02
-2.062476141650624976e-03
1.203076359503272436e-02
2.535891371376985948e-02
3.730439161430694484e-02
4.735276656435871007e-02
5.409034651530214566e-02
5.759475177053186706e-02
5.732714345402104006e-02
5.205136517365267085e-02
4.220128183952520651e-02
2.800658480873514586e-02
9.310537722896866306e-03
-1.281274028965745382e-02
-3.744637274257511111e-02
-6.297049288800091182e-02
-8.897354673978978556e-02
-1.183277549130908601e-01
-1.483490482760666251e-01
-1.727822592385372391e-01
-1.887571259218160380e-01
-1.910284150701798411e-01
-1.727744367853580043e-01
-1.294923023674022233e-01
-5.628848295138102337e-02
3.422152955547771991e-02
1.114977575165185114e-01
1.638247372793456003e-01
1.953066411582954631e-01
2.065283917269750413e-01
1.984268503338787459e-01
1.764691802827634548e-01
1.478727627627985097e-01
1.161209174706005903e-01
8.258049070643028178e-02
4.825951095628115695e-02
1.297491085397569147e-02
-2.060708644062603234e-02
-4.541519217937403652e-02
-5.794641473419749611e-02
-6.095939146253502583e-02
-5.786317507739384414e-02
-5.138230413220815085e-02
-4.456058854261987778e-02
-3.972394335247082797e-02
-3.721047173561719407e-02
-3.625883165478870074e-02
-3.751463783227323989e-02
-4.223570950914364019e-02
-4.914596269441878773e-02
-5.436071491664271060e-02
-5.536958623676521696e-02
-5.495171260488616177e-02
-5.533185518747369552e-02
-5.243525784405411033e-02
-4.279462409891790498e-02
-2.796906849374553722e-02
-1.079359620586143285e-02
7.204780121809029915e-03
2.548337022521164272e-02
4.439738377938033664e-02
6.347277671656248454e-02
7.954156106654031166e-02
8.917180073238500926e-02
9.125792580017670630e-02
8.748298888625349878e-02
8.087770367571937846e-02
7.322550454579287993e-02
6.481013937852807272e-02
5.491961662598943139e-02
4.100660681802541230e-02
2.119919552293495629e-02
-3.965403497441444096e-03
-3.198768257696717188e-02
-5.592109661940286580e-02
-6.862143192389613677e-02
-6.822669854265803191e-02
-5.514715022254924881e-02
-3.036215476119339535e-02
6.501693377143340224e-03
4.687614449873630379e-02
7.031969266044856004e-02
7.020152759194238368e-02
5.514297121191024525e-02
3.141565053712895572e-02
2.855711614915675597e-03
-3.005483072090611024e-02
-7.118092323448889369e-02
-1.197815484434208155e-01
-1.711399183388109535e-01
-2.205328271208331081e-01
-2.607253306326888231e-01
-2.844519958079354538e-01
-2.845090310778594089e-01
-2.516692944132005172e-01
-1.758128548509891864e-01
-4.558166955574179113e-02
1.140376676889738455e-01
2.401054470984888833e-01
3.066621885900375766e-01
3.261297685511989619e-01
3.111730568497776961e-01
2.742839241898707425e-01
2.258392434591632025e-01
1.716440423795835279e-01
1.163885637666599859e-01
6.430634061545360824e-02
1.803368161153976607e-02
-2.089880603990455776e-02
-5.210589106152570954e-02
-7.471197115183804416e-02
-8.785604252108586421e-02
-9.310367557732143751e-02
-9.297222457388450156e-02
-8.813570540861317970e-02
-7.955560646016880677e-02
-6.919913534201080352e-02
-5.767066838743393348e-02
-4.511901073762161762e-02
-3.211486603218845909e-02
-1.885902538889431754e-02
-4.319521452321622643e-03
1.242301934996953815e-02
3.069848617365357468e-02
4.948763011463223893e-02
6.581011812349948920e-02
7.546193492900471478e-02
7.782618696890238053e-02
7.338697474748130667e-02
6.063790793428668058e-02
4.039991263741150862e-02
1.636708985326323224e-02
-1.062927363338380359e-02
-3.623167659234251270e-02
-5.103741067563928591e-02
-5.482308967001596478e-02
-5.257375203749580644e-02
-4.646824696479036343e-02
-3.713444924578988837e-02
-2.402237489149134514e-02
-8.940160289325930348e-03
4.445742685953947212e-03
1.360093349962313188e-02
1.657658791608817433e-02
1.033308349989251959e-02
-5.497056924083838260e-03
-2.768430896300434763e-02
-5.178667291559030383e-02
-7.057237770057321613e-02
-8.005437995626564496e-02
-8.125227827242895162e-02
-7.599193697231064470e-02
-6.700557502331878912e-02
-5.541515737527543534e-02
-4.024170455773210670e-02
-1.989864723419917936e-02
8.665941682066170826e-03
4.467159524041795782e-02
8.010907345867868123e-02
1.069154295033129809e-01
1.209831896011676067e-01
1.220733459366265816e-01
1.119092860048806204e-01
9.449361491213684183e-02
7.568455075371323393e-02
5.722910229173901187e-02
3.776186020056260945e-02
1.656046490106978866e-02
-6.224280474987911420e-03
-2.692060098260287693e-02
-4.116075856558707585e-02
-5.008527933216833788e-02
-5.667071766039320779e-02
-6.089615503937056973e-02
-6.179130771360281243e-02
-5.998943511349113383e-02
-5.701890450980964115e-02
-5.351620166142657259e-02
-4.771235434590783558e-02
-3.681009194297626963e-02
-1.906983376184553935e-02
3.824232873415108792e-03
2.664020465435350607e-02
4.436291748148363245e-02
5.393656772857861881e-02
5.685680909556459217e-02
5.452411623431829835e-02
4.526184195398713639e-02
3.146646224199965702e-02
1.612094528971586005e-02
-3.299160444040854200e-04
-1.585719307435917366e-02
-3.075203786010150334e-02
-4.537197104326789326e-02
-5.494140968561934957e-02
-5.645662358528769076e-02
-5.157992545299517478e-02
-4.331178471352390563e-02
-3.333359913233781280e-02
-2.128981353304071691e-02
-7.115476540012630885e-03
8.113863390184904156e-03
2.333884808570229480e-02
3.794446803481180130e-02
5.183719454780045394e-02
6.271887560545952311e-02
6.573244132056368927e-02
5.980618012418500995e-02
4.839445547988531493e-02
3.565967868155649201e-02
2.487558466219673067e-02
1.761001189006383694e-02
1.379360078760230243e-02
1.137794893770610258e-02
6.718125264512639361e-03
-1.062339243933545924e-03
-8.423031678440997053e-03
-1.342952565635122282e-02
-1.900167914191036242e-02
-2.677039294440032233e-02
-3.473908422656140499e-02
-4.198754115658476227e-02
-4.729175026687378047e-02
-4.803402938622267082e-02
-4.274280473656831558e-02
-3.088305016800826225e-02
-1.467104017056651555e-02
5.556990548501892710e-04
1.227932679297778946e-02
2.023447027927815708e-02
2.179571790724002880e-02
1.470347947719772945e-02
-2.137233861327756182e-03
-2.573070853203818925e-02
-4.756771426294451738e-02
-6.224245745603811109e-02
-6.849722090392981744e-02
-6.366072809017991885e-02
-4.529842941410103935e-02
-1.278035244244861250e-02
2.814571682372865938e-02
6.202290455428061122e-02
7.904601370683786432e-02
8.276996683525963960e-02
7.796751975582925931e-02
6.650744984406803395e-02
5.136392394277350393e-02
3.532654564413591908e-02
1.928931647616045214e-02
4.865779418513884770e-03
-5.599299398265719305e-03
-1.180735201732734801e-02
-1.549135617078937002e-02
-1.739246191460685348e-02
-1.549845226785715076e-02
-9.052404143986178889e-03
1.047934972800445598e-03
1.382899085078498347e-02
2.738438344502067134e-02
4.028064066464383947e-02
5.052631483694330905e-02
5.502659894887228231e-02
5.132498038880726338e-02
3.823196439645433486e-02
1.696857753875617714e-02
-7.604867702232800085e-03
-3.031979984761117713e-02
-4.902951853741975563e-02
-6.342340063808404871e-02
-7.560618833217176704e-02
-8.777960056521146026e-02
-9.909189477972131510e-02
-1.066460143050969728e-01
-1.068352165160421086e-01
-9.696785367973928538e-02
-7.522144461306541630e-02
-3.731925489571306237e-02
1.044420306583246014e-02
4.657532729862390308e-02
6.219430917136213599e-02
6.231211095497873886e-02
4.964914334146895009e-02
2.712671009750937390e-02
1.772726695780178774e-03
-1.843640805496853802e-02
-2.952551127205577455e-02
-2.938191342663220434e-02
-1.473444956417385189e-02
1.627873704258173820e-02
5.173032766645981745e-02
7.112552561300634901e-02
7.127178782653781353e-02
6.147213125910978154e-02
4.875579079874734628e-02
3.766919875151886199e-02
2.868568600149091347e-02
2.118534186325483903e-02
1.531526950063380466e-02
1.038505486441372062e-02
6.385402302178935612e-03
5.082457074181532738e-03
7.528704055904722470e-03
1.117806152758756347e-02
1.325711637523776902e-02
1.458270622710905809e-02
1.667822976277572380e-02
1.868159205516807184e-02
1.873654953161434794e-02
1.638124058324578677e-02
1.185722776006378418e-02
4.296616044762762571e-03
-8.741573508045479696e-03
-3.125004308031280320e-02
-5.790995668839648419e-02
-7.379686822733781681e-02
-7.504928680061363766e-02
-6.553939604395411789e-02
-4.789442423500156476e-02
-2.754375589330498170e-02
-7.552796429611609817e-03
1.217868226857636398e-02
2.999777423910084811e-02
4.341952796652558122e-02
5.061355779550544970e-02
5.156379676594231853e-02
4.838282487014665401e-02
4.048810510929634621e-02
2.636341700556189480e-02
6.972649509173091745e-03
-1.791045663611766717e-02
-4.738836999122576776e-02
-7.740653526257997019e-02
-1.025539102869568314e-01
-1.182766220872349394e-01
-1.228056135237761276e-01
-1.142137220572059658e-01
-8.884181928907185222e-02
-5.109700616460881306e-02
-1.436037678368693588e-02
1.530948109153543527e-02
4.016948315053001095e-02
6.189417237704872288e-02
8.030779204014443229e-02
9.419774073917532020e-02
1.017254156511085139e-01
1.013640743104848030e-01
9.133958119508805984e-02
6.942287045806798396e-02
3.726267149027136238e-02
5.291554866907099454e-03
-1.505083719167984481e-02
-2.186758901124300977e-02
-1.805946403214843399e-02
-6.887581195114492530e-03
8.899789041101679316e-03
2.714485749189200076e-02
4.560037017518877439e-02
6.038482124323903827e-02
6.432917736595158975e-02
5.280810978377416254e-02
2.638707373755848698e-02
-6.490424367867710098e-03
-3.267032437361779007e-02
-4.801286434245771728e-02
-5.515693679277319794e-02
-5.712408148338662950e-02
-5.800062442030554793e-02
-6.054133913939373918e-02
-6.297300810066074062e-02
-6.055689192524767173e-02
-5.215687048664600922e-02
-4.022789499911586658e-02
-2.467397194770413332e-02
-3.745745849373550204e-03
2.089829335430192989e-02
4.681922026075819449e-02
7.275392192183345597e-02
9.594132334007318685e-02
1.117710512830794173e-01
1.175496255964999376e-01
1.141208555329813190e-01
1.028237415074696043e-01
8.415489078616028573e-02
5.675293903036902898e-02
1.882018931694012104e-02
-2.670714860213201092e-02
-7.392080290689870270e-02
-1.198595448390866874e-01
-1.620961382871139722e-01
-1.979055605602557943e-01
-2.265878689236763832e-01
-2.476771863745343139e-01
-2.582319325035760116e-01
-2.515098605240553842e-01
-2.196250798541815041e-01
-1.550085043637031978e-01
-4.976406005823161283e-02
7.684517490668311968e-02
1.780110009384524017e-01
2.334619128462596671e-01
2.515735902104485056e-01
2.419779489838823072e-01
2.133703304641536569e-01
1.737892754084512659e-01
1.310485345622994513e-01
9.293134519456916487e-02
6.409154428361664435e-02
4.442392414093530861e-02
3.319571562404311643e-02
2.863044019645052257e-02
2.595199528478630072e-02
2.120954596066732326e-02
1.278669084097131849e-02
-5.007057303829179351e-04
-1.743495729867761829e-02
-3.312530071125096426e-02
-4.481173489529997889e-02
-5.291816544850409809e-02
-5.632630044063517694e-02
-5.390387634352612756e-02
-4.635129157452602677e-02
-3.713850197959781690e-02
-3.154396946334789287e-02
-3.165571100338601673e-02
-3.554576370636917948e-02
-3.976829799644697461e-02
-4.247122045842327553e-02
-4.342073896123462007e-02
-4.271555115776236311e-02
-4.040162436184553674e-02
-3.422750782688328830e-02
-2.205066623690208477e-02
-5.025730212900897387e-03
1.385169722587358682e-02
3.122008161555455200e-02
4.450685592623239428e-02
5.244254483955980428e-02
5.491070460340714832e-02
5.254994461653105658e-02
4.734386213982489516e-02
4.196277690122020287e-02
3.695123465500953913e-02
3.058671655632049652e-02
2.126964905800692723e-02
8.874103421730381025e-03
-5.386296853027958652e-03
-1.934153826993081221e-02
-3.103800699465253735e-02
-4.154039201106433238e-02
-5.450865354335000801e-02
-7.029560206800000710e-02
-8.523589922865340562e-02
-9.603048767738511793e-02
-9.888498598606110246e-02
-8.785034249174324128e-02
-5.831583672819615205e-02
-8.839604311098689382e-03
4.841941832659268918e-02
9.129444155362795299e-02
1.132577545130959845e-01
1.181753226537921309e-01
1.062275586322155851e-01
8.021290767943926869e-02
4.891547008526975215e-02
1.995084628029633600e-02
-3.724542191458680464e-03
-2.093932136808362293e-02
-3.295879808257701910e-02
-4.206560952314510743e-02
-4.511049006021112390e-02
-3.708604481116985208e-02
-2.092724454754626637e-02
-4.458408015912354409e-03
7.377204410533570733e-03
1.520496637376811400e-02
2.054747171581421811e-02
2.305182011140909787e-02
2.246040352060835535e-02
1.849145244359174170e-02
1.268602247152109466e-02
8.359801910351778373e-03
8.302666907497150556e-03
1.381614977635836974e-02
2.389475878871675368e-02
3.502454000788193800e-02
4.226858018847300114e-02
4.193938738571255376e-02
3.312741746838220036e-02
1.781179725464646438e-02
-1.906396027155491703e-04
-1.698892395675382500e-02
-3.036630047302270319e-02
-4.121856375248020288e-02
-5.022998542226793373e-02
-5.665908522486622079e-02
-6.239747977466555268e-02
-7.014883043881117719e-02
-8.065529325837134111e-02
-9.354267078869819840e-02
-1.066914412908631093e-01
-1.165709409113799971e-01
-1.183914365048438500e-01
-1.061187245028958892e-01
-7.384286924673622021e-02
-2.942234521589333351e-02
9.550310999056184358e-03
4.117746920097273278e-02
6.928504136578772510e-02
9.146894768395807951e-02
1.066771875927879643e-01
1.153420568449870232e-01
1.179016432689130867e-01
1.150516933307136475e-01
1.082087621507229619e-01
9.915693220591101364e-02
8.901396516882406629e-02
7.781711776596880736e-02
6.747690640791863259e-02
6.098856759206259387e-02
5.821733289725859045e-02
5.617567837525550695e-02
5.106589202058777616e-02
4.229232070618047651e-02
3.144483621779750604e-02
1.796719209070701123e-02
1.465192622613138707e-03
-1.786062678364274889e-02
-4.120416015204166060e-02
-6.919661873001776986e-02
-9.886089680406284774e-02
-1.242464260507265272e-01
-1.421874184000352925e-01
-1.520168183248621907e-01
-1.511148150869143780e-01
-1.411445850986840500e-01
-1.293687890030160159e-01
-1.189046990736186693e-01
-1.067643896245299429e-01
-8.621403201373155356e-02
-4.988060623441036012e-02
8.671830650915684363e-03
7.813214004557500481e-02
1.284938351060497530e-01
1.475838467807949750e-01
1.416968522553312404e-01
1.200351165143888343e-01
9.367121566365185781e-02
6.919567108924450094e-02
4.863995162393387750e-02
3.300829353646316661e-02
2.061525925393465145e-02
8.953360944426778587e-03
1.130548168872813619e-04
-3.918205629590360874e-03
-4.601168416053550217e-03
-3.668395542561865737e-03
-2.934656051102483253e-03
-3.142229480113254564e-03
-2.536719562501238510e-03
9.887089920734143389e-06
2.950301162454736954e-03
4.129865694883565544e-03
1.530651774899146212e-03
-5.591557153325467378e-03
-1.409500057259912079e-02
-2.026537421783123488e-02
-2.376586614125833843e-02
-2.601942006520414907e-02
-2.856103911944353826e-02
-3.327661202705724242e-02
-4.066202713709144573e-02
-4.831367001403795436e-02
-5.370039733763282142e-02
-5.529108211776426196e-02
-5.139803642930972777e-02
-4.188929067014589280e-02
-2.858870522457502075e-02
-1.343588033302427209e-02
1.669038690671597464e-03
1.572052682741995056e-02
2.815342103942786167e-02
4.015673918298799661e-02
5.204544567994903725e-02
5.997956772408045978e-02
6.323406966050861000e-02
6.416980549217810026e-02
6.358115973950921596e-02
6.044155031489615443e-02
5.365150943359167646e-02
4.545541708841912415e-02
3.807295568301236749e-02
3.017552491213887703e-02
2.007695212151613604e-02
8.659246926547584100e-03
-3.111895783997732992e-03
-1.437640266821773281e-02
-2.266205211321375979e-02
-2.723498698140161545e-02
-2.793232370970527914e-02
-2.528039094608081072e-02
-2.262387626567382432e-02
-2.097454009021509913e-02
-1.833830718222556611e-02
-1.489758962365222983e-02
-1.307112487849792538e-02
-1.573338983998556068e-02
-2.235950668872661168e-02
-2.885619433503752718e-02
-3.436809897316803891e-02
-4.083771618619493060e-02
-4.834806542958915154e-02
-5.285474404640272406e-02
-4.895034462707776451e-02
-3.561196690484597083e-02
-1.809708895210473262e-02
-2.531678458063183184e-03
9.881450938193012817e-03
2.038176229003168388e-02
2.807989988483115817e-02
2.929342622148032454e-02
2.279732423857746756e-02
1.325132098242282237e-02
6.730461591763102144e-03
6.447598861433152806e-03
1.361646602203110679e-02
2.618514640918146591e-02
3.862904222548157324e-02
4.785034002657063967e-02
5.382000736789491896e-02
5.667801717380195614e-02
5.625942252217783213e-02
5.211679312627670591e-02
4.375073031700741494e-02
3.196443480325219383e-02
1.933860369510262411e-02
6.125858409858789787e-03
-1.102859725098483124e-02
-3.022745171565498212e-02
-4.401900070919635699e-02
-5.083690618764576813e-02
-5.415013649781183491e-02
-5.619164742858352712e-02
-5.790508961075423178e-02
-5.949357462256872620e-02
-6.094877675398355232e-02
-6.207366747679861352e-02
-6.122102078218406851e-02
-5.520735719377265621e-02
-4.119599212147603134e-02
-2.122870955448306202e-02
-2.395720983686690751e-03
1.098969073891686160e-02
1.948167674332069998e-02
2.497707697505462121e-02
2.876967153676459471e-02
3.106976838099387295e-02
3.231088717146111955e-02
3.312911222267552608e-02
3.372709111856655312e-02
3.512367444173660619e-02
3.837741954770091529e-02
4.219754504765065029e-02
4.398866838009971025e-02
4.305359686703006533e-02
4.046020066587289327e-02
3.577226352665292125e-02
2.779906493122053651e-02
1.726302340374409605e-02
5.616601512313022446e-03
-5.772345877671612377e-03
-1.617757769494945069e-02
-2.556452123066847021e-02
-3.174027599455225834e-02
-3.165766368862250879e-02
-2.596031100528621918e-02
-1.792730858822881232e-02
-9.362970725381671369e-03
-1.156185009665132088e-03
4.927277553290650147e-03
7.706627094298207012e-03
7.614157595188760994e-03
6.042760411438280466e-03
2.673520074160279890e-03
-4.476192688845579901e-03
-1.421631211495497440e-02
-2.170681458803910835e-02
-2.367329688896412099e-02
-2.066714485365255330e-02
-1.291015314328112194e-02
-8.016175322834804412e-04
1.344667137874200509e-02
2.842662756359844514e-02
4.292934885222049468e-02
5.448571569065442655e-02
5.921207809554797363e-02
5.313076184977070376e-02
3.460772792179508256e-02
7.114353481559528708e-03
