3.671515416148185551e-03
-2.858276565612065390e-02
-5.815225773181717517e-02
-8.677163398183362908e-02
-1.203643698236917525e-01
-1.626509336424624141e-01
-2.115172237995666671e-01
-2.625686939271073550e-01
-3.090704327120979977e-01
-3.409339884083134598e-01
-3.478775111774721207e-01
-3.168533043463209742e-01
-2.381194968368331999e-01
-1.160756328837060369e-01
1.648123993150960725e-02
1.097169090162525840e-01
1.463300852748936343e-01
1.384774124591970357e-01
9.906333460167711380e-02
4.010987635015429709e-02
-2.469105743352302540e-02
-8.167330502153939686e-02
-1.177897985386016366e-01
-1.163871748026841096e-01
-9.078727070465700266e-02
-8.450229344695349420e-02
-1.081084946974852079e-01
-1.418153627442172993e-01
-1.821059574093949196e-01
-2.369037007288839480e-01
-2.934388467922740551e-01
-3.242944358451230746e-01
-3.099977730578236113e-01
-2.359078977330152649e-01
-8.132201098153220287e-02
1.371132349192738797e-01
3.383913668895159321e-01
4.601466424339476502e-01
4.979405245285287163e-01
4.662096003752622675e-01
3.865179519249060669e-01
2.836476359360597388e-01
1.768346297124489819e-01
8.122205938041154871e-02
8.785380540210278172e-03
-3.323165983019066988e-02
-4.009290675781273378e-02
-1.289942689185676408e-02
2.893500851951415209e-02
5.879872424208369697e-02
6.705170886312938894e-02
5.550337186875665962e-02
2.710844548832886530e-02
-1.312495856757257655e-02
-5.762271141589556805e-02
-9.574240506541406570e-02
-1.199374473628441184e-01
-1.265500270355279233e-01
-1.205456661698709186e-01
-1.084824494068719891e-01
-8.065429560096526451e-02
-2.691032267495706287e-02
3.828494422564523991e-02
8.511112307884077799e-02
1.025179077859939003e-01
9.831693904207314261e-02
7.786146527677627327e-02
4.522185073466012534e-02
7.428901270544273523e-03
-3.185425808261686115e-02
-6.854131985847020103e-02
-9.283377700730613413e-02
-1.045541773489137710e-01
-1.121132033196753502e-01
-1.173313625265484245e-01
-1.175814858428539667e-01
-1.129659824532976281e-01
-1.065898555093681976e-01
-1.038091335436890777e-01
-1.135335140246233193e-01
-1.332755504228501087e-01
-1.399144661884945406e-01
-1.043345084670898176e-01
-2.668858189543067000e-02
4.805062923387302953e-02
7.932688950344363166e-02
6.870042479254537260e-02
3.799875072948571963e-02
2.143502389233345462e-04
-4.180011512020728043e-02
-7.882148291513602079e-02
-9.409343593012242657e-02
-8.238624726221398242e-02
-4.589329516764666106e-02
2.918872353325223032e-02
1.382091470529576982e-01
2.362903702822466701e-01
2.956640908602792273e-01
3.195527665286941876e-01
3.137707297919948290e-01
2.846804968662545177e-01
2.417514825624890729e-01
1.931689047326588249e-01
1.414744925434311129e-01
8.576139445527240779e-02
2.940079253593985004e-02
-2.445239644135570670e-02
-7.178249870941563748e-02
-1.043504224370226940e-01
-1.215927139346257985e-01
-1.317038549754927512e-01
-1.423260647450211858e-01
-1.522323011764156186e-01
-1.535781906027719468e-01
-1.475041404833840608e-01
-1.459733523224279184e-01
-1.489817774005919859e-01
-1.409949150724131572e-01
-1.074005981134844995e-01
-5.974426932267222490e-02
-3.014563034101816474e-02
-2.498569170303962389e-02
-3.343529406003805521e-02
-5.173451348423971363e-02
-7.248368686116718473e-02
-8.437685371229444731e-02
-8.842354068479882367e-02
-9.502008129266009684e-02
-9.846371902637808537e-02
-7.655456841467468687e-02
-5.420528684692085125e-03
1.041050174993613381e-01
2.005699878521928214e-01
2.557901162347691049e-01
2.741679052210910239e-01
2.625456793919421772e-01
2.298702515424767001e-01
1.852168205851965899e-01
1.358075640945880513e-01
8.801749700926987663e-02
4.410690670600959928e-02
5.073901219529178275e-03
-2.554780987308133411e-02
-4.205388867701317923e-02
-4.486886714679902410e-02
-4.469755052172853099e-02
-4.736061386395738065e-02
-5.303622543354517826e-02
-6.339647786905247551e-02
-7.685845146813510831e-02
-8.940249239382114244e-02
-9.904331399914369227e-02
-1.049192143148191259e-01
-1.045430806088527009e-01
-9.408862593008357478e-02
-6.807600908014167784e-02
-3.189147320156453247e-02
-3.221619568343765498e-03
1.035571096425765003e-02
1.121759046721354167e-02
2.134799663931740907e-03
-1.139140254337222928e-02
-2.148872378503302594e-02
-2.079023500474476427e-02
-2.929727705583227721e-03
3.594396831249596636e-02
8.489517837647495013e-02
1.244075790185811548e-01
1.465584122282231061e-01
1.466856735001935141e-01
1.209405147204500319e-01
7.293201941840972424e-02
8.765743774328583343e-03
-6.284336059203249336e-02
-1.276366392053563392e-01
-1.739543718359538305e-01
-2.032945384562155344e-01
-2.179135656439705471e-01
-2.036369727548967279e-01
-1.540458300503774469e-01
-8.797730603553814699e-02
-1.694047562149616007e-02
6.433037409375966242e-02
1.411713889549157386e-01
1.801809770532394883e-01
1.740751064501755430e-01
1.372540653478324102e-01
8.173334063585319109e-02
1.995860378478141878e-02
-3.517992435400978113e-02
-7.274018108158304685e-02
-8.480646099800501214e-02
-6.810430371284159623e-02
-2.025657805303689163e-02
4.275587709596560121e-02
8.598370529674086160e-02
9.861411280440136873e-02
9.127344848448323833e-02
7.277530007606825002e-02
5.080026108476817792e-02
3.125085742474041639e-02
1.851106666148727431e-02
1.333778081288687287e-02
1.219808309139563431e-02
1.069436330214103281e-02
6.940149122664665375e-03
-2.650887105598203133e-04
-1.342452419718631607e-02
-3.242681991917702178e-02
-5.313457847818155166e-02
-7.006576259367443271e-02
-8.030678606698202215e-02
-8.190935328484222344e-02
-7.132844921559014506e-02
-4.831208260257397608e-02
-1.700741238970712721e-02
1.596952687888561137e-02
4.466930729874728223e-02
7.003112239121293825e-02
9.519753159707378121e-02
1.180294086613484089e-01
1.351843734325010593e-01
1.456982387949403157e-01
1.471372621845725148e-01
1.341443465641886101e-01
1.020770672726201422e-01
5.262302005860757664e-02
-7.049662269480405814e-03
-6.819840664576627687e-02
-1.229624498017349021e-01
-1.680201891977001205e-01
-2.020911544655452086e-01
-2.251784417160649088e-01
-2.395605688845429682e-01
-2.443504416775832688e-01
-2.316870442646269401e-01
-1.981503707154907146e-01
-1.468793161845362016e-01
-7.249138392689608024e-02
2.084370957109408715e-02
1.073505752241581401e-01
1.708407653555130690e-01
2.065392916170892823e-01
2.075899319474131810e-01
1.747919591164285857e-01
1.178050179513909085e-01
4.938428699128437349e-02
-1.819144095639481720e-02
-7.541354686766567339e-02
-1.079298990838885447e-01
-9.623025327205635138e-02
-4.820994090410146704e-02
2.762591999231198657e-03
4.327466134532393510e-02
7.355773593161957224e-02
8.904011909523958102e-02
9.184612373611934777e-02
9.014543863563075077e-02
8.840369480225791776e-02
8.676053202986092061e-02
8.493708723490696333e-02
8.274865166149981965e-02
8.035865144582224340e-02
8.025782303307352206e-02
8.258197426106742012e-02
8.207869472093509700e-02
7.435133970928052560e-02
5.848948581319678153e-02
3.989959264368717062e-02
2.553709938836840748e-02
1.310983079565092649e-02
-2.270579366512873870e-03
-2.123260645346035716e-02
-4.594595871596963976e-02
-7.794708405537337237e-02
-1.159662797509250914e-01
-1.603941300739460118e-01
-2.105768015121190218e-01
-2.628034788608188954e-01
-3.138135847804394696e-01
-3.593442086709517369e-01
-3.885685723860878849e-01
-3.847231194592423131e-01
-3.310728423319941327e-01
-2.233634033672348695e-01
-6.835768961037004543e-02
1.137288423419901134e-01
2.716907818740203484e-01
3.617325898078343482e-01
3.848767102875659263e-01
3.609479478657980911e-01
3.064307811466484566e-01
2.344944395465277109e-01
1.567687458203877449e-01
8.202350624721893579e-02
1.710052398991341108e-02
-2.912711313672868355e-02
-4.763609485293309603e-02
-2.911643903585379306e-02
1.483233641694283941e-02
5.045826204641959412e-02
6.620836155846161752e-02
6.776595266950784235e-02
5.833251961619175668e-02
4.459719111644291911e-02
3.271659108256911447e-02
2.381786042536998549e-02
1.602372041861364893e-02
7.866177759767894670e-03
-2.779517476666604203e-03
-1.833895218029701901e-02
-3.675371133561033954e-02
-5.269931636812859310e-02
-6.201185251701889917e-02
-6.328630204893190281e-02
-5.811547869077290929e-02
-4.907306594947909856e-02
-3.959392414828548368e-02
-3.265735087780181900e-02
-2.870054296341820535e-02
-2.539151662169890356e-02
-2.005206558123553973e-02
-1.274853829949880099e-02
-5.956661678701817217e-03
-2.143425567588100236e-03
-4.065629817434658882e-04
1.135003442625090106e-03
1.142007296778308097e-03
-2.237396422125084890e-03
-8.021694666671616569e-03
-1.338750263779956741e-02
-1.344235709570626089e-02
-6.240948534406671327e-03
2.895343124659039043e-03
9.568728616980876414e-03
1.296133944874792304e-02
1.286971642081282882e-02
1.209554817349501807e-02
1.427951968043967949e-02
1.702980059551983949e-02
1.574318911664142687e-02
1.105648721208814245e-02
7.348195951743353473e-03
8.578271846133335432e-03
1.683792120615949101e-02
3.155907988932946800e-02
4.714386061938219408e-02
5.285539173157548926e-02
3.938457423409445074e-02
5.386265442398742095e-03
-4.579149941624689052e-02
-1.096651425090683918e-01
-1.798816221116472380e-01
-2.486345992577075892e-01
-3.051827899677134748e-01
-3.353456883698439639e-01
-3.232778300903468849e-01
-2.524287047594573896e-01
-1.081994664938129846e-01
7.555653845056939377e-02
2.230269456456600574e-01
3.082631210078636830e-01
3.464515210811691670e-01
3.486911963656187385e-01
3.257344370776098508e-01
2.867513149039194742e-01
2.391411955977691406e-01
1.882507869450290583e-01
1.376858726668683808e-01
9.073684781422024226e-02
4.849933964235476208e-02
7.902501072989037700e-03
-3.273241381530465899e-02
-7.106334921939923277e-02
-1.058504907454939359e-01
-1.379808612612271890e-01
-1.670872821653119067e-01
-1.889704658299835860e-01
-1.956920109647076467e-01
-1.827933965034604646e-01
-1.556240359891787883e-01
-1.202358150526937064e-01
-7.594336381313476769e-02
-2.364802595742570429e-02
2.843898086689995025e-02
7.224585172316481951e-02
1.027146751345933418e-01
1.149467665814522949e-01
1.093746487122095878e-01
9.151649409578378747e-02
6.597952418726364676e-02
3.615883736087899952e-02
6.128353272112130150e-03
-1.962099401849216884e-02
-3.775796922591261734e-02
-4.449865818588639305e-02
-3.942111346074184119e-02
-2.931905273027264613e-02
-1.962077046114479861e-02
-1.195977623856357697e-02
-8.408938200851994241e-03
-1.034754116586361107e-02
-1.565213688252782218e-02
-2.003854253296960888e-02
-2.099622920108156973e-02
-1.871519977751628233e-02
-1.292593650657969384e-02
-1.072262638502698238e-03
1.662418221796327020e-02
3.558994283734083497e-02
4.974063920941347583e-02
5.485967882496693704e-02
5.015204896439184878e-02
3.526179526998686475e-02
1.288485537493289611e-02
-1.028042991768187558e-02
-2.885809159226199530e-02
-3.970095514524693558e-02
-4.060221964309015941e-02
-3.125169194116613619e-02
-1.517736502843780068e-02
2.944697660741362258e-03
1.956650487261239399e-02
3.162607127307435345e-02
3.767002684270120277e-02
3.639112658810592787e-02
2.703062556835884520e-02
1.131460898795026877e-02
-6.925650480953139503e-03
-2.249835025202506777e-02
-2.919637849388397044e-02
-2.362341758163340188e-02
-1.387879468321349258e-02
-1.221602757016138942e-02
-2.103162845135858952e-02
-3.692843931308679994e-02
-5.571412422495292116e-02
-7.351429823401144092e-02
-8.706229290939196397e-02
-9.159668375403330620e-02
-8.202709776874861358e-02
-5.457112775453303033e-02
-5.253581947481322789e-03
5.614414519026693362e-02
1.048499905335305848e-01
1.318746686826119674e-01
1.429021796171415226e-01
1.420221330670521365e-01
1.310032457528629568e-01
1.112089407653491235e-01
8.596735069707556187e-02
5.815731325968019616e-02
3.024606081262261673e-02
4.055785531475179957e-03
-2.117610984807438701e-02
-4.266578549125938508e-02
-5.518175010482664206e-02
-6.201514595640497673e-02
-7.105408098646451287e-02
-8.681510497338028320e-02
-1.086959009132819898e-01
-1.340935517952171474e-01
-1.590122067780201653e-01
-1.745877959256712242e-01
-1.718094859034633992e-01
-1.444739485695245573e-01
-8.463284077031463237e-02
-1.465115756982488318e-03
7.210051944359258114e-02
1.186142348038355249e-01
1.426645638772185698e-01
1.517493088193691830e-01
1.537240115299692289e-01
1.530724602912811871e-01
1.482652742140326274e-01
1.347420883345715470e-01
1.113400041368114712e-01
8.059890896404212079e-02
4.462119546799201558e-02
1.065575771605998222e-02
-1.340077467818368354e-02
-2.927136696754975564e-02
-3.734941437886236948e-02
-3.533328258463669380e-02
-2.767525033319869626e-02
-1.995957595589094302e-02
-1.385035970769405919e-02
-9.766990772179628966e-03
-6.784159902633105088e-03
-4.164872047869801891e-03
-3.390021126151051417e-03
-5.585232250628905520e-03
-1.327063073395352844e-02
-2.987425399847518787e-02
-5.534405679507523046e-02
-8.756635374722121501e-02
-1.238287859531650020e-01
-1.607672664085013914e-01
-1.943635301669743298e-01
-2.152175306960179557e-01
-2.073762224045919700e-01
-1.575955873907800009e-01
-5.797564825323477111e-02
6.604156701392030482e-02
1.573551572205896809e-01
1.943186498080656521e-01
1.915778009206698940e-01
1.651892155539103624e-01
1.276533568236795924e-01
8.623080735358107374e-02
4.671889723078510859e-02
1.442422755233932832e-02
-7.258461411399063160e-03
-1.645574628131125233e-02
-1.033263896821908466e-02
1.224531868008506968e-02
4.387486928473034731e-02
7.689787913768691974e-02
1.058673196909154651e-01
1.212688555283417402e-01
1.208247942311707901e-01
1.121066798690177196e-01
1.026043270630898618e-01
9.514859836863225062e-02
8.596631903929545515e-02
6.966739475719528618e-02
4.192782782418340293e-02
-2.063021523517076863e-03
-6.188728129538294265e-02
-1.314265836828852063e-01
-2.048263886838301850e-01
-2.771165017604607650e-01
-3.431373810228207089e-01
-3.969750400804998858e-01
-4.304745715872806966e-01
-4.312418615426273361e-01
-3.838901287408507113e-01
-2.752520022907305464e-01
-9.533080848648191330e-02
1.185848322562030738e-01
2.853454043336489110e-01
3.755612203242213454e-01
4.063051231635837479e-01
3.915961600905351059e-01
3.459108858042376777e-01
2.846601649428618930e-01
2.201247967819307261e-01
1.595358429083800489e-01
1.064203540120249591e-01
6.225601192791518912e-02
2.791057146077758483e-02
2.043655827821153764e-03
-1.891712729416999972e-02
-3.744717911074221806e-02
-5.423021591831504729e-02
-7.015328612670265751e-02
-8.595516745134827719e-02
-1.006016665452623554e-01
-1.122314661676379610e-01
-1.197413301810381636e-01
-1.219080655078311065e-01
-1.157817998315127384e-01
-9.844581379330753779e-02
-6.778416153826333224e-02
-2.911356520403072731e-02
5.086936849501829359e-03
3.189899239787756524e-02
5.519429749448477585e-02
7.475663001410043362e-02
8.964004535803904439e-02
1.000316263015208207e-01
1.057012399808300862e-01
1.055111161534440095e-01
9.706061642870167372e-02
7.838401191951531455e-02
4.824630754584425391e-02
7.750491164331046144e-03
-3.634858756561792914e-02
-7.616839831639894698e-02
-1.067820402377793465e-01
-1.275993075243140873e-01
-1.404439248596446865e-01
-1.458791872832823078e-01
-1.440426993843310355e-01
-1.326513375365477310e-01
-1.072502422187654736e-01
-6.551649155870385710e-02
-1.218871189721804429e-02
3.632852252597161546e-02
6.446343296229083142e-02
7.287657923687404504e-02
7.159557102264614559e-02
6.772737720648372428e-02
6.274957270560525824e-02
5.603064173010642579e-02
4.845831177321364286e-02
4.254850273508779812e-02
4.042378111028505777e-02
4.255999068623512321e-02
4.232182176291798131e-02
3.125093447297855320e-02
1.516197628531058481e-02
1.984041105008730200e-03
-9.918332155695387328e-03
-1.992417378205346007e-02
-2.466065451115460189e-02
-2.381378592430654501e-02
-1.983441619058886468e-02
-1.534876375865198983e-02
-1.105756705649476625e-02
-6.912128238280986110e-03
-2.537224976558893029e-03
2.690256485945829827e-03
8.852967032241603265e-03
1.512923655092413867e-02
1.844038695085105720e-02
1.640123985350666266e-02
1.010989802838799419e-02
3.334842148095895978e-05
-1.449296198005306686e-02
-3.077757563342987598e-02
-4.287694432236457964e-02
-4.531055205600177660e-02
-3.828624474318984700e-02
-2.891121996518769208e-02
-2.190226655488981475e-02
-1.524919468617138424e-02
-5.093894378488707242e-03
1.028968039779256001e-02
2.986556030478821483e-02
5.084159916247005251e-02
6.843345470773885830e-02
7.823159184702643820e-02
7.619802924230417718e-02
5.795291701880751767e-02
2.806468155995208574e-02
-2.056819098120556480e-05
-1.752564501682897513e-02
-2.402787450166546726e-02
-2.415908318925207368e-02
-2.312511342628739697e-02
-2.355575288838591616e-02
-2.551791714468173641e-02
-2.715549607584980679e-02
-2.652760433485060187e-02
-2.225644642729989256e-02
-1.259417273977761487e-02
8.476339959954219683e-04
1.162091494630805924e-02
1.767575392262289366e-02
2.217969355813600302e-02
2.742177487336025857e-02
3.275305562355413508e-02
3.611038567454601111e-02
3.788782864421265384e-02
3.888336995839986043e-02
3.732905364140321619e-02
3.047529814798400835e-02
1.728646327972104685e-02
-8.945809484259465739e-04
-2.165420548063826806e-02
-4.390205517525902490e-02
-6.728970402632010461e-02
-8.932077515261369061e-02
-1.059116846909233522e-01
-1.148593430132401894e-01
-1.165821558115976986e-01
-1.124370862877522165e-01
-1.047839907066082515e-01
-9.613617258171025526e-02
-8.739531744229951660e-02
-7.432462304528764108e-02
-4.791695727853342857e-02
3.534454106074258993e-03
7.306694495389547128e-02
1.296241417897365245e-01
1.604425767740793596e-01
1.742503557134941483e-01
1.777552761275336679e-01
1.751271513823686454e-01
1.657812461105447888e-01
1.449065998023170432e-01
1.113620842388589188e-01
7.152870329764529633e-02
3.437485936921555463e-02
4.145118371122845716e-03
-1.965543080855147728e-02
-3.968279641482422293e-02
-5.735389590994178360e-02
-7.060472713787419030e-02
-7.715574923617098124e-02
-7.799529224230611346e-02
-7.558893093894063220e-02
-7.095826209266960227e-02
-6.575775133808825501e-02
-5.843934203995735516e-02
-5.002330319117212487e-02
-4.905336145635676853e-02
-5.726904689506885637e-02
-6.978178983857623308e-02
-8.215005746819976917e-02
-9.054211638166216602e-02
-9.359989048708583503e-02
-9.263227894615592983e-02
-8.658658637061972252e-02
-7.014248456599091186e-02
-3.778602429211319613e-02
8.134678441778883662e-03
5.542486794558301733e-02
9.791485609297809201e-02
1.329073811483748868e-01
1.522721491048654174e-01
1.544172757977869681e-01
1.446913875421804441e-01
1.281278358765555736e-01
1.078038602223281017e-01
8.575489682159884164e-02
6.339946741905902461e-02
4.044090444356378267e-02
1.375399054750691893e-02
-1.724152824652003257e-02
-4.415028129227378806e-02
-5.941556629291677716e-02
-6.388801527579916761e-02
-6.197370271214004689e-02
-5.633065850306909206e-02
-4.845289737764765098e-02
-4.082309508696271155e-02
-3.449237277936483687e-02
-2.749877706640939043e-02
-1.839581181066835686e-02
-9.415722100455919258e-03
-2.104978283813401137e-03
3.253952826976215431e-03
4.624920722057146091e-03
1.813832237911598222e-03
-1.853761257390628119e-03
-2.354444196729002688e-03
1.858806200520108937e-03
9.234591785503502848e-03
1.850072495004668680e-02
2.907164803991947599e-02
3.794511775660313474e-02
4.437793822551287098e-02
4.965481933168268414e-02
5.066991435111245501e-02
4.489862009003585397e-02
3.121891575478208392e-02
7.249083678559729155e-03
-2.130802259883286115e-02
-4.240064046838400158e-02
-5.128904919000620843e-02
-4.936848385835850006e-02
-3.905888587878839080e-02
-2.177494103937253900e-02
-2.382984588784865798e-03
9.591854838016918364e-03
9.463060954943744441e-03
-2.634072544649631274e-03
-2.319308912662942229e-02
-4.579342809569656586e-02
-6.580569303498011446e-02
-8.071637144819283904e-02
-8.792773042686025109e-02
-8.417540920840550778e-02
-6.683350709172763970e-02
-3.546718156101823921e-02
3.290150655191381550e-03
3.628126422825720537e-02
5.724216110859814410e-02
6.905951290933048936e-02
7.375538313667925894e-02
7.006698077679923697e-02
5.803419702692347998e-02
4.067944901637581684e-02
2.227425416772091382e-02
7.964387024466014139e-03
1.404390989498758690e-03
2.375964832019279802e-03
8.287043707179919672e-03
1.473934605531234364e-02
1.717764211989401824e-02
1.432826208788395492e-02
7.599727738501440254e-03
1.959634170491499419e-04
-3.955113265456123781e-03
-4.727687093459309250e-03
-6.456943561817824612e-03
-1.102554823156957908e-02
-1.600079056512521830e-02
-2.100864591167211914e-02
-2.639201213370320417e-02
-3.019289395000047602e-02
-3.113182554664841589e-02
-2.667641492358795857e-02
-1.456800434911607184e-02
1.943123677833986148e-03
1.694730568538637197e-02
2.657461037801107581e-02
3.023698623504292998e-02
3.019392742755422354e-02
3.013853520843533945e-02
3.316181659786866104e-02
3.741707154646270461e-02
3.760090936219956381e-02
3.106094028637607432e-02
1.742609285541060413e-02
-1.679970014381379148e-03
-2.295634555205959548e-02
-4.264922516788691859e-02
-5.806360797814144603e-02
-6.773806858764837291e-02
-6.883626472199487478e-02
-5.879837039960543466e-02
-3.789897143175130489e-02
-1.197975854224956650e-02
1.109662836281087236e-02
3.031736775059168040e-02
4.581337831212466821e-02
5.341653687165619918e-02
5.097614698263168431e-02
4.048462547811619572e-02
2.716891552289402503e-02
1.677812533347473878e-02
1.204494914333679133e-02
1.389041274765818665e-02
2.055713568059652427e-02
2.690673293497826413e-02
2.604077340434123033e-02
1.208351366493822659e-02
-1.383639185253658470e-02
-4.540930501149844506e-02
-7.663125606051560124e-02
-1.020081972927910641e-01
-1.161467070528568318e-01
-1.157318657673808010e-01
-9.895733901758672901e-02
-6.327717081730022120e-02
-7.246998617293994721e-03
5.399451156222959125e-02
9.403601802212183114e-02
1.078299593648612276e-01
1.062278319708945679e-01
9.686764276011050612e-02
8.398078705144554346e-02
6.964618027950365831e-02
5.475617411948667523e-02
3.950065197663096134e-02
2.398182147086893451e-02
7.637300154255229762e-03
-8.547637291110516192e-03
-1.869376890139292161e-02
-2.065382927565416471e-02
-2.173163768498137180e-02
-2.736725697458448209e-02
-3.691340128186831188e-02
-4.690131750257873350e-02
-5.269648197159244180e-02
-5.119736894657626186e-02
-4.067793894256216403e-02
-2.466484980526857662e-02
-1.387275992293231577e-02
-1.530430136577081227e-02
-2.511881029982009766e-02
-3.373196890169494200e-02
-3.606723850144606669e-02
-3.436483494791033738e-02
-3.310846431542981833e-02
-3.471678110640534498e-02
-3.744625127268680354e-02
-3.958185673073923161e-02
-4.070894346418407750e-02
-3.765174990133587918e-02
-2.416531036314489150e-02
4.678698466026480658e-03
4.122080109898496048e-02
6.799148795414028390e-02
7.965977646209683460e-02
8.326459668424184002e-02
8.404286509140215800e-02
8.418691113560156092e-02
8.393490677163299718e-02
8.153692244417269641e-02
7.562952556573938889e-02
6.713076498314125840e-02
5.696744514583129693e-02
4.342464486160468179e-02
2.495965433793440394e-02
3.568028620664842436e-03
-1.755484384382476754e-02
-3.619377012937330385e-02
-5.035841613924400134e-02
-5.957804659041654460e-02
-6.467693811556377015e-02
-6.649811176315656436e-02
-6.500522807794988089e-02
-5.755268181581951747e-02
-4.113931298384880531e-02
-1.731833959359012701e-02
8.890685391584416536e-03
3.030532933802870463e-02
4.052724024677777093e-02
3.861422138724881353e-02
2.501315635048138863e-02
3.718724940634588090e-03
-1.785010750116948486e-02
-3.684834492711488302e-02
-5.182346976985074960e-02
-5.960274908681514883e-02
-5.791034099549006997e-02
-4.534052083775479136e-02
-2.052298652479880858e-02
1.012791925373939667e-02
3.267394700180496075e-02
4.104125398359116661e-02
3.663693151837243284e-02
2.272212187523487206e-02
5.326957483679386693e-03
-9.781323345700414229e-03
-2.114304541456060380e-02
-3.006120007960857987e-02
-3.513614766246889176e-02
-3.446623859934878908e-02
-2.681802056009621391e-02
-1.513615337238835915e-02
-6.204557621670237291e-03
1.760761513349009145e-03
1.496533878433028292e-02
3.426694414386611404e-02
5.522081317153416935e-02
7.156890949163301208e-02
7.898846695302630394e-02
7.577128907881280906e-02
6.305879802952482627e-02
4.433651670455617672e-02
2.132405505862508197e-02
-4.629146590398747901e-03
-2.716209391620225816e-02
-4.271590122948841495e-02
-5.370311695662723095e-02
-6.126823834948613018e-02
-6.345074391988141105e-02
-5.928179191430188455e-02
-5.130481112471427241e-02
-4.088854789494618391e-02
-2.805808602383441305e-02
-1.515224039813261453e-02
3.831229498096539506e-04
2.133883873377115381e-02
4.169946612400286801e-02
5.778217816066199414e-02
6.812186807954395684e-02
7.025297559814946968e-02
6.479676502389472570e-02
5.345448883979125182e-02
3.813769611321174424e-02
2.100046425492162888e-02
4.165268530125358290e-03
-1.220420387474018681e-02
-2.641229152974890193e-02
-3.718483283989061638e-02
-4.784970791597584899e-02
-5.705836015292204549e-02
-6.026919581649890084e-02
-5.741072901884756996e-02
-5.033991427188441031e-02
-3.972096326673460465e-02
-2.749248355290019249e-02
-1.757474159197242730e-02
-1.156234268882018468e-02
-7.735131461900740871e-03
4.557952104767285656e-03
2.995832355873379385e-02
5.353073973279028064e-02
6.723024843930718031e-02
7.343510833089901546e-02
7.226211155672178366e-02
6.573176059411896255e-02
5.600467869003672439e-02
4.281805564681111231e-02
2.671839420367683876e-02
9.332452875504007594e-03
-6.613339085044390130e-03
-1.350710562296667493e-02
-9.468409655160645033e-03
-4.263287597958566495e-03
-2.434402511174556250e-03
-9.013354438363527232e-04
3.137234382334494823e-03
1.007231450783219531e-02
1.742397181201962852e-02
2.278493903750191188e-02
2.512436020427704850e-02
2.589127605944015892e-02
2.757876403675330393e-02
2.305645177780252589e-02
-1.644289143736994479e-03
-4.829987364627150864e-02
-1.102955446904037434e-01
-1.833775383377532764e-01
-2.596645196068962935e-01
-3.264129733483487339e-01
-3.720705935962601574e-01
-3.862930069927156818e-01
-3.582374308285202757e-01
-2.754489448607580493e-01
-1.223699693202426608e-01
7.728612184227454107e-02
2.510906387395496209e-01
3.596147999985056520e-01
4.128569348835477992e-01
4.261584713570527039e-01
4.106758466649123585e-01
3.764429018699595453e-01
3.316744517486901467e-01
2.810506262218415707e-01
2.258609021142913009e-01
1.660107756521300715e-01
1.025362368130487839e-01
3.802765774327633574e-02
-2.403073477770289665e-02
-8.125683332301764095e-02
-1.318414717752584009e-01
-1.745234572005827656e-01
-2.111785023049572718e-01
-2.432161592415112705e-01
-2.684479614352748844e-01
-2.821718974964615989e-01
-2.773005123399693850e-01
-2.478629733940813928e-01
-1.903348521751792310e-01
-1.005735873118220602e-01
3.820948720083374231e-03
8.647651185564549092e-02
1.372477839214642781e-01
1.666153572482393375e-01
1.800880851142942496e-01
1.787580667372912768e-01
1.651435170859716639e-01
1.434609174792918773e-01
1.167465558840167228e-01
8.828773748022029910e-02
6.178153933017508509e-02
3.830015495162248512e-02
1.463907151721311611e-02
-1.214328421721947229e-02
-4.288113302949533856e-02
-7.608755310252614257e-02
-1.080099500956777786e-01
-1.325065777466064021e-01
-1.449641083513012463e-01
-1.472098712017679278e-01
-1.390871235942286177e-01
-1.154084244551030480e-01
-7.085388256728174239e-02
-3.025792607708834014e-03
6.814268254705668770e-02
1.072159392589883131e-01
1.044443623599145832e-01
7.073786168824319764e-02
1.831728659404261231e-02
-3.988108767744057148e-02
-9.638000974180545299e-02
-1.471009560303917774e-01
-1.815530975314450235e-01
-1.822252051672328121e-01
-1.329933830226228964e-01
-3.142141032594239491e-02
9.030152863119259021e-02
1.855401661501631383e-01
2.380192523289995088e-01
2.533451315604698384e-01
2.382597135651999265e-01
1.998337528788107220e-01
1.470776199559549746e-01
9.030607679034363677e-02
3.672136374065920056e-02
-7.418021645341620757e-03
-3.497624351070661997e-02
-3.735027994608269841e-02
-2.212684212215671256e-02
-1.922478245478605186e-02
-4.280589143794921725e-02
-8.497185340457608094e-02
-1.360779112700688243e-01
-1.875616730457015935e-01
-2.305418440962729021e-01
-2.562263471758537969e-01
-2.567015443085676751e-01
-2.215230324383634097e-01
-1.397333916660410125e-01
-1.672827943680896615e-02
1.094695196660683267e-01
1.976036592910372092e-01
2.417277995397656143e-01
2.540331498718219061e-01
2.442530681000407433e-01
2.206554615353439330e-01
1.885536028053294566e-01
1.525917443960142506e-01
1.179164331042627800e-01
8.966817035806425029e-02
7.278966118451413170e-02
6.404826575338821992e-02
5.162579507403827761e-02
2.887959075913778054e-02
-2.873425774547667955e-03
-3.997858732545167548e-02
-7.890324684455878035e-02
-1.168723438205966914e-01
-1.498796706024477232e-01
-1.724303044107139138e-01
-1.824818134858405549e-01
-1.803050319160511561e-01
-1.630154803150070941e-01
-1.239286177220068619e-01
-7.303715585871141391e-02
-4.127039053616840536e-02
-3.989237006359307169e-02
-5.765224344999086981e-02
-8.410479992837713303e-02
-1.112498496982386870e-01
-1.331071486081827071e-01
-1.434404272950723647e-01
-1.327860743075749972e-01
-8.974383761156262684e-02
-2.712279130342058926e-03
1.123311198652169468e-01
2.061174982879052098e-01
2.541181145905581640e-01
2.644296108074296048e-01
2.453561967303949931e-01
2.061593151807715463e-01
1.581136948929973418e-01
1.087517036303736195e-01
6.256561847774168295e-02
2.458503230695927716e-02
1.181478016609937079e-03
-5.086674257085980339e-03
2.264494846704354775e-03
1.304686688693391244e-02
1.396300577748997747e-02
2.567392216506942521e-03
-1.464070817748142420e-02
-3.304994714026222857e-02
-5.005228820064096251e-02
-6.402211675042600303e-02
-7.300102500652809467e-02
-7.581079955713949936e-02
-7.237760992595652920e-02
-6.020536680198087381e-02
-3.196181255219768258e-02
7.792506569422950891e-03
3.657885639654145232e-02
4.315402752579123452e-02
2.929886894031454719e-02
-1.623298023374530191e-03
-4.266574826393516873e-02
-8.516386648136042847e-02
-1.182807534016405704e-01
-1.321029607881913370e-01
-1.196404264687252611e-01
-7.437430447675640044e-02
-6.612594935148097264e-03
5.522117482333596672e-02
9.666416958266425830e-02
1.196604835739042277e-01
1.275019735492259054e-01
1.209914725234196992e-01
1.003214250580473643e-01
6.879015520270886919e-02
3.224299531007487896e-02
-1.067591129359184285e-03
-2.374398662169438512e-02
-3.145883640770748280e-02
-2.024092493277004565e-02
2.345808763617448361e-03
1.416022856690559925e-02
2.826903299545685533e-03
-2.840858003420609554e-02
-7.275373255752297375e-02
-1.223033101700163605e-01
-1.662954221039721625e-01
-1.935784515962948316e-01
-1.954366299338887170e-01
-1.633317109590863292e-01
-8.777496302153957319e-02
1.615699317744632296e-02
1.044432044893388173e-01
1.525905888795957566e-01
1.647732261096010453e-01
1.503807244823542333e-01
1.191133847183277750e-01
7.860902004043007762e-02
3.560039581370280648e-02
5.089293410616320401e-04
-1.627593779859263373e-02
-8.621930529194979376e-03
2.610026224456464539e-02
7.289686756886558372e-02
1.019352986909252967e-01
1.019622441512574584e-01
8.173245922290024723e-02
4.842414958161829486e-02
4.721875115457923114e-03
-4.456837137690576600e-02
-9.092140207442869770e-02
-1.242783955949663122e-01
-1.360623796020017373e-01
-1.204177076099552796e-01
-7.279403375081310024e-02
-1.261149251477636929e-03
6.766378944156306585e-02
1.133778987455873466e-01
1.343078750681686584e-01
1.358008589418962520e-01
1.220502939335680048e-01
9.648693205162633957e-02
6.529154406361530050e-02
3.355014483629369104e-02
2.852599747762625190e-03
-2.498119840542383646e-02
-4.949256157466686012e-02
-6.795931963238582840e-02
-8.271584345134494476e-02
-1.065178032132984842e-01
-1.421442417556031679e-01
-1.808701373041576854e-01
-2.145686536562774471e-01
-2.384954569110502853e-01
-2.506104907060143216e-01
-2.454139011178731455e-01
-2.139811616507785452e-01
-1.476289303327835978e-01
-3.805021343277073531e-02
9.844410561614182209e-02
2.145516216484704697e-01
2.802994391880340719e-01
2.977968913139334983e-01
2.768920647693893788e-01
2.292210850744291206e-01
1.681684817362308904e-01
1.045434636986390942e-01
4.667051657689667843e-02
8.107653424266302034e-04
-3.152838846911492493e-02
-5.189392581801656468e-02
-5.809160059331489045e-02
-4.760652720385796788e-02
-2.811766400494528778e-02
-9.712948349779274015e-03
5.836000186357059166e-03
1.914026408057746889e-02
2.935789551115383297e-02
3.611410633106752061e-02
3.908921493773337419e-02
3.987647409854885860e-02
3.976201846420577418e-02
3.492966437346584768e-02
2.521977344769166934e-02
1.624548245506524449e-02
8.941934532191645260e-03
9.601665141076680399e-04
-9.097530885649803001e-03
-2.027743923210969385e-02
-2.988130276230340637e-02
-3.779380021263162304e-02
-4.516112196208602048e-02
-5.068180066799885669e-02
-5.296875175341417274e-02
-5.336362573514186192e-02
-5.315418061581170250e-02
-5.425075790515622443e-02
-5.723350899467543468e-02
-5.804948938169731537e-02
-5.395911859951302292e-02
-4.671884948874823612e-02
-3.994150080370442030e-02
-3.409768896389279991e-02
-2.729558539250694083e-02
-1.937588389995250487e-02
-1.110915688251743957e-02
-2.451668216574434331e-03
9.935173687930527048e-03
2.716176181468477058e-02
4.468255127080253408e-02
5.918676622647205121e-02
6.846024614555748511e-02
7.205059691147480683e-02
7.183689879747660878e-02
6.805522161335901543e-02
6.083698210473169332e-02
5.074083736827900148e-02
3.712091208984635848e-02
2.028209996751171793e-02
5.241512996479863289e-03
-5.014622570224089131e-03
-1.497100327273968683e-02
-2.743206295310664233e-02
-4.001202946514606507e-02
-4.860882442860727654e-02
-5.095929497336056796e-02
-4.901197056525755796e-02
-4.582499318955581685e-02
-4.322972962504779970e-02
-4.189262256457909617e-02
-3.956893461528047939e-02
-2.930694630769555692e-02
-9.849566346497914265e-03
9.677957159083436581e-03
2.442829786144428555e-02
3.324079023384327036e-02
3.455747560584995076e-02
3.210268811176476833e-02
3.007636651200977160e-02
2.895584124717008601e-02
2.783421528231343894e-02
2.548438069176744286e-02
2.034167017072759098e-02
1.275154421328720915e-02
4.856284783156253164e-03
-2.443034179587081061e-03
-1.079706611121469470e-02
-2.148154068066817149e-02
-3.135428156485139950e-02
-3.653027649648116909e-02
-3.682078786973081580e-02
-3.445430712216084740e-02
-3.150005718591687709e-02
-2.838628564917430874e-02
-2.307761982691284436e-02
-1.280360393970913363e-02
9.130770198845193641e-04
1.463607361928390832e-02
2.781427870944868513e-02
3.967453339698062686e-02
4.845626747343697444e-02
5.409156721222357911e-02
5.733576996729695258e-02
5.824337494914909319e-02
5.606000668882219623e-02
4.964405318041043014e-02
3.837754773260107499e-02
2.384127428521289754e-02
9.262804446882310153e-03
-2.526396496348735747e-03
-1.063624299798515867e-02
-1.671389246569415094e-02
-1.985293686294698629e-02
-1.624556429170383176e-02
-4.554040897382672162e-03
1.352676710573324018e-02
3.483218799448092179e-02
5.565254384606692362e-02
7.335323350795180941e-02
8.508844379226863930e-02
8.646499330797430272e-02
7.580460495012730782e-02
5.346965508706786468e-02
1.877275974173167605e-02
-2.866968054328685248e-02
-8.700763658902684050e-02
-1.524163371024526148e-01
-2.187470698789293622e-01
-2.788863311047116156e-01
-3.281780299242426091e-01
-3.616010420939608783e-01
-3.699146917411396673e-01
-3.446295790178013352e-01
-2.808238749730445627e-01
-1.751734134487002992e-01
-2.477344406409645941e-02
1.458309974634774964e-01
2.815022706842892908e-01
3.570430137496460876e-01
3.812525722949653972e-01
3.676164177313677173e-01
3.314340417752521528e-01
2.846041177107870856e-01
2.331234959068081147e-01
1.770885298081723291e-01
1.166536603153753709e-01
5.601514291464660539e-02
9.517807420983343328e-04
-4.319329389762427418e-02
-7.122900248184091399e-02
-8.131723103779531225e-02
-7.725700978344132719e-02
-6.356851796561774348e-02
-4.316433035449239453e-02
-2.016701750765587109e-02
-7.401210036006439230e-04
1.041335824575428774e-02
1.333031974723068898e-02
1.096041266999196739e-02
5.637812046577889841e-03
-2.109824994885765512e-03
-1.307642115173864895e-02
-2.750925163788219691e-02
-4.470122622487412989e-02
-6.329293138923829110e-02
-8.122369263155411467e-02
-9.556232552854453111e-02
-1.032252956193538684e-01
-1.056712491764556505e-01
-1.069243476834217110e-01
-1.066110978928031805e-01
-1.013690417761300699e-01
-9.181782423107009983e-02
-8.151746330796617868e-02
-7.233906542366312642e-02
-6.373646383154674133e-02
-5.104413984213970745e-02
-2.649069786573327728e-02
1.860549684903346768e-02
7.700201784636859226e-02
1.239638973895487301e-01
1.495188946745841241e-01
1.606309907920317470e-01
1.634873933381883471e-01
1.603831118368041486e-01
1.512841843056630942e-01
1.369990133716544878e-01
1.188600593150191953e-01
9.669201960023342257e-02
6.886390601334377304e-02
3.419878714545229736e-02
-9.652954036289632805e-04
-2.730068714178285685e-02
-4.680627396988128880e-02
-6.558984975366102810e-02
-8.453098995895429180e-02
-1.012594395169460065e-01
-1.136299095242370438e-01
-1.227009336659268257e-01
-1.284126245857840076e-01
-1.286931476845641076e-01
-1.225032946604485001e-01
-1.078206570984957535e-01
-7.660140466016876482e-02
-3.106389924941337782e-02
9.047073301051146779e-03
3.444928713340524723e-02
4.781800345762676763e-02
5.216976881414378542e-02
5.158540324638172248e-02
4.828275080394393154e-02
4.283386937642180703e-02
3.524457108080385204e-02
2.485191969112378330e-02
1.279566676403260002e-02
3.311789687943199681e-03
-8.163140942715431045e-04
8.725670318746898274e-04
9.477751484009181229e-03
2.551468575028693550e-02
4.885097161579159825e-02
7.901917031512591116e-02
1.106614976947619816e-01
1.348547730455553484e-01
1.466762200787355697e-01
1.443384660150030530e-01
1.264054154183732182e-01
9.651783228628788014e-02
6.470634591617989428e-02
3.970415367087552772e-02
2.428055590966805150e-02
1.770616545019149113e-02
1.517221564756376581e-02
1.013543949075291703e-02
8.509993754753295003e-04
-1.072070888642510239e-02
-2.444074683102224685e-02
-4.188178996328281722e-02
-6.221927458106514541e-02
-8.913744533802278602e-02
-1.320037593136734466e-01
-1.922720004860915821e-01
-2.632703393127284186e-01
-3.363651246226775360e-01
-4.004307187783984756e-01
-4.393706301374962764e-01
-4.448651477520677577e-01
-4.185299030938324782e-01
-3.475056950396304689e-01
-2.049769805963366498e-01
1.718760675042851210e-02
2.565077857969414454e-01
4.194660456169057583e-01
4.822313314983290855e-01
4.675117195278737370e-01
3.954196860302978678e-01
2.874207427753010524e-01
1.642023898079174316e-01
4.453115089048131914e-02
-5.250825995265386015e-02
-1.094059720403600389e-01
-1.109919530287468703e-01
-4.315900849723467575e-02
7.230011873559671898e-02
1.742502314132449437e-01
2.303163476738490645e-01
2.457566752700643953e-01
2.313091358391100028e-01
1.994633157328019046e-01
1.615479458104389920e-01
1.243328890368629591e-01
9.026542874704687747e-02
5.737796334854249058e-02
2.200628368983514882e-02
-1.802517160025099430e-02
-6.357895837433619191e-02
-1.141639019644869468e-01
-1.691611060110580211e-01
-2.287832733707158006e-01
-2.938753528740908894e-01
-3.603840687871694426e-01
-4.170829744644222181e-01
-4.537281762109948158e-01
-4.603873308990206747e-01
-4.210829206809687530e-01
-3.183038840775927469e-01
-1.344958086817610865e-01
1.042443632208147619e-01
3.125710330915310586e-01
4.386604495121790848e-01
4.861603622711429540e-01
4.660281646305327596e-01
3.944551240281464199e-01
2.977102737822824863e-01
2.000863032087594195e-01
1.139113464344182064e-01
4.680734104016189695e-02
6.211460706841604590e-03
-4.070254942432446899e-03
7.448890782176649517e-03
2.246263540876857270e-02
3.367629568186861211e-02
3.890410471312920337e-02
3.138502371444877592e-02
9.646123139228496290e-03
-2.213205742507225876e-02
-5.728670370011518242e-02
-9.112135789626354954e-02
-1.225463365466040594e-01
-1.469456076756441854e-01
-1.608962100787314220e-01
-1.618774194612425665e-01
-1.553471549887559255e-01
-1.609450919826095061e-01
-1.822842538334328577e-01
-2.076711885213310682e-01
-2.326759998187323819e-01
-2.540172272333555137e-01
-2.617831635318412786e-01
-2.452417357925980590e-01
-1.928804520449566573e-01
-8.815835329788679342e-02
7.536539519658858044e-02
2.598748695061214309e-01
4.005430819639745343e-01
4.691144144327261678e-01
4.767213379370356385e-01
4.417966848784523615e-01
3.807190764030843333e-01
3.074598329971807709e-01
2.336958530485875318e-01
1.667371592102031563e-01
1.064335657640993055e-01
4.887600703982616923e-02
-7.518049728541399690e-03
-6.149183291926643702e-02
-1.151153325287505164e-01
-1.718157835723766458e-01
-2.306881461608122352e-01
-2.909780227641634576e-01
-3.495540838508118808e-01
-3.985269215224095385e-01
-4.304249015471389717e-01
-4.370521571202594657e-01
-4.054827511636898696e-01
-3.183192699989513819e-01
-1.588391172070720003e-01
4.068419677533456624e-02
2.011106469788354334e-01
2.874192023881902980e-01
3.152556955865906674e-01
3.064934371093309129e-01
2.791605575256017602e-01
2.440393021085986436e-01
2.021129755530801930e-01
1.508831005412472892e-01
9.588449288232896162e-02
4.667346865102384862e-02
1.302803616266172936e-02
8.717911547035366721e-03
2.985049492576740196e-02
4.801332411483619916e-02
4.972698581573733317e-02
4.053042280427211069e-02
2.468181543523934041e-02
6.285486215349458602e-03
-1.154664594930736310e-02
-2.968920451331380495e-02
-4.941130183308441864e-02
-6.870189815351929186e-02
-8.360228686056830893e-02
-9.071923904448578324e-02
-8.994363025101161091e-02
-8.326396065890656617e-02
-7.268553123204077315e-02
-6.085100206816982521e-02
-5.011487195847225129e-02
-4.121411133758968309e-02
-3.278310706584555007e-02
-2.371906824106942077e-02
-1.484714552715357856e-02
-6.982416025647338390e-03
3.703851123346958707e-03
1.922077217647611899e-02
3.293195129654977182e-02
4.056045215608327509e-02
4.343291121559605950e-02
4.242479547404796880e-02
3.717213384178751079e-02
2.928634475109802640e-02
2.331067423560344992e-02
2.299959521432683868e-02
2.725783923763561156e-02
3.137432740482774124e-02
3.305539671014649100e-02
3.185536159622920360e-02
2.494438686078223263e-02
1.019999330037019494e-02
-1.035317967872034957e-02
-3.378709080917869506e-02
-5.799195918691133628e-02
-8.068251607831149197e-02
-9.920220320002987036e-02
-1.108358214822082882e-01
-1.132813457652704636e-01
-1.048720460673586152e-01
-8.221297926303826331e-02
-3.818529532006274818e-02
1.995088853340140286e-02
6.831464847250283412e-02
9.659560010543295772e-02
1.085477978582638642e-01
1.091667777128261657e-01
1.045622375174522917e-01
9.815851686593585201e-02
9.083461268998241356e-02
8.203548298290615215e-02
6.893303534528734400e-02
4.949776589023247714e-02
2.653810010802232569e-02
5.765193586609667145e-03
-1.061799142864881459e-02
-2.417844537887605880e-02
-3.531104050418265583e-02
-4.296714749018408497e-02
-4.679789254625078831e-02
-4.695204288480295945e-02
-4.336084538652697218e-02
-3.709587798150339177e-02
-3.183454895260677542e-02
-2.972976463135180297e-02
-2.830198341497540751e-02
-2.658169850805719436e-02
-2.722067031966961606e-02
-3.116036456340760125e-02
-3.637458052220909899e-02
-4.047800134495043584e-02
-4.032361749999623102e-02
-3.261370708009372205e-02
-1.715437439400828087e-02
2.511096544684593423e-03
2.190493429865179170e-02
3.923530465404007073e-02
5.484465797014707183e-02
6.455643415414766273e-02
5.960126876198631324e-02
3.952396234256598528e-02
1.158120205897763232e-02
-1.900587911331778554e-02
-4.932998051566898912e-02
-7.640583336536865833e-02
-9.493912997140330212e-02
-9.941709248362551321e-02
-8.731321661549154567e-02
-5.822170899109250369e-02
-1.595462103799180978e-02
2.669046572591745811e-02
5.693431982587409540e-02
7.328289574244703508e-02
8.012618491347306415e-02
8.044106070961953847e-02
7.494067339376281334e-02
6.485012462329337035e-02
5.272715951316293836e-02
4.084068676474348486e-02
3.105235607060669728e-02
2.444707611385941309e-02
2.293520275390149160e-02
2.550223535754200799e-02
2.612197612354612633e-02
2.113630777753521678e-02
1.019211927340113975e-02
-4.094906422393709139e-03
-1.675513480809981415e-02
-2.523302216235720485e-02
-3.003991301605493658e-02
-3.044559299886259729e-02
-2.425707288584118271e-02
-1.187874311755070245e-02
4.916771653920818871e-03
2.046403667528608888e-02
2.853347628600064537e-02
3.039289378988122362e-02
2.857375638663524689e-02
2.318611806815319004e-02
1.441232031148095144e-02
2.639115565816501328e-03
-1.071028205615093612e-02
-2.418752050119642172e-02
-3.740725282034397525e-02
-4.930147200913580913e-02
-6.291626621251741880e-02
-8.487890831204106257e-02
-1.128015434817500606e-01
-1.375804766684426694e-01
-1.522849812699986205e-01
-1.516147274801039058e-01
-1.288182543120260370e-01
-8.572075886530237943e-02
-3.572056526310538743e-02
1.629487373255988567e-02
7.512492737260874354e-02
1.299315471009553358e-01
1.577338233009099866e-01
1.546500404840825404e-01
1.301319693385679932e-01
9.252185675780279228e-02
5.177464360597314880e-02
1.643401071244869616e-02
-1.114746114872507653e-02
-3.145480630199135041e-02
-4.011304583800669871e-02
-3.071471711160793025e-02
-2.671699123053037847e-03
3.608612361372624810e-02
7.166493902461977539e-02
9.309675187559798837e-02
1.002802598260657263e-01
9.613030832281579952e-02
8.022922254007103238e-02
5.539726273988546112e-02
2.636093944432324823e-02
-6.011767873116113589e-03
-3.873451417584677925e-02
-6.357707520665067946e-02
-7.392882652302044943e-02
-6.612888356127337441e-02
-4.590443994026513486e-02
-2.982736314377282955e-02
-2.638539589374722799e-02
-3.286478419393096956e-02
-4.555275451951069920e-02
-6.094701673670360059e-02
-7.542537455332117002e-02
-8.512098479953135455e-02
-8.744190895626598181e-02
-8.216926679193192751e-02
-6.707830256620656018e-02
-3.654726195062300842e-02
5.144975356554649069e-03
4.187673813402442019e-02
6.543596997489449507e-02
7.818945612664300604e-02
8.340481542079941635e-02
8.309950560283144161e-02
7.989811194724742716e-02
7.710907281080413289e-02
7.529230820082974396e-02
7.218983867869559201e-02
6.530741343408896782e-02
5.204636076258523786e-02
2.896071268425918360e-02
-5.943881624990788107e-03
-5.234685606326416191e-02
-1.087917806066994453e-01
-1.729592910409943340e-01
-2.399868349490532904e-01
-3.031384505308750699e-01
-3.552410260687704491e-01
-3.863321385788276441e-01
-3.837892473228377566e-01
-3.332520189842810288e-01
-2.204520040070858666e-01
-5.601143784743949777e-02
