3.343455736657460764e-02
9.571042547081062835e-03
-1.077332049439506945e-02
-3.187284813592830557e-02
-5.669676966102618620e-02
-8.655705722614401298e-02
-1.198515611500533540e-01
-1.531421444039629265e-01
-1.872080269080206583e-01
-2.221988284074344067e-01
-2.522441531626284927e-01
-2.835187427940577543e-01
-3.336663412366864812e-01
-3.974216384445303785e-01
-4.522512558433798291e-01
-4.816773098184931046e-01
-4.712925675476602461e-01
-3.971613368651014109e-01
-2.781602842688612465e-01
-1.890555591215677123e-01
-1.523236498619871260e-01
-1.313075275498241379e-01
-8.906715697720739289e-02
-2.682516768786758626e-02
1.610764204367792773e-02
3.924302292825555122e-02
5.192216609925863480e-02
3.344623850335817772e-02
-4.645572378066967212e-03
-2.312190471626213856e-02
9.997423458027579479e-03
8.290248877485545398e-02
1.447813421871573525e-01
1.867214907115873901e-01
2.394599670208444331e-01
3.025538117519087633e-01
3.419258543424101848e-01
3.508346849177650384e-01
3.391098180173506837e-01
3.006966520483081995e-01
2.405026459618708756e-01
1.743131666903289523e-01
1.100899851483529424e-01
4.984243384309924862e-02
-1.270907693077853728e-03
-3.718134078027351269e-02
-5.660123666819899535e-02
-6.512129648546556571e-02
-6.965987036997720039e-02
-6.757277067764497214e-02
-5.798229310094809436e-02
-4.917581963339938411e-02
-4.636095059456853129e-02
-4.815878591564994732e-02
-5.301313763488789410e-02
-6.428473471396818628e-02
-8.176714821271373335e-02
-9.734608592983302888e-02
-1.075906504876065900e-01
-1.126905402122006794e-01
-1.081403091911706943e-01
-8.786913824388702110e-02
-5.198581546521515578e-02
-9.421070408099731230e-03
2.798623369181709591e-02
5.039520066817627236e-02
5.541814708682538115e-02
4.543004841922046455e-02
2.169178837027711804e-02
-1.412459540053451028e-02
-5.645102683647391928e-02
-9.654238452424988848e-02
-1.257354622497708629e-01
-1.358276377498277843e-01
-1.280750274169477065e-01
-1.117199861313510623e-01
-9.032261461392675217e-02
-6.266102915756602276e-02
-2.836342228532488796e-02
4.807135352015576985e-03
3.137923301430689538e-02
6.005686930849282734e-02
9.857288255496035601e-02
1.375136395324484673e-01
1.573372131550031527e-01
1.537881729557843413e-01
1.367169480769844514e-01
1.145004554150235859e-01
9.204068545525022349e-02
7.163494144986165546e-02
5.273023139379513780e-02
3.558350817124801557e-02
2.459738570319424528e-02
2.249959352322348366e-02
2.846355305251289242e-02
3.441570456913165682e-02
2.438503688044995482e-02
-9.885604579738265299e-03
-6.327003134229093606e-02
-1.257320759642531482e-01
-1.893941960047411943e-01
-2.488036139929435397e-01
-2.950965131506878003e-01
-3.164909965727205621e-01
-3.025579119057127953e-01
-2.432322100252616304e-01
-1.264432145390088913e-01
2.486374969707189769e-02
1.497347777873027086e-01
2.206158799294531681e-01
2.465425874337124901e-01
2.393309080690823876e-01
2.109705498513113897e-01
1.709013438827883258e-01
1.265081644967337438e-01
8.225173290747785082e-02
4.195842379002502620e-02
1.188942729141215585e-02
-8.797088849541515043e-03
-2.558846583615154852e-02
-3.593269630317905139e-02
-3.362133101538607866e-02
-1.765709601586047672e-02
3.817836636307372911e-03
2.181316206593948703e-02
3.458612018434099183e-02
4.307540452448823526e-02
4.680790929924834309e-02
4.537401707734116385e-02
4.079899868098840060e-02
3.456858129958562814e-02
2.798902721389710455e-02
2.473336107690145974e-02
2.711798927038466811e-02
3.570573860870132621e-02
5.134454474073799762e-02
7.180670084222097460e-02
9.087303122647819031e-02
1.061504477768902416e-01
1.203790688824343813e-01
1.336283202181509921e-01
1.422547498170235458e-01
1.408103783980730606e-01
1.234578937204214161e-01
8.821191704094885622e-02
3.672164070088777127e-02
-2.938808797457832453e-02
-1.101460839326332403e-01
-2.104768472001301849e-01
-3.307203756575619047e-01
-4.500724623905082433e-01
-5.374901572595995880e-01
-5.725211955512353734e-01
-5.420041285674179754e-01
-4.290998448104896834e-01
-2.632847525511810560e-01
-1.215440523157624853e-01
-2.485818001589954612e-02
3.932832046006533300e-02
6.301957111770509212e-02
6.246150064891299591e-02
8.020447582271175713e-02
1.208400883939832193e-01
1.414610174241477947e-01
1.344926960633984203e-01
1.435403524611793824e-01
2.092092512390282821e-01
3.198018530157045181e-01
4.300214854543137899e-01
5.076275786099242460e-01
5.256000732876862092e-01
4.796320915182236133e-01
3.902881467278707661e-01
2.846953780562528902e-01
1.779173736790042315e-01
7.111808878443946769e-02
-1.899628119407177629e-02
-6.131420660374158060e-02
-4.434129088347726899e-02
-1.746926966779888124e-02
-4.686957788848622464e-02
-1.412167579758406843e-01
-2.758968921730737822e-01
-4.329736974960767260e-01
-5.946615737602416463e-01
-7.333191647645351807e-01
-8.162021179850849073e-01
-8.077063592798500169e-01
-7.089075892424419045e-01
-5.549174826388174608e-01
-3.336741116299269394e-01
-5.625581110760103504e-02
2.066227671562937962e-01
4.092474377358883975e-01
5.223632598768696012e-01
5.509182074704087606e-01
5.392161184989436862e-01
5.166329593849434687e-01
4.733147866536948634e-01
3.954738936827529860e-01
3.064042239840059079e-01
2.484764327110803861e-01
2.196383662965303574e-01
1.715539617274860484e-01
9.571672093153003880e-02
1.929791903221436677e-02
-3.914793902396430936e-02
-6.720720251503187193e-02
-5.678763779069759959e-02
-1.552970310470080939e-03
7.654444585537970025e-02
1.286127425063995078e-01
1.377378585764266195e-01
1.171248067295697498e-01
8.097227777244574154e-02
4.400963165113950387e-02
6.679363248428077382e-03
-3.854130189466233036e-02
-8.631037329590392215e-02
-1.319656329613390910e-01
-1.781926715522491877e-01
-2.206189333655072526e-01
-2.519336479010194640e-01
-2.675758561406949010e-01
-2.610271765565490565e-01
-2.243229287787822379e-01
-1.459781279676363730e-01
-4.716337895447944573e-02
1.650277084580470399e-02
2.668088925620697160e-02
-5.993140213843610453e-03
-7.434245093939489957e-02
-1.711480183542407885e-01
-2.850821950706369234e-01
-3.876291648863982031e-01
-4.482571337793418431e-01
-4.445579295050787749e-01
-3.597765873081584242e-01
-1.855426257946921897e-01
3.991716386194748417e-02
2.364174982374632472e-01
3.780988312352208114e-01
4.782333102630694777e-01
5.329651720041322926e-01
5.397743090085294071e-01
5.058921467289816398e-01
4.443479001555160623e-01
3.635178501753613678e-01
2.665200940159026533e-01
1.621908750311559233e-01
6.406803309640184130e-02
-2.091413130493622458e-02
-9.353939114084726392e-02
-1.539617533280170925e-01
-1.995541887181664364e-01
-2.260475736095189092e-01
-2.261435939711541609e-01
-1.938957484290252387e-01
-1.414039560656979166e-01
-9.141771340846846505e-02
-5.014392673432288561e-02
-1.513306199149105392e-02
2.028848817382591235e-02
6.308626762557099921e-02
9.654621712757421870e-02
1.045074090019999097e-01
9.409648820637878108e-02
7.508327280455091846e-02
5.564485421951947952e-02
4.483617934097152563e-02
4.439421871309376377e-02
4.779722742230992083e-02
4.332730636652572243e-02
1.897587696774296825e-02
-3.036563789827614185e-02
-9.772986355180385276e-02
-1.689166907543483975e-01
-2.343646539092801573e-01
-2.860513133123703255e-01
-3.117215878323506550e-01
-3.043578015473948906e-01
-2.726760474679055801e-01
-2.324457238966831096e-01
-1.898340489020102773e-01
-1.405772752612982901e-01
-7.265174602225868417e-02
3.124395095428088992e-02
1.536917231847506615e-01
2.406512136726334239e-01
2.752499145136426129e-01
2.757672778957590554e-01
2.509995913795187161e-01
2.073046507181912912e-01
1.557422535416016496e-01
1.050720074350880162e-01
5.934410802972366061e-02
2.351068843902240357e-02
3.832609151447033576e-03
4.504184702171532342e-03
2.916168262027256375e-02
6.778238963172296405e-02
9.742073885079047257e-02
1.083086389548840178e-01
1.048780034974638176e-01
9.228030966653692768e-02
7.491981824351501285e-02
6.039996039748558171e-02
5.345494320465758731e-02
5.221562169996472186e-02
5.116273701994688422e-02
4.479501357633367681e-02
3.446723708288196297e-02
2.466528057255999024e-02
1.550903110726761444e-02
2.088684625747790763e-03
-2.119080200602283318e-02
-5.668587316854215019e-02
-1.025535521686691959e-01
-1.520940183297609938e-01
-1.959908017972680216e-01
-2.244934144130116271e-01
-2.308158401543765337e-01
-2.126114179747960742e-01
-1.653956364186754957e-01
-1.018721759821223094e-01
-5.239653126049451104e-02
-2.131912769578359068e-02
1.319969849650089178e-02
7.538432623271461297e-02
1.500825722098688697e-01
1.862746768550434528e-01
1.760487491291112816e-01
1.432560266786267744e-01
9.447325152356308986e-02
3.280099870923949140e-02
-2.810680337094974279e-02
-6.737184326038637983e-02
-1.012730332777261461e-01
-1.723568886772718911e-01
-2.743721593006685500e-01
-3.779624568996652334e-01
-4.556523159115085653e-01
-4.557359543254800860e-01
-3.598678843219759171e-01
-2.144721785945479797e-01
-7.440208591781508063e-02
3.042756758283544916e-02
1.206916642632564762e-01
2.442199021842285656e-01
4.055618446740848482e-01
5.352407199643343105e-01
5.617761246163787137e-01
4.841119770572018810e-01
3.323716096553833710e-01
1.403065906939781338e-01
-4.818230492647438551e-02
-1.872852890669306491e-01
-2.435752629280795445e-01
-1.948554657658121414e-01
-5.831642691694959024e-02
8.543914450660644588e-02
1.706130333501978125e-01
1.954963934918995117e-01
1.805298133932154436e-01
1.381166046900273447e-01
7.800168873908173983e-02
1.625048919195597186e-02
-3.796690796857700445e-02
-8.763759591089607948e-02
-1.321867939940121472e-01
-1.604016882470902239e-01
-1.561048655156811737e-01
-1.142990144045025469e-01
-5.645686972517265784e-02
-1.362421453875266135e-02
2.810176356422546592e-03
-1.291026345356578210e-04
-9.736094616180522229e-03
-1.690111854166788385e-02
-1.764050049874355333e-02
-1.005894937530699140e-02
6.114262687639512688e-03
2.977285304917795528e-02
5.664415168508339649e-02
7.881861820550616071e-02
8.852025680148713216e-02
8.515537359079973501e-02
7.085364113562916955e-02
4.683412965615399437e-02
1.688616180232458547e-02
-1.303590266593051758e-02
-3.506987203714966028e-02
-4.462509329886009402e-02
-4.502342178344929946e-02
-4.066927109647391902e-02
-3.366367780966963291e-02
-2.986704558532377041e-02
-3.495709794814959304e-02
-4.521234359721122698e-02
-5.335193217869117766e-02
-5.657473845405742996e-02
-5.675473634458132882e-02
-5.575482700927116009e-02
-4.886053070820783883e-02
-3.081278879200820969e-02
-7.643316243054966604e-03
5.621175387311386044e-03
-4.613100190017423857e-04
-2.468286607968622759e-02
-5.982581496131934851e-02
-9.553998992912493549e-02
-1.232240238943775046e-01
-1.358989351924378142e-01
-1.316880164517022500e-01
-1.142084173338493158e-01
-8.019306650253886504e-02
-2.246419145592987859e-02
5.687396405381053843e-02
1.461762438244414153e-01
2.262978733018419231e-01
2.767975855793531337e-01
2.920205060909226713e-01
2.784720904983483125e-01
2.413972854456962192e-01
1.860119372086149192e-01
1.225096309071433548e-01
6.110975648083606659e-02
6.824950070281748937e-03
-3.802275437554994419e-02
-7.044440233279329611e-02
-9.101957354034255487e-02
-1.028666789405738857e-01
-1.139190790643704460e-01
-1.415625655807847827e-01
-1.925648522147372088e-01
-2.595200011171285848e-01
-3.323001133187788447e-01
-3.976415402399867127e-01
-4.401483585876214133e-01
-4.366460663942657305e-01
-3.715644776185601517e-01
-2.471450218923816333e-01
-5.578341844326432236e-02
1.853719339110619646e-01
4.238712367575805939e-01
6.151831209293145974e-01
7.256468312123633968e-01
7.543143738115183350e-01
7.215625280815060050e-01
6.422429421144226769e-01
5.299638479624171339e-01
4.022168148365906637e-01
2.790068473464933918e-01
1.690648201878301726e-01
7.008107753088690939e-02
-2.209374239778107152e-02
-1.120339990835175076e-01
-2.035611850826554714e-01
-2.931816042308433845e-01
-3.700012236480250127e-01
-4.224616247561088223e-01
-4.392638486832979305e-01
-4.181150970347335960e-01
-3.815003988579447336e-01
-3.530112124677741714e-01
-3.239566143461581893e-01
-2.706701715822525944e-01
-2.183957083139807243e-01
-2.299761730944841764e-01
-3.184144744804596194e-01
-4.510457083191265482e-01
-5.863617398417400040e-01
-6.768571821392139753e-01
-7.086348159743923736e-01
-6.979331272296696032e-01
-6.191886531513509651e-01
-4.411465378190241315e-01
-1.673006793222813204e-01
1.949865951037864087e-01
5.825253837629140730e-01
8.979355307643344108e-01
1.090078890767394837e+00
1.145092307692344047e+00
1.081833450246509232e+00
9.387261908995393478e-01
7.559983090181289223e-01
5.699225161778183057e-01
4.054366692853612064e-01
2.717857840840670614e-01
1.591973339847876368e-01
6.239614094689333729e-02
-1.260789802274682458e-02
-6.354744280774822507e-02
-9.410321450628689188e-02
-1.122455650903289442e-01
-1.234571848623693124e-01
-1.283209435359964623e-01
-1.288134177855815299e-01
-1.299026762964808068e-01
-1.343656906273906215e-01
-1.406299254135815746e-01
-1.449764991331476405e-01
-1.399666371938211307e-01
-1.278931052569688975e-01
-1.242372710148001436e-01
-1.363901200149984783e-01
-1.624052414670714983e-01
-1.986880433629284737e-01
-2.400167978770647581e-01
-2.805380505386950718e-01
-3.141719752191438064e-01
-3.327809542777567242e-01
-3.234345399209216931e-01
-2.646415596614077881e-01
-1.289395916362329197e-01
5.368887581833631240e-02
1.948772420492754787e-01
2.593870642135007176e-01
2.653263918853035475e-01
2.269505696705492737e-01
1.583604586718739826e-01
7.875102056151253582e-02
4.525942965486216829e-03
-5.319838260935043361e-02
-8.351039759766185067e-02
-7.536190209226201198e-02
-1.763402303858922077e-02
6.985673094401761984e-02
1.357621206191877428e-01
1.578697820530525486e-01
1.428730553899813238e-01
9.860368207188510703e-02
3.495662832021310257e-02
-3.604637656405036694e-02
-9.980750264558845009e-02
-1.458443530812679190e-01
-1.673252430421765524e-01
-1.493897809913960206e-01
-7.267629609919176725e-02
3.781377348835643359e-02
1.161507425057293347e-01
1.379196644074490163e-01
1.194970409822094931e-01
7.533528557392604741e-02
1.550494307379239253e-02
-5.006794835920342496e-02
-1.114501176349687456e-01
-1.582971629290355897e-01
-1.743597856000498325e-01
-1.433274666106707229e-01
-5.303714772388854609e-02
7.138154064592298897e-02
1.660614873155062399e-01
2.037553663988871111e-01
1.973510373481180413e-01
1.635204217263133142e-01
1.174866419929149614e-01
6.597914049860538477e-02
1.506414190844003638e-02
-2.604280158526548275e-02
-5.334177423511474864e-02
-6.576731558092550889e-02
-5.934221172031134417e-02
-3.908022820311513046e-02
-2.154326615695376784e-02
-1.823623274573766065e-02
-3.233283976650271757e-02
-5.758589040099397482e-02
-8.225957800355354621e-02
-1.005580551327680400e-01
-1.105047703475090237e-01
-1.104121410936079184e-01
-9.863689050414117809e-02
-6.842542660453207470e-02
-1.149505017313218191e-02
5.862042995396708756e-02
1.115874890426162974e-01
1.359515440915892714e-01
1.368569070735349280e-01
1.209806730989585188e-01
9.604276908585460126e-02
7.113650397987825169e-02
5.384571099957393553e-02
4.341953225811279876e-02
3.503781817130151993e-02
2.736442834439704874e-02
2.070879250269756083e-02
1.351066373467720710e-02
5.948970902649624790e-03
8.486691959069155022e-04
-1.089151180621382442e-03
-6.650432170602609688e-04
2.500243153271781635e-03
8.994220558152380904e-03
1.853233329740895663e-02
2.806459536503460445e-02
3.317553982635049886e-02
3.064588055942207845e-02
1.812678924721371557e-02
-1.623428357531864902e-04
-1.691466134525284465e-02
-3.109688006571513855e-02
-4.483237009190223221e-02
-5.895509559024916801e-02
-7.075577411757044688e-02
-7.840435919017146871e-02
-8.283142721274869280e-02
-8.273412141330657721e-02
-7.412382693740637851e-02
-5.204952857760211660e-02
-1.205286289256245549e-02
3.230365519859348250e-02
5.165839482699487173e-02
3.703189760714763190e-02
-2.219017461227486970e-03
-5.883952321685353981e-02
-1.278362646939950054e-01
-2.005443178118820613e-01
-2.648788309482156822e-01
-3.073186349797206174e-01
-3.112664699194621076e-01
-2.602038827725887682e-01
-1.337838534674825330e-01
4.044473040346338588e-02
1.791553887211272400e-01
2.486891134470866072e-01
2.662937565445481214e-01
2.450453991498030282e-01
1.972087198195800473e-01
1.352760393619514279e-01
7.056844095375525150e-02
1.558674685111625935e-02
-1.772739843006565508e-02
-1.924324658876071931e-02
2.069398303359577460e-02
8.598069721406938204e-02
1.366145982598329089e-01
1.585234442488728523e-01
1.582222094503573095e-01
1.398028407014871299e-01
1.109743379833324634e-01
8.026767291624947731e-02
5.230839064923723664e-02
2.899311335496020450e-02
1.203107329995221908e-02
1.746467125553295002e-03
-4.021778949788751278e-03
-4.728052582548946531e-03
1.146861373612421270e-03
9.026070136281354878e-03
1.449755629920056188e-02
1.790125264800238383e-02
1.971466404419271526e-02
1.977598294492002862e-02
1.737722041012845081e-02
1.048129629397629922e-02
-1.961824180681803753e-03
-2.117509871953397044e-02
-5.118463873448497042e-02
-9.149753270975655162e-02
-1.359348751689893331e-01
-1.810625716496388482e-01
-2.247257182653328578e-01
-2.669041517274868824e-01
-3.070041976519420346e-01
-3.358177684363614079e-01
-3.438062701965715617e-01
-3.269316715231656012e-01
-2.787702697046170464e-01
-1.866689615354480414e-01
-3.530305367262918936e-02
1.488511945616662335e-01
2.979724341278620070e-01
3.853421086801102624e-01
4.234784115973413421e-01
4.237262227007831394e-01
3.979264909468816502e-01
3.568417608695936272e-01
3.067318091601325403e-01
2.500890027413921191e-01
1.892802808678228643e-01
1.259995307056652747e-01
5.825486641725115960e-02
-1.415289801940656372e-02
-8.537723287383996995e-02
-1.521230506768442292e-01
-2.133374520390826645e-01
-2.668868101387392167e-01
-3.139672801625085219e-01
-3.552722999906834933e-01
-3.849749463223343104e-01
-3.922844785466902962e-01
-3.648167146836188701e-01
-2.879363981731258293e-01
-1.449680293085756078e-01
3.878979250411626611e-02
1.953794098023225456e-01
2.967805610271489480e-01
3.533982962433283581e-01
3.747938628704240438e-01
3.713407526065645170e-01
3.512248064658937685e-01
3.193458784438077402e-01
2.774988201281178846e-01
2.270804381956833262e-01
1.691855807795780986e-01
9.852660169677736335e-02
1.306934409149800719e-02
-7.884020254648778370e-02
-1.717418804021170198e-01
-2.625883957772425226e-01
-3.467746520538618205e-01
-4.196126288152177697e-01
-4.741951316803661443e-01
-5.022846719791990155e-01
-4.946187081025767429e-01
-4.403243412250011923e-01
-3.258055397863839353e-01
-1.360131838205434762e-01
9.151848864726114252e-02
2.696015993892495466e-01
3.677453249621288611e-01
4.066875291158995043e-01
4.025637711514307715e-01
3.680684660313184864e-01
3.133885368485607170e-01
2.480066335565165037e-01
1.814007342562765079e-01
1.221794383852976007e-01
7.527299231166076354e-02
4.157740154676640293e-02
1.943200151300279732e-02
4.720507264527856739e-03
-5.796235512912955440e-03
-1.154511794267709668e-02
-1.072120779655788905e-02
-4.045519102796865663e-03
4.202377349618775099e-03
9.858826972585204435e-03
1.237060672237023928e-02
1.251302033311732162e-02
9.915515010151906838e-03
4.304068727332018701e-03
-8.000732566006339003e-03
-3.545573321465299299e-02
-8.136718978532024582e-02
-1.410005332813498991e-01
-2.075927357880612001e-01
-2.765200566679051897e-01
-3.393520685727459130e-01
-3.816809293045499984e-01
-3.903158929645454966e-01
-3.517692012774912835e-01
-2.514176616482275972e-01
-7.623878558608160327e-02
1.376665668081619720e-01
3.078192756512231343e-01
4.010422655622428723e-01
4.311079041878819740e-01
4.132539336009661279e-01
3.639603585158096566e-01
2.956555179480595541e-01
2.169461593454563020e-01
1.378347054447630060e-01
6.811059396755485273e-02
1.440221164372474348e-02
-1.929461286527642608e-02
-4.082664120626020021e-02
-6.869578432860476425e-02
-1.140858264625703583e-01
-1.778153558207459795e-01
-2.544262803583544064e-01
-3.330118866802613820e-01
-4.001487679221251703e-01
-4.426636381828938926e-01
-4.488766694712875149e-01
-4.067139426678035297e-01
-3.040467564186408178e-01
-1.276543659754987292e-01
9.027181417714044698e-02
2.686563720666428345e-01
3.732643036262264236e-01
4.188935657241692478e-01
4.214784265656794648e-01
3.953477212075282021e-01
3.507558809265066690e-01
2.942585226091706807e-01
2.311127051533003740e-01
1.661869744176892316e-01
1.020933135694816890e-01
3.968696520803542682e-02
-1.605914599606899848e-02
-5.793550769123163857e-02
-8.494001252970534432e-02
-9.848147116726947703e-02
-1.001479646724771633e-01
-9.465936208599828872e-02
-8.684331636060474424e-02
-7.885525338958278285e-02
-7.073232787584322889e-02
-6.154727370948882836e-02
-5.128697928004168072e-02
-4.157888862327287910e-02
-3.655063829002681841e-02
-4.188045272689296106e-02
-5.788064853594579451e-02
-7.861996346308766648e-02
-9.467234659833825838e-02
-9.928025622941720474e-02
-9.351811321995960602e-02
-7.952736133762070003e-02
-5.750806146028133309e-02
-2.544665263796957316e-02
1.829826540529580492e-02
7.094060408872394918e-02
1.235560921124145561e-01
1.644040980437378174e-01
1.932384920842595555e-01
2.149272628378045003e-01
2.323491547226380072e-01
2.435510747167803913e-01
2.343950514090946957e-01
1.978860977451928904e-01
1.427049639839035322e-01
7.990781445367850511e-02
1.268429798991960872e-02
-6.083302075553621846e-02
-1.383547423454459802e-01
-2.212431229121594178e-01
-3.148159580165881821e-01
-4.154184730027510319e-01
-5.121851163461607070e-01
-5.914263876067104020e-01
-6.424634211767006331e-01
-6.573524752693713502e-01
-6.185231496762804149e-01
-4.988112160253765914e-01
-2.705203765764684354e-01
5.972057642986398907e-02
4.001944286045920340e-01
6.390928250714671410e-01
7.502618979094404228e-01
7.619031021009898819e-01
7.044847857302338756e-01
6.091227162762292702e-01
5.012712889113496439e-01
3.977253147936423705e-01
3.117641859237326729e-01
2.411736734968588924e-01
1.651742923855887835e-01
7.308717535433661983e-02
-2.972901740344514876e-02
-1.350899755637213207e-01
-2.380967982764119473e-01
-3.373767380721140463e-01
-4.300892953267710928e-01
-5.081108717843262346e-01
-5.588500053763136854e-01
-5.700175900429297338e-01
-5.358231767518657485e-01
-4.553170837029879015e-01
-3.196694664834206501e-01
-1.125281587085261714e-01
1.282065565534196427e-01
3.129750201608452187e-01
4.107750109515018733e-01
4.448145003052272894e-01
4.310472230076125011e-01
3.787500675211106227e-01
3.026381587148218033e-01
2.226611247059782639e-01
1.506795238912389534e-01
9.029809512224681867e-02
4.099323638964223748e-02
-1.039414845705089949e-03
-3.527163774810089525e-02
-5.709863131574775125e-02
-6.610562160048490121e-02
-6.534639751644183425e-02
-5.748599794366323484e-02
-4.417630699685003159e-02
-3.136594229364621234e-02
-2.554771168548790328e-02
-2.569383361305896396e-02
-2.974261782744844554e-02
-3.856355849621942444e-02
-5.425337720157819704e-02
-7.436885576793927921e-02
-8.924387985065519724e-02
-9.187059008286235784e-02
-8.372349245230392700e-02
-7.186373827728992358e-02
-6.314251855996144691e-02
-5.801426241153370689e-02
-5.313332880566431354e-02
-4.759561177976981416e-02
-4.008445916607344950e-02
-2.742348096088279702e-02
-6.032642997426347631e-03
2.389513307318634136e-02
5.397515854949305747e-02
7.545391787827995800e-02
8.521970665877595663e-02
8.490735649313675693e-02
7.857433164380921153e-02
6.901118013237529658e-02
5.775953795164488064e-02
4.487765483553818324e-02
2.753077539920072495e-02
3.152398904598259846e-03
-2.719981479415065420e-02
-5.569860000753645152e-02
-7.211702309371226249e-02
-7.495363118776612876e-02
-7.057649040389460393e-02
-6.354588087452556211e-02
-5.420433862434467787e-02
-4.586570083343580878e-02
-4.259444358632592104e-02
-4.204571706734509806e-02
-3.804705094058104947e-02
-2.444308648117040836e-02
3.343250650351987843e-03
4.171900997239526288e-02
7.811235167394968426e-02
1.046012706143519405e-01
1.199481013996568229e-01
1.252625179982894688e-01
1.228688578771932605e-01
1.150296207891823852e-01
1.054720321765680174e-01
9.428069441775949189e-02
7.694849771831817342e-02
5.003049021645639832e-02
1.078944285513274044e-02
-3.724403031950274112e-02
-8.213585033299425353e-02
-1.174212293927015122e-01
-1.418634289616349520e-01
-1.526768355952053957e-01
-1.521226412498305480e-01
-1.458376512853685192e-01
-1.350620231367987700e-01
-1.182676744328944873e-01
-9.409005995968056091e-02
-6.118046654265014289e-02
-1.401890158271127881e-02
4.480647324217205268e-02
9.754574436659271819e-02
1.357236593672033753e-01
1.623691245830329866e-01
1.790577624229093001e-01
1.871457322469616824e-01
1.882631265157855283e-01
1.838433413465471178e-01
1.746651313244943771e-01
1.577314493980106758e-01
1.272503947580735373e-01
8.030602495845858002e-02
2.011476431261850079e-02
-4.986340086682494732e-02
-1.296737308354256601e-01
-2.160529325213171314e-01
-3.021366863204001385e-01
-3.802996118931857294e-01
-4.420617821177896256e-01
-4.773980383680790363e-01
-4.746457494736343041e-01
-4.214474162473575425e-01
-3.016553155789884477e-01
-9.618338839478267344e-02
1.555599271595999866e-01
3.580797368930103142e-01
4.753038145359923528e-01
5.265174549417118710e-01
5.280777784199028879e-01
4.939454144147957804e-01
4.342820136864681269e-01
3.588675348395820586e-01
2.785110342351745927e-01
1.996191235262207708e-01
1.223279319181475866e-01
4.257335513634862706e-02
-4.141901657246080393e-02
-1.272609804488647467e-01
-2.145669491616928881e-01
-3.017310698913811540e-01
-3.840032748785606742e-01
-4.598087451365136524e-01
-5.252614762355560796e-01
-5.682526856179768160e-01
-5.723748102066937848e-01
-5.201854458688557337e-01
-3.937941346953631183e-01
-1.726851954510130183e-01
1.031146647884960826e-01
3.297623221767291279e-01
4.638819168613942390e-01
5.252863250393190464e-01
5.348350861907719134e-01
5.100742182942952230e-01
4.631517289944874216e-01
4.014573204660052963e-01
3.299926827888517988e-01
2.527474970291697653e-01
1.708821149404101403e-01
8.138025036662097089e-02
-1.413779822105990652e-02
-1.062368641111125223e-01
-1.896754730231242081e-01
-2.651887229237689381e-01
-3.335484505518005460e-01
-3.940403260531997742e-01
-4.443632971697285550e-01
-4.769776871041079280e-01
-4.777320278399151410e-01
-4.311710419268257599e-01
-3.227555231065760144e-01
-1.367199375064639122e-01
9.364598459827436217e-02
2.839769482532388811e-01
4.005373844146459805e-01
4.607660467313235975e-01
4.784303582467112070e-01
4.630395844070270828e-01
4.232805093834131061e-01
3.666500972729769825e-01
2.993599540092032329e-01
2.250372429985427469e-01
1.440622982284592013e-01
5.382965745363094134e-02
-4.564765691712903417e-02
-1.461467123079722708e-01
-2.414761837508471454e-01
-3.319111829136753289e-01
-4.167514029914391460e-01
-4.909074497015292193e-01
-5.475370998004895906e-01
-5.772039267830698650e-01
-5.642098579844618822e-01
-4.923910918950908933e-01
-3.493874142285048889e-01
-1.234753035349326622e-01
1.393778376298092647e-01
3.408087269294662880e-01
4.494491141405052015e-01
4.900537336604353644e-01
4.811220255692704173e-01
4.403634535343459167e-01
3.834247593592239323e-01
3.197716423946272424e-01
2.548774537948197416e-01
1.929383840227897329e-01
1.359886812393425737e-01
8.463824547745951721e-02
3.846244214834450281e-02
-2.785426733673924266e-03
-3.760138976582987763e-02
-6.418293633988753077e-02
-8.086879214283447526e-02
-8.666812634063367216e-02
-8.279012171403186959e-02
-7.196179473958701223e-02
-5.737388485345810279e-02
-4.229164340399335642e-02
-3.078630232003779638e-02
-2.696453156632830014e-02
-3.323008072489871956e-02
-5.399069728554771463e-02
-9.416635880217909260e-02
-1.529236905465418128e-01
-2.251545890978496889e-01
-3.027341121825029568e-01
-3.723974673322232309e-01
-4.175903788462371757e-01
-4.225660015949259662e-01
-3.734743997087552336e-01
-2.573760609058385884e-01
-6.079092847379571202e-02
1.775039068015193400e-01
3.662370179119307512e-01
4.695334784984418475e-01
5.055290914723420403e-01
4.915005343852834052e-01
4.436380926333571839e-01
3.765743888046112486e-01
3.029535952654229813e-01
2.306284552339888383e-01
1.624298257519678768e-01
9.519500942383787856e-02
2.728522748502117470e-02
-4.034513224184010927e-02
-1.115920360957351476e-01
-1.851415362616329330e-01
-2.559712520964029236e-01
-3.219908334705496866e-01
-3.796229700008905139e-01
-4.256027476885931859e-01
-4.548465188784601154e-01
-4.542945804747375860e-01
-4.052911224086822028e-01
-2.881495171633731700e-01
-8.359181423452091697e-02
1.687079497315817356e-01
3.695470948634126396e-01
4.776431459091017295e-01
5.106995021300146931e-01
4.882665347979421866e-01
4.317535951929695193e-01
3.590286031698786684e-01
2.790969404390081787e-01
1.934934630105712983e-01
1.048446029740169039e-01
1.744879214521906363e-02
-6.721138959469734331e-02
-1.468625505448959423e-01
-2.185105714946822542e-01
-2.796269758087503443e-01
-3.322965474838154298e-01
-3.854679565745315895e-01
-4.396847667792262437e-01
-4.810928743607268965e-01
-4.960498550806747842e-01
-4.769349434770431273e-01
-4.106709478791106260e-01
-2.781722844608404688e-01
-6.204550364351301556e-02
1.986961210706532366e-01
4.096749990145868159e-01
5.324249482948389955e-01
5.833818506422067118e-01
5.791340767340894535e-01
5.385287567130608855e-01
4.778012888473870401e-01
4.038394382643292757e-01
3.168507847844347358e-01
2.178238246608815987e-01
1.110421381122583401e-01
1.608458883687716862e-03
-1.003553927634874138e-01
-1.794686962385164675e-01
-2.298195134530460204e-01
-2.562637759424725714e-01
-2.652382071197894597e-01
-2.628180574048437079e-01
-2.536041754828187722e-01
-2.394613791933815627e-01
-2.194408013030179072e-01
-1.896530932808350445e-01
-1.445611000203637087e-01
-7.826004595689063648e-02
6.078296424836468481e-04
6.810978891532282198e-02
1.148936029456622265e-01
1.445699420313750760e-01
1.583179213354397874e-01
1.576104075205095600e-01
1.453476611758525161e-01
1.256320082434584096e-01
1.021687999401703906e-01
7.600566138780660841e-02
4.640955156518426772e-02
1.280836083062139238e-02
-2.401574362973492305e-02
-6.200677658566455808e-02
-1.015859302271580333e-01
-1.450525584697701653e-01
-1.911953180399615648e-01
-2.338372442238485505e-01
-2.640023444746900094e-01
-2.761284931288165434e-01
-2.701475841619133678e-01
-2.414319462998737453e-01
-1.765988616453061655e-01
-6.024005618569314158e-02
8.702384612400566877e-02
2.069118419459102798e-01
2.745028527631698245e-01
3.019048857956684317e-01
3.026167655171832505e-01
2.890289284470420883e-01
2.690282384800881110e-01
2.445849415099494717e-01
2.150147587397648608e-01
1.800326253172969959e-01
1.377833975584768778e-01
8.436621654585760299e-02
2.283052808922492183e-02
-3.702171964644024316e-02
-9.024977509246551177e-02
-1.349047389620290360e-01
-1.679768098643951157e-01
-1.875474064326764223e-01
-1.948229246016189575e-01
-1.935871032815711934e-01
-1.846190631576741237e-01
-1.671150207120295217e-01
-1.390660288178937609e-01
-9.457240935795130365e-02
-3.638485577844981916e-02
2.085926837518596935e-02
6.966544784609432495e-02
1.125099510490679272e-01
1.501592939037964258e-01
1.795658489408877290e-01
1.968267663931409783e-01
2.002469371555662958e-01
1.909532658755516144e-01
1.697828900616811243e-01
1.356051325761376547e-01
8.837114517132428626e-02
2.862635699306470549e-02
-4.523398046601214556e-02
-1.325815092109113025e-01
-2.288560377738169394e-01
-3.271095707703041144e-01
-4.162915541793771323e-01
-4.843457648796198334e-01
-5.202587535380939210e-01
-5.084081107199570626e-01
-4.298637162076486273e-01
-2.707240553152946427e-01
-3.648946272944564306e-02
2.161475027286523243e-01
4.113928710743204320e-01
5.279103782952642154e-01
5.844342677843273881e-01
5.978449103547451848e-01
5.743102940629074560e-01
5.172115164028553425e-01
4.356432226616892556e-01
3.405083068677011715e-01
2.384025915217086733e-01
1.301154724989221079e-01
1.735125157097753765e-02
-9.492271674670241244e-02
-2.011997652709207884e-01
-2.968882426188106938e-01
-3.808824420612443307e-01
-4.567513103462887414e-01
-5.271330117232074786e-01
-5.890717930633632138e-01
-6.340086902449778572e-01
-6.420267862129813707e-01
-5.852368158295425671e-01
-4.409705484807396325e-01
-2.019843689365047879e-01
7.454544543505182974e-02
2.892853273125803870e-01
4.127071724465210534e-01
4.756859228601199030e-01
5.063365390343328443e-01
5.176720351931647368e-01
5.094788521385867908e-01
4.771722623392475326e-01
4.176439734405437143e-01
3.352701994340187008e-01
2.378086114866730105e-01
1.355389159326855220e-01
4.150222645494616724e-02
-3.641400865420270361e-02
-9.572929720412598487e-02
-1.372778463408333149e-01
-1.651388577005263869e-01
-1.829163096398200850e-01
-1.905570985817533203e-01
-1.882530007480121004e-01
-1.789127519474687511e-01
-1.653653335403183489e-01
-1.506866160171782543e-01
-1.362410371467591697e-01
-1.168346882356140898e-01
-9.003959356390742186e-02
-6.404909293532462522e-02
-4.557527053532171163e-02
-3.331494626326340219e-02
-2.313297203629566257e-02
-1.195848768310756906e-02
-2.494357815254494987e-04
1.082236623180768756e-02
2.031762381950018986e-02
2.710774626065049625e-02
3.279478327516638370e-02
4.035144506447531365e-02
4.768737249640306319e-02
5.061939327022019902e-02
5.249508273474270958e-02
5.666859770366972776e-02
5.910232763662807282e-02
5.308065390007229989e-02
3.570608596248373706e-02
1.233914512751107390e-02
-8.633017843175433761e-03
-2.192180351715926692e-02
-2.494789438240795076e-02
-1.857923586389792145e-02
-8.299811693455687658e-03
-5.541866922756594552e-04
2.705758452361658063e-03
4.448785055742343272e-03
6.119839168746869958e-03
3.797538444841526504e-03
-4.617439578214950838e-03
-1.633662451123793144e-02
-2.795454234645861069e-02
-3.551956494720490132e-02
-3.608305937469177826e-02
-2.784888220161782155e-02
-1.142490119610367443e-02
8.217963016951698729e-03
2.623975967117112007e-02
3.948785117082804358e-02
4.637779053017650199e-02
4.658818139996215302e-02
4.076666358737914692e-02
3.194483510445485230e-02
2.365777234918026856e-02
1.544652365759095064e-02
3.870272973281711857e-03
-1.228089520559940036e-02
-2.875793341554456345e-02
-3.691821423742962932e-02
-3.339937225897128548e-02
-2.200966521160469327e-02
-6.523543005694866156e-03
7.925686101096564642e-03
1.572263242763927149e-02
1.802779686193729455e-02
1.705035489575343344e-02
1.505176289943488746e-02
2.113702538792161176e-02
3.783725613794805542e-02
5.573365452568445483e-02
6.930614233439168215e-02
7.828383075168854344e-02
7.969671304928786781e-02
7.396169669670517310e-02
6.569682088554981703e-02
5.443977521838731098e-02
3.808926920165038588e-02
2.013318320967154296e-02
3.471870386889435584e-03
-1.741676599132062353e-02
-5.065562255404042896e-02
-9.594408217166217057e-02
-1.476645630611299054e-01
-2.025253858320109068e-01
-2.543972147653296156e-01
-2.955817721685803368e-01
-3.230493264282563448e-01
-3.312043813497940747e-01
-3.109934694175829906e-01
-2.553010766610969706e-01
-1.577066324071659531e-01
-7.929156724323226102e-03
1.685856193889254673e-01
3.046358850479827240e-01
3.742751056420033917e-01
3.957965488980130231e-01
3.857124802676525355e-01
3.551074038210551009e-01
3.091217369560310679e-01
2.494670244924948044e-01
1.832419391064089853e-01
1.220526805375506396e-01
7.153689347904346185e-02
3.083063720172730601e-02
-1.447186153759529026e-03
-2.719092864723741260e-02
-5.052347200821998702e-02
-7.335002510982605028e-02
-1.003920648037417429e-01
-1.406499719770128998e-01
-1.950178308302515928e-01
-2.569293187244262033e-01
-3.143976793941293257e-01
-3.467327930488719456e-01
-3.304251692647264815e-01
-2.422505392566896010e-01
-8.393904471082327956e-02
8.379783679203627045e-02
1.887186228487810202e-01
2.132679683145851657e-01
1.735761719375147338e-01
9.194400256687826345e-02
-3.404713906826430103e-03
-8.841050804958891507e-02
-1.422463691884845172e-01
-1.531312434857916016e-01
-1.229542049969730572e-01
-4.869654305977912101e-02
4.538378224515126486e-02
1.034847866498084662e-01
1.110163806136485604e-01
8.888016486358485402e-02
5.479658777132492137e-02
2.572151368153467038e-02
1.529000563241396382e-02
3.073635811299076787e-02
8.520296298056832807e-02
1.738931480888072367e-01
2.591819737773917720e-01
3.169796929181424305e-01
3.399861184633888866e-01
3.255254174418690805e-01
2.797643955615937150e-01
2.109133550004725077e-01
1.291666823173010237e-01
4.200050298023891987e-02
-4.729914276502398401e-02
-1.334192762371002039e-01
-2.091047171470695187e-01
-2.672432501804890004e-01
-2.999352664587947026e-01
-3.056377054308445640e-01
-2.920417428562612772e-01
-2.746467715072152815e-01
-2.698339404819910525e-01
-2.782183611455286698e-01
-2.894795678144544415e-01
-2.923481885857294182e-01
-2.755655608029773940e-01
-2.267765826342326152e-01
-1.314913201537930842e-01
-4.744226922283869760e-03
1.107602930027672405e-01
2.026546465721974499e-01
2.711406582094663675e-01
3.047844080412889789e-01
3.077522366107730001e-01
2.879375305264114115e-01
2.509196666528639152e-01
2.033405465492218178e-01
1.474261173637644029e-01
8.920139147531180868e-02
3.754569270078665644e-02
-2.677550162194733234e-03
-3.231347886818916604e-02
-5.409910692942025701e-02
-6.866192205744907351e-02
-7.546353445074607813e-02
-6.973339477623535787e-02
-5.006440749480275260e-02
-2.376292882414031415e-02
5.512688300221833468e-03
3.734506177243073627e-02
6.684908416027729450e-02
8.915782246337634886e-02
1.037035330077646367e-01
1.062355092099861315e-01
9.078302991501151220e-02
5.804910715015237921e-02
1.283789391933470858e-02
-3.569365528663857867e-02
-7.775746383566239928e-02
-1.097011561781394695e-01
-1.311678850399110863e-01
-1.473933390217127826e-01
-1.651030319403578583e-01
-1.789577663487334491e-01
-1.767936093010659404e-01
-1.552900273495124439e-01
-1.209038886037751837e-01
-7.303729715311652049e-02
-1.418370611143199463e-02
3.945722876485849295e-02
8.554233132080341084e-02
1.341304252750391002e-01
1.776909686976441693e-01
1.931230775743853767e-01
1.747204309125494348e-01
1.388502319561722154e-01
1.007041140456777784e-01
6.763330950091019089e-02
4.138280499504774779e-02
2.065068871945458656e-02
4.697273458841083257e-03
-7.084522305602537415e-03
-1.368843933754908954e-02
-1.174667046241411814e-02
-4.514430308414849047e-05
1.995159403453219266e-02
4.362266611559030560e-02
6.064130349895401062e-02
6.076297916465979443e-02
4.314451933652627136e-02
1.072944978152177639e-02
-3.482623550873067270e-02
-8.708291284952204836e-02
-1.385399583465432016e-01
-1.877418056068601848e-01
-2.351686860454191008e-01
-2.781652565466605775e-01
-3.130365500216163999e-01
-3.350424123541613786e-01
-3.345571757571736971e-01
-2.967666770295499523e-01
-2.061728829669333685e-01
-4.973742569296103755e-02
1.417596487096082214e-01
2.965009351615998656e-01
3.870465321525697888e-01
4.273672876396802933e-01
4.285670199977216210e-01
4.002366208937351288e-01
3.531354385530413587e-01
2.965115539950218815e-01
2.366941738617549251e-01
1.778779321845780359e-01
1.180603514028440298e-01
5.166758269363627004e-02
-2.195555827338028024e-02
-9.691235095478699380e-02
-1.684167685101529421e-01
-2.371594865954804177e-01
-3.020850215867327826e-01
-3.583553367126798839e-01
-4.011898983062970880e-01
-4.211226845291938803e-01
-4.048861297379357516e-01
-3.420599840150128079e-01
-2.208875771879802996e-01
-2.374136836608831125e-02
2.130379362270847787e-01
3.939448640605845986e-01
4.788668749771883282e-01
4.887033397008750946e-01
4.495587769892485097e-01
3.862133719759086037e-01
3.144552676288253079e-01
2.416279936789867411e-01
1.697252872131258805e-01
9.918782731059090640e-02
3.498522214465877439e-02
-1.705486191100021032e-02
-6.740185853005545291e-02
-1.367300272278523798e-01
-2.304255574198814938e-01
-3.440414382162946261e-01
-4.717957148143524515e-01
-5.978230620913393967e-01
-7.007159779741319872e-01
-7.602755638128627647e-01
-7.541832246871603695e-01
-6.586834568689937663e-01
-4.504970222632493360e-01
-1.361391314697879829e-01
1.938754762938648402e-01
4.312569778533568154e-01
5.608602882413075141e-01
6.218250410515523408e-01
6.343224762778161274e-01
6.001889545474718979e-01
5.300932778182049221e-01
4.418013512381412378e-01
3.462664835716423029e-01
2.500412861521248975e-01
1.584969819939205937e-01
7.572738597232681057e-02
4.580869453787373563e-03
-5.167755542938841373e-02
-9.211906893966528842e-02
-1.174538590178906133e-01
-1.286492302605126425e-01
-1.274419848853975967e-01
-1.150515521331491042e-01
-9.418884495218794728e-02
-6.922949862291399858e-02
-4.260830766286818894e-02
-1.534362713465654664e-02
9.110058077000986188e-03
2.692906249756314707e-02
3.692584226541288650e-02
3.995844093003728809e-02
3.986388212536807335e-02
3.912978857060755294e-02
3.373256664040605313e-02
1.894597835728915880e-02
-3.303799108171618856e-03
-2.821447665637741992e-02
-5.382894856382849924e-02
-7.849515732012624092e-02
-1.013401628802277910e-01
-1.196559610785292299e-01
-1.278297159201198241e-01
-1.252172379230041266e-01
-1.161063246468810040e-01
-1.059205629029313228e-01
-9.904975072862551300e-02
-9.469171004889170851e-02
-8.776322922701655649e-02
-7.615027000620103181e-02
-5.684986060907358529e-02
-2.304075224989770437e-02
2.318763596191355386e-02
6.500654656923753050e-02
8.850050684959812064e-02
9.642598242910478679e-02
9.637309053164069828e-02
9.115423066287081655e-02
8.075918480066321403e-02
6.599329154577301959e-02
4.974047253124941337e-02
3.355327415310800643e-02
1.847994309460449999e-02
5.995574976370131488e-03
-6.265305752270388870e-03
-1.891165683150128340e-02
-2.753512926567509497e-02
-3.087358155090079437e-02
-3.157968527444141027e-02
-3.345055521766850809e-02
-3.873666071705373498e-02
-4.538598767295874692e-02
-4.965271911253835158e-02
-4.828127302374780189e-02
-3.801817773702807074e-02
-1.870619811556310103e-02
5.749221789932644142e-03
2.999019463882907077e-02
4.846655320334104788e-02
5.898165988541419213e-02
6.163548617355499998e-02
5.709227866256003092e-02
4.849718161341183553e-02
3.903113041045588177e-02
2.925661487020708024e-02
1.792739355372742482e-02
5.827747107150933401e-03
-3.017500393647230914e-03
-5.188792568542837172e-03
-3.248075200994164895e-03
-2.631933681440237066e-03
-4.527270256797541470e-03
-7.958704202271339040e-03
-8.902870419189159307e-03
-2.787870944004087158e-03
9.645718105618822022e-03
2.446700766231639512e-02
3.744915358346760648e-02
4.797592398057628355e-02
5.723653943759201418e-02
6.092904222828456062e-02
5.208257787523200982e-02
3.263985110441095655e-02
1.098020524102192794e-02
-9.690556750220647234e-03
-2.912496377468960784e-02
-4.752416514844760853e-02
-6.634265911011562322e-02
-8.251722537642772193e-02
-8.996639854714630347e-02
-8.719517803030712999e-02
-7.278280496468110539e-02
-4.202129168453240526e-02
1.029294407716169896e-04
4.042726238431897795e-02
7.488347003953495229e-02
1.044678716075968239e-01
1.255933706782185189e-01
1.341971570394087931e-01
1.288245047177429825e-01
1.108419688355696126e-01
8.378158804186965070e-02
5.106941042427293187e-02
1.555437144663808328e-02
-2.066863030779182708e-02
-5.958976740450813714e-02
-1.046958744648573691e-01
-1.532441253307129936e-01
-1.999588030157188889e-01
-2.443200679881852855e-01
-2.871775425458511499e-01
-3.229345399868549515e-01
-3.399606469026492106e-01
-3.264772681938810650e-01
-2.713167683452285539e-01
-1.606724189169830008e-01
2.276636782934108802e-02
2.449734525030203558e-01
4.191672478083584008e-01
5.089319203798664537e-01
5.293120707760560206e-01
4.963768322309535241e-01
4.257173971522389411e-01
3.311917048816494513e-01
2.219801463807459241e-01
1.050895162226075791e-01
-1.017992244906035064e-02
-1.150353168717781205e-01
-2.058556627001768280e-01
-2.801179220066802866e-01
-3.298537802642727002e-01
-3.471643196154896582e-01
-3.315879316563033474e-01
-2.908952508084615696e-01
-2.451598607823376741e-01
-2.167884446547474475e-01
-2.038258127626389471e-01
-1.878519219104227145e-01
-1.507587867725328490e-01
-6.967964529196901680e-02
6.928258182024060741e-02
2.238461127174444232e-01
3.180287926595769532e-01
3.312846292769957013e-01
2.890827263609150322e-01
2.134744653085980104e-01
1.217096850832835031e-01
3.061021721598138068e-02
-4.488959132174968891e-02
-9.340885768838488867e-02
-1.028213227718009354e-01
-5.719249850505360444e-02
2.730757813414455559e-02
9.719958334214510998e-02
1.277663057190495666e-01
1.293890912370929402e-01
1.145485246674496499e-01
8.957161062128694839e-02
5.410187096978448518e-02
1.206280123372288106e-02
-2.444637834463826709e-02
-4.529699021652008883e-02
-4.988890830592922210e-02
-4.101859270299507143e-02
-2.288349123068173993e-02
-4.530674810307345687e-03
9.238418274033497260e-03
2.080802256738731315e-02
3.084378057984892355e-02
3.669968462044155555e-02
3.653568539976922991e-02
2.926057224780597571e-02
1.409686696509333467e-02
-9.255794993025000250e-03
-3.971817821587434599e-02
-7.102110353036193702e-02
-9.530844863120538357e-02
-1.091435178685597474e-01
-1.126648926926364369e-01
-1.080353799177767304e-01
-9.850128773293256867e-02
-8.779690440444067046e-02
-7.973830195709402657e-02
-7.633260828154334043e-02
-7.707101244643538296e-02
-7.771890175472363771e-02
-7.206317576071931408e-02
-4.953580818442857719e-02
8.302320467905193943e-03
9.305099333278818441e-02
1.662702995311850229e-01
2.115762818713811111e-01
2.335755194175294092e-01
2.352146916870956062e-01
2.181255990829089053e-01
1.838961707046704863e-01
1.376195298433365299e-01
8.895670535186397943e-02
4.508199759123502487e-02
5.175008607158328860e-03
-3.200152954658681825e-02
-6.966674614504467233e-02
-1.156101327980563753e-01
-1.691686497380666121e-01
-2.230015028405726296e-01
-2.725668811805076475e-01
-3.134879611811788314e-01
-3.401805429552757221e-01
-3.485261973161561944e-01
-3.339983588803228098e-01
-2.877747798287300096e-01
-1.996422303288902800e-01
-5.748957564668896736e-02
1.199199297586670820e-01
2.676314532640780564e-01
3.478239521144551039e-01
3.736619303328715391e-01
3.657347820508688452e-01
3.378743378164181244e-01
2.997003341490523387e-01
2.557720442228775259e-01
2.064714486818161054e-01
1.514946315956087475e-01
9.067844148805281890e-02
2.658166952602461497e-02
-3.437170897705981581e-02
-8.460554761187501216e-02
-1.194052150999021511e-01
-1.403365371142090146e-01
-1.526853887231816032e-01
-1.613331298909961853e-01
-1.688305368912945414e-01
-1.735080358646749754e-01
-1.723701650342213398e-01
-1.623599804748789288e-01
-1.378594869462058115e-01
-9.094450655893512869e-02
-2.312995455093635327e-02
