2.019832134246826172e-01
-3.130758404731750488e-01
-1.843633651733398438e-01
-3.231949210166931152e-01
-3.196071982383728027e-01
-3.085065484046936035e-01
-2.420935630798339844e-01
-2.641234993934631348e-01
-2.172182202339172363e-01
-2.883147001266479492e-01
-2.747062444686889648e-01
8.596302866935729980e-01
-4.130520820617675781e-01
-2.547927498817443848e-01
-2.960239052772521973e-01
-2.566351890563964844e-01
-3.053693771362304688e-01
-2.347785830497741699e-01
-2.897072434425354004e-01
-2.035900354385375977e-01
-2.240392565727233887e-01
-2.756938338279724121e-01
-2.464923262596130371e-01
-1.882196664810180664e-01
-1.084379851818084717e-01
-3.141454458236694336e-01
-2.779763340950012207e-01
-1.904444098472595215e-01
-2.593589425086975098e-01
-2.631535530090332031e-01
-3.242629766464233398e-01
-2.099684476852416992e-01
-2.582979798316955566e-01
-2.097347378730773926e-01
-2.702702879905700684e-01
-5.181639790534973145e-01
-1.718056797981262207e-01
-3.217179775238037109e-01
-2.264325022697448730e-01
-2.119281888008117676e-01
-2.640805244445800781e-01
-2.353998422622680664e-01
-3.099042177200317383e-01
-2.436174154281616211e-01
-2.594141364097595215e-01
-2.687116265296936035e-01
-2.022698521614074707e-01
-2.372505068778991699e-01
-1.573384404182434082e-01
-2.993958592414855957e-01
-1.884982585906982422e-01
-2.454815506935119629e-01
-3.252092003822326660e-01
-2.595504522323608398e-01
-2.434950470924377441e-01
-2.727577090263366699e-01
-2.618818879127502441e-01
-2.773561477661132812e-01
-2.521112561225891113e-01
-3.720312714576721191e-01
-1.649259328842163086e-01
-2.557382583618164062e-01
-2.139238715171813965e-01
-2.437885999679565430e-01
-2.947269678115844727e-01
-2.933075428009033203e-01
-3.056412935256958008e-01
-2.376919984817504883e-01
-2.152671813964843750e-01
-2.597486376762390137e-01
-2.374927401542663574e-01
-3.828228116035461426e-01
1.835553944110870361e-01
-2.598812580108642578e-01
-2.461822628974914551e-01
-2.762385606765747070e-01
-2.477082014083862305e-01
-2.317168712615966797e-01
-2.318947911262512207e-01
-2.353362441062927246e-01
-2.725100517272949219e-01
-2.628465890884399414e-01
-2.849633097648620605e-01
-3.255824446678161621e-01
1.243854761123657227e-01
-2.470930218696594238e-01
-2.771071791648864746e-01
-2.727872133255004883e-01
-2.573953270912170410e-01
-2.192640900611877441e-01
-2.333444356918334961e-01
-2.121356129646301270e-01
-2.561212182044982910e-01
-2.454777956008911133e-01
-2.420993447303771973e-01
-2.801655530929565430e-01
-2.700510621070861816e-01
-2.148949503898620605e-01
-2.724197506904602051e-01
-2.773556709289550781e-01
-2.722201347351074219e-01
-2.602047324180603027e-01
-2.893134355545043945e-01
-2.178840041160583496e-01
-2.845910191535949707e-01
-2.599778175354003906e-01
-2.173787951469421387e-01
-2.655852437019348145e-01
-2.588829398155212402e-01
-2.841489911079406738e-01
-2.287825345993041992e-01
-2.597712278366088867e-01
-2.754179835319519043e-01
-2.437413334846496582e-01
-2.904161214828491211e-01
-2.524890899658203125e-01
-2.866282463073730469e-01
-2.090595960617065430e-01
-2.426971793174743652e-01
-3.380274176597595215e-01
4.305103421211242676e-02
-2.654859423637390137e-01
-2.941765785217285156e-01
-2.202726006507873535e-01
-2.836875915527343750e-01
-2.710078358650207520e-01
-2.556570172309875488e-01
-2.693803310394287109e-01
-2.995586395263671875e-01
-2.434135675430297852e-01
-2.288027405738830566e-01
-3.028435111045837402e-01
1.951937377452850342e-01
-3.050796389579772949e-01
-2.023439407348632812e-01
-2.544197440147399902e-01
-2.827243208885192871e-01
-2.866691946983337402e-01
-2.136667966842651367e-01
-2.453852891921997070e-01
-2.591180205345153809e-01
-2.582228183746337891e-01
-2.487398982048034668e-01
-1.466277837753295898e-01
7.361507415771484375e-02
-2.760540843009948730e-01
-3.081380724906921387e-01
-3.063048720359802246e-01
-2.683708667755126953e-01
-2.327435016632080078e-01
-2.192795872688293457e-01
-2.643980383872985840e-01
-2.658815383911132812e-01
-2.473684549331665039e-01
-2.532085180282592773e-01
-2.357329726219177246e-01
2.986716926097869873e-01
-2.885204553604125977e-01
-1.953945755958557129e-01
-2.281704545021057129e-01
-2.606238722801208496e-01
-2.849355936050415039e-01
-2.287614941596984863e-01
-2.592073082923889160e-01
-2.481160163879394531e-01
-2.655630707740783691e-01
-2.641438841819763184e-01
-3.294303417205810547e-01
-2.105072140693664551e-02
-2.681534886360168457e-01
-2.082602381706237793e-01
-2.302173376083374023e-01
-2.318269014358520508e-01
-2.767596244812011719e-01
-2.084335684776306152e-01
-2.857919335365295410e-01
-2.613410353660583496e-01
-2.357622385025024414e-01
-2.052518725395202637e-01
-4.165185093879699707e-01
9.510639309883117676e-02
-2.505571246147155762e-01
-1.574032902717590332e-01
-2.516092658042907715e-01
-2.764002084732055664e-01
-2.373390197753906250e-01
-2.373872995376586914e-01
-2.480273246765136719e-01
-2.591022849082946777e-01
-2.767520546913146973e-01
-2.804582118988037109e-01
-2.144991755485534668e-01
1.039431691169738770e-01
-2.641479372978210449e-01
-2.145636081695556641e-01
-2.551486492156982422e-01
-2.611713409423828125e-01
-2.356011271476745605e-01
-2.737431526184082031e-01
-2.554740309715270996e-01
-2.485541105270385742e-01
-2.783895134925842285e-01
-2.718803882598876953e-01
-3.067761659622192383e-01
-9.095114469528198242e-02
-2.638652920722961426e-01
-2.575986385345458984e-01
-2.673420310020446777e-01
-2.357223033905029297e-01
-2.785857915878295898e-01
-2.880133986473083496e-01
-2.190766930580139160e-01
-2.800736427307128906e-01
-2.365829944610595703e-01
-2.966448664665222168e-01
-2.814269065856933594e-01
9.186869859695434570e-02
-2.710182666778564453e-01
-1.972988247871398926e-01
-2.636650204658508301e-01
-2.565825581550598145e-01
-2.559563517570495605e-01
-2.602118253707885742e-01
-2.607143521308898926e-01
-2.468536496162414551e-01
-2.592843770980834961e-01
-2.499843835830688477e-01
-3.150724768638610840e-01
-6.532567739486694336e-02
-2.395674586296081543e-01
-1.903595924377441406e-01
-2.619403600692749023e-01
-2.465121150016784668e-01
-2.591425776481628418e-01
-2.546100616455078125e-01
-2.846491336822509766e-01
-2.464438080787658691e-01
-2.353231310844421387e-01
-2.579992413520812988e-01
-3.741126656532287598e-01
2.301016449928283691e-02
-2.329590320587158203e-01
-2.191845178604125977e-01
-2.735624909400939941e-01
-2.612076401710510254e-01
-2.288028597831726074e-01
-2.530353665351867676e-01
-2.471959590911865234e-01
-2.431493401527404785e-01
-2.534638047218322754e-01
-3.229179382324218750e-01
-2.972251772880554199e-01
7.116696834564208984e-01
-2.465685009956359863e-01
-2.442441582679748535e-01
-2.476946711540222168e-01
-2.532390952110290527e-01
-2.437147498130798340e-01
-2.395491600036621094e-01
-2.603362798690795898e-01
-2.604221105575561523e-01
-2.613400220870971680e-01
-2.751091122627258301e-01
-3.995378017425537109e-01
4.105077981948852539e-01
-2.787786126136779785e-01
-2.402535676956176758e-01
-2.178943157196044922e-01
-2.573403716087341309e-01
-2.805129289627075195e-01
-2.424369454383850098e-01
-2.485418319702148438e-01
-2.399671673774719238e-01
-2.436955571174621582e-01
-2.774937748908996582e-01
7.489174604415893555e-02
-4.969787597656250000e-02
-2.610601186752319336e-01
-1.645712256431579590e-01
-2.468904256820678711e-01
-2.782717943191528320e-01
-2.836255431175231934e-01
-2.878439426422119141e-01
-2.845487594604492188e-01
-2.542018890380859375e-01
-2.433549761772155762e-01
-2.571178078651428223e-01
-3.411478400230407715e-01
2.004851102828979492e-01
-3.056522011756896973e-01
-2.797968387603759766e-01
-2.658659219741821289e-01
-2.677426934242248535e-01
-2.371249794960021973e-01
-2.437518239021301270e-01
-2.592078447341918945e-01
-2.619315981864929199e-01
-2.575589418411254883e-01
-2.532020807266235352e-01
-3.066158294677734375e-02
1.418547779321670532e-01
-2.437374591827392578e-01
-2.909219861030578613e-01
-2.924927473068237305e-01
-3.031499981880187988e-01
-2.329278588294982910e-01
-2.332078218460083008e-01
-2.682281136512756348e-01
-2.588568329811096191e-01
-2.626735568046569824e-01
-2.782866954803466797e-01
-3.116055727005004883e-01
-2.012687325477600098e-01
-2.470125555992126465e-01
-2.719124555587768555e-01
-2.742583155632019043e-01
-2.610967159271240234e-01
-2.763403654098510742e-01
-2.551329135894775391e-01
-2.614737153053283691e-01
-2.590643763542175293e-01
-2.197768092155456543e-01
-2.825580239295959473e-01
-2.639893889427185059e-01
-2.272702455520629883e-01
-2.652186751365661621e-01
-2.678997516632080078e-01
-2.577307224273681641e-01
-3.041821122169494629e-01
-2.897399067878723145e-01
-2.669359445571899414e-01
-2.709231972694396973e-01
-2.591365575790405273e-01
-2.870385050773620605e-01
-2.874825000762939453e-01
-2.873645424842834473e-01
-3.310352563858032227e-03
-2.468037009239196777e-01
-2.312709689140319824e-01
-2.874788045883178711e-01
-2.195782065391540527e-01
-2.757083773612976074e-01
-2.612072825431823730e-01
-2.611215114593505859e-01
-2.639816403388977051e-01
-2.570472955703735352e-01
-2.492854595184326172e-01
-3.160585165023803711e-01
2.159959077835083008e-02
-2.420996427536010742e-01
-2.526805996894836426e-01
-2.873042225837707520e-01
-2.199144959449768066e-01
-2.888259887695312500e-01
-2.869192361831665039e-01
-2.551450729370117188e-01
-2.593036293983459473e-01
-2.368693351745605469e-01
-2.905837297439575195e-01
-4.210626482963562012e-01
3.164455294609069824e-02
-3.264842629432678223e-01
-2.826315760612487793e-01
-2.874866724014282227e-01
-2.073336839675903320e-01
-2.396876215934753418e-01
-2.437723278999328613e-01
-2.413597702980041504e-01
-2.446807026863098145e-01
-2.243793606758117676e-01
-2.737379670143127441e-01
-2.835066914558410645e-01
4.146548509597778320e-01
-3.018440604209899902e-01
-2.835010290145874023e-01
-2.712099552154541016e-01
-2.927168607711791992e-01
-3.061780333518981934e-01
-2.588539123535156250e-01
-2.619400024414062500e-01
-2.619340419769287109e-01
-2.948533296585083008e-01
-2.610133886337280273e-01
-2.388979196548461914e-01
3.004926443099975586e-01
-2.702077627182006836e-01
-3.061712384223937988e-01
-2.720598578453063965e-01
-2.446247339248657227e-01
-2.893590927124023438e-01
-2.030966877937316895e-01
-2.456282973289489746e-01
-2.431226372718811035e-01
-2.520337104797363281e-01
-2.636637091636657715e-01
-2.225636243820190430e-01
-3.370727896690368652e-01
-2.316531538963317871e-01
-2.562189698219299316e-01
-2.750979661941528320e-01
-2.708506584167480469e-01
-2.736899256706237793e-01
-2.253695130348205566e-01
-2.924767136573791504e-01
-2.982317209243774414e-01
-2.801937460899353027e-01
-2.936597466468811035e-01
-2.896580696105957031e-01
-3.162933588027954102e-01
-2.773078083992004395e-01
-2.852643728256225586e-01
-2.892639040946960449e-01
-2.891420722007751465e-01
-2.703523635864257812e-01
-2.418549060821533203e-01
-2.433812022209167480e-01
-2.591460347175598145e-01
-2.503186464309692383e-01
-2.471684217453002930e-01
-4.700730443000793457e-01
-3.118320107460021973e-01
-2.987887859344482422e-01
-2.738333940505981445e-01
-2.812301516532897949e-01
-3.138683438301086426e-01
-2.433193922042846680e-01
-2.537588477134704590e-01
-2.546954751014709473e-01
-2.574993371963500977e-01
-2.198089361190795898e-01
-2.467833757400512695e-01
-2.868981361389160156e-01
-1.129094362258911133e-01
-2.938966751098632812e-01
-2.415282130241394043e-01
-2.880497574806213379e-01
-2.891445159912109375e-01
-2.873733043670654297e-01
-2.957339286804199219e-01
-2.799060940742492676e-01
-2.698079943656921387e-01
-2.591281533241271973e-01
-2.578943371772766113e-01
-2.608013153076171875e-01
3.599742054939270020e-02
-2.857655882835388184e-01
-2.651460766792297363e-01
-2.446340918540954590e-01
-2.699549794197082520e-01
-2.665506601333618164e-01
-2.561320662498474121e-01
-2.054098844528198242e-01
-2.299838662147521973e-01
-2.283074855804443359e-01
-2.327376604080200195e-01
-3.533815741539001465e-01
-1.158288121223449707e-01
-2.765499949455261230e-01
-2.633945941925048828e-01
-2.202488780021667480e-01
-2.756780982017517090e-01
-2.520587444305419922e-01
-2.488641142845153809e-01
-2.044466733932495117e-01
-2.253340482711791992e-01
-2.393593192100524902e-01
-2.245588898658752441e-01
-3.261654973030090332e-01
-1.432053148746490479e-01
-2.971722483634948730e-01
-2.388932704925537109e-01
-2.432430386543273926e-01
-2.632716298103332520e-01
-2.154564261436462402e-01
-2.245556712150573730e-01
-2.619727253913879395e-01
-2.245559096336364746e-01
-2.464368343353271484e-01
-2.245558500289916992e-01
-2.792686820030212402e-01
-1.856933236122131348e-01
-2.641518115997314453e-01
-2.452400326728820801e-01
-2.247229218482971191e-01
-2.541169524192810059e-01
-2.732596993446350098e-01
-2.217962145805358887e-01
-2.677292823791503906e-01
-2.259833216667175293e-01
-2.720818519592285156e-01
-2.645725011825561523e-01
-1.422429382801055908e-01
-1.817108392715454102e-01
-2.623320817947387695e-01
-2.550238966941833496e-01
-2.874943614006042480e-01
-2.214262485504150391e-01
-3.026095032691955566e-01
-2.200265526771545410e-01
-2.990058660507202148e-01
-2.133365869522094727e-01
-2.505619525909423828e-01
-2.834899425506591797e-01
-5.015341043472290039e-01
5.221694707870483398e-03
-2.827674150466918945e-01
-2.493225336074829102e-01
-2.544511556625366211e-01
-2.251862287521362305e-01
-3.364279866218566895e-01
-2.013995051383972168e-01
-2.639483213424682617e-01
-2.275539636611938477e-01
-2.877404093742370605e-01
-2.465100884437561035e-01
-2.703413367271423340e-01
6.002354621887207031e-02
-2.641598582267761230e-01
-2.937997579574584961e-01
-3.052514791488647461e-01
-3.032294511795043945e-01
-2.591503262519836426e-01
-2.780812978744506836e-01
-2.605007886886596680e-01
-3.075299263000488281e-01
-2.807216048240661621e-01
-2.832037210464477539e-01
-2.459837794303894043e-01
-1.197561621665954590e-02
-2.993932962417602539e-01
-2.537881135940551758e-01
-2.615789771080017090e-01
-2.592484951019287109e-01
-2.692198157310485840e-01
-2.437198162078857422e-01
-2.437449097633361816e-01
-2.502319216728210449e-01
-2.746008634567260742e-01
-2.742652893066406250e-01
-4.236513376235961914e-01
-1.024005115032196045e-01
-2.300636768341064453e-01
-2.555601596832275391e-01
-3.128103613853454590e-01
-3.026089668273925781e-01
-2.640095353126525879e-01
-2.790580391883850098e-01
-2.624442577362060547e-01
-2.782436609268188477e-01
-2.591639757156372070e-01
-2.854364514350891113e-01
-3.115351796150207520e-01
-1.981898546218872070e-01
-2.276293635368347168e-01
-2.677488923072814941e-01
-2.619410753250122070e-01
-2.302442193031311035e-01
-2.465118765830993652e-01
-2.342095375061035156e-01
-2.591432332992553711e-01
-2.749953269958496094e-01
-2.351807355880737305e-01
-2.477027773857116699e-01
-3.218585252761840820e-01
-1.642224788665771484e-01
-2.687671780586242676e-01
-2.739793658256530762e-01
-2.623937129974365234e-01
-2.463861703872680664e-01
-2.620512843132019043e-01
-2.618663907051086426e-01
-2.449455857276916504e-01
-2.846905589103698730e-01
-2.512458562850952148e-01
-2.665452957153320312e-01
-4.443430900573730469e-01
-1.952885389328002930e-01
-2.538236975669860840e-01
-3.144559264183044434e-01
-2.781960964202880859e-01
-2.608250975608825684e-01
-2.814468741416931152e-01
-2.438839673995971680e-01
-2.619400620460510254e-01
-2.619343400001525879e-01
-2.620143294334411621e-01
-2.454838156700134277e-01
-3.429600596427917480e-01
-1.855723261833190918e-01
-2.428800463676452637e-01
-2.742167711257934570e-01
-2.603520750999450684e-01
-2.363975644111633301e-01
-2.885099649429321289e-01
-2.591421604156494141e-01
-2.614184021949768066e-01
-2.290339469909667969e-01
-2.977474331855773926e-01
-2.465122342109680176e-01
-3.149648904800415039e-01
5.793482065200805664e-02
-2.705171108245849609e-01
-2.926440834999084473e-01
-2.591622471809387207e-01
-2.182365655899047852e-01
-2.910932898521423340e-01
-2.245531082153320312e-01
-2.799612283706665039e-01
-2.799820303916931152e-01
-2.592307925224304199e-01
-2.641642093658447266e-01
-2.795153856277465820e-01
-1.060047447681427002e-01
-2.602493762969970703e-01
-2.750547528266906738e-01
-2.701454758644104004e-01
-2.912463545799255371e-01
-2.492561936378479004e-01
-2.579162716865539551e-01
-2.578815817832946777e-01
-2.466292977333068848e-01
-2.299414277076721191e-01
-2.338671088218688965e-01
-3.047707080841064453e-01
1.400869786739349365e-01
-2.205861806869506836e-01
-2.325848937034606934e-01
-2.754375934600830078e-01
-2.261078953742980957e-01
-2.812976241111755371e-01
-2.242386937141418457e-01
-2.127963900566101074e-01
-2.195521593093872070e-01
-2.546889185905456543e-01
-2.326071262359619141e-01
-4.689570069313049316e-01
-6.688725948333740234e-02
-2.468405365943908691e-01
-2.232155799865722656e-01
-2.624098062515258789e-01
-2.471262216567993164e-01
-2.388163208961486816e-01
-2.437241673469543457e-01
-2.560708522796630859e-01
-2.426381707191467285e-01
-2.601710557937622070e-01
-2.431001663208007812e-01
-3.083342313766479492e-01
-6.894180178642272949e-02
-2.465726733207702637e-01
-2.721555233001708984e-01
-2.508477568626403809e-01
-2.465956807136535645e-01
-2.664500474929809570e-01
-2.168605327606201172e-01
-2.495130896568298340e-01
-2.465131282806396484e-01
-2.480053901672363281e-01
-2.981371879577636719e-01
-2.995112538337707520e-01
-1.804603338241577148e-01
-2.619636058807373047e-01
-2.087548971176147461e-01
-2.846517562866210938e-01
-2.167419195175170898e-01
-2.827699184417724609e-01
-2.465121150016784668e-01
-2.616297602653503418e-01
-2.465121746063232422e-01
-2.520805001258850098e-01
-2.465121150016784668e-01
-2.909919023513793945e-01
-1.319204270839691162e-01
-2.748492360115051270e-01
-2.371518015861511230e-01
-2.639693021774291992e-01
-2.321480512619018555e-01
-2.465199828147888184e-01
-2.366228103637695312e-01
-2.437295913696289062e-01
-2.501455545425415039e-01
-2.754545211791992188e-01
-1.947918534278869629e-01
-3.764913082122802734e-01
-2.129706740379333496e-02
-2.613375186920166016e-01
-1.991381645202636719e-01
-2.527371644973754883e-01
-2.366424202919006348e-01
-2.333238720893859863e-01
-2.013582587242126465e-01
-2.437111735343933105e-01
-2.430650591850280762e-01
-2.616720795631408691e-01
-2.653176784515380859e-01
-3.377621769905090332e-01
-1.040021777153015137e-01
-2.545638084411621094e-01
-2.791260480880737305e-01
-2.867218852043151855e-01
-2.580437660217285156e-01
-2.870503067970275879e-01
-2.221211791038513184e-01
-2.604297399520874023e-01
-2.498670816421508789e-01
-2.641271352767944336e-01
-2.532364726066589355e-01
-3.951758146286010742e-01
-4.825967550277709961e-02
-3.210390210151672363e-01
-2.916767001152038574e-01
-2.465193271636962891e-01
-2.477248311042785645e-01
-2.870870232582092285e-01
-2.333406805992126465e-01
-2.608842253684997559e-01
-3.055329322814941406e-01
-2.825519442558288574e-01
-2.310295701026916504e-01
-2.195469141006469727e-01
8.416241407394409180e-02
-3.010369539260864258e-01
-2.761785984039306641e-01
-2.610352635383605957e-01
-2.466663718223571777e-01
-2.610140442848205566e-01
-2.645782828330993652e-01
-2.874559760093688965e-01
-2.465127110481262207e-01
-2.619429230690002441e-01
-2.465121150016784668e-01
-2.809532284736633301e-01
8.880779147148132324e-02
-2.988588213920593262e-01
-2.581186294555664062e-01
-2.536484599113464355e-01
-2.437140345573425293e-01
-2.437930107116699219e-01
-2.465119361877441406e-01
-2.618110179901123047e-01
-2.627300620079040527e-01
-2.619364261627197266e-01
-2.465124726295471191e-01
-3.350809216499328613e-01
2.860790789127349854e-01
-3.111076951026916504e-01
-2.170034646987915039e-01
-2.485481500625610352e-01
-2.455432415008544922e-01
-3.500504493713378906e-01
-2.132611870765686035e-01
-2.372307181358337402e-01
-2.591428160667419434e-01
-3.090417981147766113e-01
-2.670671939849853516e-01
-1.202404499053955078e-01
-2.496510744094848633e-02
-2.517021298408508301e-01
-2.813688516616821289e-01
-2.861913442611694336e-01
-2.844170928001403809e-01
-2.591788768768310547e-01
-2.437347769737243652e-01
-2.685445547103881836e-01
-2.530767917633056641e-01
-2.591571211814880371e-01
-2.456277608871459961e-01
-2.797456979751586914e-01
-2.921897172927856445e-02
-2.673742771148681641e-01
-2.578830122947692871e-01
-2.437140941619873047e-01
-2.889034748077392578e-01
-2.696802020072937012e-01
-2.487726807594299316e-01
-2.673334479331970215e-01
-2.437102794647216797e-01
-2.437083721160888672e-01
-2.234376668930053711e-01
-3.420886993408203125e-01
4.955435693264007568e-01
-3.083270788192749023e-01
-2.104282975196838379e-01
-2.802458405494689941e-01
-2.665205001831054688e-01
-2.475284934043884277e-01
-2.463500499725341797e-01
-2.896950840950012207e-01
-2.391190528869628906e-01
-2.872012853622436523e-01
-2.131071686744689941e-01
-2.707546949386596680e-01
-1.305783689022064209e-01
-2.855789065361022949e-01
-3.000217080116271973e-01
-2.417644858360290527e-01
-2.896729707717895508e-01
-2.541495561599731445e-01
-2.362974882125854492e-01
-2.179627418518066406e-01
-2.554592490196228027e-01
-2.429319024085998535e-01
-2.657825350761413574e-01
-1.900617480278015137e-01
-3.756496310234069824e-02
-2.512309551239013672e-01
-3.715441823005676270e-01
-2.739197015762329102e-01
-2.585777044296264648e-01
-2.241889238357543945e-01
-2.488558888435363770e-01
-2.951020598411560059e-01
-2.742891311645507812e-01
-2.845915555953979492e-01
-2.835735678672790527e-01
-3.990816473960876465e-01
4.453897476196289062e-01
-3.273793458938598633e-01
-2.358220815658569336e-01
-2.730633020401000977e-01
-2.650982141494750977e-01
-2.901732921600341797e-01
-2.436465620994567871e-01
-3.017402291297912598e-01
-2.515928745269775391e-01
-2.594764232635498047e-01
-2.818217873573303223e-01
-3.134019970893859863e-01
1.564767509698867798e-01
-3.115018606185913086e-01
-2.697046399116516113e-01
-2.962712645530700684e-01
-2.689935564994812012e-01
-2.874886393547058105e-01
-2.755760550498962402e-01
-2.852709293365478516e-01
-2.531884908676147461e-01
-2.886899709701538086e-01
-2.608865499496459961e-01
7.438480854034423828e-03
-2.041875720024108887e-01
-2.747007012367248535e-01
-2.888441085815429688e-01
-2.865486741065979004e-01
-2.772013545036315918e-01
-2.896674871444702148e-01
-2.641711831092834473e-01
-2.970183491706848145e-01
-2.826026082038879395e-01
-2.839283943176269531e-01
-2.529822587966918945e-01
-9.167790412902832031e-02
-2.342239618301391602e-01
-2.544548511505126953e-01
-2.258724570274353027e-01
-2.720906138420104980e-01
-2.591387033462524414e-01
-2.874800562858581543e-01
-2.491725087165832520e-01
-2.059744000434875488e-01
-2.438122630119323730e-01
-2.874144315719604492e-01
-2.509034276008605957e-01
-3.139293193817138672e-01
-6.935685873031616211e-02
-2.978183031082153320e-01
-2.489197850227355957e-01
-2.720817923545837402e-01
-2.497438788414001465e-01
-2.941223382949829102e-01
-2.402070164680480957e-01
-2.644271254539489746e-01
-2.505177855491638184e-01
-2.740014195442199707e-01
-2.849509119987487793e-01
-2.756434679031372070e-01
7.939365506172180176e-02
-3.083204627037048340e-01
-2.733840346336364746e-01
-2.593350410461425781e-01
-2.753424048423767090e-01
-2.598385214805603027e-01
-2.591450214385986328e-01
-2.454505562782287598e-01
-2.568832039833068848e-01
-2.506332397460937500e-01
-2.638078331947326660e-01
-2.624197006225585938e-01
-1.743534803390502930e-01
-2.964941263198852539e-01
-2.806196212768554688e-01
-2.850531935691833496e-01
-2.477459311485290527e-01
-2.874125838279724121e-01
-2.440048456192016602e-01
-2.874851226806640625e-01
-2.977198958396911621e-01
-2.597979307174682617e-01
-2.465850114822387695e-01
-1.950196623802185059e-01
-2.106292843818664551e-01
-3.035823106765747070e-01
-2.425563931465148926e-01
-2.898243665695190430e-01
-2.680172920227050781e-01
-2.739774584770202637e-01
-2.458760738372802734e-01
-2.596552371978759766e-01
-3.091798424720764160e-01
-2.390034198760986328e-01
-2.789756059646606445e-01
-3.728880286216735840e-01
-3.218825459480285645e-01
-2.455718517303466797e-01
-2.514972090721130371e-01
-2.726137638092041016e-01
-2.742645144462585449e-01
-2.641514539718627930e-01
-2.352358102798461914e-01
-2.853666543960571289e-01
-2.619390487670898438e-01
-2.465189695358276367e-01
-2.591313123703002930e-01
-2.663418054580688477e-01
-1.806266903877258301e-01
-2.727949023246765137e-01
-2.343832254409790039e-01
-2.850252389907836914e-01
-2.594045400619506836e-01
-2.677794098854064941e-01
-2.555025815963745117e-01
-2.847108244895935059e-01
-2.857885956764221191e-01
-2.818980813026428223e-01
-2.598092555999755859e-01
3.701849281787872314e-01
-2.286842465400695801e-01
-2.572173476219177246e-01
-2.643286585807800293e-01
-2.846894264221191406e-01
-3.017652630805969238e-01
-3.000312447547912598e-01
-2.600720524787902832e-01
-2.619174718856811523e-01
-2.619429230690002441e-01
-2.491145730018615723e-01
-2.204581499099731445e-01
-3.282961845397949219e-01
-1.037001013755798340e-01
-2.870810031890869141e-01
-2.195738554000854492e-01
-2.956612706184387207e-01
-2.706663012504577637e-01
-2.776244282722473145e-01
-2.857083082199096680e-01
-2.824496030807495117e-01
-2.678008675575256348e-01
-2.338657975196838379e-01
-2.195519208908081055e-01
-3.135567903518676758e-01
-1.738888025283813477e-01
-2.673700451850891113e-01
-2.338652014732360840e-01
-3.193581700325012207e-01
-2.802349925041198730e-01
-2.489634156227111816e-01
-2.322511076927185059e-01
-2.450108528137207031e-01
-2.834581732749938965e-01
-2.517415881156921387e-01
-2.686629891395568848e-01
-3.146665692329406738e-01
-1.401638984680175781e-01
-2.956667542457580566e-01
-2.330300807952880859e-01
-2.268994450569152832e-01
-2.282139062881469727e-01
-2.600951790809631348e-01
-2.450478672981262207e-01
-2.322518825531005859e-01
-2.436583638191223145e-01
-2.786380052566528320e-01
-2.424381375312805176e-01
-3.154857158660888672e-01
-2.080588936805725098e-01
-2.958800196647644043e-01
-2.585303783416748047e-01
-3.058856129646301270e-01
-2.074187994003295898e-01
-2.746503949165344238e-01
-2.339234352111816406e-01
-2.195519804954528809e-01
-2.413309216499328613e-01
-2.594522237777709961e-01
-2.591611146926879883e-01
-5.180984139442443848e-01
9.242713451385498047e-03
-2.352749705314636230e-01
-2.293667197227478027e-01
-4.236994981765747070e-01
-2.386003732681274414e-01
-2.286341786384582520e-01
-2.822057008743286133e-01
-2.436438798904418945e-01
-2.988387942314147949e-01
-2.707706689834594727e-01
-2.896951436996459961e-01
2.869096100330352783e-01
6.270891427993774414e-02
-2.748435139656066895e-01
-2.376884818077087402e-01
-2.619004249572753906e-01
-2.737371325492858887e-01
-2.720181941986083984e-01
-2.933382391929626465e-01
-2.874866127967834473e-01
-2.790488004684448242e-01
-2.682047486305236816e-01
-2.319303750991821289e-01
-2.772176265716552734e-01
9.748190641403198242e-02
-2.600846886634826660e-01
-3.134157061576843262e-01
-2.510494589805603027e-01
-2.794610261917114258e-01
-2.740425467491149902e-01
-3.101645708084106445e-01
-2.539192438125610352e-01
-2.667452692985534668e-01
-2.585356831550598145e-01
-2.883328199386596680e-01
-3.139467835426330566e-01
-2.100124955177307129e-01
-2.898315787315368652e-01
-2.893652915954589844e-01
-2.507832050323486328e-01
-2.432522773742675781e-01
-2.633656263351440430e-01
-2.824485898017883301e-01
-2.626905441284179688e-01
-2.638300061225891113e-01
-2.392699122428894043e-01
-2.744714617729187012e-01
-2.876597046852111816e-01
2.006038129329681396e-01
-2.593343853950500488e-01
-2.653628587722778320e-01
-2.599816322326660156e-01
-2.771193385124206543e-01
-2.500010132789611816e-01
-2.850933670997619629e-01
-2.630798816680908203e-01
-2.893089056015014648e-01
-2.872713208198547363e-01
-2.693240642547607422e-01
4.912775754928588867e-02
-3.590566515922546387e-01
-2.721104621887207031e-01
-2.687073349952697754e-01
-2.585370540618896484e-01
-2.315480709075927734e-01
-2.644137144088745117e-01
-2.785515189170837402e-01
-2.463769316673278809e-01
-2.591643929481506348e-01
-2.861781120300292969e-01
-2.936744093894958496e-01
-2.758434414863586426e-01
-2.283251881599426270e-01
-2.777813076972961426e-01
-3.152368664741516113e-01
-2.421931028366088867e-01
-2.830331921577453613e-01
-2.577289938926696777e-01
-2.971755862236022949e-01
-2.791438102722167969e-01
-2.880004048347473145e-01
-2.984779477119445801e-01
-2.708845734596252441e-01
-3.031830787658691406e-01
-1.444822549819946289e-01
-3.252124190330505371e-01
-2.747435569763183594e-01
-3.007974624633789062e-01
-2.891336679458618164e-01
-2.738745808601379395e-01
-2.436382770538330078e-01
-2.644072771072387695e-01
-2.571302652359008789e-01
-2.686011791229248047e-01
-2.577602267265319824e-01
-2.799600362777709961e-01
-2.550303339958190918e-01
-2.731714844703674316e-01
-2.899857759475708008e-01
-2.933992743492126465e-01
-2.928643822669982910e-01
-2.401241660118103027e-01
-2.834575772285461426e-01
-2.737793326377868652e-01
-2.827798128128051758e-01
-2.883235812187194824e-01
-2.558213472366333008e-01
-2.598372101783752441e-01
-3.381496667861938477e-01
-2.405481934547424316e-01
-2.358849048614501953e-01
-2.754761576652526855e-01
-2.528786063194274902e-01
-2.601523995399475098e-01
-2.492163181304931641e-01
-2.597352862358093262e-01
-2.591428160667419434e-01
-2.734446525573730469e-01
-2.816825509071350098e-01
-3.854588866233825684e-01
-3.130336999893188477e-01
-2.848511934280395508e-01
-2.977620959281921387e-01
-2.641021609306335449e-01
-2.896915674209594727e-01
-2.465314865112304688e-01
-2.627283930778503418e-01
-2.677860260009765625e-01
-2.850126624107360840e-01
-2.523952126502990723e-01
-2.807809114456176758e-01
-1.440485715866088867e-01
-2.828789353370666504e-01
-3.174563050270080566e-01
-2.591570019721984863e-01
-2.915426492691040039e-01
-2.229140996932983398e-01
-2.359018325805664062e-01
-2.742874622344970703e-01
-2.594450116157531738e-01
-2.547229528427124023e-01
-2.515020370483398438e-01
-2.343774437904357910e-01
-1.208230555057525635e-01
-1.061100065708160400e-01
-3.396924138069152832e-01
-2.414968609809875488e-01
-2.842842936515808105e-01
-2.536191940307617188e-01
-2.887855768203735352e-01
-2.997813224792480469e-01
-2.606996893882751465e-01
-2.967311143875122070e-01
-2.666133642196655273e-01
-2.512922883033752441e-01
-2.702491879463195801e-01
-2.373188734054565430e-01
-2.877871990203857422e-01
-2.556258440017700195e-01
-2.873029112815856934e-01
-2.530888915061950684e-01
-2.827392220497131348e-01
-2.850826382637023926e-01
-2.701588273048400879e-01
-2.801293730735778809e-01
-2.688529491424560547e-01
-2.537959218025207520e-01
-2.899150848388671875e-01
-2.685608267784118652e-01
-2.877890467643737793e-01
-2.652818560600280762e-01
-2.619429826736450195e-01
-2.677502632141113281e-01
-3.007279038429260254e-01
-2.959536910057067871e-01
-2.764376997947692871e-01
-2.757600545883178711e-01
-2.842201590538024902e-01
-2.473422288894653320e-01
-3.229081630706787109e-01
-2.559506893157958984e-01
-2.786633968353271484e-01
-2.645512819290161133e-01
-2.549796104431152344e-01
-2.594096660614013672e-01
-2.619354724884033203e-01
-2.591415047645568848e-01
-2.611202001571655273e-01
-2.609602212905883789e-01
-2.619374990463256836e-01
-2.544569373130798340e-01
-2.642859220504760742e-01
-2.603088021278381348e-01
-2.639087438583374023e-01
-2.709299325942993164e-01
-2.619242072105407715e-01
-2.631632089614868164e-01
-2.553891539573669434e-01
-2.642206549644470215e-01
-2.437321543693542480e-01
-2.306869626045227051e-01
-2.608271241188049316e-01
-2.436380386352539062e-01
-3.434962630271911621e-01
-2.368378043174743652e-01
-2.481381893157958984e-01
-3.202797174453735352e-01
-3.136906623840332031e-01
-2.466192245483398438e-01
-2.861990928649902344e-01
-2.437362074851989746e-01
-2.775747179985046387e-01
-2.487398982048034668e-01
-2.591272592544555664e-01
-2.487398982048034668e-01
-4.389216899871826172e-01
-1.678620576858520508e-01
-2.495993971824645996e-01
-2.903559207916259766e-01
-2.703327536582946777e-01
-2.485038638114929199e-01
-2.742594480514526367e-01
-2.342066764831542969e-01
-2.752264142036437988e-01
-2.482004761695861816e-01
-2.827800512313842773e-01
-2.486519813537597656e-01
-4.221495389938354492e-01
-2.774689197540283203e-01
-2.487431168556213379e-01
-2.296614646911621094e-01
-2.465203404426574707e-01
-2.116906046867370605e-01
-3.036628365516662598e-01
-2.591431140899658203e-01
-2.529897689819335938e-01
-2.019417285919189453e-01
-2.464569807052612305e-01
-2.564070820808410645e-01
-1.128669977188110352e-01
-3.482839465141296387e-01
-2.642082571983337402e-01
-2.142916917800903320e-01
-2.745635509490966797e-01
-2.690910100936889648e-01
-2.358639836311340332e-01
-2.487191557884216309e-01
-2.694308161735534668e-01
-2.473318576812744141e-01
-2.591506242752075195e-01
-2.672296166419982910e-01
-2.416662573814392090e-01
-1.955595016479492188e-01
-2.912397980690002441e-01
-2.325043082237243652e-01
-2.343454957008361816e-01
-2.806514501571655273e-01
-2.956512570381164551e-01
-2.430907487869262695e-01
-2.643728256225585938e-01
-2.453368306159973145e-01
-2.435181736946105957e-01
-2.903764843940734863e-01
-4.006412625312805176e-01
-1.092596948146820068e-01
-2.594671249389648438e-01
-2.205718755722045898e-01
-2.886919379234313965e-01
-3.055840134620666504e-01
-2.853374481201171875e-01
-2.764738202095031738e-01
-2.465263605117797852e-01
-3.008311986923217773e-01
-2.923164963722229004e-01
-2.620668411254882812e-01
-3.359854817390441895e-01
-2.192875146865844727e-01
-2.689319849014282227e-01
-2.826620340347290039e-01
-2.848080992698669434e-01
-2.348860502243041992e-01
-2.406092286109924316e-01
-2.404595613479614258e-01
-2.591430544853210449e-01
-2.278333902359008789e-01
-2.670825719833374023e-01
-2.428700923919677734e-01
-2.563371658325195312e-01
-1.392675340175628662e-01
-2.691522240638732910e-01
-3.232363462448120117e-01
-3.339869976043701172e-01
-3.002697825431823730e-01
-2.896941900253295898e-01
-2.289223670959472656e-01
-3.111157417297363281e-01
-2.272402644157409668e-01
-2.518836259841918945e-01
-2.286441326141357422e-01
-2.391788959503173828e-01
-2.812379002571105957e-01
-2.556560635566711426e-01
-2.331153154373168945e-01
-2.830327749252319336e-01
-2.530386447906494141e-01
-2.681257724761962891e-01
-2.960481643676757812e-01
-2.464416623115539551e-01
-2.464755773544311523e-01
-2.466675043106079102e-01
-2.934132814407348633e-01
-2.864599227905273438e-01
-2.765068411827087402e-01
-2.509812712669372559e-01
-2.489740848541259766e-01
-2.239334583282470703e-01
-2.530443072319030762e-01
-2.476266026496887207e-01
-2.618203759193420410e-01
-2.577303647994995117e-01
-2.607662677764892578e-01
-2.362648248672485352e-01
-2.611302137374877930e-01
-1.813182830810546875e-01
-1.533091068267822266e-02
-2.856478691101074219e-01
-2.685260176658630371e-01
-2.744016051292419434e-01
-3.119291663169860840e-01
-2.808732986450195312e-01
-2.642926573753356934e-01
-2.943060994148254395e-01
-2.721820473670959473e-01
-2.559928894042968750e-01
-2.590177655220031738e-01
-3.113352656364440918e-01
-1.179072260856628418e-01
-2.605280280113220215e-01
-2.013999223709106445e-01
-2.195483446121215820e-01
-2.073453068733215332e-01
-2.622169852256774902e-01
-2.437162399291992188e-01
-2.827367186546325684e-01
-2.496194839477539062e-01
-2.591428756713867188e-01
-2.591620087623596191e-01
-3.005524873733520508e-01
-2.501071095466613770e-01
-2.993353605270385742e-01
-2.475173473358154297e-01
-2.798567414283752441e-01
-2.682115435600280762e-01
-2.335373759269714355e-01
-2.924902439117431641e-01
-2.486021518707275391e-01
-3.161752820014953613e-01
-2.531081438064575195e-01
-2.407268285751342773e-01
-2.296248674392700195e-01
-2.493965029716491699e-01
-2.365566492080688477e-01
-2.405719757080078125e-01
-3.103513717651367188e-01
-2.437080740928649902e-01
-2.456238269805908203e-01
-2.595188617706298828e-01
-2.650194764137268066e-01
-2.798345088958740234e-01
-2.567104697227478027e-01
-2.539904713630676270e-01
-2.018666267395019531e-01
-2.669271230697631836e-01
-2.503458261489868164e-01
-2.188670635223388672e-01
-2.641485333442687988e-01
-2.582922577857971191e-01
-2.590982317924499512e-01
-2.468714118003845215e-01
-2.589797973632812500e-01
-2.373512387275695801e-01
-2.397498488426208496e-01
-2.742876410484313965e-01
-3.818187117576599121e-01
-2.500527501106262207e-01
-2.953593730926513672e-01
-2.746886610984802246e-01
-2.455253601074218750e-01
-2.236954569816589355e-01
-2.619310617446899414e-01
-2.655595541000366211e-01
-2.634018659591674805e-01
-2.529760599136352539e-01
-2.538521289825439453e-01
-2.619409561157226562e-01
-2.976082563400268555e-01
-2.577683329582214355e-01
-3.263403177261352539e-01
-2.423460483551025391e-01
-3.156620860099792480e-01
-2.591596245765686035e-01
-2.547063231468200684e-01
-2.591429948806762695e-01
-2.487933635711669922e-01
-2.591429948806762695e-01
-2.638233304023742676e-01
-2.591429948806762695e-01
-3.280315399169921875e-01
-2.119773626327514648e-01
-3.477804064750671387e-01
-2.574393153190612793e-01
-2.627480626106262207e-01
-2.852383852005004883e-01
-2.743141055107116699e-01
-2.656989693641662598e-01
-3.166865706443786621e-01
-2.372455596923828125e-01
-2.591429948806762695e-01
-2.487774491310119629e-01
-4.820683002471923828e-01
-2.636157274246215820e-01
-2.446563839912414551e-01
-3.138865828514099121e-01
-2.936074733734130859e-01
-2.064177393913269043e-01
-2.591413855552673340e-01
-2.692152261734008789e-01
-2.591870427131652832e-01
-2.522997260093688965e-01
-2.315971851348876953e-01
-2.670432925224304199e-01
-2.784662246704101562e-01
-3.465780615806579590e-01
-2.723664045333862305e-01
-3.028569817543029785e-01
-2.912839055061340332e-01
-2.412950396537780762e-01
-2.882730960845947266e-01
-3.040144443511962891e-01
-2.723610997200012207e-01
-2.880367040634155273e-01
-2.846883535385131836e-01
-2.921122908592224121e-01
-2.939932942390441895e-01
-2.780574560165405273e-01
-2.551312446594238281e-01
-3.064628839492797852e-01
-2.642933726310729980e-01
-2.716234922409057617e-01
-2.620526552200317383e-01
-2.274897694587707520e-01
-2.384349703788757324e-01
-2.611717581748962402e-01
-2.612273097038269043e-01
-2.736254930496215820e-01
-2.430302500724792480e-01
-3.047894239425659180e-01
-2.498362064361572266e-01
-2.949406504631042480e-01
-2.937924861907958984e-01
-2.292264103889465332e-01
-2.618337869644165039e-01
-2.831154465675354004e-01
-2.600660324096679688e-01
-2.618572711944580078e-01
-2.581757903099060059e-01
-2.167760133743286133e-01
-3.312366604804992676e-01
-3.284504413604736328e-01
-2.487941384315490723e-01
-3.190605044364929199e-01
-3.004339933395385742e-01
-2.913567423820495605e-01
-2.834305763244628906e-01
-2.919865250587463379e-01
-2.611557245254516602e-01
-2.712311148643493652e-01
-2.593430280685424805e-01
-2.101030349731445312e-01
-3.981021642684936523e-01
-2.667378187179565430e-01
-2.912325263023376465e-01
-2.534027695655822754e-01
-2.627782821655273438e-01
-3.113949894905090332e-01
-2.542575001716613770e-01
-3.296607136726379395e-01
-2.599329352378845215e-01
-3.323430418968200684e-01
-2.377737164497375488e-01
-3.076414465904235840e-01
-2.842880487442016602e-01
-1.934905648231506348e-01
-2.907997369766235352e-01
-2.935658693313598633e-01
-2.391375303268432617e-01
-3.144767284393310547e-01
-2.558135986328125000e-01
-3.035521507263183594e-01
-2.814432978630065918e-01
-2.485638856887817383e-01
-2.836573123931884766e-01
-2.734122276306152344e-01
-2.208879590034484863e-01
1.862767338752746582e-01
-3.122911453247070312e-01
-2.782745957374572754e-01
-2.925454974174499512e-01
-3.099521398544311523e-01
-2.492537498474121094e-01
-3.224351406097412109e-01
-2.629780173301696777e-01
-3.208254575729370117e-01
-2.739830613136291504e-01
-3.463186025619506836e-01
-1.649127602577209473e-01
5.162410140037536621e-01
-2.938945293426513672e-01
-2.821178436279296875e-01
-2.701204419136047363e-01
-3.155891299247741699e-01
-2.627552747726440430e-01
-2.866742610931396484e-01
-2.796342968940734863e-01
-2.884616255760192871e-01
-2.602047920227050781e-01
-2.831154465675354004e-01
-1.286225914955139160e-01
9.338089823722839355e-02
-3.222709298133850098e-01
-2.529877424240112305e-01
-2.720601558685302734e-01
-2.360729575157165527e-01
-2.829574942588806152e-01
-2.971620559692382812e-01
-2.627776265144348145e-01
-3.379456996917724609e-01
-2.741602063179016113e-01
-3.351034522056579590e-01
-3.487620949745178223e-01
1.549507826566696167e-01
-2.909724712371826172e-01
-2.615311145782470703e-01
-2.966899275779724121e-01
-2.962454557418823242e-01
-2.447128295898437500e-01
-2.819186449050903320e-01
-2.440527081489562988e-01
-2.864928245544433594e-01
-2.720594406127929688e-01
-2.880861759185791016e-01
-3.326803445816040039e-01
-7.351040840148925781e-04
-2.481350898742675781e-01
-2.766116261482238770e-01
-2.606723904609680176e-01
-2.745619416236877441e-01
-2.963323593139648438e-01
-2.810475230216979980e-01
-2.700273394584655762e-01
-2.783407568931579590e-01
-2.518213391304016113e-01
-2.907869219779968262e-01
-3.456487655639648438e-01
6.552051901817321777e-01
-3.345296978950500488e-01
-2.611940503120422363e-01
-2.463616132736206055e-01
-2.742722034454345703e-01
-2.200311422348022461e-01
-2.705059647560119629e-01
-2.565160393714904785e-01
-2.706872820854187012e-01
-2.582882046699523926e-01
-2.652734518051147461e-01
-2.890031933784484863e-01
-2.619794011116027832e-02
-3.047938346862792969e-01
-3.250364661216735840e-01
-2.847989797592163086e-01
-2.928703427314758301e-01
-2.692615985870361328e-01
-2.912027239799499512e-01
-2.691550254821777344e-01
-2.912412881851196289e-01
-2.846905589103698730e-01
-3.085538744926452637e-01
-2.573986649513244629e-01
4.454274177551269531e-01
-2.767527699470520020e-01
-2.443670034408569336e-01
-2.600877881050109863e-01
-2.595959901809692383e-01
-2.982403635978698730e-01
-3.121367096900939941e-01
-2.495777606964111328e-01
-2.846751809120178223e-01
-2.592064738273620605e-01
-2.900279760360717773e-01
-3.639409542083740234e-01
-1.462257504463195801e-01
-2.934558987617492676e-01
-3.093414902687072754e-01
-2.920289039611816406e-01
-3.122566342353820801e-01
-2.462741136550903320e-01
-2.887815237045288086e-01
-2.437144517898559570e-01
-2.882892489433288574e-01
-2.677824497222900391e-01
-2.937532067298889160e-01
-2.591232657432556152e-01
3.831106424331665039e-02
-2.955257296562194824e-01
-3.498837947845458984e-01
-2.492718100547790527e-01
-2.750226259231567383e-01
-2.452927231788635254e-01
-2.837609648704528809e-01
-2.456738352775573730e-01
-2.881938815116882324e-01
-2.465336322784423828e-01
-3.156272172927856445e-01
-2.325146794319152832e-01
-2.086728811264038086e-01
-2.978897690773010254e-01
-2.756461501121520996e-01
-2.720611691474914551e-01
-2.667255997657775879e-01
-2.111498713493347168e-01
-2.501477599143981934e-01
-2.437146306037902832e-01
-2.594918012619018555e-01
-2.661026716232299805e-01
-2.864224314689636230e-01
-2.801807522773742676e-01
-3.154090046882629395e-02
-2.943655848503112793e-01
-2.800675034523010254e-01
-2.619523406028747559e-01
-2.911243438720703125e-01
-2.442314624786376953e-01
-2.673527598381042480e-01
-2.465116977691650391e-01
-2.851142287254333496e-01
-2.463349103927612305e-01
-2.497522234916687012e-01
-2.657206654548645020e-01
8.018746972084045410e-02
-2.928625941276550293e-01
-2.846595048904418945e-01
-2.847562432289123535e-01
-2.670928239822387695e-01
-2.606367468833923340e-01
-2.202273607254028320e-01
-2.871306538581848145e-01
-2.843618392944335938e-01
-2.462857365608215332e-01
-2.797412872314453125e-01
-2.994542121887207031e-01
4.862835407257080078e-01
-3.436722755432128906e-01
-2.755177617073059082e-01
-2.468070387840270996e-01
-2.817817926406860352e-01
-2.465121150016784668e-01
-3.012564778327941895e-01
-2.475566864013671875e-01
-3.033962249755859375e-01
-2.828940749168395996e-01
-3.223338127136230469e-01
-3.620823025703430176e-01
7.541720271110534668e-01
-3.336613774299621582e-01
-3.207620382308959961e-01
-2.742304205894470215e-01
-2.917769551277160645e-01
-2.720538377761840820e-01
-2.746230363845825195e-01
-2.465089559555053711e-01
-2.987983226776123047e-01
-2.445605993270874023e-01
-2.590658664703369141e-01
-3.885287642478942871e-01
3.029024302959442139e-01
-3.083550333976745605e-01
-2.839145660400390625e-01
-2.795948386192321777e-01
-3.083078265190124512e-01
-2.574678063392639160e-01
-2.862724661827087402e-01
-2.469412088394165039e-01
-3.041265010833740234e-01
-2.463676929473876953e-01
-3.177049756050109863e-01
-3.239876031875610352e-01
9.729157686233520508e-01
-3.041313290596008301e-01
-2.667945623397827148e-01
-2.195641398429870605e-01
-3.077988624572753906e-01
-2.450995445251464844e-01
-2.941367030143737793e-01
-2.720596790313720703e-01
-2.923300266265869141e-01
-2.720685005187988281e-01
-2.877135872840881348e-01
-3.569264411926269531e-01
9.591084122657775879e-01
-3.116828799247741699e-01
-2.772104144096374512e-01
-2.748442292213439941e-01
-2.927567958831787109e-01
-2.527611851692199707e-01
-3.038012385368347168e-01
-2.628384232521057129e-01
-2.742944955825805664e-01
-2.195652127265930176e-01
-2.680469155311584473e-01
-4.511871337890625000e-01
2.079142034053802490e-01
-2.926412224769592285e-01
-2.852177023887634277e-01
-2.594121694564819336e-01
-2.939411997795104980e-01
-2.274858355522155762e-01
-3.029996752738952637e-01
-2.689329385757446289e-01
-3.066537380218505859e-01
-2.571655511856079102e-01
-2.914028763771057129e-01
-3.303650021553039551e-01
3.778592646121978760e-01
-2.824629545211791992e-01
-2.885429263114929199e-01
-2.630736827850341797e-01
-2.929198145866394043e-01
-2.470269799232482910e-01
-2.698255777359008789e-01
-2.772007584571838379e-01
-2.497216463088989258e-01
-2.707559466361999512e-01
-2.726063132286071777e-01
-5.102657079696655273e-01
6.124800443649291992e-01
-2.879216074943542480e-01
-2.481222152709960938e-01
-2.670797109603881836e-01
-2.561190724372863770e-01
-2.781958580017089844e-01
-2.459346652030944824e-01
-2.659656405448913574e-01
-2.735098004341125488e-01
-3.068790435791015625e-01
-3.335445523262023926e-01
-2.514541149139404297e-01
8.046983480453491211e-01
-2.864944338798522949e-01
-2.281901240348815918e-01
-2.900235652923583984e-01
-2.962389588356018066e-01
-2.463350892066955566e-01
-2.865981459617614746e-01
-2.527099251747131348e-01
-2.881007790565490723e-01
-2.742806077003479004e-01
-2.393518686294555664e-01
-2.889305949211120605e-01
8.108251094818115234e-01
-3.464468121528625488e-01
-2.665697932243347168e-01
-2.301900386810302734e-01
-3.105331063270568848e-01
-2.906722426414489746e-01
-2.505903244018554688e-01
-2.808085083961486816e-01
-2.481529712677001953e-01
-2.880353927612304688e-01
-2.357959747314453125e-01
8.006947040557861328e-01
6.623674631118774414e-01
-3.021165728569030762e-01
-2.790931463241577148e-01
-2.525870203971862793e-01
-2.195516228675842285e-01
-2.437583804130554199e-01
-3.043856620788574219e-01
-2.638567090034484863e-01
-2.610658407211303711e-01
-2.448537945747375488e-01
-2.695800065994262695e-01
-3.576312065124511719e-01
-2.609398961067199707e-02
-3.509235978126525879e-01
-2.631571888923645020e-01
-2.448666691780090332e-01
-2.465130090713500977e-01
-2.631489038467407227e-01
-2.447385787963867188e-01
-2.857930660247802734e-01
-2.426225543022155762e-01
-2.441983819007873535e-01
-2.580752968788146973e-01
-2.906871438026428223e-01
