7.119347919327487229e-03
-3.116817548243232261e-02
-7.186305151046408490e-02
-1.164815539248251902e-01
-1.658298796621210380e-01
-2.205551997482072535e-01
-2.765444348880405356e-01
-3.244441000379343909e-01
-3.611133510748033570e-01
-3.876736240363493069e-01
-3.970625776944601837e-01
-3.732481697130951570e-01
-3.015753565216331422e-01
-1.752428058576905034e-01
-1.875281326457067799e-02
1.124592463403023546e-01
1.963678269664995701e-01
2.479178766447516225e-01
2.724109589617664251e-01
2.606029649206411669e-01
2.128340615637872579e-01
1.435380293567247445e-01
5.767592111634510521e-02
-4.856263663345170012e-02
-1.693136327990554246e-01
-2.880598701446730470e-01
-3.861741852536484387e-01
-4.458220504957216557e-01
-4.457441839103956083e-01
-3.606290238646721602e-01
-2.120535109740662172e-01
-6.641184421649631853e-02
6.006271055381785101e-02
1.960828092764785591e-01
3.273954285484596549e-01
4.030474227495018935e-01
4.178700967901333163e-01
4.056889338272335888e-01
3.729065259590289561e-01
3.001436286747433124e-01
1.869113041147177634e-01
5.536644345849980192e-02
-7.092214766251193903e-02
-1.707465797078289438e-01
-2.377454173399686788e-01
-2.748220572232424885e-01
-2.686111092074453532e-01
-2.215421854538594804e-01
-1.598687182485432068e-01
-7.688020311191848255e-02
2.368685004937103392e-02
9.431696075637704957e-02
1.173955058048036099e-01
1.121098402938046773e-01
9.362042728950233095e-02
7.379880993200772787e-02
6.689685721795798901e-02
7.597530423719563164e-02
8.999573325631987641e-02
8.925164728062945363e-02
5.848743705533190895e-02
2.830771623395955672e-03
-6.332910782684245121e-02
-1.290431839699555105e-01
-1.866211037867937239e-01
-2.276457097398561780e-01
-2.393711981629812746e-01
-2.063628856427279501e-01
-1.375503225495348092e-01
-6.130870895471089016e-02
2.179521474709233270e-02
1.097932358703885419e-01
1.805586879016594093e-01
2.347706684789827858e-01
2.746046494232297630e-01
2.840964997569938033e-01
2.614809788624628539e-01
2.183106483570999290e-01
1.625442350769323585e-01
1.021009642216678809e-01
4.706994150425219958e-02
4.867047457720572595e-03
-2.175171574027232047e-02
-2.928867993710233819e-02
-2.622243585317416553e-02
-3.777853629037464939e-02
-7.317466819974755010e-02
-1.209193561269419764e-01
-1.688001764967385077e-01
-2.023131296397282786e-01
-2.128147472783871175e-01
-2.056646631673098302e-01
-1.800051967336882552e-01
-1.229448373332556743e-01
-5.073362673730760775e-02
-1.265945684562690479e-02
-3.136283037414117070e-02
-9.268767366288840903e-02
-1.698095091238412679e-01
-2.363419703120344662e-01
-2.694706835374082177e-01
-2.416958863344296771e-01
-1.640228398672391175e-01
-9.209378941736437452e-02
-4.419087665959609001e-02
8.896022819621277056e-03
8.358067253187165258e-02
1.619032429671046769e-01
2.305785921264483784e-01
3.030770461432533147e-01
3.720690051205369220e-01
4.002072564819519895e-01
3.783476676833854024e-01
3.272976017411615146e-01
2.617036897686856878e-01
1.865222617009204276e-01
1.045765402765020669e-01
2.347264630596568660e-02
-5.661543434736849428e-02
-1.380815928602039666e-01
-2.055315066532771850e-01
-2.428921654843197997e-01
-2.520436272982652381e-01
-2.426835908847212175e-01
-2.105220851969022700e-01
-1.398089744975248017e-01
-4.327281465278901701e-02
3.749859260270183708e-02
8.614866824618158669e-02
1.120622579162141308e-01
1.206732517722819142e-01
1.176963752887943554e-01
1.129210769995845492e-01
1.108537854313012827e-01
1.090618709263718455e-01
1.049650022484252265e-01
9.823205471427749746e-02
9.138556744528561482e-02
8.451682490524269065e-02
7.420916269457270009e-02
5.802372082337345360e-02
3.460348336491147342e-02
4.680143597274352696e-03
-2.987737285916941890e-02
-6.926400307231080078e-02
-1.156978929540850992e-01
-1.687173208414857462e-01
-2.253019105292353441e-01
-2.822169596154164850e-01
-3.332515661296145959e-01
-3.679853885897206300e-01
-3.720695895047537172e-01
-3.314720700416239896e-01
-2.380813262149985288e-01
-8.941865417889777179e-02
7.985248865321017964e-02
2.038131007363765956e-01
2.600936962618927151e-01
2.661107375638335215e-01
2.387686238344500778e-01
1.919968945651539249e-01
1.373534369653272857e-01
8.272207862865910144e-02
3.405425411643676903e-02
4.457062771399192269e-04
-7.189688662667219343e-03
2.166223375748580274e-02
7.569154109023712440e-02
1.212107397383885843e-01
1.423853623685318870e-01
1.447514767949711623e-01
1.400769456818701797e-01
1.335916965837870007e-01
1.162542609891810963e-01
8.658365960636864311e-02
5.240936792660260551e-02
1.667434669026845312e-02
-1.900978959228444634e-02
-5.096169791789091630e-02
-7.348369888664045557e-02
-8.918751919541688389e-02
-1.106423462809161679e-01
-1.433601001478325143e-01
-1.860856053550504208e-01
-2.336876273684941330e-01
-2.751068534450024639e-01
-2.973727775229113579e-01
-2.889589838454184045e-01
-2.383271443990018779e-01
-1.285431085381771588e-01
5.741281697326289929e-02
2.796824160347751720e-01
4.452595266362233684e-01
5.145317206507971086e-01
5.021971545464917197e-01
4.254664213315706989e-01
3.064342049087722675e-01
1.682612510865053868e-01
2.841396011048782574e-02
-9.850810654393223065e-02
-1.989014480942831731e-01
-2.602629685853010133e-01
-2.668091653825777065e-01
-1.993204243256814778e-01
-9.010115895070343328e-02
-2.335771753930671740e-02
-2.847479403639186640e-02
-7.898546003607677390e-02
-1.482739119647195070e-01
-2.089147199005279842e-01
-2.563320219638250408e-01
-3.102703260482351233e-01
-3.626009636818775528e-01
-3.739475934986176697e-01
-3.015258778630948155e-01
-1.544239573631642770e-01
6.611765157815393049e-03
1.756265786967837472e-01
3.441914465706282789e-01
4.432451428904983226e-01
4.557161730310406722e-01
4.228018332006788227e-01
3.707997647607073066e-01
2.992519398568940781e-01
2.204740755363364668e-01
1.730317570504471547e-01
1.921983255195499618e-01
2.470592324940198148e-01
2.459539143761151070e-01
1.516839871787928340e-01
-1.353089382297357340e-02
-2.262731879387678002e-01
-4.615182385084126149e-01
-6.892848764376986459e-01
-8.764764805779323709e-01
-9.860714599564770477e-01
-9.745217412678746083e-01
-7.916005327794715107e-01
-4.378030522077125952e-01
-1.931086899745362156e-02
3.463099189867325234e-01
6.376259110376224504e-01
8.489807413430136007e-01
9.299641754293881402e-01
8.754387684433089234e-01
7.276030769916473906e-01
5.208996739468045867e-01
2.829382275932694202e-01
3.810405831078407524e-02
-1.814375859881807440e-01
-3.341568178564206515e-01
-4.036314330281102203e-01
-4.002541526127412208e-01
-3.193377917020131518e-01
-1.695442963497679201e-01
1.419316928619768214e-02
1.952585101696293624e-01
3.232025714118220705e-01
3.760422985332425028e-01
3.731029903856276642e-01
3.344233217908140210e-01
2.673250084271407423e-01
1.682903650484502966e-01
4.454071103062298698e-02
-8.452567217247006215e-02
-2.038543122996424872e-01
-3.015019563012999448e-01
-3.650256277598629140e-01
-3.953332685492318421e-01
-4.052839975033771247e-01
-3.937511458497884309e-01
-3.422081355664115532e-01
-2.602741982524543474e-01
-1.914085773437812499e-01
-1.478462721789137457e-01
-1.023789247665285451e-01
-4.533112275417527925e-02
5.359175239475381242e-03
5.235166649203625705e-02
1.212465030816574502e-01
2.026802895580178121e-01
2.499217865124553628e-01
2.451573648926001214e-01
2.027544169439296495e-01
1.374043489982268718e-01
6.392663410782678524e-02
-2.570721318309609343e-03
-4.551493480427657584e-02
-5.260072075489688470e-02
-1.722316166124340450e-02
4.884302947706944953e-02
1.122981011663882756e-01
1.551352144941083033e-01
1.783732178422730297e-01
1.776599511616138993e-01
1.500801163980163555e-01
1.056531430592258791e-01
5.388786514729366345e-02
-3.305112095396074961e-03
-5.829979254718881121e-02
-1.003267321472005175e-01
-1.283979460953343366e-01
-1.431586668260766138e-01
-1.420882406021983235e-01
-1.285268059213293401e-01
-1.086366714077859341e-01
-8.766794911925496203e-02
-7.107778578600049135e-02
-5.955152094098374593e-02
-4.917503474302979682e-02
-3.668595765042168000e-02
-1.633273338370872657e-02
8.831828722283529762e-03
2.582705581108132517e-02
3.507891635540805186e-02
4.226901927765192718e-02
4.875029763583244025e-02
5.783335214842262595e-02
7.129637589627856042e-02
8.549447955701679203e-02
9.387379472338269748e-02
9.377877422675245933e-02
8.500534515053306817e-02
6.807002738136777586e-02
4.760118014897340294e-02
2.780156800842180365e-02
6.379548943213234589e-03
-2.324272399300149339e-02
-6.444634709576360643e-02
-1.124010414584939582e-01
-1.562907888247605792e-01
-1.865826384281194517e-01
-1.997640137487750600e-01
-1.949968586933994996e-01
-1.712740777317195429e-01
-1.270973510814113749e-01
-6.645066392099116537e-02
-5.315384349919996879e-05
6.393952469977902398e-02
1.211626141157075842e-01
1.689336639200627044e-01
2.059043891769432033e-01
2.305532179347381250e-01
2.403573301177880928e-01
2.276866713316275659e-01
1.827163066829086691e-01
1.104243932652367727e-01
3.257957271926400361e-02
-3.180985102195012237e-02
-7.813934478529821481e-02
-1.093321995320917367e-01
-1.289687021913862031e-01
-1.416387492104684287e-01
-1.522502988028185678e-01
-1.583460952413362766e-01
-1.491524626674572696e-01
-1.194390729539119844e-01
-7.155307190093379566e-02
-6.880505302073482848e-03
6.627751733098027898e-02
1.290688269475961936e-01
1.701987783786415021e-01
1.883522568972081090e-01
1.846765878453751064e-01
1.680500014384596064e-01
1.498924054387596183e-01
1.298408507708043724e-01
1.028122361716125588e-01
6.964171185555957655e-02
3.047198988117590102e-02
-1.589920364655207641e-02
-6.726865993457016579e-02
-1.230076970095641403e-01
-1.903458187056085438e-01
-2.708488165389140168e-01
-3.491117875730938569e-01
-4.043292076185240336e-01
-4.159658413352898543e-01
-3.658071301458490909e-01
-2.400010706248916215e-01
-7.399233404912511358e-02
4.881939691253850411e-02
9.783130563446547356e-02
9.512189515347972690e-02
6.647497532327741043e-02
4.027270661450925437e-02
4.302704028194771074e-02
1.012241561894324238e-01
1.962207357727194235e-01
2.631178535720852252e-01
2.790587300635043455e-01
2.604626875914761164e-01
2.218282638563505160e-01
1.758683016923618114e-01
1.325538628167581001e-01
1.059156585062039496e-01
9.804258940773961928e-02
8.959460666414091612e-02
6.987158438085831758e-02
4.369364229944117800e-02
1.630621237827254572e-02
-9.710981257823804447e-03
-3.405840685664228429e-02
-5.792283387529156835e-02
-8.118448261826796686e-02
-9.989984068504768888e-02
-1.067804488084699022e-01
-9.390562133985246029e-02
-7.029561774083636916e-02
-5.737274436644042297e-02
-5.814039337109307148e-02
-6.530643231238640600e-02
-7.841222866598529517e-02
-9.601102399205771465e-02
-1.125166680774959266e-01
-1.238796981435786315e-01
-1.260422915939649335e-01
-1.112734697830141117e-01
-7.244108550816158454e-02
-1.853979334884887226e-02
2.387579366127167563e-02
3.968282677515583279e-02
3.409713884749578094e-02
1.900555427502273464e-02
5.555439930739307364e-04
-2.374249751642925482e-02
-5.330851436871407445e-02
-7.980688182537280795e-02
-8.863546221814001813e-02
-6.228080414589901026e-02
1.040481007911436134e-02
1.099202501964610529e-01
1.945524509738208452e-01
2.462959974720134726e-01
2.680278748840106973e-01
2.620543043116181914e-01
2.347516975361913505e-01
1.965464578134586970e-01
1.546142766822656278e-01
1.137739646368125801e-01
7.455264787664545034e-02
3.134488295783405959e-02
-1.851060170722220594e-02
-7.027147036803700619e-02
-1.173188249572618413e-01
-1.549314716318994922e-01
-1.786762699280199096e-01
-1.870295429274101418e-01
-1.835544308345942177e-01
-1.748267371925420754e-01
-1.648598259349763895e-01
-1.503066563391126653e-01
-1.242711873727968541e-01
-8.135424026879981008e-02
-1.379970317534433277e-02
6.043103407742880101e-02
9.483824312598171380e-02
7.656434844604786960e-02
2.385339200279967820e-02
-4.774652757383229806e-02
-1.256788892332194041e-01
-1.987054917414522170e-01
-2.517656154734899121e-01
-2.644692195549109281e-01
-2.177190079202617201e-01
-1.063234245315917981e-01
6.702861771248178058e-02
2.671200680425814822e-01
4.191433919907422423e-01
4.898009354455808428e-01
4.963559399395716110e-01
4.580887582840935113e-01
3.925377165553170511e-01
3.160567504525920723e-01
2.369981215487799164e-01
1.561966516178456554e-01
7.426963075720734164e-02
-2.789967053739683678e-03
-6.562592507982756285e-02
-1.034435029332677614e-01
-1.271904230631923649e-01
-1.729950200428208018e-01
-2.528378516975170465e-01
-3.528315195124455683e-01
-4.597760266129182205e-01
-5.644416795543295562e-01
-6.535891658694465978e-01
-7.049913811422957588e-01
-6.949615792131516034e-01
-5.991991632053721428e-01
-3.881996636852884652e-01
-6.575708683374431596e-02
2.697818515737971934e-01
5.035894381659564711e-01
6.167418092593273116e-01
6.402666493195602326e-01
6.006103181290929349e-01
5.203271289292678015e-01
4.146393438686335475e-01
2.992808171233531378e-01
1.907006009692800985e-01
1.007649338614893392e-01
3.776673469005889516e-02
4.302637080002103681e-03
-1.265337519390587889e-02
-2.984581841613715911e-02
-4.981613812474129654e-02
-7.482282158940201100e-02
-1.075941069098908243e-01
-1.434509185302908774e-01
-1.760773426213355641e-01
-2.006916708496122304e-01
-2.072939733846837496e-01
-1.760833626860138779e-01
-8.830189324833684350e-02
3.398066658391992595e-02
1.320210814197184945e-01
1.821732595506896646e-01
1.930679519557651214e-01
1.688704785511722095e-01
1.175934469798547710e-01
5.292801147422544761e-02
-1.487684140319978088e-02
-8.162446993225300207e-02
-1.427457369284294009e-01
-1.876092908509941204e-01
-2.053064760826708857e-01
-1.916089893917690135e-01
-1.464214181193344844e-01
-6.494584339183796795e-02
4.111199667294114513e-02
1.359747743122067809e-01
2.036259099510875914e-01
2.468604070873052225e-01
2.645645179716715756e-01
2.556318865964346543e-01
2.224719214742648943e-01
1.708930678421724803e-01
1.048598353400510691e-01
2.840503112489609419e-02
-5.561788325129714272e-02
-1.485924102997124574e-01
-2.446245657732380452e-01
-3.308664668612661952e-01
-3.979077063450969232e-01
-4.403351206680521379e-01
-4.537131397888977680e-01
-4.290531556260895885e-01
-3.581446373965476160e-01
-2.366537098800795547e-01
-5.171433656916892690e-02
1.684862715130188149e-01
3.438475350207115255e-01
4.384359850543700921e-01
4.660727931119104106e-01
4.413011981949604423e-01
3.768329736377998840e-01
2.880341252689836984e-01
1.925707522276199624e-01
1.021628796844532422e-01
2.172535074052744236e-02
-4.212133215807707665e-02
-8.529071605815775892e-02
-1.050387590360299939e-01
-1.048711295927431952e-01
-1.047966663325110015e-01
-1.150843683099214143e-01
-1.337489547212230567e-01
-1.603990464616113498e-01
-1.884164877995925802e-01
-2.051432385086308652e-01
-2.007597910108887829e-01
-1.719624917592626479e-01
-1.147660510771364578e-01
-2.245105234553665050e-02
8.873893639112115372e-02
1.794951512436663288e-01
2.331114240065509102e-01
2.584349458262232280e-01
2.648178622437976082e-01
2.549186752351434992e-01
2.314591404969486010e-01
2.023988855144537302e-01
1.726127835690153822e-01
1.397841697685478224e-01
9.615770759074866725e-02
3.780994151690148658e-02
-2.606155671726289452e-02
-8.651592290817200492e-02
-1.484122626417128665e-01
-2.145943447076171795e-01
-2.797449220633708711e-01
-3.390302872453394567e-01
-3.875929370098072368e-01
-4.219083076730423265e-01
-4.383275175563239312e-01
-4.279538559282490828e-01
-3.752106634170252475e-01
-2.608369459109288746e-01
-8.022051951847812556e-02
1.235372488809767244e-01
2.838332843634449043e-01
3.782113287342563357e-01
4.224314785573570763e-01
4.308110570636537462e-01
4.126370802882839972e-01
3.762478307834926095e-01
3.283709482616469222e-01
2.733471767971994981e-01
2.117918349788762145e-01
1.412514835079747844e-01
6.506675767726614878e-02
-5.760765787826888085e-03
-6.393851994967285346e-02
-1.074893728652221436e-01
-1.364760143078182775e-01
-1.534841649248080420e-01
-1.607913706120200903e-01
-1.620174377507609953e-01
-1.636956608570540594e-01
-1.692277676557624455e-01
-1.753347379923377025e-01
-1.764007738303078887e-01
-1.639689422018678067e-01
-1.261916895487576462e-01
-5.729214923527126135e-02
2.776174660692099644e-02
9.766188816031888542e-02
1.354368143826506499e-01
1.432978067045947435e-01
1.290276898996708388e-01
1.035133421800022435e-01
7.879975940732543427e-02
6.393560353126644114e-02
6.450423341808791955e-02
8.721699668829895058e-02
1.277071899404681743e-01
1.699444898793665004e-01
2.046196973185537282e-01
2.250886167658565362e-01
2.250325442673106469e-01
2.011807999797923241e-01
1.498332826709672660e-01
7.008705686836395887e-02
-3.262113567720067997e-02
-1.496873881257350936e-01
-2.756835295905055716e-01
-4.075121121549197811e-01
-5.362174851437195855e-01
-6.438277438408385178e-01
-7.136429131973507367e-01
-7.300217170082159424e-01
-6.710337016378644659e-01
-5.177061211180251643e-01
-3.063910087621236622e-01
-1.159284186930195637e-01
3.376226885814637146e-02
1.738439968835980842e-01
3.371443669076903404e-01
5.057764216995571660e-01
6.077179814282832604e-01
6.199065079255949851e-01
5.684077123731814396e-01
4.754453795658618587e-01
3.616256733878936980e-01
2.471579390963882239e-01
1.451252288786088751e-01
6.189799135289068832e-02
3.557845476381414802e-03
-2.249876388468653385e-02
-7.646403721813140042e-03
3.786834629909645311e-02
8.159613671687081238e-02
1.051729601393455171e-01
1.098341026368154505e-01
9.861115759588245933e-02
7.219792955447634775e-02
3.597459629312597940e-02
5.105401854416234675e-03
-1.273495183952980114e-02
-2.232682561138042004e-02
-2.155828044396944365e-02
-1.434520104538193619e-02
-1.960796228094277560e-02
-4.482805899491765916e-02
-8.444708257200392310e-02
-1.334836298464388282e-01
-1.845236162187799400e-01
-2.330770629236357805e-01
-2.800881819004096829e-01
-3.154965278271957829e-01
-3.225220808985643228e-01
-2.886052396670150677e-01
-2.009741217839655369e-01
-4.423050931371307753e-02
1.508856417649901693e-01
3.003355941105808058e-01
3.639982227524345970e-01
3.561042886433594123e-01
2.927135417214332680e-01
1.885656781832702467e-01
6.085018946233597403e-02
-7.248474234595395083e-02
-1.944275195720855387e-01
-2.864850887990337824e-01
-3.288519621258213510e-01
-3.040746520912724904e-01
-2.409560167341666670e-01
-2.091876939411757286e-01
-2.244318589297735755e-01
-2.564983862848003171e-01
-2.795409759331315414e-01
-2.655389021458345877e-01
-1.814597030710951020e-01
-4.353358507399935490e-02
7.638192279844366328e-02
1.540990848503790422e-01
2.180819324374151935e-01
2.996961863275166560e-01
3.919895581510912663e-01
4.476857745367251451e-01
4.569454932619030352e-01
4.439860703557577115e-01
4.168399031090582185e-01
3.695772648118548220e-01
3.038556323834865625e-01
2.285471699984241711e-01
1.491503071013129123e-01
7.096691089442337674e-02
1.054338024114649663e-03
-5.350398393567865063e-02
-9.271293733730147368e-02
-1.262672592095143709e-01
-1.632139617423257194e-01
-2.081319666136978164e-01
-2.641005766350427719e-01
-3.270425048590195893e-01
-3.816026882259740405e-01
-4.153617463662129250e-01
-4.252705070734269510e-01
-4.030305483028772118e-01
-3.328624443605952554e-01
-1.960572731746285102e-01
-1.752520430473351529e-02
1.323115879107532034e-01
2.294594725240238497e-01
2.852819434113874064e-01
3.014788358177590832e-01
2.828387863524037260e-01
2.291977476641923750e-01
1.430502630026903865e-01
4.416736111446456503e-02
-4.079565400974456690e-02
-8.585189165039994186e-02
-7.145923022756042742e-02
-4.538883688642005032e-03
7.095267372658724259e-02
1.091034723085343577e-01
1.015389674846448598e-01
6.244096595530326810e-02
5.762700487115551828e-03
-5.732908786848975313e-02
-1.183903301770599520e-01
-1.662463249803411425e-01
-1.873228764646279743e-01
-1.754892203646648829e-01
-1.357758156000681837e-01
-6.215259047465955533e-02
3.677572418888711003e-02
1.121034142747383416e-01
1.387034786129766328e-01
1.248032598716041636e-01
8.204899897955851562e-02
3.416268536517564486e-02
7.960680404719627096e-03
2.157511841304078290e-02
6.647554763780832987e-02
1.052153034305992330e-01
1.189771422866279238e-01
1.181026447327901130e-01
1.107090716625940136e-01
9.400495909624517754e-02
6.502837359024721264e-02
2.876527509254909673e-02
-6.232631595111549211e-03
-3.759979992602210247e-02
-6.630226741146535985e-02
-8.950870364646668076e-02
-1.027206989266695736e-01
-1.018387219545353467e-01
-8.474978378752297259e-02
-4.704980297685439072e-02
2.303405938040289230e-03
3.310209466223489050e-02
2.934368884859123866e-02
-9.617466242163568574e-04
-4.583048251389407191e-02
-9.514798895732490269e-02
-1.365181160283598927e-01
-1.522441477953712374e-01
-1.367591067707147334e-01
-9.927501028684952711e-02
-3.350154233743685844e-02
4.979365888695445885e-02
1.058575918556742129e-01
1.164027155448572048e-01
8.994151740206252077e-02
3.787695427419744687e-02
-2.135530307104523823e-02
-6.936768898197960553e-02
-9.182156904099073036e-02
-7.439725732847235484e-02
-7.508677569776158606e-03
9.170436162862784235e-02
1.908307953232678267e-01
2.813728710195166349e-01
3.553389354295617419e-01
3.855744971042276426e-01
3.599715736910659158e-01
2.879806504248494381e-01
1.838834270745548782e-01
5.715595669073689211e-02
-8.654392610309305511e-02
-2.380757689667737376e-01
-3.862945183040877861e-01
-5.175779170058910639e-01
-6.164101934963689411e-01
-6.689565864045008414e-01
-6.579976833506779865e-01
-5.578891442078746099e-01
-3.669254828271456548e-01
-1.349883090647343298e-01
6.712727224891894273e-02
1.886313831371733141e-01
2.253526004480686518e-01
2.034482332833015827e-01
1.557510535183274092e-01
1.233171263485821206e-01
1.390047396783763156e-01
2.157470808058287171e-01
3.206157513153056193e-01
3.885101954469049046e-01
4.003506429514966936e-01
3.746796851475640566e-01
3.223794847006298259e-01
2.497323204712240952e-01
1.648117067978183692e-01
7.782767133802807880e-02
-2.141265724036122559e-03
-7.042535927723095335e-02
-1.264226380665018912e-01
-1.662248699958223663e-01
-1.828585908720673503e-01
-1.761837225035260135e-01
-1.479110918348500447e-01
-9.275662522851269021e-02
-2.354795601184644580e-02
2.601774489853994621e-02
4.540019131627786447e-02
4.718405416196681107e-02
4.151710774416456778e-02
3.141589972543780418e-02
1.417104080718803970e-02
-9.127512129355067408e-03
-3.109952975006630149e-02
-4.624381739486800591e-02
-5.153115613593961530e-02
-4.363598835950446841e-02
-2.727735612596952561e-02
-1.362426251716195545e-02
-6.905158491877979102e-03
-6.557487732902977755e-03
-1.060461059415459054e-02
-1.561406903769442175e-02
-2.178920824428971434e-02
-3.303432353648345920e-02
-5.095771556765960747e-02
-7.282876155513010041e-02
-9.320040384090735874e-02
-1.043135385261405729e-01
-1.017688240945704425e-01
-8.732471839344693731e-02
-6.226881085149121864e-02
-2.598709918435368124e-02
9.378949347750752813e-03
2.530710709280074161e-02
1.963306695545165292e-02
3.248579333840574679e-03
-8.030569806097023755e-03
-2.658452403557321625e-03
1.752172019643277040e-02
4.298179101709398431e-02
6.751310050185779787e-02
8.887498623339502857e-02
1.055758821919951657e-01
1.160762513731171119e-01
1.172821398957716588e-01
1.053698034951737195e-01
7.618357921091487017e-02
3.437607031880676040e-02
-5.804792436066669344e-03
-3.727419607259334355e-02
-6.127625817976287831e-02
-7.877317548621418086e-02
-8.896562170072411235e-02
-9.193301133737515063e-02
-9.031016632030038072e-02
-8.322583572793959550e-02
-6.557568059101942515e-02
-3.595001557750986815e-02
5.035941919515098120e-04
3.528243222554234421e-02
5.997192182227135265e-02
7.119956259123544351e-02
7.096128738615994913e-02
5.997724101524265494e-02
3.880703046427487479e-02
1.195410501962175347e-02
-1.302905608336165158e-02
-2.982656616999714363e-02
-3.540091531845624556e-02
-2.692711001264042753e-02
-3.756245120381212013e-03
2.596979172346785408e-02
5.089508822215445261e-02
7.025257272332904868e-02
8.721467436785318439e-02
9.840502786571965477e-02
1.013788352806083981e-01
9.631892374089942588e-02
8.498334105480261080e-02
7.078876499823590074e-02
5.438408914154594515e-02
3.629482724752628592e-02
1.823343069772580954e-02
2.050078669460834307e-03
-1.339310027004483178e-02
-3.190870334482885651e-02
-5.400153635585103196e-02
-7.835414285084547903e-02
-1.044901220873493408e-01
-1.332405879314991215e-01
-1.609814757208025415e-01
-1.779398090123798792e-01
-1.742328706529929772e-01
-1.389505470037275259e-01
-6.238944530790326709e-02
4.563108417347597201e-02
1.433921630566318550e-01
1.906753700642706273e-01
1.817913200290187659e-01
1.320907738403962473e-01
5.499851683159864141e-02
-4.316371848607490624e-02
-1.494935075495082977e-01
-2.430237894266409904e-01
-3.031606463043137745e-01
-3.062311290887192450e-01
-2.251981278477854231e-01
-8.422395094427874429e-02
3.729003915536713981e-02
1.075263737028750305e-01
1.493501785358171408e-01
1.912467688527438592e-01
2.274188859466073631e-01
2.147067800432015117e-01
1.431752496434804400e-01
3.561235383252925324e-02
-8.419624674419728949e-02
-1.870559412458684678e-01
-2.393595004526113401e-01
-2.044665074986261044e-01
-1.008702540202121856e-01
-8.750984178138913189e-03
3.676501053136939368e-02
5.537859806770359383e-02
8.081616433161893653e-02
1.323422512303830401e-01
1.839996548318743874e-01
2.069328797982474821e-01
2.096310999243424511e-01
2.185075837575024271e-01
2.561599556351402684e-01
3.009157089360927073e-01
2.907585458932733791e-01
2.052252583125416807e-01
6.632119767202157568e-02
-1.008538512254713859e-01
-2.727342157520791233e-01
-4.291092103618605047e-01
-5.495052110997985517e-01
-6.173767795062184982e-01
-6.205423862400734070e-01
-5.442381326614307291e-01
-3.701494334321134838e-01
-1.150905182807352711e-01
1.389931277807195942e-01
3.205187832207073706e-01
4.246433597178235209e-01
4.718672334509033672e-01
4.771981864755414637e-01
4.500404751969971917e-01
3.995062104443394269e-01
3.345286931176897904e-01
2.597227987523798021e-01
1.779344613092540550e-01
8.970753995305598416e-02
-2.517918975484810182e-03
-9.210140484526556370e-02
-1.726403141770302407e-01
-2.361942296005558883e-01
-2.776985708091511129e-01
-2.958526629585229162e-01
-2.879891344495232319e-01
-2.518726869697018311e-01
-1.856526356029820080e-01
-1.017116044057054247e-01
-2.765704009357672008e-02
2.623519543903933549e-02
6.693135893944923698e-02
9.693059645341788044e-02
1.165254493206261260e-01
1.284497804149778710e-01
1.301592752867384017e-01
1.168050282611087093e-01
9.026528035415969098e-02
5.687610516652733678e-02
2.344439177275552816e-02
-7.012049204952849196e-03
-3.529586140435983510e-02
-6.415205281295655038e-02
-9.202125164432953253e-02
-1.082759416368073851e-01
-1.047398436395705623e-01
-8.521467276350282172e-02
-6.194317361087776919e-02
-4.381790949992536710e-02
-3.110041733347583895e-02
-2.166385416283007903e-02
-1.369557417359512988e-02
-3.898566270078194194e-03
1.258887868758072279e-02
3.703392483277172936e-02
6.498415474148293292e-02
9.069641233498373922e-02
1.119132289138693864e-01
1.291694632093299822e-01
1.397554799560328520e-01
1.387567133474208736e-01
1.248396813146027268e-01
9.995278638827066742e-02
6.845730023928885133e-02
3.569500913856443747e-02
3.827788574335660998e-03
-2.619706091903405837e-02
-4.925697856028284083e-02
-6.528679131456026352e-02
-8.240752728962716378e-02
-1.039979871393018063e-01
-1.298833294986790066e-01
-1.603424280672862134e-01
-1.925852074895790522e-01
-2.163316320632579504e-01
-2.186467535669270879e-01
-1.900170004828794779e-01
-1.155820844772237899e-01
-2.243613110210349731e-03
1.002749475672121970e-01
1.537676693869095557e-01
1.590829582831929101e-01
1.290605138150901221e-01
7.449166782388323693e-02
5.197893922179341875e-03
-6.269714888806257602e-02
-1.192220414143474877e-01
-1.673440748597784244e-01
-1.999496887558841474e-01
-2.021416494896831340e-01
-1.593988667926834191e-01
-5.829648996728128973e-02
7.361841757484524629e-02
1.773040572867028153e-01
2.327965274476073709e-01
2.503698659970150509e-01
2.377052062097228247e-01
2.031414104923788266e-01
1.560600522711482474e-01
1.057666556755981480e-01
5.928827311618055373e-02
2.204123801044620065e-02
-2.955442446956051128e-03
-1.300850227490189109e-02
-1.015996854230053273e-02
-3.482650396158352979e-03
3.431859623247804705e-03
1.039351831317515337e-02
1.448643409093209808e-02
1.626071282986962102e-02
1.756443325800927796e-02
1.639989580917462081e-02
1.033096307390230471e-02
-1.435692747034936212e-03
-1.891502029780915001e-02
-3.658470167018695179e-02
-4.622856867583879925e-02
-4.679527191693645671e-02
-4.180963949265278923e-02
-3.335343896274286374e-02
-1.952439170651392927e-02
7.321555824974217835e-04
2.244860077855073688e-02
3.933958505943400963e-02
4.837465461943553369e-02
4.967317244892191508e-02
4.768148179871645881e-02
4.981463390474452635e-02
5.636832154280604218e-02
6.053380721701324962e-02
5.715332183394053467e-02
4.162452233391473327e-02
1.041920566139021426e-02
-3.470181501270815094e-02
-8.995151423960431880e-02
-1.504650207181058574e-01
-2.098895639142092928e-01
-2.628728682336878286e-01
-2.994558231448163910e-01
-3.016599508977578781e-01
-2.538255023753955841e-01
-1.448106396016886344e-01
-4.698186762805492411e-04
1.147930380828087182e-01
1.757901085263870733e-01
1.956870168812600008e-01
1.847116710328430278e-01
1.521873368865401532e-01
1.069602291907386094e-01
5.767904082838916369e-02
1.235814511863482859e-02
-2.138838447720050467e-02
-3.595801274330256286e-02
-2.463499232973608705e-02
-3.073494607672771009e-03
-5.847339524505182351e-03
-3.724547377308468077e-02
-7.562090728499350212e-02
-1.039050196985153440e-01
-1.100901994763517078e-01
-8.586713388169055217e-02
-2.445964307288621409e-02
6.465706516640670753e-02
1.450203403939695490e-01
1.882367011616663255e-01
1.952694554411857908e-01
1.780402620800493330e-01
1.455155381532710901e-01
1.034863425014597993e-01
5.949024957907689953e-02
2.226918884354791434e-02
-3.098471188124658424e-03
-1.447062032437426184e-02
-8.908043323681856529e-03
1.853343979624576254e-02
6.216782854770984412e-02
9.921176492348206255e-02
1.132350071267441832e-01
1.048896489813307964e-01
7.735167208069466949e-02
3.291750168106007818e-02
-2.248395496420394629e-02
-8.237126016660295535e-02
-1.412866963243136487e-01
-1.942244617678184071e-01
-2.365495066933084312e-01
-2.676079785610622763e-01
-2.833332832333805840e-01
-2.706357063440832378e-01
-2.187551709824174517e-01
-1.470355672896067334e-01
-1.008064901952719916e-01
-9.449152642229829979e-02
-1.104362032433697655e-01
-1.257497117921912433e-01
-1.224072567121587685e-01
-9.153326659081792438e-02
-2.047171214174113921e-02
1.063919054220691801e-01
2.584876087778704146e-01
3.620342027725581557e-01
3.940004478678291178e-01
3.806896366408670795e-01
3.417771533691437158e-01
2.837305529074073407e-01
2.101515287447700275e-01
1.325464594666509455e-01
6.311765670217193980e-02
9.396120588232022980e-03
-2.281891388776701238e-02
-2.891332360759914233e-02
-1.742099426345941615e-03
5.050286105503951767e-02
9.966066962702890830e-02
1.319723642622698256e-01
1.449563700897312235e-01
1.344655161161433521e-01
1.030347784405276634e-01
5.408407975538059853e-02
-1.306311951015041647e-02
-9.784197080943307645e-02
-1.953603134365151650e-01
-3.002571369065266116e-01
-4.101888447490007472e-01
-5.173537304543515125e-01
-6.033006161539522516e-01
-6.510432545907181012e-01
-6.476268515757620525e-01
-5.760924782250049780e-01
-4.116970548028935362e-01
-1.848753040391086788e-01
1.369023213825675683e-02
1.577814471189296908e-01
2.870173299144604950e-01
4.400050479075056087e-01
6.004967215167520411e-01
6.947541038221871634e-01
6.938207058649895620e-01
6.185519373478619576e-01
4.913422614354389095e-01
3.363722734831203764e-01
1.756637953352876425e-01
2.537654650178696597e-02
-1.029816563142985086e-01
-2.010962283010447327e-01
-2.620011217345253884e-01
-2.822778734407641599e-01
-2.584801679084512971e-01
-1.988357302073577304e-01
-1.323929752952051619e-01
-7.945423625123887446e-02
-4.618606535867122997e-02
-3.207073404553376084e-02
-2.513684254087592690e-02
-2.056933170972516378e-02
-2.844672949079765645e-02
-5.047068830682614748e-02
-7.649972453278074125e-02
-9.266023989202240574e-02
-8.591542304651729467e-02
-4.672984170000828164e-02
1.234910029812772390e-02
5.413059951122204533e-02
6.357474313161953772e-02
5.050948415487488408e-02
2.509078101105123582e-02
-4.353985946090831866e-03
-3.106225683963623890e-02
-4.806814029988823456e-02
-4.730494600945019806e-02
-2.052782553347441696e-02
2.737415873643752467e-02
7.398229215382286228e-02
1.035826087600847378e-01
1.192726857627900150e-01
1.333535736602563526e-01
1.508219979832506885e-01
1.636806108577673891e-01
1.666969043841219356e-01
1.619525760680070869e-01
1.457600936574136030e-01
1.081427972616509081e-01
4.604478568264694371e-02
-2.698382364158390112e-02
-8.880107876604412254e-02
-1.298992794977065490e-01
-1.516151867753324778e-01
-1.573750093680894580e-01
-1.517733935573348236e-01
-1.373212625161327749e-01
-1.147467597728294986e-01
-8.350486998051681597e-02
-4.789043190141122064e-02
-1.707911028411126728e-02
4.488637668754581408e-03
1.901049471056248316e-02
2.497956711833481877e-02
1.724456511871862857e-02
4.087153048961972984e-04
-1.569912863540679632e-02
-3.133112974812383295e-02
-5.186647197707808937e-02
-7.311956396345564713e-02
-8.655648236081163460e-02
-8.634637628401162224e-02
-6.817259021460372881e-02
-3.050616464528230903e-02
1.745596574855244262e-02
5.654234760783573288e-02
7.505141526236748517e-02
7.318820045565488375e-02
5.604759948022419724e-02
3.080330542370835617e-02
5.042874376857974655e-03
-1.775088184642929084e-02
-3.552831761931403431e-02
-4.196052784993516832e-02
-3.486542717403665753e-02
-1.942666169852816718e-02
-6.703042549737266327e-04
1.889870623519047596e-02
3.948858187544858345e-02
5.974416497550599781e-02
7.570004822037693093e-02
8.672203375524578650e-02
9.351242873855877824e-02
9.253260265954801889e-02
7.979430780134100232e-02
5.743813394094671870e-02
2.989318462039929764e-02
1.214439509477379872e-03
-2.120948455809629207e-02
-3.335024196811507691e-02
-3.800827209725933520e-02
-3.869948599795942912e-02
-3.995124671231975455e-02
-4.457291215546303059e-02
-5.088541879993647293e-02
-5.559738908083719511e-02
-5.486201901264066427e-02
-4.529699065289876508e-02
-2.792981604720896210e-02
-1.084908449310330661e-02
2.437905821783487807e-03
1.617201590449579215e-02
2.790619505116996579e-02
3.154517866861346331e-02
2.660781744329894852e-02
1.598658444127837655e-02
2.636403006695937912e-03
-1.254720329792284247e-02
-2.777114498233001702e-02
-3.654313070688645915e-02
-3.102468663755189940e-02
-1.021005795829643334e-02
1.723156241427591107e-02
4.242410110811391938e-02
6.294184893848223106e-02
7.937372343037674138e-02
9.368193624380234674e-02
1.058146023121385032e-01
1.126572444109897320e-01
1.132574515701793155e-01
1.083082705369387000e-01
9.459140932247382672e-02
6.294947611760862149e-02
5.566645789539879929e-03
-6.476095367003108227e-02
-1.183797851387655975e-01
-1.408410462141496400e-01
-1.349540883027091631e-01
-1.062068539033543813e-01
-6.034488573873241640e-02
-2.383653173329700753e-03
5.569023303261737973e-02
9.769736309176801914e-02
1.180304036215996111e-01
1.159744471877477562e-01
8.722741902069405806e-02
3.054085634964411045e-02
-4.663564081639045428e-02
-1.350545434385133081e-01
-2.282613839507628417e-01
-3.174397241194416019e-01
-3.934762537511708458e-01
-4.520311845052338295e-01
-4.899368602172758380e-01
-4.946538801655981921e-01
-4.451357504550417232e-01
-3.215445667834110899e-01
-1.093459848946081725e-01
1.494654991548520773e-01
3.627001286652927758e-01
4.936412632817516188e-01
5.597455708238772143e-01
5.770499216340410076e-01
5.540813043523912240e-01
4.976180649108069565e-01
4.184897412087764668e-01
3.243350743199067132e-01
2.191712840823896169e-01
1.092035337436597225e-01
-1.201830884628591820e-03
-1.006715102605331702e-01
-1.713551273064116698e-01
-2.104364210110203637e-01
-2.233517623903397142e-01
-2.129802107495227248e-01
-1.828048302509075462e-01
-1.394025622639284423e-01
-9.310157180898195883e-02
-5.043212663472954743e-02
-1.280224543825374955e-02
1.830084998395926921e-02
4.073149893021885126e-02
5.562657460229192274e-02
6.551718035365126924e-02
7.037315245809751263e-02
7.220297296502445339e-02
7.573568895257988542e-02
8.417792064080657777e-02
9.464575862981326748e-02
1.010777680299764364e-01
1.005064875775743272e-01
8.987221384058517726e-02
6.386876940113962731e-02
1.913724058207875306e-02
-3.997191431531852551e-02
-1.077991805793281771e-01
-1.851267372866301220e-01
-2.709397840474837005e-01
-3.573437619622498729e-01
-4.339338094471277274e-01
-4.882685090424936369e-01
-5.006927133591317913e-01
-4.489132287997747439e-01
-3.347670466168600201e-01
-1.777892658449490570e-01
2.533899158199908602e-02
2.474652352553798895e-01
4.105876966967424435e-01
4.862173113173836048e-01
4.965925734034620231e-01
4.616045124182878157e-01
4.023368943728503067e-01
3.427307437090176823e-01
2.854307402894737389e-01
2.113848123376532717e-01
1.188132895806496558e-01
2.125924370862877777e-02
-7.162599045125209174e-02
-1.486030743229719842e-01
-2.062062803134299405e-01
-2.491865643616946735e-01
-2.700692929446443791e-01
-2.537301874654166456e-01
-2.062863530192786676e-01
-1.582866726487406062e-01
-1.277319519897556765e-01
-1.101190814289240427e-01
-9.231904029218150620e-02
-5.725358070262595578e-02
1.024436742776577668e-02
9.381517993958680968e-02
1.487155022098334001e-01
1.607155875819590296e-01
1.434444322865796317e-01
1.100023709611663292e-01
7.130060055452154544e-02
3.443289490420553545e-02
3.116498515060732444e-03
-2.208444563115417869e-02
-3.780973568480618108e-02
-3.588398536215926804e-02
-9.175492320350153025e-03
3.262116214325933017e-02
6.486543920855011858e-02
7.525659591264813320e-02
6.843182564953730063e-02
5.358930046227949190e-02
3.695075131784406053e-02
2.269406362867232296e-02
1.672833587193674545e-02
2.484833509917710667e-02
4.111906795131159420e-02
4.734113018940202394e-02
3.798429470415426445e-02
2.218441186597200354e-02
8.976570445155904882e-03
4.633859106535777317e-03
7.699190463262832462e-03
1.241641764606001355e-02
1.871880874444645931e-02
2.960302381340509242e-02
4.552947605893263583e-02
6.437036305766409561e-02
8.051667205336218713e-02
8.513659565411353658e-02
7.134229750460992225e-02
3.459325490244646861e-02
-2.733419119543489817e-02
-1.097562684927168852e-01
-2.034410334510551588e-01
-2.982949338717034715e-01
-3.826974089873474427e-01
-4.449259993684203107e-01
-4.715187161045472641e-01
-4.439163298077950515e-01
-3.555595779103087328e-01
-2.131114911538651846e-01
-8.618521205046105610e-03
2.269115312023129161e-01
4.092201302090276993e-01
5.027453625198463616e-01
5.221530232666591331e-01
4.812767826513102420e-01
3.932384128100284704e-01
2.729140702824868758e-01
1.360410947150400285e-01
-3.764912384377708948e-03
-1.369005983609677679e-01
-2.557177148582272519e-01
-3.498614139232812392e-01
-4.001215209325482136e-01
-3.840949028609742522e-01
-2.806412826707216923e-01
-1.168171876698694822e-01
2.723465024558372610e-02
1.212633632228553721e-01
1.854107339764384799e-01
2.381637713169873216e-01
2.989548483196705631e-01
3.598688266288202486e-01
3.849407574004014010e-01
3.609857129409422827e-01
3.014215701752434029e-01
2.223065806750577078e-01
1.317299943380568217e-01
3.058437228528377780e-02
-7.722524526821639146e-02
-1.832825513360736291e-01
-2.784230158028667690e-01
-3.570174473574231899e-01
-4.158906410967598832e-01
-4.497928035833907434e-01
-4.470665939444654069e-01
-3.994161074742445527e-01
-3.173296056866898307e-01
-2.154059286424339636e-01
-8.341883796805144025e-02
7.119640118873292456e-02
1.948573650633336762e-01
2.595525003949440412e-01
2.786090874341323187e-01
2.698940087700573143e-01
2.455737893031108565e-01
2.126770689625196720e-01
1.796267837220199837e-01
1.578423915520298093e-01
1.413577269723428065e-01
1.067962647613839855e-01
5.020581751132266457e-02
-1.532226388510983354e-02
-7.937581078707808824e-02
-1.378658905861524231e-01
-1.899534728856007992e-01
-2.303449324852801794e-01
-2.499846751455428451e-01
-2.409986596093959821e-01
-1.970104537153208601e-01
-1.079358431183835704e-01
1.165633341029893161e-02
1.169843190071813699e-01
1.869352400848857121e-01
2.261627215667997293e-01
2.409474278457714169e-01
2.399333566921761363e-01
2.317483125383992537e-01
2.219698538247841246e-01
2.080510823573900603e-01
1.840291244561411965e-01
1.491385518732621374e-01
1.007299562917018804e-01
4.259953103219910053e-02
-1.240464987851665202e-02
-5.899223973862989523e-02
-9.341622737114127495e-02
-1.147958885229263953e-01
-1.264247740241521423e-01
-1.252946843002467336e-01
-1.060948039836842050e-01
-6.626094637895357797e-02
-1.615199447970987884e-02
2.595840403818179543e-02
5.748792419976907903e-02
7.483651048532528882e-02
6.136512958737326551e-02
1.397202900652120584e-02
-5.505885997257274622e-02
-1.316599658206234758e-01
-2.149563537511921529e-01
-3.139256524960070682e-01
-4.191745880519576195e-01
-5.089703809486536557e-01
-5.603854857626777708e-01
-5.460916730721377954e-01
-4.419065465589225861e-01
-2.710830473401668606e-01
-9.717658183975340369e-02
6.955971788623872831e-02
2.236887181364131671e-01
3.146080457903054350e-01
3.307445906668680102e-01
3.012343106657238145e-01
2.534261195128345023e-01
2.071399911303734021e-01
1.841630314887173214e-01
2.112080286924093719e-01
2.764257101863025201e-01
3.277716528662161233e-01
3.449085822968847026e-01
3.423929693146753883e-01
3.196924135514610521e-01
2.628897917836071629e-01
1.775002567029925205e-01
8.257799439554350251e-02
-1.045107147217251217e-02
-9.465954612719798544e-02
-1.618570043174607231e-01
-2.021966614493201919e-01
-2.090398083476090463e-01
-1.732486815753758735e-01
-1.051095091345976701e-01
-4.373662596461816432e-02
-9.834161913573113978e-03
-3.587822032591645588e-03
-2.306756225926315240e-02
-6.009856054595564406e-02
-1.080218587918772566e-01
-1.632949340789635606e-01
-2.159272953060632494e-01
-2.473355992602836451e-01
-2.381172037982231537e-01
-1.708439361975619686e-01
-6.067360640948558231e-02
4.435222256356897291e-02
1.233321876540089401e-01
1.799499973873958936e-01
2.150242461509963010e-01
2.299008802361455217e-01
2.275006890009945160e-01
2.105317171610317784e-01
1.820549246642536589e-01
1.468964503879274242e-01
1.089238908867213307e-01
6.885269112574742001e-02
2.612533623964530954e-02
-1.579340027046693268e-02
-5.288247760219829535e-02
-8.547435135897203662e-02
-1.131574525016643962e-01
-1.339974067274565805e-01
-1.490853549716665283e-01
-1.619695030357778953e-01
-1.758296194646645771e-01
-1.910442486644240989e-01
-2.047331879268123600e-01
-2.123238103375240104e-01
-2.131630762481132590e-01
-2.073470079489284357e-01
-1.837863001224880888e-01
-1.242536797899018580e-01
-3.921624917237805097e-02
3.189599353240897550e-02
7.489184441930263336e-02
1.016753583595348398e-01
1.246824971175737040e-01
1.567439380644267966e-01
2.090870239964685573e-01
2.671959038666410491e-01
2.954504074039310813e-01
2.849321706618445638e-01
2.463997559153589811e-01
1.882579989049025238e-01
1.218503964550073232e-01
5.636237684924181451e-02
-2.355206083889996825e-03
-4.733003080178485589e-02
-7.418968844899004322e-02
-8.501918511950189161e-02
-8.576063181435816807e-02
-7.805037947415477406e-02
-6.291597604732160343e-02
-4.985687628519139269e-02
-4.462043146732801169e-02
-4.391035360605795301e-02
-4.400229433454501404e-02
-4.383494917503469313e-02
-4.266001785092238957e-02
-3.952177614205663880e-02
-3.654190854249415865e-02
-3.659024676913624069e-02
-3.943070403118482947e-02
-3.948994585843410704e-02
-3.684047721989186508e-02
-4.083860058274976085e-02
-5.123528305700460195e-02
-6.001235095447146617e-02
-5.983013138026867239e-02
-3.872272771737479691e-02
4.504643586761244642e-03
5.344774035314729665e-02
9.945028346059300861e-02
1.440494843338976649e-01
1.863899069183762303e-01
2.097594434159038568e-01
1.893368542812532140e-01
1.240511937011785359e-01
3.048068334422938952e-02
-7.685947767981714251e-02
-1.878170593871393568e-01
-2.893653272841275603e-01
-3.655974720776138387e-01
-4.011482419038790437e-01
-3.802658845904192675e-01
-2.891464864430849935e-01
-1.114345442368703254e-01
1.142610561615105269e-01
2.898434473217490481e-01
3.746583405197674299e-01
3.885236478522150483e-01
3.518312136462040107e-01
2.812711210479211243e-01
1.941989584944183167e-01
1.123221325539526527e-01
5.104172212011370141e-02
8.319859622054361775e-03
-2.203857935628563899e-02
-3.177381195119231838e-02
-1.856209355364896174e-02
1.460595174704624327e-03
1.705409390159580776e-02
2.168087149657974000e-02
6.436358764911730840e-03
-3.081189689209737695e-02
-8.464980759528556442e-02
-1.484997736720663486e-01
-2.173820927033389416e-01
-2.813841453217307276e-01
-3.248862043412202860e-01
-3.343578260857780760e-01
-2.955883526260296712e-01
-2.208652702042127602e-01
-1.550814928562657402e-01
-1.127370446287889877e-01
-7.238837672490738839e-02
-1.266530888757464932e-02
8.719169251337657855e-02
2.119083814425674062e-01
3.055324763011199041e-01
3.492420184630010138e-01
3.577200012302286236e-01
3.392622257635785621e-01
2.977840424601806424e-01
2.319795709866079025e-01
1.471135069225793790e-01
5.228605345059188225e-02
-4.546538175046155317e-02
-1.361875513183361253e-01
-2.102261014728073751e-01
-2.604981150320115346e-01
-2.807868353910956127e-01
-2.627630198941346973e-01
-1.972088715271643478e-01
-7.557070589368600211e-02
7.816529641517938609e-02
2.051882764614772481e-01
2.801378155113166124e-01
3.146461608726132675e-01
3.222412254475700011e-01
3.121833319313619404e-01
2.867257253765018721e-01
2.488175934597708638e-01
2.056499562668152314e-01
1.645759114670884427e-01
1.335411560955453436e-01
1.075440148399115503e-01
6.577528760887441095e-02
1.724560789832310648e-04
-8.688805780103814325e-02
-1.956324278332875477e-01
-3.227349080736252041e-01
-4.603321092600264341e-01
-5.941193148580099503e-01
-7.087307269011960953e-01
-7.877752979177916615e-01
-8.074390872267050989e-01
-7.406532890917506551e-01
-5.578338743323187909e-01
-2.646638653267887054e-01
4.733195624475809715e-02
2.769903061134140754e-01
4.127969128868094195e-01
4.934620271474047803e-01
5.292733753065023139e-01
5.026891363470250562e-01
4.206143025350989606e-01
3.128934592863810149e-01
2.072248859405942112e-01
1.287249403348872112e-01
9.680709327573383538e-02
1.097568548902769503e-01
