4.188409656952626903e-02
5.154073277902126993e-03
-3.657234600561848348e-02
-9.350375658743251273e-02
-1.677458894086730212e-01
-2.569938114897282189e-01
-3.607249657007645105e-01
-4.712235006305663942e-01
-5.766881627692493906e-01
-6.667130319729670518e-01
-7.332178097717593213e-01
-7.740022717595931301e-01
-7.801010776550123538e-01
-7.238732824612373884e-01
-5.995508179589514874e-01
-4.346101080601557087e-01
-2.473795333298830224e-01
-3.917951020920620864e-02
1.762862636961500529e-01
3.699728325360508996e-01
5.275860420965281516e-01
6.440952900185954455e-01
7.135038225238662379e-01
7.148964115323966917e-01
6.156607590408780251e-01
4.120768484194141656e-01
1.356163959776471861e-01
-1.735468842493552710e-01
-4.719099155898891507e-01
-7.196360077713621628e-01
-8.875568180234520987e-01
-9.429342367626233345e-01
-8.668698839574254800e-01
-6.591136581146987972e-01
-3.464724643412461225e-01
-2.896996010086518719e-02
1.901822431902499277e-01
3.109838447545826279e-01
3.914231469428877674e-01
4.744040260548056387e-01
5.454064476507729520e-01
5.455067602676881844e-01
4.680533377397608774e-01
3.618742714107096026e-01
2.742303055402012246e-01
2.451841340067170416e-01
2.640954915528210822e-01
2.675295015187635905e-01
2.300122360800032906e-01
1.690126318959560558e-01
9.866529080635028093e-02
2.404443625599806192e-02
-5.511852071535096320e-02
-1.364752265181088664e-01
-2.123495861573679311e-01
-2.692837417851125514e-01
-2.942951516356519526e-01
-2.835737433808749874e-01
-2.369643050052476219e-01
-1.597872782419787474e-01
-7.398074285489611435e-02
-2.365535010181642195e-03
4.569809795571847660e-02
6.976705164936090886e-02
7.882400128581747156e-02
8.318234122522424889e-02
8.351340909294575898e-02
7.661837637406779256e-02
6.095875492810921142e-02
3.556750515277835867e-02
9.521213383189449080e-04
-3.765361430285205785e-02
-7.132216339341559963e-02
-9.349416933204401925e-02
-1.046072131058450733e-01
-1.114223265123810841e-01
-1.187765662109639964e-01
-1.237209688614242659e-01
-1.209992632365702037e-01
-1.101262156589061653e-01
-9.055240592465943483e-02
-5.438615541320818841e-02
1.039062691673585392e-02
8.961638427636106630e-02
1.479451640339493890e-01
1.779186099452900460e-01
1.847401183541007574e-01
1.684930909148375233e-01
1.377057142350406049e-01
1.002805551803167272e-01
5.967194640542009682e-02
1.901581299643815767e-02
-1.546936110522013387e-02
-3.632805046964559387e-02
-4.183433938030491073e-02
-4.164230182248217227e-02
-4.776524932632622567e-02
-6.187083773012586746e-02
-8.466819299501456009e-02
-1.159310480155940071e-01
-1.483476595237976647e-01
-1.774893605558686693e-01
-2.045589808939554111e-01
-2.232833294571457405e-01
-2.166545519625563410e-01
-1.697734557720759485e-01
-7.344223499124552523e-02
4.704144422450887847e-02
1.359383589983351182e-01
1.730297683441523737e-01
1.720652228546615259e-01
1.494621177848222682e-01
1.173878162660787483e-01
8.054537630613683996e-02
4.479592839744584581e-02
1.902640683652013012e-02
6.876947553570383551e-03
7.168182323573024650e-03
2.068500168949221132e-02
4.163855395609026427e-02
5.771333010561574550e-02
6.442689908599688597e-02
6.464491034784335122e-02
6.271308442765259616e-02
6.153341502761601467e-02
6.061150369110271385e-02
5.749579816670706556e-02
4.977241375597642875e-02
3.876726800466900880e-02
2.713275569400814408e-02
1.277927754757705175e-02
-5.203656322865107126e-03
-2.372376045031179131e-02
-4.048573864111774945e-02
-5.512347972177453204e-02
-6.745849581710117171e-02
-7.358988420817781650e-02
-6.987284759994877303e-02
-5.813837254319498271e-02
-4.406782488742701231e-02
-3.221695395953407676e-02
-2.181550568459433848e-02
-1.154414584267904678e-02
-2.674633115944313223e-03
3.552638583508349168e-03
6.076830098610871284e-03
5.422230754206487299e-03
4.520030173280870957e-03
6.415317419098384710e-03
9.979998502366922708e-03
1.135449205713435009e-02
8.239247617867966750e-03
-4.295794005915740468e-04
-1.382750998080737106e-02
-3.272505871479076955e-02
-5.095636467916080797e-02
-5.568046014473819472e-02
-4.610988931589998785e-02
-2.831828351584551179e-02
-7.449278115384381886e-03
1.308558473703770771e-02
3.256564109553639758e-02
4.938730116360683098e-02
6.089790928146868176e-02
6.478182254423361930e-02
6.072347773902030121e-02
4.938891315762055506e-02
3.397682037201948252e-02
2.053953061677845152e-02
1.246268857457943566e-02
1.139965200790954425e-02
1.638056462957506593e-02
2.406601933551656344e-02
3.372490106210744576e-02
4.378501638119616790e-02
5.045287011977816344e-02
5.136776027952075219e-02
4.705958823578345468e-02
3.881534039356514948e-02
2.666784446534480740e-02
8.893231645116723635e-03
-1.815277669193229165e-02
-5.576790543910565418e-02
-9.934419252030879388e-02
-1.434906121402552970e-01
-1.836504850679241685e-01
-2.136853715988034919e-01
-2.293244292726895617e-01
-2.253581401582722132e-01
-1.931046883085101862e-01
-1.253822057071535268e-01
-3.327656263257582070e-02
5.186903315311659768e-02
1.100216927810413053e-01
1.397532782526078599e-01
1.439484960004635550e-01
1.292705907128941512e-01
1.061108081458092267e-01
8.269609749895660833e-02
6.222107214017194576e-02
4.637382749415716598e-02
3.759659078697549089e-02
3.827846320134217079e-02
4.432921177891076259e-02
4.560714659455397668e-02
3.936737152355997138e-02
3.075277955297406676e-02
2.455639067213905707e-02
2.247032441428247276e-02
2.340308005286046919e-02
2.749107950586251320e-02
3.653530336008357915e-02
4.953267134703014107e-02
5.951762665530245522e-02
5.740473431086725448e-02
4.276751319810426916e-02
2.370264495201549609e-02
5.372813591189847665e-03
-1.104275295259882564e-02
-2.463750864744038843e-02
-3.672130986619467907e-02
-5.028804912994358500e-02
-6.521842543410058535e-02
-7.791086658507814788e-02
-8.615160293097812172e-02
-9.019885511277692114e-02
-8.920167694523473134e-02
-8.126789927812504144e-02
-6.807354076077959393e-02
-5.394495514690278437e-02
-4.167651579384488991e-02
-3.139868757413394329e-02
-2.161864886007154249e-02
-1.190086520190354949e-02
-1.041900679033207384e-03
1.374358581805138965e-02
3.089786701656284731e-02
4.380040995682458332e-02
4.818440968367565524e-02
4.676976947085407371e-02
4.498957542330216108e-02
4.543046281349353427e-02
4.739122463640420974e-02
5.026022270569310835e-02
5.551024820011025290e-02
6.361430550517126192e-02
7.097604253610532987e-02
7.098641853123313639e-02
5.715364563535671460e-02
2.978141574809374525e-02
-4.979463952828283232e-03
-4.061886657749809448e-02
-6.931752638983444681e-02
-8.862698809774820219e-02
-1.006296905684342102e-01
-1.035262140195340186e-01
-9.587454899900842153e-02
-8.063206367049574608e-02
-6.111220361086294739e-02
-3.834056522207253404e-02
-1.397937989752436917e-02
9.005146786458119446e-03
2.914693461219287907e-02
4.655613047246837111e-02
6.158125541537086411e-02
7.348175359796008110e-02
7.993172831679203061e-02
8.025127476195137444e-02
7.676332480768630062e-02
7.172600941639435679e-02
6.590784709129987595e-02
5.805739240292678849e-02
4.640727806574947156e-02
3.172087258946428706e-02
1.739189514672270093e-02
9.786868860488589020e-03
1.366919503204922989e-02
2.960421710703835599e-02
5.297866265373087080e-02
7.618224476888409147e-02
9.165607806282584369e-02
8.763912973010297425e-02
5.666322470197254768e-02
2.449408316529394850e-03
-6.315023567296157436e-02
-1.274634937455770833e-01
-1.855567680433580779e-01
-2.411976953879347574e-01
-2.994281904436832953e-01
-3.552048929505712271e-01
-3.942795989256179801e-01
-4.011675272985599783e-01
-3.598909563794167599e-01
-2.524862086500908043e-01
-1.010114157839529792e-01
3.610641495610291546e-02
1.461056410745702749e-01
2.511803599926661357e-01
3.611640673647528721e-01
4.534771150033199971e-01
4.838473434438758103e-01
4.420219872501056080e-01
3.492681160913473359e-01
2.289415885647344551e-01
1.009078097645107752e-01
-1.993582884030339897e-02
-1.211705726225852375e-01
-1.917337148157473581e-01
-2.181320621672077631e-01
-1.861634225181995339e-01
-1.109978001976464901e-01
-3.196853788099519172e-02
4.099867635840701019e-02
1.219445795877286964e-01
2.002208007667096445e-01
2.454503880307701280e-01
2.484518517476679567e-01
2.165260366334689768e-01
1.577686715925424865e-01
8.151994704025050664e-02
-1.980083704253546642e-03
-7.942298781527701301e-02
-1.466767997937946655e-01
-2.119828910679024681e-01
-2.838534936755716664e-01
-3.538197123239422703e-01
-3.943924009247645746e-01
-3.795578201936776197e-01
-3.269335727982398687e-01
-2.894096132699919277e-01
-2.697919428231693728e-01
-2.267361045195128988e-01
-1.326181813083273930e-01
-4.242603657464072073e-04
1.281559305799385706e-01
2.391774636231928652e-01
3.210083214257418716e-01
3.418108387670283355e-01
3.028895175011059315e-01
2.336801609945572678e-01
1.544379346756604154e-01
7.553723741550921744e-02
1.687994737175544518e-03
-6.368002443317750949e-02
-1.098790850041338335e-01
-1.216516467570244175e-01
-8.660054854705000194e-02
-1.897391834869214394e-02
4.285338233770026595e-02
8.233117964195867111e-02
1.029579332446855927e-01
1.078649223042176114e-01
1.032738889986708347e-01
9.661804883362833107e-02
9.226527194484548944e-02
9.055872089988596663e-02
9.227673940495961791e-02
1.000298015496717680e-01
1.125421636900580113e-01
1.257182320760986960e-01
1.357805078248913166e-01
1.386913129981833526e-01
1.310512791716243464e-01
1.103565146093302696e-01
7.921246589195196641e-02
4.466201121763069964e-02
8.290905497517681022e-03
-3.137222472595049133e-02
-7.230156511742125147e-02
-1.124837204059840612e-01
-1.518181429539753324e-01
-1.875724095178576412e-01
-2.172927615691853387e-01
-2.437240545857626561e-01
-2.714415026425465172e-01
-3.034503750333310546e-01
-3.402107436698214027e-01
-3.789578865639924854e-01
-4.072140996244714151e-01
-4.063258456785875938e-01
-3.627580024761350441e-01
-2.663589932902417079e-01
-1.049977751452426250e-01
8.994949275985161807e-02
2.477067658967279928e-01
3.438906984246155041e-01
3.948498925701635631e-01
4.156356973503461116e-01
4.192549001662811414e-01
4.177714269953213821e-01
4.109978369730289960e-01
3.854727385646274374e-01
3.372724778998822948e-01
2.691751082526113170e-01
1.789185843488071137e-01
7.604843466177881040e-02
-1.728780768348837926e-02
-9.219822593185569848e-02
-1.507660956125435880e-01
-1.912782306148973488e-01
-2.130257508127518795e-01
-2.195766771759338487e-01
-2.150374102381144570e-01
-1.998837149248135492e-01
-1.699005870546740626e-01
-1.219032067917915074e-01
-5.413534580419618325e-02
1.659489175236202735e-02
5.522270500932421194e-02
5.128765423335011897e-02
1.505783110462887223e-02
-4.536690871662623498e-02
-1.206580175767794499e-01
-2.004365089576940762e-01
-2.731163611678887881e-01
-3.229175622012241953e-01
-3.308157664124641850e-01
-2.787732314515550258e-01
-1.510684176392450562e-01
2.269403496297944800e-02
1.696562297171140266e-01
2.617428706036963870e-01
3.079306954208799185e-01
3.127782926530069951e-01
2.877000065173498378e-01
2.452989457547118390e-01
1.938042704981741415e-01
1.419351771649677851e-01
9.702239140885034197e-02
6.201996366033561692e-02
3.884520885988020089e-02
2.600661447726936720e-02
1.818383845792413689e-02
1.200555060634839362e-02
5.600884409602661235e-03
-1.671780030570550746e-03
-9.975774754915803233e-03
-2.008725114941132747e-02
-2.980428998909959507e-02
-3.577429838310012405e-02
-3.930629284314827998e-02
-4.348781855736996022e-02
-4.838887461224877090e-02
-4.870974895824585482e-02
-3.784134426557142494e-02
-1.898278874351858048e-02
-1.255558045752912244e-04
1.621813846579507265e-02
2.960324467045471683e-02
3.769136837114282768e-02
3.643088001046862479e-02
2.251666230292496268e-02
-2.725896968474435852e-03
-3.582438382829228329e-02
-7.391530300912377283e-02
-1.058540493525730319e-01
-1.169860397246954981e-01
-1.033528880225429020e-01
-7.407087559422487200e-02
-4.497896886841354358e-02
-2.426653332378549480e-02
-1.191496192889242647e-02
-6.374797626604413944e-03
-6.141310623342100677e-03
-8.851627871794373603e-03
-1.051749967158327470e-02
-9.439641538642337681e-03
-5.456511156430417057e-03
9.098809251004147391e-05
3.965395332033083350e-03
4.998771190733671856e-03
4.623706817998711298e-03
4.828021208254989691e-03
6.796155645527915748e-03
1.031691371166298249e-02
1.440516935495501916e-02
1.883501657259440548e-02
2.407990086487594300e-02
3.056401661397532138e-02
3.912164236331819311e-02
5.054252323353659176e-02
6.369380593007982483e-02
7.589347020559426837e-02
8.579430896144393803e-02
9.325819352668783535e-02
9.877008443239669588e-02
1.017541699460324800e-01
9.793556207536954772e-02
8.440553320421609329e-02
6.391440006041024247e-02
3.756605997691870452e-02
6.637095207866459262e-03
-2.359655794726026740e-02
-5.337295816928529224e-02
-8.606960036807592695e-02
-1.229902143548913251e-01
-1.657705568756552839e-01
-2.133923186936549921e-01
-2.625267018746453851e-01
-2.993957013362091302e-01
-3.013574609843401864e-01
-2.596049195489720240e-01
-1.718907666456776229e-01
-5.279196839255015372e-02
5.938146266782685923e-02
1.474767001721059845e-01
2.158971130821089879e-01
2.664671461518329787e-01
2.978471759116575468e-01
3.089868318883117193e-01
3.025003866956170739e-01
2.801519783991744394e-01
2.411846334217626897e-01
1.827507745503089975e-01
1.057090413243410437e-01
2.316784102938535678e-02
-5.147900975193997475e-02
-1.147912072289258012e-01
-1.672531823239191695e-01
-2.102321165684981619e-01
-2.432465825429631634e-01
-2.638108306981226669e-01
-2.682599662689193476e-01
-2.537077982255390718e-01
-2.214178954542495303e-01
-1.704667188269970990e-01
-9.458988469337090144e-02
-6.063350216063924034e-03
6.472399956617201633e-02
1.079119546963328846e-01
1.314215234196711990e-01
1.420237459634557942e-01
1.453619722833295325e-01
1.451502617111487536e-01
1.430567488028059997e-01
1.386595704128484041e-01
1.315462438186843774e-01
1.207931624060583908e-01
1.022171880691559176e-01
7.470869558219880857e-02
4.376507700140379320e-02
1.433725037976761769e-02
-1.273909519108521946e-02
-3.599055472138781853e-02
-5.065265067254942633e-02
-5.337919965604729505e-02
-4.462477784785419399e-02
-2.995460217083858664e-02
-1.838318666662295056e-02
-1.646121242126565715e-02
-2.542196808926603172e-02
-4.455020233746283947e-02
-7.435234441188949550e-02
-1.131112241218842213e-01
-1.578678471443400178e-01
-2.044789550487345342e-01
-2.428224682024411885e-01
-2.625178378636403576e-01
-2.577521670425612643e-01
-2.162295619228104537e-01
-1.383243801675715368e-01
-4.810567642103533159e-02
5.099163444877670426e-02
1.552534898549930431e-01
2.329744391838968753e-01
2.759288017474663679e-01
2.970361134683847659e-01
2.983970045287728245e-01
2.827727439808277454e-01
2.587855388181208305e-01
2.301201299842722259e-01
1.927056819070322446e-01
1.427205042188902095e-01
8.170760000237842213e-02
1.509015956044951028e-02
-4.903628536971309237e-02
-9.990872751459928258e-02
-1.309699757723185864e-01
-1.434584337065132886e-01
-1.417204471910025743e-01
-1.317559341092538749e-01
-1.173800549348765210e-01
-9.898773385253566148e-02
-7.902420880523630675e-02
-5.817661153549572028e-02
-3.447051558524701770e-02
-8.888983542277198446e-03
1.688807095611755474e-02
3.949823632374080407e-02
5.679665096853875328e-02
7.104053348031993953e-02
8.199910891209907793e-02
8.741328009210121153e-02
8.569002484163762423e-02
7.536536927714272693e-02
5.550497973657111256e-02
2.534271269032602886e-02
-1.545302174802606551e-02
-6.500142967021706186e-02
-1.149242823386688317e-01
-1.554727076392692642e-01
-1.854675341621480622e-01
-2.072675667246466347e-01
-2.187652501485098655e-01
-2.121255939326028572e-01
-1.769425759476651594e-01
-1.137933166035841048e-01
-3.232432176237071131e-02
5.001639947985764278e-02
1.079816311617482899e-01
1.313891049473802086e-01
1.264042552147387199e-01
1.021696411163445783e-01
6.645556363227517194e-02
2.695081646656684315e-02
-6.726733042028441856e-03
-2.974731190735046410e-02
-4.754701779105299786e-02
-6.390015851955870019e-02
-7.011423203704499063e-02
-5.523741076868761424e-02
-1.288046580468756377e-02
6.540000253686915899e-02
1.672609506989052308e-01
2.522074784953040050e-01
2.994691564835333386e-01
3.149845043611742001e-01
3.041008404716679658e-01
2.681967000813887947e-01
2.124265947174887315e-01
1.481071172296252736e-01
8.506495792368046205e-02
2.599174697481651877e-02
-2.866479791720849546e-02
-7.512274372019095425e-02
-1.106038072774362668e-01
-1.408204304804880069e-01
-1.778333675702727379e-01
-2.263300347876593954e-01
-2.805124858155071399e-01
-3.338104735447290361e-01
-3.790595498305652233e-01
-4.058392904944559398e-01
-4.048286150896246993e-01
-3.716265347933623286e-01
-2.951684302570824481e-01
-1.585788471395341848e-01
1.285868789726302489e-02
1.572598237553554656e-01
2.466637215962524943e-01
2.899567642104482479e-01
2.976343985738718612e-01
2.746797402945820865e-01
2.265968593939843845e-01
1.668507848901591983e-01
1.112963947348780125e-01
7.063682243030494634e-02
5.188106307359491298e-02
6.120756947669453440e-02
8.828580548494054103e-02
1.065530531313997609e-01
1.068384458670585263e-01
9.528058562115977737e-02
7.591616244367251076e-02
5.137055391738116344e-02
2.465966525033935069e-02
-1.795515193565775519e-03
-2.753198945297293324e-02
-5.054603046280654877e-02
-6.690739045444546451e-02
-7.527555916662299895e-02
-7.928015517336844953e-02
-8.253239193635221460e-02
-8.450962914854456831e-02
-8.310937333510627634e-02
-7.716775950060596190e-02
-6.759770754802665871e-02
-5.601188432028369329e-02
-4.303512769873323041e-02
-2.901641667946115027e-02
-1.509132299759957316e-02
-4.098526812809557412e-03
2.789345227896039212e-04
2.336645900928187997e-03
1.160499764766788691e-02
2.756188777924651126e-02
4.565771598441879103e-02
6.481782742528370556e-02
8.245771963051673481e-02
9.520807405933419398e-02
1.022886301831103378e-01
1.034516363742901124e-01
9.580293501635137043e-02
7.703072831221730032e-02
4.708876858166139573e-02
6.934538257921003639e-03
-3.825455207666351998e-02
-8.149937329064009528e-02
-1.210585931505359925e-01
-1.600126451257177784e-01
-1.989067366051449903e-01
-2.316251974316367868e-01
-2.502480523857749106e-01
-2.463317600827312770e-01
-2.134245636517170808e-01
-1.487644518242516867e-01
-4.514688084698863235e-02
8.193962697581025356e-02
1.869693016662133944e-01
2.498048386117206476e-01
2.790484779178665220e-01
2.822173719217087595e-01
2.668585895516957796e-01
2.397963872821246012e-01
2.036865707430759176e-01
1.572617140401886826e-01
9.736899511136724861e-02
2.985491121390473207e-02
-3.045244930526005284e-02
-7.366683004524056388e-02
-9.943139917440271813e-02
-1.141185562397483699e-01
-1.235829364363445204e-01
-1.294175710949465041e-01
-1.322794800617556887e-01
-1.319516413087147844e-01
-1.266477461767394064e-01
-1.145549751694274615e-01
-9.310634048214026792e-02
-5.909045484728761566e-02
-8.542485493736705002e-03
4.968815359417597805e-02
8.960569577614035941e-02
9.834758320126610331e-02
8.128775535178744960e-02
4.608245936977932444e-02
1.867322736744878031e-04
-5.070949501750995903e-02
-9.865343677623122920e-02
-1.333946628214236763e-01
-1.461310492838250319e-01
-1.262763676692864045e-01
-6.112262088536786486e-02
2.878868089347659531e-02
9.005472806568637356e-02
1.043656804777622210e-01
8.835757322363205213e-02
5.903439142620001134e-02
3.172209040180334894e-02
9.585945517976965369e-03
-1.635750741226156893e-02
-4.636225414495562941e-02
-6.745700184441411063e-02
-6.753982227006333217e-02
-3.899222829715293798e-02
1.114004012561127348e-02
5.828803396514542490e-02
8.757201754613588851e-02
9.951637560173716424e-02
9.810587336755674515e-02
9.108588224574518111e-02
8.692282006074873724e-02
8.791254323749825295e-02
9.056833105181232024e-02
9.085569675034163573e-02
8.410590278230357930e-02
6.602376157995361317e-02
4.154085407011167547e-02
2.172955268965461040e-02
9.801086606098394216e-03
4.414623965999855959e-04
-1.051359383947257295e-02
-2.196039470631834523e-02
-3.151271951935592786e-02
-3.882306723032824536e-02
-4.573798576989913933e-02
-5.286196025863888759e-02
-5.960390385439734429e-02
-6.656974430678329335e-02
-7.307457433680986103e-02
-7.664588183245144015e-02
-7.570269048535607781e-02
-7.118648804455825208e-02
-6.497580068160346833e-02
-5.718062816110291990e-02
-4.975512353393027332e-02
-4.757655872941941172e-02
-5.006664317431999689e-02
-5.141672438000029211e-02
-4.743321459728154499e-02
-3.319715294901814245e-02
-1.056781239747022275e-02
7.513886098304944916e-03
1.531471794355320805e-02
1.425901164620450683e-02
3.686066212800511582e-03
-1.357701045768531026e-02
-3.197238012528527684e-02
-4.774115384372221160e-02
-5.686451211718707155e-02
-5.376476333346271591e-02
-3.237429636779107223e-02
1.573757832910409327e-02
8.300324452191615299e-02
1.403944770785141294e-01
1.721174087869929148e-01
1.800228825456561821e-01
1.691019915429154419e-01
1.462499247302750383e-01
1.162655912830924676e-01
8.188407059578700631e-02
4.587146098897389862e-02
1.069294508165699771e-02
-2.113043666389850805e-02
-4.999673955608709142e-02
-7.514502905907666230e-02
-8.974506084084378499e-02
-9.076556155627525657e-02
-8.161081263410972786e-02
-6.656237368592242409e-02
-4.731374760718930206e-02
-2.378094946542096827e-02
1.772913718101331096e-03
2.528657738563439700e-02
4.388762208902378253e-02
5.566704332934898497e-02
5.952081518335374660e-02
5.979946252193674150e-02
6.213808605975076893e-02
6.456638198807768125e-02
6.313207851971594509e-02
5.710078566976699993e-02
4.554574057873077980e-02
2.696721843591047552e-02
3.850556226675004926e-03
-1.773650534114246460e-02
-3.526475568306804143e-02
-4.893317453240272896e-02
-5.964983163612602723e-02
-7.348246693671678376e-02
-9.696226937983447314e-02
-1.284552943143536519e-01
-1.647904359625888548e-01
-2.057214458136162327e-01
-2.491347724070643588e-01
-2.909945533129741357e-01
-3.225041106834984905e-01
-3.293307530796415472e-01
-2.963777549714526338e-01
-2.101655885291768555e-01
-5.904140713004399355e-02
1.262601702151484595e-01
2.742511361915812573e-01
3.565673219421691131e-01
3.863607717189176949e-01
3.761117479705793354e-01
3.389618571998535002e-01
2.862866287315481983e-01
2.246305042014465070e-01
1.586514497104122012e-01
9.599924238969231860e-02
4.425931424846041295e-02
7.115667809619221490e-03
-1.167572388093872718e-02
-1.190101405198627435e-02
-1.526314711080140052e-03
1.184973730964345578e-02
2.648597718390080166e-02
4.117860006919089877e-02
5.203066382778917531e-02
5.618029374842205270e-02
5.304550310622348219e-02
3.879579087418542904e-02
7.149242366123010478e-03
-4.113545524852228741e-02
-9.092679905710536470e-02
-1.251172882709671863e-01
-1.411997728946492447e-01
-1.433470350346816302e-01
-1.355695601682820883e-01
-1.217451744669375002e-01
-1.029772343910885096e-01
-8.057608520076292580e-02
-5.647987119231608066e-02
-3.084961015610150625e-02
-3.951939831002108071e-03
2.506276481434550202e-02
4.880997366412906380e-02
5.066141638280631521e-02
2.695490765440131803e-02
-1.489720425076425381e-02
-6.899677433032513907e-02
-1.289291429528160449e-01
-1.863781725293570946e-01
-2.328186967730930812e-01
-2.579474029111390454e-01
-2.503746680865875929e-01
-2.002758624697938417e-01
-9.486024483833230270e-02
4.759697496590373916e-02
1.714890141312815364e-01
2.532787699075491616e-01
3.023685192856871429e-01
3.238018009662980146e-01
3.217063266116072517e-01
3.002095246365224512e-01
2.638419196996907301e-01
2.191075018329127488e-01
1.696583301236204711e-01
1.159824509872500603e-01
5.876047100258981193e-02
9.832150409310076722e-04
-5.289415375447896472e-02
-1.021530923868301244e-01
-1.480428432975194886e-01
-1.881441561977405530e-01
-2.190706827105519117e-01
-2.409622705882416283e-01
-2.532193879947156612e-01
-2.500847646698799442e-01
-2.250342106729705804e-01
-1.729140157010529699e-01
-9.014224929275073406e-02
5.998198613775906560e-03
8.088504282405029056e-02
1.213123444626638403e-01
1.343946168138666630e-01
1.266908188644721711e-01
1.043775560746418307e-01
7.745434630434498702e-02
5.437363080836322971e-02
3.576043848385573876e-02
2.198360775312115795e-02
1.639080042433783968e-02
2.128094602040769140e-02
3.292611752451658769e-02
4.175847054260586194e-02
4.219776221805304067e-02
3.538336415682494240e-02
2.506405601351281709e-02
1.490150338132600893e-02
5.732481356172202183e-03
-4.312809260868001593e-03
-1.393861374258831623e-02
-1.702886261369031609e-02
-9.015355187211053153e-03
1.092227908580933188e-02
3.231470189644963104e-02
3.880915025345401531e-02
3.149426564811771273e-02
2.137225971370739983e-02
1.344945688789075250e-02
9.049602246331656802e-03
9.485818493705349200e-03
1.478197031200029557e-02
2.327965206070972334e-02
3.675549149390172632e-02
5.728402209533785261e-02
8.029735071067348184e-02
9.444533058743709297e-02
9.045680557919920373e-02
6.482140109748452117e-02
1.269527543623097561e-02
-6.532792660697801790e-02
-1.548394442386239467e-01
-2.402938892684791938e-01
-3.114576139360985541e-01
-3.561203826066763889e-01
-3.608196365896879643e-01
-3.134550836126467344e-01
-1.994360917607604089e-01
-3.280835652550920245e-02
1.232239411016098074e-01
2.194091766034869662e-01
2.535342308048538773e-01
2.396015811582948296e-01
1.930922646283619870e-01
1.284773098938277180e-01
5.410706321206176089e-02
-2.450182096536162452e-02
-9.406245615853173203e-02
-1.336442449489717854e-01
-1.246332796068904680e-01
-7.347576503576494500e-02
-5.942563648961394704e-03
6.999292187675046351e-02
1.449977546472433765e-01
1.941982807234288733e-01
2.129571916160500067e-01
2.130853080673649202e-01
1.980985167960925830e-01
1.644119125812313897e-01
1.119268386411326199e-01
4.646889439529680588e-02
-2.330117439591989845e-02
-8.667477258406111607e-02
-1.355417863290520608e-01
-1.662329068796026266e-01
-1.749554514090147506e-01
-1.704251648538230024e-01
-1.736565249813850353e-01
-1.886090595832523031e-01
-2.031118345425161897e-01
-2.065721356213331972e-01
-1.897326518309326859e-01
-1.422351638270435981e-01
-5.242313010320451966e-02
6.316590501499795562e-02
1.587616681526708429e-01
2.171397728278721961e-01
2.483797180417605666e-01
2.598999867976576339e-01
2.553247957561080028e-01
2.364702970603785037e-01
2.082603464224863088e-01
1.767045675076372724e-01
1.436591378801224117e-01
1.079969391239166271e-01
7.146956679482258101e-02
3.853667169207576626e-02
6.435786949167906362e-03
-3.286401029735023377e-02
-7.916517128522911062e-02
-1.299567408702559934e-01
-1.838179596500849611e-01
-2.328594860289139867e-01
-2.686887106284661653e-01
-2.843438384928035356e-01
-2.692177904457688786e-01
-2.123339171295255123e-01
-1.064945826278076019e-01
2.832940907940436834e-02
1.358727121517719627e-01
1.806472428135174058e-01
1.727807590877720734e-01
1.336267290310513833e-01
8.160221152965299596e-02
3.432346146470800774e-02
6.032016020748848240e-03
3.585014150888205658e-03
2.059827696110052078e-02
4.386798128973901784e-02
7.138666553730016462e-02
8.988393837920047313e-02
7.038394391043412135e-02
9.731070867265212421e-03
-7.727818061804077321e-02
-1.783395464886520232e-01
-2.797394239213807365e-01
-3.664377076844582137e-01
-4.240607923481539698e-01
-4.385473282695205866e-01
-3.987758554676681388e-01
-2.953759717938265750e-01
-1.124384140939665711e-01
1.195349477928255716e-01
3.135977309424927695e-01
4.266137462605610331e-01
4.717686576668644327e-01
4.664991396724575967e-01
4.226569519371504713e-01
3.511360477460606644e-01
2.665423542621774833e-01
1.836367842609509804e-01
1.106153209515401831e-01
4.977300602157670034e-02
2.864517693039515117e-03
-3.245111857708241759e-02
-6.333206698170584792e-02
-9.200429397219409000e-02
-1.152902717826368717e-01
-1.301469315476636579e-01
-1.316040038941124202e-01
-1.166484549355774059e-01
-9.109859865565186898e-02
-6.675931084007910576e-02
-5.141534833895980428e-02
-4.321438146178235157e-02
-3.768084220277879981e-02
-2.976351885392794494e-02
-1.420276917668312350e-02
7.814796982341122231e-03
3.061363882399981834e-02
4.987830719826057829e-02
6.419820587141432389e-02
7.482223485263884977e-02
8.370445862404410353e-02
9.090740753315641742e-02
9.470539904389382868e-02
9.239764252825836965e-02
7.858966699601327432e-02
5.379333442703684853e-02
2.701233679131118809e-02
3.031588250232638421e-03
-1.760689027868347911e-02
-3.819770393141806719e-02
-6.586404601279138848e-02
-1.019484422844588872e-01
-1.404543390262463221e-01
-1.760299924728679632e-01
-2.083455397657058006e-01
-2.373027957836668922e-01
-2.583415764242182333e-01
-2.623165276420574288e-01
-2.475656057632416862e-01
-2.233116621139868141e-01
-1.814656140478706770e-01
-9.218026482733929217e-02
2.971524644526889192e-02
1.182206574752843048e-01
1.450635497127001905e-01
1.272025044976268782e-01
9.129773978961717995e-02
6.582922813023939224e-02
7.243455720128555431e-02
1.291278681126756811e-01
2.142827916515850084e-01
2.665995738694552086e-01
2.638204132539089253e-01
2.235218520424415711e-01
1.620665214599684156e-01
9.253712183630949384e-02
2.681278735131772603e-02
-2.613311730557317525e-02
-6.268426745967395353e-02
-8.191775820572114175e-02
-8.390407909507593964e-02
-7.156462558384743544e-02
-5.446974507387701558e-02
-4.092949400938528104e-02
-3.222746508225835665e-02
-2.884485366383073360e-02
-3.178683301740618805e-02
-3.704168151853570734e-02
-3.526822140666714678e-02
-2.080238960598572440e-02
4.083907236901480539e-03
3.269406483520970880e-02
6.053624697196210297e-02
8.182881431175000053e-02
8.976675749754371714e-02
8.691344179711094076e-02
8.009901378950862183e-02
7.090699087500312858e-02
5.797718322984155015e-02
4.386429578236213794e-02
3.388737955385057871e-02
3.277304607277017195e-02
4.113571266193497694e-02
5.354036619342276981e-02
6.261555959250553194e-02
6.498809256103041387e-02
6.025289132611169607e-02
4.752466432333396495e-02
3.146575916956378255e-02
1.843732380392444289e-02
6.568235402313660209e-03
-1.021233320961938140e-02
-3.302270884577233889e-02
-5.841434703699049935e-02
-8.345084488815335266e-02
-1.072397203497960361e-01
-1.310309044465173822e-01
-1.635249629311962272e-01
-2.167636873288831256e-01
-2.886954820776098662e-01
-3.640901719852030483e-01
-4.264911409822423893e-01
-4.692110397559792201e-01
-4.889049879538457377e-01
-4.637890132319451020e-01
-3.598293648184161531e-01
-1.858948358273719292e-01
9.520078891369333773e-03
2.229714720241883219e-01
4.385608251199669128e-01
5.805865698243162232e-01
6.193824573597086491e-01
5.794369581516287671e-01
4.874092095651501033e-01
3.675300315979141974e-01
2.413844417672115772e-01
1.274644337584646681e-01
4.038577380620148732e-02
-1.586891351578334150e-02
-4.336765619244345449e-02
-3.464669788714941356e-02
2.836564033241603666e-03
3.394687608343385787e-02
3.759765577025071803e-02
1.568242248477696305e-02
-2.793906097221638546e-02
-8.767199517791385288e-02
-1.540198642073575264e-01
-2.179340202040906393e-01
-2.711457064954633234e-01
-3.031853142334442475e-01
-3.010426585478230832e-01
-2.526322721337606603e-01
-1.436984400877144852e-01
2.193675007060635895e-03
1.160391845956409429e-01
1.709540156988511028e-01
1.872111162424209829e-01
1.775769313096007829e-01
1.463638199370564941e-01
1.050037478899606275e-01
6.693756878918420694e-02
3.990673646945241959e-02
3.212718809126736269e-02
4.995698228777405159e-02
8.654875050641998302e-02
1.209630365523161749e-01
1.369245263339506635e-01
1.324697430507734697e-01
1.114478000303511518e-01
8.022540066840568029e-02
4.585536562619263456e-02
1.201736099315168019e-02
-2.023974370319649163e-02
-5.340927930065472728e-02
-8.999119974247966891e-02
-1.240425761163893303e-01
-1.467741517736181611e-01
-1.611440801171145076e-01
-1.763759241048250548e-01
-1.910880910813705091e-01
-1.944595886666409257e-01
-1.824427761126172221e-01
-1.612101285805026540e-01
-1.270586295334455995e-01
-6.219690849969892327e-02
2.662377445264665216e-02
1.039691223613585791e-01
1.569822582400689226e-01
1.895858288248735146e-01
1.943759475709370133e-01
1.682601810568948586e-01
1.217382881485784829e-01
7.075091145536625825e-02
2.392799096955299659e-02
-1.761221799239916230e-02
-4.858454982953912260e-02
-6.051933928035779786e-02
-4.991265284803675373e-02
-1.596242661168569693e-02
4.843009842655159741e-02
1.244050671666331875e-01
1.593116360353364624e-01
1.370140403101480775e-01
8.140775993281934575e-02
9.440399461946061624e-03
-6.890996152366668515e-02
-1.429445553712992423e-01
-2.026642807960148673e-01
-2.390859655612580514e-01
-2.427801703285153434e-01
-2.018569542222865831e-01
-1.050731550649347257e-01
1.854688493888891065e-02
1.017211581460952252e-01
1.142601901374021567e-01
6.746005403606793183e-02
-1.866708808794701607e-02
-1.207550370381029609e-01
-2.212878888804582223e-01
-3.060800102094508035e-01
-3.584824721884831700e-01
-3.589901802686021881e-01
-2.835572925279556400e-01
-1.077241749229772699e-01
1.310337281002235954e-01
3.318889695990440702e-01
4.487855542597324332e-01
4.979934990816718976e-01
4.978245988265845856e-01
4.632952225678879654e-01
4.068585170436851417e-01
3.374433544606179058e-01
2.615550252030087175e-01
1.832344064493499070e-01
1.022322182941009100e-01
1.626191158398771625e-02
-6.892224003186310510e-02
-1.396513918408472388e-01
-1.911954384615903724e-01
-2.263493519702163836e-01
-2.466046989485785601e-01
-2.537030290551363088e-01
-2.484248428970698419e-01
-2.311635571095206343e-01
-2.040945960963061745e-01
-1.679345304905914826e-01
-1.215161404331226158e-01
-6.615261044924787559e-02
-9.339456653297438168e-03
3.793933939045310982e-02
7.202615111616605947e-02
9.711634601690223578e-02
1.165480186797773071e-01
1.278907269688438209e-01
1.263682656126012271e-01
1.109366419001642790e-01
8.342430696620867225e-02
4.989293684794036954e-02
1.913911880841834973e-02
-4.079343660701197777e-03
-1.933169120026120152e-02
-2.782116574321685798e-02
-3.323389636811530101e-02
-3.952738090967015255e-02
-4.768102501634252643e-02
-5.716045223676523290e-02
-6.583262613846166400e-02
-7.006696340982659921e-02
-6.760935118394421905e-02
-5.816723163599173130e-02
-4.030410341680865788e-02
-1.144823318316626030e-02
2.257979086558916521e-02
4.719483371389600335e-02
5.270066289520501657e-02
4.377957275244916124e-02
3.418732502698099140e-02
3.091862708108916030e-02
3.183674697969124390e-02
3.264235223040560380e-02
3.280684902939123848e-02
3.330310832884238875e-02
2.817576935286428969e-02
9.652050177740793130e-03
-1.626488852405833310e-02
-3.604992631926491609e-02
-4.808860973664599858e-02
-5.447760420738036874e-02
-5.378112091292379382e-02
-4.771598841484056552e-02
-4.010043694064543279e-02
-3.253494552343293850e-02
-2.459543638391846476e-02
-1.882298896432178098e-02
-1.954166219152175463e-02
-2.535028216782720528e-02
-2.816171652307592962e-02
-2.277385622944425383e-02
-1.148614334082627073e-02
2.154076062424028180e-03
1.710680956834834815e-02
3.155086599233623140e-02
4.019977528953166956e-02
4.102944859914726267e-02
3.814685589623830614e-02
3.458841522070960073e-02
2.881293090358295894e-02
1.819973250072090543e-02
6.387475043721427617e-03
9.099783688180183155e-04
1.256980399752305683e-03
5.931532540845996238e-04
-1.767147631942034020e-03
-2.593865409382079337e-03
-2.344280304376338171e-03
-2.105907825431912236e-03
-1.003878037280604100e-03
1.692241326575963248e-03
5.600102744401999275e-03
8.175507197322273364e-03
1.012314842458482411e-02
1.693862580944298021e-02
2.792846926351257725e-02
3.835907695619936858e-02
4.743568917900565368e-02
5.606317574634611667e-02
6.264466801409598884e-02
6.389614250836886389e-02
5.827709609197744695e-02
4.712669305513687151e-02
3.383147181271869974e-02
2.291198939625953973e-02
1.767868339681103254e-02
1.580250130634040448e-02
1.344332363152574150e-02
1.200784862946315673e-02
1.292248117368560364e-02
1.684085143992862868e-02
2.553795178345516156e-02
3.320775838775238270e-02
3.001958915546605600e-02
1.313609164838547110e-02
-1.368587294917679269e-02
-4.548537475799182411e-02
-7.632252029345329425e-02
-1.022742828340025695e-01
-1.286644655111548463e-01
-1.631084699318277875e-01
-2.046101367157530659e-01
-2.463668946214079281e-01
-2.832144658125800296e-01
-3.084481189762072750e-01
-3.095847791170497909e-01
-2.716653563645001768e-01
-1.828260152320147214e-01
-4.840906149698511601e-02
9.420803051797325967e-02
2.031247337176012302e-01
2.698669175290769329e-01
3.060595107174802210e-01
3.193857493846362638e-01
3.125013649497432322e-01
2.894229941495249925e-01
2.559268027405441903e-01
2.177788997056663012e-01
1.766456112113107824e-01
1.293400855357679236e-01
7.326781180604378940e-02
1.369756161220301791e-02
-3.707768486975550337e-02
-7.533568398922281528e-02
-1.026787425800304021e-01
-1.156980611210737808e-01
-1.117759845231478533e-01
-9.447745736902481151e-02
-7.097025517256899674e-02
-4.869021770586365316e-02
-3.451314836679686415e-02
-2.950536781027658650e-02
-2.864124704786736100e-02
-2.787889326132541451e-02
-2.841723377773009915e-02
-3.309069026441582156e-02
-4.247651473351027329e-02
-5.667429522954112175e-02
-7.328156904534123550e-02
-8.798904706609450566e-02
-9.859014726438589116e-02
-1.008368141474276780e-01
-8.560949329757736037e-02
-4.692510158778992468e-02
6.468170956957970848e-03
5.584971234733399070e-02
8.985972153994883915e-02
1.064202239309519765e-01
1.075130295474071296e-01
1.004349490995192079e-01
9.180715842441145025e-02
8.199097331755376972e-02
6.900789367484368164e-02
4.909282550418050256e-02
1.748613249068132688e-02
-2.600772029167520635e-02
-7.390447308741932009e-02
-1.071827136934159486e-01
-1.060728485809258881e-01
-6.666474019588139455e-02
-7.320333794348779510e-03
4.025475493271991195e-02
6.111163218261964070e-02
5.840057134297241270e-02
3.881323342424961020e-02
1.194194480767378497e-02
-1.297218101718706357e-02
-2.776853948236731803e-02
-2.805138860154286762e-02
-1.505083921187409107e-02
5.964859211794735702e-03
2.724531215002064244e-02
3.814931537149021668e-02
2.898864662008922982e-02
3.259529526510755726e-03
-2.606476898603164380e-02
-4.962838668878296472e-02
-6.332584772675321771e-02
-6.597543494103821904e-02
-5.763782297526115483e-02
-3.750349929318359116e-02
-9.021489473619687463e-03
1.878818361815789983e-02
4.113850133594133818e-02
5.602245952817247465e-02
6.067328374809154157e-02
5.656818574367224184e-02
4.891465282998673503e-02
4.110662398629785774e-02
3.534812576076459129e-02
3.288639677017686502e-02
3.260959302970448809e-02
3.625510440960942604e-02
4.138709088230484168e-02
3.772983540673615493e-02
2.345035827574318971e-02
4.285583873692671956e-03
-1.635806047297837934e-02
-3.948141102753419118e-02
-6.557243374648646927e-02
-8.771559603586559506e-02
-9.908704555100107669e-02
-9.751059772783911284e-02
-8.321879367708438779e-02
-5.744836069252677591e-02
-2.708498195907154890e-02
-3.221151139200102622e-03
1.171528867556148774e-02
2.179284586097617743e-02
3.015450142660095270e-02
3.698012476092785855e-02
4.167967409800419493e-02
4.534362576072444029e-02
4.861538284214712846e-02
5.269151135210050491e-02
5.707117272859150992e-02
5.732979057157042146e-02
5.112872601501115138e-02
3.857705212263717182e-02
1.778758185635713127e-02
-1.173867899614833288e-02
-4.772254852649548962e-02
-8.901319471952240381e-02
-1.327927159506127330e-01
-1.712903515695671230e-01
-1.953110552437500591e-01
-1.972883288530052903e-01
-1.694913938012665711e-01
-1.017858852186613872e-01
-2.457770622388687209e-03
9.156894278005174581e-02
1.541911218253583793e-01
1.855474166456518859e-01
1.923829112951474241e-01
1.814006360925349837e-01
1.589639622879264469e-01
1.307513088189430628e-01
9.760628954235081589e-02
5.874715716922947195e-02
1.728675525149984613e-02
-2.337519648773085310e-02
-5.669406183672339589e-02
-7.485154899605235557e-02
-7.857148439282360397e-02
-7.377013474157942396e-02
-6.261336117022786585e-02
-4.616807078802956377e-02
-2.925491275904053626e-02
-1.354949777087385843e-02
3.478830116598870779e-03
1.955671226500584406e-02
2.900713255916946565e-02
3.058914029652504141e-02
2.665625254496377383e-02
1.800465066799596114e-02
3.981863062596530806e-03
-1.356853877739579682e-02
-3.059800446642160082e-02
-4.635303406719239877e-02
-6.212947946728437920e-02
-7.567488764561626502e-02
-8.473596751301265551e-02
-8.862468303561675531e-02
-8.543124115266172158e-02
-7.137512769034753957e-02
-3.808611769752961312e-02
1.113420963277723073e-02
5.676157693148931038e-02
9.075212029653945134e-02
1.169311495591197070e-01
1.367005049218480983e-01
1.499954356128059274e-01
1.566027227537673538e-01
1.573466855731623371e-01
1.517766125205537997e-01
1.370256574920734882e-01
1.126320074707262836e-01
7.846436737048005650e-02
3.603529125505708364e-02
-7.904243677786949862e-03
-4.783951656758839849e-02
-8.261403113964409239e-02
-1.141783593683317471e-01
-1.429551706304064695e-01
-1.663096235957062241e-01
-1.825169006396459848e-01
-1.898285505000215367e-01
-1.832782549130640426e-01
-1.546945611200271076e-01
-1.106558259189658611e-01
-7.331585786023095408e-02
-4.739155794773657754e-02
-2.266052176288958428e-02
5.494826486832232043e-03
3.233191813935036574e-02
4.871399753967921992e-02
5.466910443238236911e-02
5.436859882917567666e-02
4.699870542112010580e-02
3.501755039264456415e-02
2.837100858769896553e-02
3.042142148873361318e-02
3.125898128627573741e-02
2.433494253869009777e-02
1.295154854275382128e-02
2.839733403185657271e-03
-3.956190729149424920e-03
-8.977163769836616139e-03
-1.194106676604940465e-02
-1.166407323389183001e-02
-6.798423828449321783e-03
5.904959633958685450e-03
2.922944730871523955e-02
5.564998598424884119e-02
7.003393917357850218e-02
6.770378757926051594e-02
5.500713552761738595e-02
3.803888429296474472e-02
2.096831832046535532e-02
7.640188334904178188e-03
-1.102617340632098229e-03
-5.021761951393996157e-03
-1.794821850013838226e-03
9.828991214043087538e-03
2.631160113737198575e-02
4.199108953798889876e-02
5.435607049897319548e-02
6.110211796625804326e-02
6.133569680663802232e-02
5.823022469463775413e-02
5.398847867979180565e-02
4.758784929373135325e-02
3.839484824851976952e-02
2.698869892604456588e-02
1.411572703407248941e-02
2.207676181802328830e-03
-6.137175925172450724e-03
-1.095913912052531164e-02
-1.352461359183797229e-02
-1.329548941024442585e-02
-9.949658249462284276e-03
-4.982688210605098339e-03
-6.217673023031743129e-04
1.467188712725827487e-03
-2.147385631676167889e-03
-1.735260271700925921e-02
-4.388559649605371787e-02
-7.376611653806829094e-02
-9.422873600889691836e-02
-9.996179554798921563e-02
-1.089729918465994762e-01
-1.368237819453207160e-01
-1.734062150949084724e-01
-2.017141648041957114e-01
-2.208909027760857791e-01
-2.408535700467816787e-01
-2.525623250160480282e-01
-2.318395085422467750e-01
-1.710241459622034998e-01
-7.681786157980229068e-02
5.811337249626337409e-02
2.299415359715488161e-01
3.789887713288528914e-01
4.432605427336890336e-01
4.204032722047097437e-01
3.370874359609734583e-01
2.179970165874126065e-01
9.053541414512525365e-02
-1.930092163512763664e-02
-9.303463223422980821e-02
-1.118379081457360341e-01
-5.532573999865603859e-02
6.932064729948450577e-02
1.986016593997241009e-01
2.604137934146978361e-01
2.356906592118582777e-01
1.406836616494129000e-01
-3.287249661031145520e-03
-1.724113722243044433e-01
-3.389363275224553940e-01
-4.760515277660500866e-01
-5.575477408940389124e-01
-5.635832932405100415e-01
-4.834652218664015622e-01
-3.090199005665458798e-01
-5.726651980810716636e-02
1.996071887027548730e-01
3.841659241174112949e-01
4.742106018081166940e-01
4.720096374028956987e-01
3.885605459223536173e-01
2.514061053244374122e-01
9.400315593057516350e-02
-4.956570710585939121e-02
-1.482418711284549107e-01
-1.776161414132176042e-01
-1.249452397243054347e-01
-1.140355642126612834e-02
9.568809818832761660e-02
1.400905341869980725e-01
1.203374354166416582e-01
5.640757966610762675e-02
-3.315853002897044960e-02
-1.293437169897375116e-01
-2.146190902514527876e-01
-2.730031936904822043e-01
-2.899231136512592233e-01
-2.500213157652438900e-01
-1.389041861742724704e-01
1.886308796036504504e-02
1.568898701580406230e-01
2.410302906221632180e-01
2.794301376632277734e-01
2.839788503070501680e-01
2.633365490469506409e-01
2.254279040226440378e-01
1.773341565707290957e-01
1.237867526087754744e-01
6.859313353470140873e-02
1.484743512741294041e-02
-3.436089488843719481e-02
-7.241482309625971170e-02
-9.384397588468827711e-02
-1.003446149732848403e-01
-9.554801741389973291e-02
-8.135596584867449410e-02
-6.170411626066905908e-02
-4.394603817907458132e-02
-3.142328517772641910e-02
-2.273989470658080436e-02
-1.645324329859831208e-02
-9.117114114531943772e-03
9.195985091516745841e-03
5.195170745101525267e-02
1.089724562773228544e-01
1.467667041783846382e-01
1.497610292309294877e-01
1.221032242084365976e-01
7.105082807561725888e-02
5.636312563661815232e-03
-6.709794919851014283e-02
-1.408392641944810897e-01
-2.071105093987300472e-01
-2.557608603475711728e-01
-2.751561146146062065e-01
-2.497761193644753575e-01
-1.968577944999994334e-01
-1.698273275165045892e-01
-1.864986663810722645e-01
-2.287288120210029529e-01
-2.815662214432516630e-01
-3.311675192027237480e-01
-3.545661289302484698e-01
-3.196740437767376375e-01
-1.946771111528608489e-01
6.861145652216122173e-03
2.281184690387373093e-01
4.199324095910668131e-01
5.389358872446284865e-01
5.733703149914178843e-01
5.458764950551157069e-01
4.775727530515548880e-01
3.872049648368708352e-01
2.922338941407990331e-01
2.018569426022588098e-01
1.178225410382200133e-01
4.318863258195651533e-02
-1.911199338187562560e-02
-6.622254115935582996e-02
-9.623301004667333958e-02
-1.146893739463254458e-01
-1.291161836189533840e-01
-1.421918105749047645e-01
-1.542303799218616156e-01
-1.639908344356855729e-01
-1.683396167382962827e-01
-1.644086538522363528e-01
-1.477413801433671015e-01
-1.120136386583784061e-01
-6.037763580541570529e-02
-5.264499595642816929e-03
4.281234299820509820e-02
7.773757372564769896e-02
1.009448194796915277e-01
1.157507661049562570e-01
1.210957992058785820e-01
1.168814767966414037e-01
1.035803345426220823e-01
8.229928906412499467e-02
5.542265550681770708e-02
2.371873500333129478e-02
-1.329987521091105865e-02
-5.580845711366927420e-02
-1.001562683954537875e-01
-1.419049296915794733e-01
-1.830446314369322258e-01
-2.270957049419992935e-01
-2.715401627675796958e-01
-3.123099082078353295e-01
-3.479542572884884444e-01
-3.747076961822750074e-01
-3.846512718211183568e-01
-3.687274411267170149e-01
-3.157288330017858358e-01
-2.091353657981968595e-01
-5.374176891665111838e-02
