-1.552433011258426698e-01
-2.813368964495624458e-01
-3.922314415925205466e-01
-4.831655483031311871e-01
-5.510590888631036188e-01
-5.732519957033944680e-01
-5.118722164664419871e-01
-3.666432826534222755e-01
-1.847057808269223778e-01
2.468014342430260855e-02
2.414888952106956088e-01
3.842914390810929781e-01
4.259825151247086383e-01
4.001742779545270912e-01
3.356696392341310675e-01
2.573637636949795415e-01
1.908494976936278009e-01
1.589600655666030538e-01
1.798670483870015990e-01
2.448637719302578786e-01
3.080500421761958596e-01
3.344720035663940050e-01
3.229911906776017916e-01
2.786454830692005058e-01
2.034165544838580086e-01
1.045522684785344242e-01
-6.737861134021139176e-03
-1.255040079828522726e-01
-2.524362933437613310e-01
-3.808637952302268426e-01
-4.966862057920863882e-01
-5.854148262443380490e-01
-6.303736265984750675e-01
-6.099413574599936716e-01
-4.987201143765181977e-01
-3.212919043453665857e-01
-1.534578415789041861e-01
-1.554963631125159951e-02
1.130021833720843000e-01
2.147540989308413528e-01
2.657899283790944867e-01
2.746896752057536029e-01
2.631244373004570924e-01
2.445379206251416804e-01
2.257974651160268853e-01
2.069315195618539882e-01
1.850408390543792359e-01
1.625207854488695813e-01
1.376481276540149623e-01
1.078417258676698520e-01
7.492203644608026736e-02
3.932744730292938445e-02
7.620910147645527585e-03
-6.749843995608423991e-03
-6.398376889968790393e-03
-1.239594753121894474e-02
-3.544217850595760000e-02
-6.841783404388304679e-02
-9.776665806510337342e-02
-1.136054909661953771e-01
-1.094654309574225742e-01
-8.382814666727016195e-02
-3.892466684779728736e-02
1.267480269747953137e-02
4.636612194643620344e-02
5.466641509123003340e-02
4.354755662379390657e-02
1.842112956072099877e-02
-1.272677173415882185e-02
-4.255110653725093645e-02
-6.721203793259961090e-02
-8.729414132481001787e-02
-1.026584705237690992e-01
-1.095666537171057497e-01
-1.046943438175392538e-01
-9.020348795622262772e-02
-7.170218673107067731e-02
-5.208963941882664705e-02
-3.089291904037409775e-02
-7.682373343406729421e-03
1.629009109856158904e-02
3.951061871194948977e-02
6.124718977638930750e-02
7.983615342591779407e-02
9.348247961103849091e-02
1.030032470579801684e-01
1.109890511669071322e-01
1.208582969274517305e-01
1.279105267273101254e-01
1.217343145592184456e-01
1.019623163177194591e-01
7.394176230172951059e-02
4.365837687650185595e-02
1.841842534804333936e-02
1.666128853015303585e-03
-8.689722810424148347e-03
-1.802531606963714630e-02
-2.945936483020703683e-02
-4.164288662398855922e-02
-5.036952559800898788e-02
-5.250232170802496268e-02
-5.129781911602138839e-02
-5.075299062693257313e-02
-5.141133718426055960e-02
-5.255340571944168426e-02
-5.074766475163990098e-02
-4.270231197716382182e-02
-3.070201363067186912e-02
-1.899147123439551971e-02
-1.392560053115568172e-02
-2.551952888327611163e-02
-5.500372630255571244e-02
-9.313490199648358225e-02
-1.314742433381419218e-01
-1.643584015625949579e-01
-1.834083091773001106e-01
-1.772789597723248289e-01
-1.341698963928276145e-01
-4.116840195600224989e-02
8.272453444737828954e-02
1.823367707134120330e-01
2.327600141955929458e-01
2.441173692512285387e-01
2.269989997999111719e-01
1.922593726975551087e-01
1.506178216237819834e-01
1.093979041223392679e-01
7.041992399832242011e-02
3.318830250290598360e-02
2.904974731253711501e-05
-2.664344953069272201e-02
-4.794156892211028087e-02
-6.378512925976012604e-02
-7.037703936990748199e-02
-6.720080353838109311e-02
-5.921815016632739348e-02
-4.951523598918937397e-02
-3.812936092668754717e-02
-2.671150846235382029e-02
-1.766503715790795556e-02
-1.170344028353857008e-02
-6.687310646854082580e-03
-4.628460659509997001e-04
3.650784964695100079e-03
1.530244825062491250e-03
-3.975181078441372695e-03
-8.540481250448581085e-03
-1.409137126595399851e-02
-2.314355311017488731e-02
-3.037670157894777762e-02
-2.999453651235620133e-02
-2.423894394790372664e-02
-1.704308052987044478e-02
-8.887247011407271857e-03
2.146000112305162036e-04
7.149963431171300551e-03
9.469930325746158881e-03
8.397100692379901032e-03
4.368275045050790811e-03
-1.301941276775343131e-03
-5.483895630489857287e-03
-5.594673111575541868e-03
-2.543750752985859866e-03
-1.894369848588518812e-03
-3.630037963942455391e-03
-1.073201017136399477e-03
8.621050337093120672e-03
2.221141398547434725e-02
3.534311783775492821e-02
4.658933140459191324e-02
5.605435466304720116e-02
6.283535477814233827e-02
6.569157101268983945e-02
6.514218932066853651e-02
6.165680029436693133e-02
5.275867891470849280e-02
3.675618969987028833e-02
1.604974296979565229e-02
-5.739580300520393495e-03
-2.700908853530842660e-02
-4.726575152076620961e-02
-6.378737666267147999e-02
-7.357050374212921462e-02
-7.493865768306182118e-02
-6.689849756845202278e-02
-5.354868397568490757e-02
-4.057378271518596174e-02
-3.112154191554144383e-02
-2.860245973220366250e-02
-3.178412718497352490e-02
-3.508039778284947896e-02
-3.633890384450205041e-02
-3.360276401364784699e-02
-2.305706411396643563e-02
-4.242424736852577066e-03
1.586425769417380838e-02
2.913659162694516927e-02
3.691426971893374542e-02
4.174678793235777480e-02
4.147631663031027538e-02
3.637345205288349675e-02
2.905998993441157030e-02
1.928105353173703920e-02
6.067143659978841211e-03
-8.440759388177551670e-03
-2.193565586481877397e-02
-3.559779527369335422e-02
-5.331417577790613371e-02
-7.401829887478687808e-02
-8.712866365245768019e-02
-8.119116227862982482e-02
-4.840321533820806515e-02
6.149904087674349859e-03
5.987597128603750624e-02
9.741275440383183326e-02
1.181700940970190766e-01
1.239855909269400314e-01
1.157301819215608985e-01
9.608606813121324530e-02
6.789039823378122118e-02
3.553420699400354488e-02
8.636767978831812534e-03
-7.813670266074535659e-03
-1.518237548313629802e-02
-1.577133031135088959e-02
-1.235196041890109474e-02
-7.193942546120450990e-03
-1.131827699391027911e-03
7.179667482148207464e-03
1.870696386485894841e-02
3.475902556824689987e-02
5.519514806013618713e-02
7.345567577321060471e-02
8.495125642939045651e-02
9.263600672583194306e-02
9.264068989712355429e-02
7.073555966030628528e-02
2.411225396760180786e-02
-3.747094179622242893e-02
-1.024018615364300638e-01
-1.616623630289786562e-01
-2.112513830606267407e-01
-2.440369263659100119e-01
-2.591691753405257481e-01
-2.636000062680644018e-01
-2.537951508946568735e-01
-2.163196738080027659e-01
-1.337687448474113583e-01
1.074783053164455465e-02
1.844608147171616086e-01
3.090186730590890329e-01
3.531273459707641171e-01
3.332324699499616405e-01
2.705209000674859698e-01
1.865889293068617727e-01
9.591322168480830024e-02
7.934314989673847685e-03
-6.578343812570533466e-02
-1.110264690451957525e-01
-1.120172896470963964e-01
-5.361439843501846630e-02
2.827647028563879533e-02
5.348024709014895239e-02
-3.886800829999152024e-03
-1.150580901290141345e-01
-2.472277971732337876e-01
-3.710249313560248785e-01
-4.626492666257459030e-01
-4.999588181859310754e-01
-4.622229894201044242e-01
-3.316990360047260000e-01
-1.150039061869756463e-01
1.286291402090461722e-01
3.203620543711996338e-01
4.143661463801825429e-01
4.201439215801707761e-01
3.802787440151572107e-01
3.306279388321350377e-01
2.951178860207990806e-01
2.931827790545977197e-01
3.135805744826183905e-01
3.155164464191576590e-01
2.839031879667853198e-01
2.296659390171106874e-01
1.606773680591514208e-01
8.059595059645277559e-02
-9.068134603764602814e-03
-1.031889202390330468e-01
-1.916339087127566787e-01
-2.702827576878291116e-01
-3.406906970006242652e-01
-4.034644332888525642e-01
-4.544664815257192791e-01
-4.825718711932117100e-01
-4.776027282958765219e-01
-4.299464570952863385e-01
-3.454508347851574235e-01
-2.506887456020490679e-01
-1.506607254126060835e-01
-2.155690696787848637e-02
1.618318030014552211e-01
3.730308301653981751e-01
5.419362505381105644e-01
6.489932477718198811e-01
7.008435995410273733e-01
6.866983965598992823e-01
6.122486419433039728e-01
4.960725263133611840e-01
3.557104019087143909e-01
2.090193732147865857e-01
7.179649630317301578e-02
-4.764200116434567922e-02
-1.492190318620826295e-01
-2.396240624820385468e-01
-3.258742396056975021e-01
-4.038670481784480959e-01
-4.673690986054138685e-01
-5.157613797940544531e-01
-5.413593878517206637e-01
-5.238881426465356039e-01
-4.669262006348676164e-01
-4.096140369463872610e-01
-3.684400380632644745e-01
-3.241591020415580671e-01
-2.523452233884221907e-01
-1.332415894890653929e-01
1.589541667477954723e-02
1.439878262765072470e-01
2.371157559939484072e-01
3.185134297868268405e-01
3.892673738938928762e-01
4.264724557922602299e-01
4.231738646445425411e-01
3.890109746936550872e-01
3.329530872800622321e-01
2.657381410226685170e-01
1.975998286680491489e-01
1.317902662998939878e-01
6.892476787591859944e-02
1.349808676337108278e-02
-2.998727585459724440e-02
-5.761672098442322670e-02
-6.991467622696856399e-02
-7.329838172296679333e-02
-7.258464832038974412e-02
-7.059993080451207326e-02
-6.841249259940367089e-02
-6.501840230580470392e-02
-6.074028272519006733e-02
-5.548966988218372032e-02
-4.658599001523075489e-02
-3.307986027257155820e-02
-1.717864545092006798e-02
-3.311767330191252995e-03
2.627332855760647692e-03
-3.376981583005193854e-04
-8.764164250834760583e-03
-2.036645892245382214e-02
-3.162193059621250940e-02
-3.830461600114760945e-02
-3.998699846122884954e-02
-3.837664028410441019e-02
-3.543534593817285194e-02
-3.247653506922508482e-02
-2.889280811929336584e-02
-2.588391793188198411e-02
-2.558074377434496616e-02
-2.593411780222517476e-02
-2.431655224779386004e-02
-2.115717172112550545e-02
-1.664692162880560683e-02
-8.708839907034150382e-03
2.944748181617700550e-03
1.617117623390042225e-02
2.877195928327678370e-02
3.769047325182713071e-02
4.057384015702854285e-02
3.865969782930728238e-02
3.630496506705306603e-02
3.645471703658726553e-02
3.791613648864421149e-02
3.891284378262312854e-02
4.066212772353085259e-02
4.373673695048102550e-02
4.710988771814358239e-02
5.136616208317303089e-02
5.811064998400433668e-02
6.467283570092290101e-02
6.542363077176201192e-02
5.749477862834174308e-02
3.938439618714759116e-02
1.361441401308103455e-02
-1.211568040513697798e-02
-3.221788854773039584e-02
-4.584848993139258033e-02
-4.930036933875661664e-02
-3.674525458908511205e-02
-1.345006369510003304e-02
8.679337064594463969e-03
2.609329294000821420e-02
4.001527383034751695e-02
4.657235874370659751e-02
3.848856695776908809e-02
1.251074241876530199e-02
-3.198100702858473060e-02
-9.545536699012435733e-02
-1.739873794431489040e-01
-2.578701219594440874e-01
-3.347649444267196128e-01
-3.907912826076502810e-01
-4.117119685797586137e-01
-3.846560846488175645e-01
-2.925255481466516594e-01
-1.491381946218111598e-01
-6.170291788953681522e-03
1.203450821936736664e-01
2.561446896060722289e-01
3.899480345083586874e-01
4.688090918583619482e-01
4.769898107047650937e-01
4.333307861196029620e-01
3.520550939932041712e-01
2.488907842108218915e-01
1.407788972007483763e-01
3.989928398014181560e-02
-4.433082554502870698e-02
-1.035911970650542774e-01
-1.307330092985174441e-01
-1.162273354489497396e-01
-7.009833204725773870e-02
-2.476185330964991022e-02
5.600366644672703093e-03
2.556740181311692797e-02
3.739640091828884405e-02
4.125249240658911132e-02
3.692707911704742191e-02
2.241530365939285729e-02
-4.049333545927131205e-03
-4.063945560645738919e-02
-8.253491950093909402e-02
-1.224656987548556758e-01
-1.544328828803482045e-01
-1.737729332488160139e-01
-1.746153254704841951e-01
-1.517726666354541620e-01
-1.134887800940995312e-01
-7.912633546128425288e-02
-5.187815029381755844e-02
-2.093124265432595027e-02
2.106747322412502038e-02
6.642890839141835091e-02
9.555808611307832490e-02
1.015942476545714512e-01
9.092785872418279736e-02
7.043852238880850269e-02
4.635196118586341896e-02
2.301251156364631650e-02
3.299563042092819830e-03
-8.630119537700601390e-03
-9.198230350297308469e-03
3.906532747244817992e-03
2.360364240280252851e-02
3.414060709176941488e-02
3.236874459247656571e-02
2.509721454452685380e-02
1.685615309487696264e-02
1.056827575182054009e-02
6.974568320009946060e-03
6.201580339540716663e-03
7.149419795642365100e-03
6.177527675299214482e-03
1.365741171915665257e-03
-5.554417219531612368e-03
-1.196737621339873450e-02
-1.605474902029595946e-02
-1.604152999612572239e-02
-1.081608160545494655e-02
-7.618453057830262137e-04
1.312554032132367057e-02
3.051544144147239762e-02
4.962194750690367140e-02
6.506352364926341891e-02
7.367706302107528138e-02
7.638006199699036436e-02
7.360887571373678218e-02
6.293453930456958945e-02
4.318516210642078801e-02
1.828040878384651000e-02
-9.020438469847839869e-03
-3.841356851317158372e-02
-6.945179707102293321e-02
-1.019577399380505039e-01
-1.337409894614051409e-01
-1.592744432905456309e-01
-1.717240677004531202e-01
-1.637365326848783109e-01
-1.270677836491348744e-01
-5.484057662299275659e-02
5.846752256709478179e-02
1.897944266981191341e-01
2.876075256364020172e-01
3.304056482924829230e-01
3.257330040709005559e-01
2.809721908705788973e-01
2.056114247770165770e-01
1.093864832272794518e-01
9.671000484674822321e-04
-1.137893268641408384e-01
-2.332852047104445048e-01
-3.534245902686746210e-01
-4.645316095208464890e-01
-5.558587361785973791e-01
-6.145029706877521702e-01
-6.200372983449938813e-01
-5.474697573369528003e-01
-4.042594955929536549e-01
-2.269283894654447187e-01
-2.927725224344399774e-02
1.918488423674641064e-01
4.060493541000640416e-01
5.483649356502028338e-01
5.962548470864135197e-01
5.743616248841999505e-01
5.057820263497082580e-01
4.096988248625045292e-01
3.037044684128902827e-01
2.029365847779309173e-01
1.166501760455421338e-01
4.734973082675639905e-02
-5.951686759502895774e-03
-4.355140695333139383e-02
-6.349741705224681843e-02
-6.495158345866627880e-02
-5.082883607375802970e-02
-2.626756898568770662e-02
-3.970397117840362977e-04
1.723568321991324551e-02
2.395341763127668139e-02
1.854780191833307890e-02
-2.442851984394537462e-03
-3.700790125611523596e-02
-7.475345503562724758e-02
-1.077232122306909651e-01
-1.351943849350979165e-01
-1.560347140690942214e-01
-1.670261207680786009e-01
-1.677811436188933747e-01
-1.608416021528491224e-01
-1.460783914943182826e-01
-1.197428519468503871e-01
-7.857467509301781228e-02
-2.738808306597849754e-02
2.150139502618140727e-02
6.100640809348985283e-02
9.023639457697200938e-02
1.057411364189151243e-01
1.025768480498601698e-01
8.237115019711871433e-02
5.236185544891401589e-02
2.135716207671107744e-02
-3.220791592659333694e-03
-1.876988532888081498e-02
-2.555436211457191159e-02
-2.477678402201319297e-02
-1.924531142497448027e-02
-1.157727152998595452e-02
7.529410624454776352e-04
1.751781592116584407e-02
3.164369422828298278e-02
4.133786067981446571e-02
4.581732813122036535e-02
4.135240981849946235e-02
2.926845426185514798e-02
1.487444688542600632e-02
3.256014192032498193e-03
-6.723672295852845676e-03
-1.969674201957350226e-02
-3.198213042781394844e-02
-3.669751500595411220e-02
-3.627129005674119971e-02
-3.706414876084523219e-02
-3.823030563398437803e-02
-3.599174842624678489e-02
-3.100861464268465581e-02
-2.532071873482819729e-02
-1.922187870834397502e-02
-1.257592338066884294e-02
-4.954894726445032219e-03
4.072744851976398822e-03
1.430897077707838846e-02
2.578175568480026159e-02
3.735895625870943454e-02
4.682152294691076244e-02
5.374719081428629142e-02
5.759817858768975091e-02
5.771921509677641754e-02
5.579264430191627211e-02
5.274678914173804023e-02
4.692194601863828446e-02
3.678821716366110356e-02
2.367174008076912417e-02
9.062089970544230655e-03
-7.042539482119530500e-03
-2.227874071742102363e-02
-3.279128191905773815e-02
-3.775315241914027620e-02
-3.924289613009335903e-02
-3.979952564097118117e-02
-3.985691473868556434e-02
-3.740736186102564670e-02
-3.119015255237157780e-02
-2.240189234623279901e-02
-1.297943574995787455e-02
-5.168169689595583996e-03
-2.204888863048681032e-03
-3.646875379228255512e-03
-6.042473284121455124e-03
-8.793474838202888083e-03
-1.295923297754478752e-02
-1.798496781074960735e-02
-2.092164602230652329e-02
-1.992954260927307444e-02
-1.521537393649464130e-02
-8.198431036059447910e-03
-2.847694801741743314e-03
-1.879139369152027679e-03
-4.919620672019095302e-03
-1.023067952197301116e-02
-1.338388939302238498e-02
-9.525593490684901299e-03
9.893159671339650865e-04
1.381544983207554957e-02
2.573468936612145763e-02
3.643495157221680186e-02
4.497052823040378206e-02
4.697847452960236814e-02
4.160570008552298693e-02
3.431914110611668234e-02
2.921424251327541313e-02
2.641189829577113291e-02
2.477458192222976516e-02
2.346462513073664657e-02
2.162067793996032619e-02
1.821718569750079703e-02
1.294259925504269784e-02
6.225164372857198286e-03
-9.431587793774830544e-04
-7.261727319507789088e-03
-1.209070444627451807e-02
-1.609662558265392840e-02
-2.032205633516232304e-02
-2.619129487907578477e-02
-3.293491140348114854e-02
-3.808799763086902213e-02
-4.162386244217416292e-02
-4.278714068921096042e-02
-3.886169107184274385e-02
-2.936367888128278703e-02
-1.766740465491605655e-02
-6.894020200999662062e-03
1.803860854328590956e-03
7.331808763505899551e-03
9.235673818118921366e-03
7.403571451874819097e-03
2.754381568506442200e-03
-1.711961250463926200e-03
-4.270687096861680576e-03
-5.615747871282023018e-03
-6.443473526887775506e-03
-7.657633293805149108e-03
-9.904838470437129366e-03
-1.296169282605710155e-02
-1.545940981218798561e-02
-1.426003027743259419e-02
-7.243632389743126510e-03
3.290302627666696553e-03
1.149560825913850323e-02
1.447193588975058398e-02
1.540292387821123182e-02
1.865242425813119082e-02
2.469222129297252849e-02
2.983635099396067872e-02
3.104419794327949872e-02
2.900900629713385956e-02
2.740368040095248620e-02
2.841085157789638438e-02
3.010451580299073129e-02
3.020967025222144955e-02
2.787704769580818392e-02
2.412091035174581538e-02
2.015991276816533548e-02
1.411400009974914625e-02
4.107525658899369853e-03
-7.068598263847067180e-03
-1.481984624706154247e-02
-2.032995260496922585e-02
-2.645714240775270260e-02
-2.989577339433451691e-02
-2.775303096719173093e-02
-2.242177987878096398e-02
-1.715087793017341933e-02
-1.222688858550865024e-02
-6.581168722386572523e-03
-7.915709061638181478e-04
3.146438176295800974e-03
3.363944042598801011e-03
-6.876218887683341243e-04
-8.098009831507784265e-03
-1.594357050483952154e-02
-2.085709847912761011e-02
-2.187496151251014029e-02
-2.032086385876942861e-02
-1.910687191028696830e-02
-2.042723580820563281e-02
-2.293217507563440755e-02
-2.469375095031088943e-02
-2.467862785118878077e-02
-2.076235868099213927e-02
-1.154172968651960389e-02
3.184525724350606088e-04
1.104764879733291343e-02
2.199107974422627454e-02
3.501133635401245531e-02
4.820034401416514735e-02
5.937114739948701203e-02
6.600034408345127612e-02
6.561016830229847441e-02
5.754504306011463260e-02
4.331161825070603544e-02
2.553144419563667042e-02
4.722804779383178372e-03
-1.888431954493278303e-02
-4.298979376563246552e-02
-6.535871853931596309e-02
-8.263403031120097886e-02
-9.204275673716282025e-02
-9.310766562400467350e-02
-8.578938133122696041e-02
-7.173581402673462337e-02
-5.448768931565431406e-02
-3.722304054682416125e-02
-1.910872938181635769e-02
1.973437498306148709e-03
2.480678718492231039e-02
4.699969909248977173e-02
6.646676838590309666e-02
8.167017841721774252e-02
9.107403588441027875e-02
9.214527556910602490e-02
8.499285365557940342e-02
7.420146575692165847e-02
6.339406394886575036e-02
5.230110461856167514e-02
3.984659125910574445e-02
2.694183191546038053e-02
1.561764254228030675e-02
6.048876988001967471e-03
-2.509260332637210447e-03
-9.643193193197702184e-03
-1.414359711810972593e-02
-1.626729976129680927e-02
-1.910217043781344687e-02
-2.256847844823371002e-02
-2.340563523247329858e-02
-2.307131317194470455e-02
-2.638123316122596013e-02
-3.437016549383477282e-02
-4.293923112386217184e-02
-4.792315801706777817e-02
-4.756625525779786812e-02
-4.134092508162565821e-02
-3.144854403035363816e-02
-2.340855383448137844e-02
-2.023711836504603692e-02
-2.043022665436277849e-02
-2.300756183527298895e-02
-2.786787965803045816e-02
-3.347832076914410843e-02
-3.740527430852659541e-02
-3.739395718720788658e-02
-3.047955411478036822e-02
-1.697652998615542183e-02
-1.550584972317670639e-04
2.000932119112999730e-02
4.429432130040121540e-02
6.738826300281523796e-02
7.959202987632196802e-02
7.819141147332740738e-02
6.734486280752373377e-02
5.170508361357240706e-02
3.512789593495595220e-02
2.164654116008504076e-02
1.560847427456061275e-02
1.528426148668683530e-02
1.400350855963242158e-02
1.003497744212839687e-02
7.034650358641943331e-03
4.936823864872567566e-03
-1.403209662284012234e-03
-1.385287784298771217e-02
-2.935672070166705713e-02
-4.466162611461332171e-02
-5.815598617795030012e-02
-6.838773397803243892e-02
-7.274168596877647608e-02
-7.082830069019227515e-02
-6.384472322091340468e-02
-5.281858479589750244e-02
-4.057481049228112840e-02
-2.862669573070901821e-02
-1.492152679800247753e-02
3.328517258740644816e-03
2.765177162834055874e-02
5.429959116356432303e-02
7.424583174170888700e-02
8.299211587791061051e-02
7.997669732651181695e-02
6.622928488232786293e-02
4.731569991422063942e-02
2.810853358539597974e-02
9.523265010817405507e-03
-8.659307953497816929e-03
-2.372598164990041489e-02
-3.059297185274994016e-02
-2.875316858811992338e-02
-2.371539845086956949e-02
-1.881122073551709517e-02
-1.263161699564358843e-02
-4.798376595264166981e-03
3.458760665176793814e-03
1.215871993818375997e-02
2.236148057718255477e-02
3.361314058703937513e-02
4.393671429509998783e-02
5.211162124569451715e-02
5.722540113975146253e-02
5.840583189607244374e-02
5.501956274251024875e-02
4.697672175804669392e-02
3.486355297635485712e-02
1.945790297632336505e-02
2.134141588641908643e-03
-1.510944956788726028e-02
-2.985102496355797330e-02
-3.900355833930183036e-02
-4.396805092328564396e-02
-5.100186045256409340e-02
-6.035723160956871225e-02
-6.648429703423025527e-02
-6.676437120939920922e-02
-6.210274784893211192e-02
-5.460609609730362329e-02
-4.683957082086281226e-02
-4.058782558131619755e-02
-3.625919488712778943e-02
-3.425583149300026609e-02
-3.598434389443481984e-02
-4.303100390124334207e-02
-5.542858803643146981e-02
-6.933766437104942060e-02
-7.936900983277506150e-02
-8.042045692706213667e-02
-6.458275807977173488e-02
-2.844075576820566387e-02
2.388704505518561214e-02
7.953657371246905528e-02
1.174685674269305702e-01
1.323680569277743968e-01
1.341407958564415914e-01
1.297071291150903305e-01
1.214673027017784263e-01
1.093175475970123850e-01
9.452591776507651700e-02
7.750825873363660634e-02
5.689025448427045828e-02
3.544152672857139169e-02
1.810476795846077333e-02
4.965073310803350473e-03
-5.962302956889398500e-03
-1.423050166444296376e-02
-1.868926772311273535e-02
-1.907622892399542247e-02
-1.595427890006471602e-02
-1.023063288548065226e-02
-2.477722728460219140e-03
6.363139187099560098e-03
1.483656854646533789e-02
2.188067173017777672e-02
2.617790491093697353e-02
2.473516985492887205e-02
1.232707655088039964e-02
-1.404714506868563403e-02
-5.391265157607730285e-02
-1.073909628983610864e-01
-1.711849976456897848e-01
-2.349120947816455141e-01
-2.868862439880131010e-01
-3.156897274549678167e-01
-3.097068158050117481e-01
-2.577455085438352667e-01
-1.456373006809784099e-01
4.335815938989911675e-03
1.318877057679609388e-01
2.126556363674668715e-01
2.558383650182012303e-01
2.685096878363881778e-01
2.577170444638194891e-01
2.319367205562100354e-01
1.976240285589475898e-01
1.580330835007132395e-01
1.167867014449844171e-01
7.742533866865990155e-02
4.153458832937696743e-02
9.898598965948746109e-03
-1.456383455078609675e-02
-2.976625028954858407e-02
-3.836592703226059109e-02
-4.329318757239106197e-02
-4.536461513413943963e-02
-4.521191418272277329e-02
-4.360801772829484002e-02
-4.056489626258621972e-02
-3.483749703996452673e-02
-2.623164976316198077e-02
-1.655288882738326084e-02
-7.634324527357179251e-03
5.643807633647253408e-05
6.007508284676167133e-03
8.359826021222330206e-03
5.319131897106077304e-03
-3.273553086278836732e-03
-1.462973093076652513e-02
-2.602543260729293928e-02
-3.702710030201552399e-02
-4.640715538788774824e-02
-5.249178084558209223e-02
-5.404123516659905396e-02
-5.043459518232090016e-02
-4.322240011995691356e-02
-3.464338897121883865e-02
-2.590732518381575269e-02
-1.722969403859118606e-02
-8.728101237153328487e-03
-7.975357619465313005e-04
6.557515159755058012e-03
1.393872413642082732e-02
2.269996796012149765e-02
3.253482961356293779e-02
4.024672759622530127e-02
4.346733961427966253e-02
4.294825705751572492e-02
4.000129772999966304e-02
3.523031335121109414e-02
3.006351479165738153e-02
2.616143272828982611e-02
2.299177588914268905e-02
1.740915588040785333e-02
7.516305445231841881e-03
-4.991590306836182073e-03
-1.617793785285675731e-02
-2.292875866373117119e-02
-2.550232254018735406e-02
-2.480295787196725235e-02
-1.992116601469160961e-02
-1.009279438116160617e-02
1.921602361923127437e-03
1.172452791274629369e-02
1.751305445374079506e-02
1.868284111571788184e-02
1.476823868937725617e-02
6.257394010614042087e-03
-4.760810286638923403e-03
-1.539888227682778034e-02
-2.250291925699744386e-02
-2.451010659084753088e-02
-2.375061807614787038e-02
-2.178397852562414735e-02
-1.666289295704453943e-02
-7.434494028123347226e-03
3.530957944558682504e-03
1.307836284621281472e-02
1.884052713057169856e-02
1.990898923841396412e-02
1.835759885146994938e-02
1.698673928493093718e-02
1.698155471646742298e-02
1.921985936833180836e-02
2.184715720429942359e-02
1.980999646403820355e-02
1.045995741190799792e-02
-5.905932690374280335e-03
-2.582533067140211150e-02
-4.345228850535828857e-02
-5.665482732651071218e-02
-6.581962338568220217e-02
-7.070847978855075711e-02
-7.052405239034828521e-02
-6.140386089908792672e-02
-3.752250379769928035e-02
-2.765740259078488736e-03
2.979259353596447335e-02
5.407102409317963987e-02
7.006398572994912421e-02
7.922796526441147624e-02
8.274412039303562227e-02
7.810561608870196515e-02
6.478116013674081741e-02
4.558770350116458925e-02
2.508217039250272909e-02
6.932317682360935457e-03
-1.010764771175046844e-02
-2.744961985118247669e-02
-4.334688536356570004e-02
-5.691131524917833473e-02
-6.884892725917665657e-02
-7.812233739331135574e-02
-8.093415819704205538e-02
-7.276937430367640125e-02
-4.935556801022666917e-02
-1.542356211488463483e-02
1.528763095242421065e-02
3.719207813430185083e-02
5.036880562973036074e-02
5.319913293737607574e-02
4.708846699765598109e-02
3.763794607416879462e-02
3.100908787537566547e-02
3.004806084772375374e-02
3.406221909254770336e-02
3.964315391566833324e-02
4.345059172835120248e-02
4.333193976812144133e-02
3.782502613859189261e-02
2.954181296687207262e-02
2.166707928270773451e-02
1.459480712371930521e-02
9.522593269660109550e-03
6.737914255706077202e-03
5.263826347694308336e-03
4.795355819417857629e-03
5.143360811725648102e-03
4.921265427072890261e-03
1.769491824097170485e-03
-5.931804402315824475e-03
-1.927540107725759719e-02
-3.742211368589908743e-02
-5.758079972204698666e-02
-7.759209206085870836e-02
-9.495462183199486483e-02
-1.065695396851677051e-01
-1.091679111889995724e-01
-1.017368785323984337e-01
-8.761294953080071835e-02
-7.037327518433772466e-02
-5.199075043657982315e-02
-3.392240456953206362e-02
-1.622519677210708042e-02
7.007217753576041458e-03
4.600092765517607707e-02
9.266346878758215111e-02
1.219543470513212435e-01
1.256926691369664173e-01
1.110801637516994345e-01
8.504979154964834032e-02
5.586817290050838380e-02
3.029079551920546912e-02
1.060150769705619014e-02
-4.373196926596049222e-03
-1.575908393471264421e-02
-2.125648087156587970e-02
-1.985953535075282717e-02
-1.471977575732091176e-02
-7.929993143450803084e-03
1.310288610479789714e-03
1.293323954481714021e-02
2.424901502593166877e-02
3.204098932976270214e-02
3.441086061519255807e-02
2.945362041581600643e-02
1.582731847930005098e-02
-2.311176399369452295e-03
-1.729908296677316187e-02
-2.531153624831510018e-02
-2.758472153590471598e-02
-2.574073152972395501e-02
-2.069022586297194349e-02
-1.472045813505943809e-02
-1.136642956000755503e-02
-1.283654157712933556e-02
-1.683069214728741270e-02
-2.007516702751528312e-02
-2.115587673609160141e-02
-1.900068112615566421e-02
-1.448573377786611764e-02
-1.055910735128437299e-02
-9.446477965479198324e-03
-1.056654675117582425e-02
-1.057136954639297313e-02
-6.292924564214721038e-03
6.504837977106836273e-04
5.924610256068027318e-03
8.760850521509629465e-03
9.490341690352179296e-03
6.701060789022213887e-03
9.725209124515372255e-04
-3.569069101522215348e-03
-3.344758385260093118e-03
1.156069579606369213e-03
6.838086865116977352e-03
1.187463196217579744e-02
1.583888944544476624e-02
1.835683429452143051e-02
1.987044749130572469e-02
2.008769882187920117e-02
1.944217831990750073e-02
1.973916087629623561e-02
2.038069121379936996e-02
1.963626570635763208e-02
1.620446062549803570e-02
9.244917358812944699e-03
5.677693541199241170e-05
-9.083216943583003258e-03
-1.709026157252428041e-02
-2.334764924702821542e-02
-2.618083592212472333e-02
-2.328857202119642006e-02
-1.458559065947946654e-02
-4.680792346446078014e-03
2.132864494990123049e-03
6.361271656144622082e-03
8.511086391858458181e-03
6.878242485098301495e-03
1.462418855872147294e-03
-5.562675726679264937e-03
-1.252194009424628489e-02
-1.963983256305279132e-02
-2.732618763968278422e-02
-3.305236031870631419e-02
-3.497282008657637276e-02
-3.406949268656570690e-02
-3.012612572976220565e-02
-2.294794086486234494e-02
-1.371671694128422103e-02
-3.057636032530606975e-03
7.106896781736253554e-03
1.422634274078421815e-02
1.731641637871503964e-02
1.751288903551406761e-02
1.785969558769184493e-02
1.893805621624300439e-02
1.899959099113536498e-02
1.779111061844878758e-02
1.726568120173887361e-02
1.923519163587848399e-02
2.266586327440852158e-02
2.479496650233859248e-02
2.397814702042236693e-02
2.173653128283641739e-02
2.120772378585207216e-02
2.054281661600618550e-02
1.540924604112456353e-02
8.609350242102138673e-03
5.320356921539159262e-03
6.411562005766191334e-03
1.067296310033563275e-02
1.579974124130718166e-02
1.903447290712174944e-02
1.819232735718949445e-02
1.394085861996623155e-02
8.521786025525248526e-03
2.152763960575005200e-03
-4.467178101744536875e-03
-1.149580311229028706e-02
-1.954760645682547190e-02
-2.641859506919458367e-02
-3.102206584182502086e-02
-3.412485017520579950e-02
-3.679346393238007440e-02
-3.971058998190623440e-02
-4.253160668374297848e-02
-4.364659528193308435e-02
-4.021714380615416806e-02
-3.216554138583501560e-02
-2.298608086788164404e-02
-1.415856452349796048e-02
-3.600978404496836972e-03
9.306834506821719949e-03
2.173881686698867985e-02
3.048778270007711233e-02
3.534505831127639219e-02
3.868960890710040901e-02
3.966842745626854988e-02
3.575399579082105123e-02
2.874051361113107855e-02
2.019844905926784090e-02
1.009488184521873527e-02
1.407854459540194142e-03
-4.696061843332518908e-03
-1.232560576580762728e-02
-2.301613020996425354e-02
-3.344402227452389353e-02
-4.063066625562890277e-02
-4.407196397560412399e-02
-4.565879874868381677e-02
-4.522099408688196043e-02
-4.005241365063706704e-02
-3.080079973572984881e-02
-2.017042962960525695e-02
-8.159045931588020453e-03
6.781228820151700282e-03
2.415448726981185221e-02
4.033188011609847162e-02
5.142423708436934249e-02
5.672058510199103065e-02
5.666054150452420890e-02
5.175486938827868200e-02
4.314117202604383916e-02
3.221375539285743772e-02
2.159364570807575934e-02
1.314858663116920921e-02
7.421884003308600042e-03
5.503343243791576286e-03
6.791550545794037066e-03
7.515387282873170309e-03
4.649269626222128984e-03
-1.382705139470598397e-03
-9.367038613216978338e-03
-2.079788936609150082e-02
-3.515853792838400521e-02
-4.641930934334655839e-02
-5.154530809080221793e-02
-5.119668977542826682e-02
-4.549338035840578415e-02
-3.506509938550513017e-02
-2.083121031868832157e-02
-4.250235647550408905e-03
1.313092341388921377e-02
3.002658588531276207e-02
4.499414401460756496e-02
5.552351399139973664e-02
5.983528711188679239e-02
5.888843676495235380e-02
5.348607876527288613e-02
4.350896123368615948e-02
2.964470414754417221e-02
1.306835061777834525e-02
-5.770862747173586757e-03
-2.659429208642827627e-02
-4.831832231356376905e-02
-6.688968598309039115e-02
-7.578951602174913149e-02
-7.386815068430033215e-02
-6.553089278227869352e-02
-5.333628169646044415e-02
-3.697876111935877869e-02
-1.801426657444525278e-02
-1.085590879421197748e-03
1.035956186575461707e-02
1.707846062908857654e-02
2.201394263796434964e-02
2.602775299787547444e-02
2.771441622786226938e-02
2.606606335706017699e-02
2.160425228729727365e-02
1.361948641113277375e-02
2.178035620487427104e-03
-7.668636946054845083e-03
-1.240885706408120966e-02
-1.316554409528856127e-02
-1.127360365580998627e-02
-5.904895742786383898e-03
4.627409548882125377e-03
2.014115103750382246e-02
3.815913835681553762e-02
5.410812037674830877e-02
6.358018325173124541e-02
6.373221166615811173e-02
5.408172774158422763e-02
3.878301907342284610e-02
2.225439646258488627e-02
4.974654741541217548e-03
-1.259251361955926289e-02
-2.842467672941124263e-02
-4.081486273133139164e-02
-4.904720917532796876e-02
-5.254454319739226831e-02
-5.004077672779297381e-02
-4.165043391641370940e-02
-2.962922365484593756e-02
-1.559924740205788189e-02
-3.341720260980731230e-04
1.381962621138383383e-02
2.356068456976009515e-02
2.733906400127969830e-02
2.581825771715341375e-02
2.117470584490676114e-02
1.520257940934202634e-02
6.893558085269179889e-03
-5.273297466730140354e-03
-1.987072707594651419e-02
-3.398687654024278720e-02
-4.641801177276268231e-02
-5.491579586826169507e-02
-5.429031617017497646e-02
-4.192489086682490984e-02
-2.322717432986476371e-02
-6.817007495600761746e-03
5.479367166403771583e-03
1.596590140891770288e-02
2.631539860902931682e-02
3.827160741780455400e-02
4.984193798334003722e-02
5.737053234347433417e-02
6.078881674083150277e-02
6.092806140646824659e-02
5.787044292539063328e-02
5.156887448579752786e-02
4.250687575340043184e-02
2.986335789417185124e-02
1.120270680506917430e-02
-1.362894559586571956e-02
-4.085012829641469778e-02
-6.325603956633556180e-02
-7.563889649772544133e-02
-7.838581742232374194e-02
-7.453411238596047150e-02
-6.556174354069649324e-02
-5.140462504232419516e-02
-3.255869257786431908e-02
-1.246969754801626612e-02
3.032712613830263870e-03
1.218965607599038076e-02
1.883451478474088697e-02
2.482600784359367471e-02
2.800223195500822770e-02
2.896359440773673549e-02
2.944919399261805917e-02
3.017955420425762897e-02
3.046046927245313687e-02
2.748949314584065926e-02
1.992022351171101463e-02
8.153605299171674814e-03
-6.206418433332023914e-03
-1.921564499302684179e-02
-2.718213134113096896e-02
-3.040722715125592293e-02
-2.960764922277355632e-02
-2.332110770416409573e-02
-1.097990060474881256e-02
4.643847238544063401e-03
2.028298821641215388e-02
3.529678201970306434e-02
4.681389322496914973e-02
4.984815207801707865e-02
4.340741386325020629e-02
3.047147727840775200e-02
1.508835532134976398e-02
1.335474313397429225e-03
-7.136484221385216813e-03
-9.826611395333414295e-03
-9.532932323080289122e-03
-8.076149800493419295e-03
-6.231735498248990208e-03
-5.933539074451841221e-03
-8.999093076707620834e-03
-1.623385144655913742e-02
-2.610759896426496918e-02
-3.544871003831130685e-02
-4.300922463144335461e-02
-4.723272293093426499e-02
-4.552500306635172411e-02
-3.796148846964997325e-02
-2.746068131837004281e-02
-1.607828788621957702e-02
-2.643701624164162666e-03
1.272892953600545177e-02
2.703409060363710925e-02
3.904292683826989657e-02
4.796582497449720928e-02
5.065999085705449878e-02
4.643840877439836534e-02
3.839655642683162395e-02
2.871375162024466729e-02
1.787123305018462061e-02
5.929938633213475627e-03
-6.308724250301817396e-03
-1.630496340334224720e-02
-2.164735770614461749e-02
-2.175579122202841303e-02
-1.868754673173431483e-02
-1.599731960366988434e-02
-1.464341416820123636e-02
-1.288266839786348684e-02
-1.063663376171406459e-02
-1.035283236207874130e-02
-1.242186954969127198e-02
-1.371833733575972616e-02
-1.105360222587019672e-02
-3.782503671457770889e-03
6.102583414587121544e-03
1.626794631653209755e-02
2.350685137297036167e-02
2.459047328019054249e-02
2.096312573675404578e-02
1.550724157673269432e-02
9.708165382644762600e-03
5.601512229748167870e-03
4.218466500778452269e-03
6.171698187453561121e-03
1.013902434953563823e-02
1.140423138867724916e-02
9.115232227409531332e-03
6.774196191949767402e-03
6.371713389698214006e-03
8.165603140331035431e-03
1.000627962938610387e-02
1.012996816044988563e-02
8.113428167365455482e-03
2.180767627666860449e-03
-5.927682270969881172e-03
-1.188534561255265298e-02
-1.554827211749129981e-02
-1.851016753553096084e-02
-1.940316938494929949e-02
-1.753670123592899685e-02
-1.560406900602794023e-02
-1.411040495310434892e-02
-1.042320684782346504e-02
-3.630819139256313485e-03
4.847498920442357313e-03
1.200590738037343036e-02
1.543495952671490069e-02
1.453635404727488326e-02
9.122249494880876539e-03
7.674722556211385684e-04
-7.599969810159150525e-03
-1.368502812598825294e-02
-1.787362643601684078e-02
-2.370420223199161056e-02
-3.050432318871122706e-02
-3.326905760918220240e-02
-3.245236286747363308e-02
-3.056282364109312588e-02
-2.658060787702616612e-02
-2.015288688274472981e-02
-1.451356321564706460e-02
-1.415164521827442373e-02
-1.950521733821011100e-02
-2.643650690939209486e-02
-2.997012874817022929e-02
-2.637477207762136192e-02
-1.376793170442054681e-02
7.087321061398239516e-03
3.061120361956621086e-02
4.906565402911835377e-02
5.963572073741577745e-02
6.258371057854758557e-02
5.708373772941967988e-02
4.351464939298321788e-02
2.579628650912318272e-02
8.910636210268075078e-03
-4.290807634654313259e-03
-1.198144822575564206e-02
-1.194976581606263522e-02
-4.640631447889019372e-03
6.375027792328366236e-03
1.832317093731715765e-02
2.919344612643304943e-02
3.738784282754017974e-02
4.289187824062275223e-02
4.605742029010776589e-02
4.569103702765281438e-02
4.064511698032537146e-02
3.176960411051340388e-02
2.037016298326217723e-02
7.326419763798368116e-03
-6.332210459470320740e-03
-1.916179604091299352e-02
-2.913638628183951723e-02
-3.418582197088021468e-02
-3.269878326271211805e-02
-2.506089918697044366e-02
-1.301998741306734445e-02
8.532975330609766929e-04
1.169343491888828745e-02
1.541236723931036293e-02
1.094628735489417033e-02
7.598207044405983282e-04
-1.093896318255350476e-02
-2.352223312937849753e-02
-3.938580157009129168e-02
-5.815927425037598075e-02
-7.691975327073524715e-02
-9.234773767630406749e-02
-1.006642953914200084e-01
-9.879903827265076877e-02
-8.358088952693382145e-02
-5.303632993414603147e-02
-7.187930111881670955e-03
4.343254505792906728e-02
7.887832560132569670e-02
9.291437533337251753e-02
9.138372291335017383e-02
7.734305846478488344e-02
5.422059568746480374e-02
2.792915149921969611e-02
2.476573684933926559e-03
-1.995929176090080470e-02
-3.805005064408121390e-02
-5.079449597455855392e-02
-5.523957897956284502e-02
-5.063757901341388312e-02
-3.773322074773897278e-02
-1.642749308967319383e-02
9.575306061185033177e-03
3.241519123087354542e-02
4.442685152475119026e-02
4.554433723965490427e-02
3.961836316807076930e-02
2.882406340739683895e-02
1.785104904051938723e-02
1.239915157192566370e-02
1.491965880106054139e-02
2.386852845675855456e-02
3.480375853787148754e-02
4.382528461803865405e-02
5.026676438019133525e-02
5.341027952832809456e-02
5.218169324842959061e-02
4.962954298754426730e-02
4.839306536548052678e-02
4.818783384479706500e-02
4.763882834555890206e-02
4.527404820880120973e-02
4.103617509690624804e-02
3.512103604981187122e-02
2.811819304637760281e-02
1.810769429653490137e-02
8.289829208339739852e-04
-2.468991908208799727e-02
-5.628160724286622452e-02
-9.254222967387734644e-02
-1.341484154263083151e-01
-1.802896008208725587e-01
-2.248245662247057297e-01
-2.579695512608639052e-01
-2.698224247975829493e-01
-2.540088126815234770e-01
-2.070269281573288433e-01
-1.285140877192323949e-01
-2.175281970816675056e-02
9.131283882015955866e-02
1.726197850329266037e-01
2.108788304118221490e-01
2.176581915701983061e-01
2.015923182666272129e-01
1.713788169176990728e-01
1.352574409864382432e-01
9.847880941489312034e-02
6.583661409374771956e-02
4.149414888801732093e-02
2.502616836029569053e-02
1.327221887882246501e-02
4.218832026179626660e-03
-1.588330615504067629e-03
-1.477383943017314058e-03
4.797272666646810665e-03
1.328505158704498465e-02
1.973433411692602363e-02
2.374816683747167298e-02
2.641626521785570003e-02
2.762776892630684766e-02
2.686966743124917512e-02
2.290622913333144328e-02
1.538200288890370117e-02
4.421185267062983926e-03
-9.954208831278494804e-03
-2.581978375790017904e-02
-4.086158943836211421e-02
-5.504928914750274738e-02
-6.796434607614072754e-02
-7.599762099743873067e-02
-7.601272921805186933e-02
-6.989823149080513776e-02
-6.068348691253976079e-02
-4.930526591961147814e-02
-3.766566494282450051e-02
-2.712836425525550627e-02
-1.887916271691192013e-02
-1.374661939543730949e-02
-1.005508860993749309e-02
-7.022834378929954623e-03
-4.373262470956982770e-03
1.642199374203351034e-04
8.323821146569730656e-03
1.844764352800376192e-02
2.702853675685826934e-02
3.151976912112280926e-02
3.016549438742835432e-02
2.281162351831637902e-02
1.392402374878705384e-02
1.077840115283478471e-02
1.926732348002119580e-02
3.594604728043169356e-02
4.834028703808933292e-02
5.138492180494184935e-02
4.827729191943989917e-02
4.039442218763187459e-02
2.804173841268433817e-02
1.350926027433788958e-02
-3.704542893621981439e-04
-1.423018074599516174e-02
-2.974049437788370970e-02
-4.524368858447073982e-02
-5.783304252458128236e-02
-6.593476809639740865e-02
-6.900531463746553684e-02
-6.438252335130043025e-02
-4.965090264927071034e-02
-2.825626217251461791e-02
-5.671502725341124110e-03
1.480231975241298736e-02
3.121382631668093502e-02
4.263575540098041294e-02
4.984908355066430818e-02
5.469311972731207699e-02
5.778432192608087131e-02
6.005290273931019468e-02
6.330783887412866351e-02
6.768721233538323168e-02
7.057473269855600584e-02
6.760424571700926477e-02
5.711954136467651405e-02
4.225371440882279284e-02
2.680093343451805943e-02
1.131018585401812396e-02
-5.193446115125911408e-03
-2.391380403594538934e-02
-4.617617147668924560e-02
-7.136579332264322839e-02
-9.572212721350721598e-02
-1.149571355756852653e-01
-1.287267848310751361e-01
-1.392305077305922845e-01
-1.460007449319399020e-01
-1.448635696787068938e-01
-1.314239029523853741e-01
-1.014891974771157529e-01
-5.000415819005456924e-02
1.601033548439229071e-02
7.771593450588092089e-02
1.234276989398088303e-01
1.486927028345781665e-01
1.541090183550011539e-01
1.441272484990203939e-01
1.240469454716146003e-01
9.911552179383643912e-02
7.210605186551079238e-02
4.659172499348709223e-02
2.442365049257777879e-02
3.952999698999267765e-03
-1.463352357253653972e-02
-3.074391950592279821e-02
-4.476633138738224382e-02
-5.593179464979362858e-02
-6.322676869021819079e-02
-6.631798141058149743e-02
-6.715534104653343717e-02
-6.745761541095850189e-02
-6.580108470595585901e-02
-6.057058736313220698e-02
-5.189801748024281541e-02
-4.042596595031899137e-02
-2.368881819539575551e-02
2.020719068386831168e-03
3.273142304055137036e-02
5.920995328436130106e-02
7.830193795149470448e-02
8.936602444175623106e-02
8.849094323619524638e-02
7.574134372518051550e-02
5.639948929481637674e-02
3.552830836392028430e-02
1.656774722381593179e-02
1.157982335883179234e-03
-1.028497376174917696e-02
-1.683653503351691810e-02
-1.773636739665024331e-02
-1.454006542574692168e-02
-9.745156875572119626e-03
-5.546930797813858643e-03
-3.100392560345313978e-03
-2.299413710879700742e-03
-2.784495161319964010e-03
-3.435916579375729481e-03
-3.324504330019509811e-03
-2.992353049906502221e-03
-2.524730987875384129e-03
-1.378272141156224127e-03
-1.216125219865399516e-03
-4.327278895104372074e-03
-1.014106394481190457e-02
-1.579067463488897927e-02
-1.944132130940688999e-02
-2.271444594785710508e-02
-2.860692074147438979e-02
-3.959664460716429135e-02
-5.715854733214450339e-02
-7.552123206297421676e-02
-8.374204362151616010e-02
-7.508441758641955233e-02
-4.963839721077885347e-02
-1.463717996637663513e-02
2.079372871246290902e-02
5.052046499351014325e-02
7.288234246628730317e-02
8.807657331145331281e-02
9.420196733386485000e-02
9.115309058673577713e-02
8.023382146616765687e-02
6.308038256676440358e-02
4.322011018659374648e-02
2.240180744382170436e-02
4.801511391888226357e-04
-2.066876922312007106e-02
-3.690738685555099846e-02
-4.581795407996168412e-02
-4.937930680969611352e-02
-5.143427001466623072e-02
-5.256747571082060616e-02
-5.074134955383851481e-02
-4.479208640385501372e-02
-3.362584316678302043e-02
-1.685898977918809383e-02
4.592218650640444641e-03
2.827451907318619811e-02
4.860587075555498904e-02
5.987967066721704840e-02
6.078316662472755399e-02
5.348319295459617873e-02
4.002462939696700001e-02
2.146656586235575273e-02
-1.890902974115071453e-04
-1.936001156100673054e-02
-3.017004768056208430e-02
-3.119031509527473225e-02
-2.280247734649010205e-02
-5.149660302236956297e-03
2.063066340781098337e-02
4.886623908466265070e-02
7.138273436073279410e-02
8.583303471780530380e-02
9.352674687413875532e-02
9.423413331269070436e-02
8.773376187557169192e-02
7.673917905261597172e-02
6.482522709031288133e-02
5.046872393088790154e-02
2.939704660651913659e-02
-1.471510847798156857e-03
-4.556576920827043464e-02
-1.030374504025269311e-01
-1.686293089846059301e-01
-2.371582601362458853e-01
-3.036489085435132851e-01
-3.592398660030530211e-01
-3.927607860348060198e-01
-3.907279775038887126e-01
-3.348191885583057248e-01
-2.053783398188171461e-01
-2.867370088727276209e-02
1.224752791373660554e-01
2.169423769671646185e-01
2.639439079256512555e-01
2.711713535876800751e-01
2.510085405287019733e-01
2.173614142411491035e-01
1.824811049773773231e-01
1.569633962731320498e-01
1.457333078775525925e-01
1.501791351699153787e-01
1.623896584472938054e-01
1.635899862351811174e-01
1.472650812590386993e-01
1.204559738409821251e-01
8.834546338426055301e-02
5.448951191614347794e-02
2.279045907615807193e-02
-5.030335064082378654e-03
-2.876812815007723581e-02
-4.769544312703211109e-02
-6.110468693187458278e-02
-6.790886320166891754e-02
-6.770039257683546641e-02
-6.134719807422284177e-02
-5.044036230710956942e-02
-3.773347585477673100e-02
-2.652221855756685051e-02
-1.939699277322207496e-02
-1.650618064082247372e-02
