-7.302677782146051177e-02
-9.485754651961592065e-02
-1.176539688741472939e-01
-1.458672187981240320e-01
-1.794629056981965065e-01
-2.089412039087759632e-01
-2.224537761025273674e-01
-2.126760276595582311e-01
-1.713001173321629378e-01
-8.765009885038056725e-02
4.044164246631615223e-02
1.802463671025944236e-01
2.765462711091981052e-01
3.072901763426056920e-01
2.831132903342110096e-01
2.167945253824378471e-01
1.179324667414579086e-01
-6.881747552544444785e-03
-1.534557637034773825e-01
-3.118471013629172672e-01
-4.607645290109940728e-01
-5.768515447707011079e-01
-6.444385126041743961e-01
-6.689802049146207352e-01
-6.631087530724520951e-01
-6.315994247121446969e-01
-5.859695996289000508e-01
-5.190549241321505969e-01
-3.937475780037069106e-01
-2.078275330906380336e-01
-1.331444424208502730e-02
1.486676464575071854e-01
2.687225068157192420e-01
3.527052024536669328e-01
4.177445130225204140e-01
4.856618735324326197e-01
5.795444211303655280e-01
6.799123066572401175e-01
7.219251533295256706e-01
6.836292097002496515e-01
5.939738864988393097e-01
4.813313735082608291e-01
3.649640160206145678e-01
2.516903861399325537e-01
1.393794333430908861e-01
3.420418243567961009e-02
-6.120792721924167568e-02
-1.639528801434481653e-01
-2.882217394383860820e-01
-4.211588025725235829e-01
-5.326662368269662329e-01
-6.088800496524026107e-01
-6.568030839371127305e-01
-6.763505579035802295e-01
-6.504780985748052080e-01
-5.531232639656553651e-01
-3.597906756383091875e-01
-8.719305563428303429e-02
2.049191594062996780e-01
4.500755728584188708e-01
5.888576806901093530e-01
6.142654829186822152e-01
5.627741190795678694e-01
4.613367004297357354e-01
3.287428438087217075e-01
1.828669385442536766e-01
4.176617777565087841e-02
-7.524575114510502483e-02
-1.498243186461044596e-01
-1.668972016517847046e-01
-1.116203299660039061e-01
-8.276191008191512155e-03
7.873298563144057183e-02
1.298919120701148844e-01
1.537158691243067921e-01
1.435611054904022132e-01
1.062915458422503817e-01
5.855916532893194748e-02
5.510307784129630029e-03
-5.877043983278511241e-02
-1.339118426751536584e-01
-2.037693936002496764e-01
-2.442711846973059653e-01
-2.453307571151848165e-01
-2.187467462600179435e-01
-1.786589624211621374e-01
-1.317195463869371141e-01
-8.008041118969103089e-02
-2.574312451780748009e-02
2.509291271271285942e-02
6.572856832923718029e-02
9.367211215886192544e-02
1.089832474267181106e-01
1.134073178944567661e-01
1.082387710869573139e-01
8.631404505971861096e-02
4.191728096764596456e-02
-1.564483240538772080e-02
-7.690245039690063455e-02
-1.381227425918133689e-01
-1.923010589021382222e-01
-2.323756244420041306e-01
-2.551114493260843163e-01
-2.556754624258843478e-01
-2.248365385935681138e-01
-1.528495597359347813e-01
-3.350699864680944939e-02
1.072021846425103425e-01
2.147836898220665258e-01
2.668655474861895138e-01
2.741913663250244437e-01
2.485324577300901672e-01
2.026459884206897044e-01
1.504042335483765924e-01
1.010691566900014660e-01
6.021670810940986385e-02
3.042935959197947196e-02
1.067629878883171596e-02
1.724313989733444394e-03
1.550542241101297153e-03
2.984400553547811655e-03
3.905608555932733525e-03
5.587549149193420453e-03
6.229180080179841025e-03
4.174473915155425124e-03
4.828280192938939896e-04
-3.734253821803389106e-03
-7.710269381100724392e-03
-9.865759137075900964e-03
-1.021999758401881744e-02
-1.228932686811548720e-02
-1.900127583190606984e-02
-2.918220124409702521e-02
-4.119644176252005435e-02
-5.396363374861055939e-02
-6.587481984046203443e-02
-7.686182318043512096e-02
-8.671515098371913866e-02
-9.241694512550163720e-02
-9.098621536162121437e-02
-8.003136146428080355e-02
-5.617935750125653549e-02
-1.599981426056419284e-02
3.044004226426107879e-02
6.175064764196513956e-02
7.274855582216069316e-02
7.188147690613172491e-02
6.472183823719734885e-02
5.419036228725832016e-02
4.350769865950921550e-02
3.566654586560755180e-02
3.180797052747530440e-02
2.980172655397428372e-02
2.696668330997804494e-02
2.433218720597853796e-02
1.922804887458126610e-02
9.549073687163190868e-03
1.493772403241732955e-03
-3.184259863378908345e-03
-7.373435162088371603e-03
-1.176430933675924259e-02
-1.661657756449655757e-02
-2.169314182630375717e-02
-2.608591129864990671e-02
-2.777622106237099403e-02
-2.565636890047086338e-02
-2.124842791934614811e-02
-1.573409366225604622e-02
-8.995532262492330483e-03
-2.662803793928307690e-03
1.202424555384661118e-03
3.761109503838336397e-03
6.298994140410804979e-03
7.212549485836392341e-03
4.177420614251223935e-03
-3.695783189144574363e-03
-1.379894240646759723e-02
-2.102957333034207246e-02
-2.202299998799218950e-02
-1.633327660940159243e-02
-6.796291286758029959e-03
9.367175835471831195e-04
2.663621723817818747e-03
-1.275927813578802035e-03
-7.260982412752942095e-03
-1.144759148188915707e-02
-1.025495475825864353e-02
-3.339661468981597325e-03
5.635896817957437507e-03
1.503479659530028260e-02
2.363911150314286155e-02
2.523671732555177877e-02
1.338696128365607016e-02
-1.056577588275222843e-02
-4.065409771441328562e-02
-7.116135677336345167e-02
-9.676446591261869679e-02
-1.147223656837748074e-01
-1.244682494161424985e-01
-1.255443107080374820e-01
-1.140754661350044108e-01
-8.007110725698303455e-02
-1.200556464525069297e-02
7.803861838060659195e-02
1.556092953903131793e-01
2.077662037419523988e-01
2.415241457426176297e-01
2.611307848397838582e-01
2.677264282689619801e-01
2.618308706180071388e-01
2.453449176632277462e-01
2.213668104059673680e-01
1.961232367083485528e-01
1.736672637950048559e-01
1.510583883319116250e-01
1.278531541318446707e-01
1.071443209806762914e-01
8.529329022000201044e-02
5.590469656103289747e-02
1.384771355581035368e-02
-4.555010660342061896e-02
-1.216684850856062372e-01
-2.102267182039052051e-01
-3.079561895396618620e-01
-4.114663646019134924e-01
-5.150401701032646384e-01
-6.121932355821302352e-01
-6.919844288889065442e-01
-7.328904968685328036e-01
-6.981502609070918686e-01
-5.450701441299442562e-01
-3.003150038507743647e-01
-5.010193821216956528e-02
1.605939191539840771e-01
3.106627148258220839e-01
3.905385103290685000e-01
4.246255062431212313e-01
4.475865769583555753e-01
4.808074507509695339e-01
5.014922726878592307e-01
4.646313346060198524e-01
3.647076034809287326e-01
2.249718248407650001e-01
6.530707317044609495e-02
-9.512996881217553047e-02
-2.344744291043857343e-01
-3.297918022503810720e-01
-3.594433418309835315e-01
-3.020796586124245842e-01
-1.685447346412934366e-01
-2.681852061112030561e-03
1.539755539999982936e-01
2.597499725931978198e-01
3.011616231963365475e-01
2.959154880181616432e-01
2.611952593309233572e-01
2.090602962360978700e-01
1.475686942940680479e-01
8.564142010478299760e-02
3.012769389199824316e-02
-1.634642525655825504e-02
-5.232502441847060315e-02
-7.673753793459531236e-02
-9.050376469147281000e-02
-9.522568685419810497e-02
-9.310201815557243854e-02
-8.414638826425288598e-02
-6.463636543016529346e-02
-3.691131554024634776e-02
-7.468728615516603830e-03
1.844861842673311408e-02
3.355854286240053663e-02
3.225715510415317483e-02
1.252411325883907162e-02
-2.554160692303643343e-02
-6.878471405691029272e-02
-9.404821451074389660e-02
-9.466280449038344535e-02
-7.926494707822440144e-02
-5.479213409506249188e-02
-2.394993804541051263e-02
1.164822625179560804e-02
4.787455130797659691e-02
8.121724541011030030e-02
1.109587076945038470e-01
1.359896008748861240e-01
1.538391526537157272e-01
1.614751712527179861e-01
1.556912359519452282e-01
1.338018886732937063e-01
9.536763399824460530e-02
4.449292138574914568e-02
-1.196347832474523899e-02
-6.755686507443547928e-02
-1.148560871392100280e-01
-1.419189790929224482e-01
-1.344318880811320449e-01
-1.074038719541137721e-01
-1.017587848560048275e-01
-1.260165029867716946e-01
-1.583817064668985308e-01
-1.881300607428595673e-01
-2.189262106459351487e-01
-2.482465479987796264e-01
-2.785641787030628813e-01
-3.157169754611938162e-01
-3.323742971978491112e-01
-2.764947215148079729e-01
-1.504433224581845918e-01
-2.173381969370838038e-02
8.794658825899856480e-02
1.859918397010832392e-01
2.512592976447295401e-01
2.806307531019932577e-01
2.912959935915038212e-01
2.978138585041687492e-01
3.047434005271894009e-01
2.985069524185473555e-01
2.617025193068915900e-01
1.977400984456716138e-01
1.296130119557707683e-01
8.434053864139393064e-02
9.063565242480355055e-02
1.294427622789628973e-01
1.281981143463352124e-01
5.833868267989869572e-02
-5.450155512536659919e-02
-1.756340276851814097e-01
-2.805662592374977837e-01
-3.641438964442295090e-01
-4.234529234808858122e-01
-4.469096779918315665e-01
-4.274153573338539402e-01
-3.600062469157133682e-01
-2.402069916389449056e-01
-9.966940879846593326e-02
1.493142008764918732e-02
9.543075526606528691e-02
1.578116814788353972e-01
2.189370851585092370e-01
2.792248705136987641e-01
3.220186603971243455e-01
3.394828648332490206e-01
3.309313703706749932e-01
3.034074914035932435e-01
2.721361382079381941e-01
2.461528613213739280e-01
2.326629654640029743e-01
2.220714346870277245e-01
1.910564613126220224e-01
1.385157156627758179e-01
7.281267047306025364e-02
1.002446087448264495e-03
-7.119035034124440720e-02
-1.448255798517638637e-01
-2.126932135846514582e-01
-2.617669848166606084e-01
-2.880497975342370398e-01
-2.904954307346145903e-01
-2.763102085598919122e-01
-2.570071998253559142e-01
-2.253415404007274581e-01
-1.627828106258010499e-01
-5.797353785910414059e-02
6.108150312132976795e-02
1.428403664365352765e-01
1.739280293920219544e-01
1.727162856486778308e-01
1.544058071281352029e-01
1.238683909096233299e-01
8.819184031458969508e-02
5.345619853417835077e-02
1.339008477207840470e-02
-3.765414303033332716e-02
-9.274350766269538748e-02
-1.379494451854664239e-01
-1.672489520476788394e-01
-1.813669675400668979e-01
-1.823587566152711503e-01
-1.731269498115355077e-01
-1.514211707029560205e-01
-1.112753085068973330e-01
-4.540746161932485148e-02
3.417598802778998995e-02
9.272051853345958383e-02
1.145749170813191997e-01
1.057317062899661153e-01
7.570153791516591457e-02
3.699128186128008283e-02
-2.147908820749076797e-03
-3.805616924880424190e-02
-6.475513653713760309e-02
-7.337991967908874535e-02
-5.505560901157334486e-02
-1.107936927134112876e-03
7.952170257558065225e-02
1.580113481575829981e-01
2.175169009377348195e-01
2.563864383409782399e-01
2.763681495808795741e-01
2.803691238200005653e-01
2.695530803118711405e-01
2.460777401170532175e-01
2.126274859651577642e-01
1.692681037447795189e-01
1.148288655617567683e-01
4.674566491185493111e-02
-3.384433346680561228e-02
-1.182997690943984048e-01
-2.019588059766208588e-01
-2.886166682440298725e-01
-3.816444938093864203e-01
-4.731263531220905039e-01
-5.469415171180427304e-01
-5.895750019244158091e-01
-5.901835202104478428e-01
-5.359306293287749989e-01
-4.085328121774854382e-01
-1.877405698357168251e-01
8.346461913759871398e-02
3.000074455879229163e-01
4.203281813031114478e-01
4.685267217177759846e-01
4.677920879540939936e-01
4.350521402548107597e-01
3.812937213632565103e-01
3.156793899122325997e-01
2.487367030054769002e-01
1.871643220967436905e-01
1.317128256228585759e-01
8.050902316715821683e-02
3.298551244079053063e-02
-8.852887638822241889e-03
-4.533931793341121341e-02
-7.508354127533156674e-02
-9.426190620499674822e-02
-1.057781097539863407e-01
-1.152804629073076181e-01
-1.227835549024071243e-01
-1.245168443449704010e-01
-1.182545586134659266e-01
-1.036750545196245404e-01
-8.002163630104558445e-02
-4.964487520535360021e-02
-1.966404913314811348e-02
4.292826366814703198e-03
2.013934006790979447e-02
2.865377731985796483e-02
3.036918520314628445e-02
2.369257775028880617e-02
1.137712135297370974e-02
1.123763972501598193e-03
-1.203524466338921992e-03
6.351063502478802164e-03
2.533821618422257491e-02
5.162895168345380675e-02
7.343173533073854564e-02
8.584281448668024117e-02
9.325256104077550567e-02
1.003806861915186033e-01
1.080721943457183393e-01
1.139167665961674930e-01
1.156430968397023917e-01
1.116247418510914469e-01
9.952768248963295150e-02
7.406193502172760124e-02
2.732857369288791208e-02
-3.683217837944342821e-02
-1.014785418271445805e-01
-1.581827889212079064e-01
-2.079872901038733457e-01
-2.508188477386339432e-01
-2.859756737083999356e-01
-3.140607546264902461e-01
-3.306253254997488789e-01
-3.204745184965221982e-01
-2.667401124660716549e-01
-1.650134119694735557e-01
-1.527911631851003316e-02
1.524071941509468897e-01
2.690814699389991738e-01
3.049103375273449767e-01
2.764580042573880903e-01
2.035330992329851818e-01
1.040959764002850896e-01
-5.652263856089224936e-03
-1.103679590061867610e-01
-1.919252574517377186e-01
-2.260324894203270540e-01
-1.918622013245705471e-01
-7.839420425139329018e-02
7.668031142774908715e-02
1.921163922003626678e-01
2.357228030061022106e-01
2.251337859647332962e-01
1.797164411437902065e-01
1.171354588731070290e-01
5.447888439499289082e-02
7.457702785436625542e-03
-2.056162469558400069e-02
-3.460849757686256661e-02
-3.217148726457484675e-02
-7.946242692951764608e-03
2.643903468118349864e-02
4.784635177202568174e-02
5.076837828040338396e-02
4.221364481180692879e-02
2.503876147616750786e-02
1.673931867863166128e-03
-2.332351135648084300e-02
-4.465979014995513641e-02
-5.934526035840750197e-02
-6.706982685674166278e-02
-6.713905321567831264e-02
-5.923837650049194881e-02
-4.386506790917598514e-02
-2.225660592727157078e-02
2.224071538164205247e-03
2.695869495629621068e-02
4.795489486539281782e-02
6.008064155926615135e-02
6.241865610228872208e-02
5.578164291580869905e-02
4.372102550441201579e-02
3.294584462626186372e-02
2.598004333197513616e-02
2.213973000429803051e-02
2.090208839586726181e-02
2.190769467244614577e-02
2.588184596862565245e-02
3.306723890566908713e-02
4.323118927996582456e-02
5.586623925592816564e-02
6.848296293233507859e-02
7.877151394435001619e-02
8.930127394538503460e-02
1.040055327637879057e-01
1.211408634886278340e-01
1.349016654254404091e-01
1.408610883039752570e-01
1.368254400565188100e-01
1.165977965536594135e-01
6.946128385416856788e-02
-1.670029336544261861e-02
-1.428891157723409244e-01
-2.876800784017979895e-01
-4.254388102020537632e-01
-5.368770750802676073e-01
-6.054997813627648329e-01
-6.155852443384137729e-01
-5.458578554585754583e-01
-4.177979032631711220e-01
-3.000367379119799893e-01
-2.143449410449204673e-01
-1.325440132852443442e-01
-4.584557090556097558e-02
3.029777399340492783e-02
1.038842268161164067e-01
2.095103100491894077e-01
3.382559520021122812e-01
4.322249650119471820e-01
4.699509730516253647e-01
4.709383385012221312e-01
4.453667253451126795e-01
3.942165161541559826e-01
3.265638060242699869e-01
2.572013600811637324e-01
1.957836353460822298e-01
1.432661496697015258e-01
9.583880514764367420e-02
5.357325138006026333e-02
1.700515949999841306e-02
-1.554800993034750195e-02
-4.498347953659982690e-02
-7.185396819079520325e-02
-9.703473069331591816e-02
-1.188391114663527731e-01
-1.341708181653385457e-01
-1.435530209666060764e-01
-1.482085358526128160e-01
-1.475431234046896412e-01
-1.417514125670474301e-01
-1.324133176852714255e-01
-1.187626163805846902e-01
-9.780249025339557423e-02
-6.921751649039493970e-02
-3.299112278292850448e-02
5.370123776324886404e-03
3.366275978501827998e-02
4.800419819132325377e-02
5.127374314014374046e-02
4.648960471187299492e-02
3.876052384607624884e-02
3.323836361349691293e-02
3.233271931800854593e-02
3.573142367591247703e-02
4.096034698404286273e-02
4.522880125944435392e-02
4.742268717190625815e-02
4.739244936674351372e-02
4.481088286491427541e-02
3.859323739834537303e-02
2.712000102359399950e-02
1.005984244837137241e-02
-9.697086467580920757e-03
-2.727128743334662070e-02
-3.873144407903676006e-02
-4.364752210544853295e-02
-4.549414748304043271e-02
-4.849767763358793504e-02
-5.443546520729557192e-02
-6.243963471535832199e-02
-7.142279568387156774e-02
-8.131385472300080297e-02
-9.193683162903978912e-02
-1.025595235090443758e-01
-1.113084974277774031e-01
-1.165146473204554944e-01
-1.177082136709656640e-01
-1.107366856732217020e-01
-8.799047859182942966e-02
-4.212245842677620616e-02
3.443183859216491366e-02
1.268065958774039770e-01
1.984708825702478086e-01
2.349851289970503188e-01
2.409034626160730386e-01
2.213908481360441771e-01
1.838062084206429359e-01
1.345623934438543445e-01
8.052722166520603908e-02
2.782785102446162090e-02
-1.757116329002460578e-02
-4.791610788280847855e-02
-5.835340687867934806e-02
-5.350076842089030588e-02
-4.440105148245743899e-02
-3.789665910536244020e-02
-3.516839454906954543e-02
-3.522548796706498342e-02
-3.746599315268998170e-02
-4.452211591458150874e-02
-5.996216016169872431e-02
-8.274968700182830372e-02
-1.038944293104983596e-01
-1.104800240257277077e-01
-9.334063319081473131e-02
-5.412391968984303636e-02
-6.055718265706222514e-03
3.913489987970300565e-02
7.710826785530101868e-02
1.057241363911794602e-01
1.260841466007821265e-01
1.408230673377874886e-01
1.486681315995603270e-01
1.456436054434599447e-01
1.304225482689097826e-01
1.054321424336008561e-01
7.160574191560876989e-02
3.021956894217275869e-02
-1.435337582585334212e-02
-5.856027498308995216e-02
-1.004255824595121221e-01
-1.420021640458460910e-01
-1.883207345972847113e-01
-2.378147643099427222e-01
-2.817624683871285951e-01
-3.094286776590479127e-01
-3.044728244257502436e-01
-2.474869967936238480e-01
-1.244391199785165186e-01
3.471997339325125220e-02
1.594524042089011107e-01
2.209414634549059231e-01
2.326176193419908778e-01
2.080216916368624047e-01
1.599118089088215067e-01
9.850621094164552227e-02
3.354603895878739694e-02
-2.260785209433927370e-02
-5.767096661324604828e-02
-6.108363950593192343e-02
-2.280239571178620250e-02
4.074269139970414927e-02
8.727705343861776044e-02
1.010211795809023705e-01
9.107206691970300139e-02
6.568469731236062370e-02
3.437113301867405352e-02
5.173474457845216555e-03
-1.759210066278050696e-02
-3.259159364409038723e-02
-4.069909890436071431e-02
-4.162268196812301396e-02
-3.308222427826003342e-02
-1.667401638424889990e-02
1.355996528781801269e-03
1.899847771733951043e-02
3.827989223929170737e-02
6.021227791625092390e-02
8.331839335646036571e-02
1.035381646350795742e-01
1.172453879519113479e-01
1.228365276292298774e-01
1.195092274127703968e-01
1.046431809394363088e-01
7.438789642266570301e-02
2.965226483490446263e-02
-2.260426157401655353e-02
-7.756107959846013367e-02
-1.345154234365255053e-01
-1.919792051946394573e-01
-2.454850283487669538e-01
-2.890402856639178730e-01
-3.166367695692874351e-01
-3.213337584743253261e-01
-2.936308971194296902e-01
-2.192778187290631009e-01
-8.233714971888150824e-02
8.859705267203096812e-02
2.222404496331472634e-01
2.900535238150379058e-01
3.051965841031614723e-01
2.823852108994812093e-01
2.401665128554339723e-01
1.978209491745863968e-01
1.667660727158916112e-01
1.467204742323575395e-01
1.340636151463810433e-01
1.285377395400847944e-01
1.311322195423048065e-01
1.359511287241452759e-01
1.316805377073065331e-01
1.146040693959076290e-01
8.545293609727619422e-02
4.366669100419692806e-02
-8.447596377396147244e-03
-6.643527734651806516e-02
-1.285191192639235369e-01
-1.953015671043195622e-01
-2.636635636184536113e-01
-3.256139604554839084e-01
-3.714428351492012892e-01
-4.080575097546361718e-01
-4.539096730962159931e-01
-5.014844928443979999e-01
-5.229162271376511795e-01
-4.889714874341771211e-01
-3.683105400905835602e-01
-1.893795165244235579e-01
-4.007694569049175676e-02
5.319646365127933541e-02
1.232559577594533329e-01
1.996362893117442638e-01
3.107132181245377822e-01
4.399859800440003577e-01
5.236757148346249391e-01
5.400001727339595048e-01
5.094202487087875486e-01
4.486479814996593429e-01
3.709325148117142978e-01
2.871266240410375592e-01
2.059374168135016114e-01
1.325428805945598199e-01
6.898572687378473622e-02
1.411141254168540513e-02
-3.657884906591888502e-02
-8.383527716534458496e-02
-1.249744885548700057e-01
-1.595575039364378889e-01
-1.863461888080125139e-01
-2.031749550171796370e-01
-2.086268889810732885e-01
-1.987732488047462553e-01
-1.690591082806387757e-01
-1.168123598036612670e-01
-4.404799127294888039e-02
2.860967613284318145e-02
7.176297821730567850e-02
8.105822756564964870e-02
7.268861947833739345e-02
5.551174048935092475e-02
3.253030780997240995e-02
1.085837244784651837e-02
-5.041746129111530222e-03
-1.558901903401248984e-02
-1.791529230297992867e-02
-5.819653364066749990e-03
2.251726265268497867e-02
6.284395810186299558e-02
1.118764923422788521e-01
1.576310818708137607e-01
1.740325299002887516e-01
1.453460112637758039e-01
7.343983530006345517e-02
-2.250928936800019112e-02
-1.134851687690587169e-01
-1.851472966458020120e-01
-2.376806626935012989e-01
-2.719815438308562650e-01
-2.848942913133895027e-01
-2.685615831108411622e-01
-2.100692951086584326e-01
-1.226246422159961852e-01
-5.292420420320266550e-02
-2.143834431970795956e-02
-1.489749951009009671e-02
-1.981987529163510564e-02
-2.926443638331511360e-02
-4.268765492996616506e-02
-6.040814435292028717e-02
-7.487789262102227672e-02
-7.045879738196353381e-02
-3.342090896243642834e-02
4.564208344219890245e-02
1.481313759338112046e-01
2.273948816192066791e-01
2.618480785675244005e-01
2.579587605401133521e-01
2.283467008297283551e-01
1.878250222638781219e-01
1.458485832605644350e-01
1.064373092956117789e-01
7.217467761625380451e-02
4.429292341178809461e-02
2.405099913889022223e-02
1.581686203715789926e-02
2.004308271257588051e-02
2.795702952641923936e-02
3.047818897272142405e-02
2.482524176412185743e-02
1.260032680934323850e-02
-3.946773414648569595e-03
-2.361780940943178711e-02
-4.134054822255900374e-02
-5.159967063590518987e-02
-5.446594551255842798e-02
-5.104443903186271780e-02
-4.239922266153308555e-02
-2.977482244014327886e-02
-1.616101731884372200e-02
-4.526532485221886754e-03
4.462978761814862319e-03
8.166553291703564088e-03
4.353926423074970173e-03
-5.099415533347672821e-03
-1.536186546705396207e-02
-2.133614039845910249e-02
-2.192497834452241529e-02
-2.231480398117622471e-02
-2.745158403911143741e-02
-3.975067433993681454e-02
-6.408227541619809786e-02
-1.003995905497935548e-01
-1.420587609446043453e-01
-1.841528087340797148e-01
-2.222611871123262584e-01
-2.518927325823486774e-01
-2.680665239800060218e-01
-2.625745053067055079e-01
-2.261701271774488042e-01
-1.495565913499186106e-01
-1.965542019965636766e-02
1.399871096420327865e-01
2.623040546434105558e-01
3.183455562770919900e-01
3.250737442048994286e-01
3.020632048378754653e-01
2.640198331467790704e-01
2.199954627317268485e-01
1.735845268894809779e-01
1.255789646804219839e-01
7.811137049111691044e-02
3.446801851539779693e-02
-2.326943801333989335e-03
-2.918466582288178554e-02
-4.422613902751146298e-02
-4.940826602386752531e-02
-4.739848192466077775e-02
-3.920800466076967972e-02
-2.526186064404676440e-02
-5.167346232245902810e-03
1.719089608871559108e-02
3.510370091285479333e-02
4.724525649330263422e-02
5.043819346527929348e-02
3.591607775334215019e-02
5.536321310209976927e-03
-2.680898229348032541e-02
-5.401383189543458585e-02
-7.790948779809145353e-02
-1.013801464820823228e-01
-1.257649600821562352e-01
-1.487753819350053353e-01
-1.647153640967420341e-01
-1.666194274432325484e-01
-1.497787263887007947e-01
-1.116688657804468937e-01
-4.976496863604651377e-02
2.252613689504237224e-02
7.743669397494001849e-02
1.058871200300250809e-01
1.163159757271414740e-01
1.152817697889303022e-01
1.055511263400676775e-01
8.886632330004834435e-02
6.763697951269528885e-02
4.516646178246255111e-02
2.449410566639302622e-02
6.526297810547998859e-03
-7.263766462548023814e-03
-1.531127914394886033e-02
-1.936423887906742539e-02
-2.251727705199626020e-02
-2.632165595166461453e-02
-2.999025116511097253e-02
-3.169089414825150552e-02
-3.155561298357141553e-02
-3.115560539815759311e-02
-2.931173458801458048e-02
-2.246362741870509133e-02
-7.530364243937609156e-03
1.786333877358683639e-02
4.993116676717346269e-02
7.784844786303632413e-02
9.600282914285454550e-02
1.043668583368364822e-01
1.024965557300889368e-01
9.209570296861577243e-02
7.566464934243460894e-02
5.562481872412831235e-02
3.601850708212711583e-02
2.051709559392283708e-02
1.232564792477582050e-02
1.283678458300429454e-02
1.406373895011922906e-02
1.902547815808773926e-03
-2.955974580426540960e-02
-7.495784733460550409e-02
-1.237771200079339634e-01
-1.685767679721729972e-01
-2.072212658232845117e-01
-2.353347186707515359e-01
-2.432356664319369755e-01
-2.213258714899854207e-01
-1.617352798255322355e-01
-5.460243037658984305e-02
7.463298026589046397e-02
1.640560728617839747e-01
1.903867830843729014e-01
1.690397265708477592e-01
1.160893706779666662e-01
4.601402309326647899e-02
-2.853810028886825945e-02
-9.569951339148256853e-02
-1.453629735336183504e-01
-1.675550311337507259e-01
-1.504096345963962245e-01
-7.918541719296909309e-02
2.871138111908597829e-02
1.200860189426382896e-01
1.724239467748494847e-01
1.929519885771968923e-01
1.871648499792013809e-01
1.635021126422513127e-01
1.307922896864947282e-01
9.490018340841760436e-02
6.008723775868630990e-02
3.001762055052615424e-02
9.205382267362820919e-03
1.605566369886174752e-03
3.739459687549876940e-03
7.374845616925819122e-03
9.844783359718606644e-03
1.235392393553921483e-02
1.494271634971770096e-02
1.580893613145870763e-02
1.288372190723893924e-02
7.311258429498168968e-03
2.075458515180147318e-03
-2.388884503631512335e-03
-8.507272281963322233e-03
-1.644680022796055074e-02
-2.409354582516876758e-02
-3.048657526284227759e-02
-3.311752688234990971e-02
-3.157325178010332578e-02
-3.191353610507240840e-02
-3.897322717636676759e-02
-5.224671922089135084e-02
-6.953756140714260903e-02
-8.973643533015548956e-02
-1.122723511823460335e-01
-1.348333843915363872e-01
-1.526406157887741366e-01
-1.597740973215324989e-01
-1.499972793860054054e-01
-1.161810595869672974e-01
-5.130163810012682013e-02
3.227871899937878597e-02
1.017238417498683989e-01
1.408527392742355278e-01
1.546606842184232167e-01
1.499866814780038693e-01
1.324765337974733448e-01
1.072788461692436301e-01
7.918865484000656152e-02
5.206163520604480122e-02
2.771061821536616523e-02
7.797822910601033206e-03
-6.149467763977964699e-03
-1.463224470343473319e-02
-1.884499691185818199e-02
-1.960859638929388776e-02
-1.725964849578544291e-02
-1.239110091867787547e-02
-5.761660922848149506e-03
-4.213187031455309026e-04
-2.548319138907286559e-03
-1.168021977976426221e-02
-1.828268415798602053e-02
-1.645496842139999860e-02
-7.655034381962182166e-03
4.595212116994740713e-03
1.688944252252826822e-02
2.703382812369658703e-02
3.390813481854920014e-02
3.675443286347155475e-02
3.441312810893464025e-02
2.559377967540383408e-02
1.127162217233012090e-02
-4.079690403227720710e-03
-1.397880786343499299e-02
-1.618966258603588698e-02
-1.515073434578612273e-02
-1.474002735066012176e-02
-1.466256841876142566e-02
-1.330016956747927942e-02
-1.019828023737379477e-02
-6.241052305904421123e-03
-3.773102835027508910e-03
-5.315877235671659373e-03
-1.143567968856107168e-02
-2.075902988454358250e-02
-3.046451692716627482e-02
-3.801273681930376902e-02
-4.114603026393577612e-02
-3.910459542233040570e-02
-3.307193710043170032e-02
-2.230810676356885514e-02
-7.372380436581163141e-03
7.388111381467392554e-03
1.916106380344849425e-02
2.592433524957986346e-02
2.470732598849830278e-02
1.710295517912700097e-02
8.282286327935452913e-03
1.683207680760826983e-03
-1.643726323912126589e-03
-2.637809447118045787e-03
-1.310167000383933873e-03
2.985500549993221411e-03
9.408393647094469292e-03
1.600316672958201555e-02
2.144719972864869706e-02
2.648023942246969728e-02
3.099845892877702361e-02
3.272910654918263773e-02
2.982883037312312330e-02
2.306826499001381550e-02
1.375792274973915326e-02
4.419504772117057237e-03
-5.124295663275499693e-04
-1.705067561380661789e-04
2.189886218245102809e-03
2.698564101150929297e-03
-1.299281345678708101e-03
-9.988939810077802212e-03
-2.074877788028737027e-02
-3.077460958427135143e-02
-3.956945956957142602e-02
-4.714472042365208670e-02
-5.193152529692103558e-02
-5.291444046932019390e-02
-5.069876170097073476e-02
-4.530915209057047310e-02
-3.680691312619131794e-02
-2.580391054977673390e-02
-1.162529972281085844e-02
7.103889476429710303e-03
2.921842811155725417e-02
4.763906749340619112e-02
5.565543068397079546e-02
5.468207015899775869e-02
5.039019818198212791e-02
4.756281483774037894e-02
4.639608281346339902e-02
4.512247150806954904e-02
4.302362518064092867e-02
3.912663175141520289e-02
3.402789344349918532e-02
2.971570969874523169e-02
2.795791139327891139e-02
2.683719929004655530e-02
2.292434329213225222e-02
1.586650069798532098e-02
5.172797950733223731e-03
-9.811863646602241029e-03
-2.732367185536253851e-02
-4.538669993483110399e-02
-6.388624836913751881e-02
-8.215520018894552357e-02
-9.445729139941276553e-02
-9.249803621739195736e-02
-7.348725631739158604e-02
-4.422648918939409146e-02
-1.742277973425357049e-02
1.050531746437130369e-04
8.938327098103571525e-03
9.986387959259428182e-03
5.182042586813638899e-03
-2.108180786728265296e-03
-9.814601298728837728e-03
-1.584771447555568397e-02
-1.758844293743728332e-02
-1.253886282196832458e-02
2.764697715675649373e-03
2.401068493960041919e-02
4.072150829107494541e-02
4.982974279734450618e-02
5.206033277202144760e-02
4.737963456479002411e-02
3.793823888085717799e-02
2.659999805707401188e-02
1.354042420700895394e-02
-2.755052295189181280e-03
-2.108315661683697953e-02
-3.639126121655066048e-02
-4.197273330959875454e-02
-3.524000098710950574e-02
-2.144663684634734099e-02
-5.443030330726511892e-03
1.403897585880340207e-02
3.794157075109780286e-02
6.319597931526381440e-02
8.602598274552736290e-02
1.033963301790050970e-01
1.118933189713989529e-01
1.076212618227923856e-01
8.664552100243988475e-02
4.506947378027925666e-02
-1.287250906173326506e-02
-7.049797820649432445e-02
-1.140159658550829735e-01
-1.398850097199284270e-01
-1.502250651002531856e-01
-1.507604874506490722e-01
-1.427551301802547357e-01
-1.208639952545524088e-01
-8.527641120295198496e-02
-4.239738366117030977e-02
3.332822570461808041e-03
5.060780062035553223e-02
9.484230497926569858e-02
1.240755649217881174e-01
1.305869319380401072e-01
1.169440787199490794e-01
8.991282173859210802e-02
5.671059542415955723e-02
2.338248769970902030e-02
-6.269928976474227131e-03
-2.994441079088351609e-02
-4.540791835525662817e-02
-5.050364171823770038e-02
-4.416758691025664263e-02
-3.149906850956290388e-02
-2.149734810870135987e-02
-1.559770857728477733e-02
-8.992640436400269749e-03
-5.645913544272576461e-04
5.990496420156837809e-03
8.839748395884519314e-03
8.182249433162053914e-03
3.586205836017431793e-03
-2.795561680896768448e-03
-7.819341280318872767e-03
-1.109909337258048988e-02
-1.329365065708103082e-02
-1.301704145954125924e-02
-8.617433232053814396e-03
-1.198195437347254321e-03
7.648503234995980213e-03
1.656795940324984687e-02
2.449239717728190352e-02
3.089041337276268728e-02
3.364948690693406186e-02
3.098643269998719793e-02
2.274302309575997744e-02
8.422706348525191636e-03
-9.017813314406143005e-03
-2.440782203878422152e-02
-3.556299022279849759e-02
-3.998563323988694324e-02
-3.562290244967344227e-02
-2.349586291517326286e-02
-6.249132367981947121e-03
1.182533146146424498e-02
2.679901021821121457e-02
3.726431371518291319e-02
4.207680579019049127e-02
4.004936076681965551e-02
3.174987523263550493e-02
2.057362981563383084e-02
1.017525659028743583e-02
3.600744369388047400e-05
-1.076870673822247215e-02
-1.960728234581488733e-02
-2.430128321528485236e-02
-2.525237315505765232e-02
-2.427664648872027153e-02
-2.339045831165258507e-02
-2.348618338828990099e-02
-2.594283315425131506e-02
-3.064975567420659061e-02
-3.384059616598725229e-02
-3.245968245640352967e-02
-2.517218663959523359e-02
-1.110290666756651688e-02
8.493964081857168294e-03
2.933006575034526053e-02
4.768441637527728871e-02
6.210609294130745028e-02
7.090079198594158305e-02
7.349899995552919285e-02
7.110820188519097196e-02
6.358717063413055204e-02
4.976358661867843342e-02
3.035086914004514816e-02
7.753200210832292619e-03
-1.471908014720349836e-02
-3.394818577436891499e-02
-4.915866359839646260e-02
-6.025340335457537999e-02
-6.500364143200690337e-02
-6.158298657583084756e-02
-5.190402734961051257e-02
-3.951824948071584742e-02
-2.831073559911084433e-02
-2.122784315751776937e-02
-2.018006185323288626e-02
-2.738725145286620422e-02
-4.298548214502523335e-02
-6.475525644180893381e-02
-8.855141409617448001e-02
-1.082754444958082263e-01
-1.172899095464525754e-01
-1.098621001554790505e-01
-8.079169885994301470e-02
-2.183878514840914553e-02
5.737428234960494089e-02
1.239091283592909931e-01
1.635691900698181545e-01
1.826643673621120012e-01
1.859988047449956383e-01
1.777237449198653674e-01
1.611094489322632550e-01
1.389794061780873780e-01
1.135670301833773127e-01
8.676657244667146385e-02
6.082869758400234056e-02
3.561955720654433333e-02
1.071943205894882248e-02
-1.321370421230331008e-02
-4.037784762356264046e-02
-7.507000227734128561e-02
-1.145627987293457994e-01
-1.545014027593652195e-01
-1.908540654781043788e-01
-2.160674111458785740e-01
-2.216576113274022208e-01
-2.007220072451692816e-01
-1.458327680747888433e-01
-5.026603429512269128e-02
6.541744662510005914e-02
1.545982532016745570e-01
1.972980676887407525e-01
2.014640891298110914e-01
1.761238935404174921e-01
1.306272046214453364e-01
7.519680650699428481e-02
1.873910491710156778e-02
-3.227454054892682500e-02
-7.032877747165180993e-02
-8.733553209081269808e-02
-7.557866707325754108e-02
-4.274465582956060022e-02
-1.657470015529588503e-02
-1.203220303637475390e-02
-2.422018016327540796e-02
-4.516863660451671952e-02
-6.905171271933163712e-02
-9.261858045106316495e-02
-1.126292583833778255e-01
-1.245024224164353460e-01
-1.219647360966082256e-01
-9.638308849824925306e-02
-3.620407317492727040e-02
4.554373580866937637e-02
1.089445096084422360e-01
1.399475544103579439e-01
1.509658520904439694e-01
1.509501465182369051e-01
1.432654696552607687e-01
1.285755142727270650e-01
1.065702701810955222e-01
7.718054460419693230e-02
4.331141996605806371e-02
9.789265438567739536e-03
-1.647132102037387677e-02
-3.005633459507900396e-02
-3.320776273453474037e-02
-3.148766961684944243e-02
-2.820825799194244532e-02
-2.342851413173414193e-02
-1.801241623742184245e-02
-1.452007236559780916e-02
-1.175624810233334358e-02
-6.072706646131194319e-03
3.296694467227108752e-03
1.385937000723813824e-02
2.261424640324601401e-02
2.869419813972726857e-02
3.275959665186623654e-02
3.246629985468173218e-02
2.403537753487443307e-02
7.583677743657308082e-03
-1.452086592448985185e-02
-4.074410560556887551e-02
-6.870110749446263487e-02
-9.270250973989742349e-02
-1.056546842631322231e-01
-1.028095186154375229e-01
-8.302950306364434430e-02
-5.311961263839927450e-02
-2.595352338353171945e-02
-8.104779308679022770e-03
6.657393626127447797e-04
3.508693901851238015e-03
5.733774554472078136e-03
9.277018726930092232e-03
1.414478189941753561e-02
2.136850310836882830e-02
2.940403831700860032e-02
3.520257341484402114e-02
3.709358245837630214e-02
3.476701912263787525e-02
2.807496610756502267e-02
1.482636778972135604e-02
-5.520201471219957773e-03
-2.853115362443107289e-02
-5.211019161035724406e-02
-7.752200609219409011e-02
-1.015063133379744409e-01
-1.157039471563376803e-01
-1.125304553286852610e-01
-8.709851297325886532e-02
-3.461143530484779574e-02
3.660725304048706441e-02
1.045880736832004027e-01
1.596935754043355138e-01
2.034448366800086505e-01
2.338129841513811591e-01
2.467961908274113880e-01
2.411114454275442021e-01
2.191596505564282760e-01
1.837275160306249544e-01
1.348038350912831584e-01
7.209957544358726322e-02
-2.673132055473766144e-03
-7.923412501965423904e-02
-1.392412606786557761e-01
-1.761680153694708817e-01
-1.965996465850533559e-01
-2.071092477178124169e-01
-2.120993948600809198e-01
-2.143755816299129369e-01
-2.133666381956091374e-01
-2.043508751673734636e-01
-1.807303912076345664e-01
-1.354213323136399527e-01
-5.934474206087644171e-02
3.442609917352629223e-02
1.073630914248552282e-01
1.441430113220410481e-01
1.533623201338091824e-01
1.422169569183309168e-01
1.175206970241871041e-01
8.527410047516170710e-02
5.222616010301545791e-02
2.620138638422310484e-02
1.378316616406145660e-02
2.149882963135297045e-02
5.483331747234344855e-02
9.935225598849123374e-02
1.235568953669391873e-01
1.139830853205684585e-01
7.684824347807302225e-02
2.213710862820265218e-02
-4.095688945385369401e-02
-1.032261590245443089e-01
-1.550430502841151359e-01
-1.886655689712003481e-01
-1.974039844567617996e-01
-1.731652881632334828e-01
-1.045601439977498770e-01
-1.088503401351556196e-02
5.555971676215581967e-02
7.337017064867773497e-02
5.307411276453454646e-02
4.998721211696179056e-03
-6.104040494127944971e-02
-1.336641983485608864e-01
-1.981793191873545135e-01
-2.395593593472638838e-01
-2.438817535375395751e-01
-1.957893662816975744e-01
-7.946270322435347588e-02
7.863899540976765357e-02
2.088593973791328384e-01
2.816704803675612601e-01
3.091070173419676603e-01
3.016384526327794413e-01
2.697182930969704850e-01
2.255608298066762440e-01
1.795090246655466903e-01
1.373821930239455535e-01
1.018085698555969004e-01
7.260893088058210931e-02
4.801301060030650075e-02
2.752898672438622296e-02
1.258088525569785524e-02
3.884646972444737861e-03
-1.268600230729634987e-03
-6.759056667524316470e-03
-1.367615586311421438e-02
-2.000748635522999960e-02
-2.417589264084178333e-02
-2.493743504379349746e-02
-1.894037287046271972e-02
-8.944549400309198539e-03
-5.990249129151803409e-03
-1.414474160349816698e-02
-2.863481416563278328e-02
-4.730146673689298448e-02
-6.954308426195721093e-02
-9.289595338096776067e-02
-1.183795208934839693e-01
-1.483332296517760329e-01
-1.810818459037912276e-01
-2.144341013297937915e-01
-2.455775068553219809e-01
-2.673881445053973294e-01
-2.689819068602748997e-01
-2.426677369823769248e-01
-1.856176391742710985e-01
-9.358185166975904745e-02
1.491464986673531404e-02
9.619532494491019048e-02
1.320616728177459454e-01
1.340128850939910909e-01
1.162775345811067618e-01
9.259395678242809957e-02
7.640877447087723873e-02
8.303756051343119671e-02
1.324226039219109086e-01
2.124896922127927357e-01
2.746367013940133606e-01
2.974777188619695534e-01
2.887324555055467701e-01
2.563729145024152278e-01
2.070353064451740110e-01
1.450996966242099617e-01
7.875808061866297616e-02
1.901330885362752590e-02
-2.837808380223040203e-02
-6.225031629126467209e-02
-8.239197131305092681e-02
-9.547472992420422133e-02
-1.143033139886130145e-01
-1.450830255551115999e-01
-1.851547721395698787e-01
-2.290825160258772308e-01
-2.720315226778300399e-01
-3.094892231578807995e-01
-3.345603124171066534e-01
-3.377740034587453644e-01
-3.090761599156676143e-01
-2.372561942610831587e-01
-1.093980124085153355e-01
5.093080431180801310e-02
1.837368065280614304e-01
2.661498329497450910e-01
3.106155081104969851e-01
3.256263554731010368e-01
3.164411691490746636e-01
2.888039760486578178e-01
2.490569089702809047e-01
2.029619456608549033e-01
1.562045039313567918e-01
1.132967814491517566e-01
7.748567445220719274e-02
5.234423306855515157e-02
3.985537462164864125e-02
3.813044664562008357e-02
4.266743170004964197e-02
4.918117510169023321e-02
5.650968598562112338e-02
6.479767410890888146e-02
7.054572025722946615e-02
6.703899179209954484e-02
4.772373515931987303e-02
6.286079037830741983e-03
-6.260517396139170243e-02
-1.551034449178758101e-01
-2.583073664761553201e-01
-3.623655756699865615e-01
-4.610023887858303859e-01
-5.475994807525381702e-01
-6.135650165137289669e-01
-6.437502033506778965e-01
-6.185545739801385778e-01
-5.205528361428858330e-01
-3.316444260246029785e-01
-6.681396180296050868e-02
2.225862341187725968e-01
4.804980550622436342e-01
6.454773634235894120e-01
6.990574364278809849e-01
6.687280380645737043e-01
5.830648264947481119e-01
4.676540635222742881e-01
3.432486115239018476e-01
2.239553503799353584e-01
1.189022105016870334e-01
3.425573256115718723e-02
-2.747226762259907806e-02
-6.694009453163329848e-02
-9.323643288087957171e-02
-1.200484613759258135e-01
-1.494315353059094409e-01
-1.770529288351148645e-01
-2.035278630777854203e-01
-2.306890135540195508e-01
-2.563966534244884188e-01
-2.741434519186978225e-01
-2.764278515088356425e-01
-2.542985501405354842e-01
-1.963621580337611972e-01
-9.010174569731221883e-02
4.355679273883804326e-02
1.514228809062338477e-01
2.162204399617594641e-01
2.514542507836203811e-01
2.668469459780579145e-01
2.701705920869327260e-01
2.658354910512045199e-01
2.568978097601044563e-01
2.442838049033791425e-01
2.240604554058732434e-01
1.916121181925401207e-01
1.441501098047823504e-01
8.436514835908227872e-02
2.019519599786787425e-02
-4.551526669095842803e-02
-1.137470911511729160e-01
-1.821061958061248043e-01
-2.441096224665577630e-01
-2.923487099089541741e-01
-3.205004472793551717e-01
-3.224860168275984207e-01
-2.922249208430791056e-01
-2.216788781663855679e-01
-1.004414122076441873e-01
4.535821759589009350e-02
1.523049482643863417e-01
1.945397374817773029e-01
1.840215881679887755e-01
1.345080551192125162e-01
6.322833282673938349e-02
-1.442081525889881560e-02
-8.563475489020874742e-02
-1.340272968244883567e-01
-1.426795830582982816e-01
-9.737854636302090139e-02
1.470054013008409433e-02
1.568934791480111335e-01
2.450635618758707779e-01
2.460770229347536697e-01
1.774558858926733873e-01
5.896789171147914094e-02
-8.856358184696641600e-02
-2.462969722814419560e-01
-3.970724594253924877e-01
-5.208128834385270522e-01
-5.939284477865022227e-01
-5.935156047344042340e-01
-4.968185300029697160e-01
-2.902219673756856744e-01
-8.599976941302982236e-03
2.594841629410880590e-01
4.444024768658556557e-01
5.384018244105569506e-01
5.619516358605897155e-01
5.335762837023698690e-01
4.695707799945004757e-01
3.851760273771929199e-01
2.933878934072296496e-01
2.050578642960562414e-01
1.278651575032179188e-01
6.474059664646535095e-02
1.508025863968596655e-02
-2.029253329260229805e-02
-4.120244426097357388e-02
-4.835233084297144157e-02
-4.152466486326848727e-02
-2.558503426964701261e-02
-9.145797652683480827e-03
1.970341957781118758e-03
4.304670611095663679e-03
-4.209451707550809080e-03
-2.316376132569850782e-02
-4.773791454485921265e-02
-7.097520568490181536e-02
-9.088458875157953698e-02
-1.085126319375384202e-01
-1.249480347082494447e-01
-1.419735164315314713e-01
-1.591220209758550108e-01
-1.732835522377020043e-01
-1.788139565371326956e-01
-1.679142790919521955e-01
-1.343120031567345829e-01
-7.417991189299497079e-02
-5.373568443156197943e-03
3.754837227802577948e-02
4.504634699701327849e-02
2.361203061638186829e-02
-2.350482592429403716e-02
-8.621918098045777690e-02
-1.510383210072117344e-01
-2.083893226936498755e-01
-2.457900270343764959e-01
-2.437725463012113125e-01
-1.797875082950230463e-01
-3.289515622123159039e-02
1.642005774967743859e-01
3.279876022765790267e-01
4.230263034303322067e-01
4.621415898266733602e-01
4.586051636068927406e-01
4.220136600828728324e-01
3.596403150937912407e-01
2.805840727785737787e-01
1.910360781214209547e-01
9.556131802940441566e-02
1.737490948033375282e-03
-8.457943711582921464e-02
-1.631662336628769694e-01
-2.382217903951877047e-01
-3.135910240060822418e-01
-3.872521332188418319e-01
-4.514424390718481672e-01
-4.943112150178359254e-01
-5.004699360593675150e-01
-4.533588318230353242e-01
-3.382385129485010467e-01
-1.749357841120756374e-01
-1.323467873513254831e-02
1.338063378246033552e-01
2.616329002904855816e-01
3.406146490346706468e-01
3.657837881528270829e-01
3.555581347983723939e-01
3.246576067989744852e-01
2.808024799160045437e-01
2.274897009432364503e-01
1.702112070857434989e-01
1.133207685267720449e-01
6.005853123353413481e-02
1.779864230397842917e-02
-6.064691761903363842e-03
-1.049598090205495701e-02
-4.456276631002183131e-03
-1.680248404848361937e-03
-9.150002984941965622e-03
-2.775929893580977512e-02
-5.433803411048909737e-02
-8.064665994632477797e-02
-1.006425478852027294e-01
-1.124168951464847299e-01
-1.134004537527950746e-01
-9.973963672987927465e-02
-6.834569222841564706e-02
-2.554159906054169135e-02
1.357102398398118449e-02
4.029315515969859873e-02
5.398311976912043703e-02
5.709508914565360888e-02
5.195365772226792633e-02
3.894136293927790565e-02
1.997110301335303095e-02
-8.807959337219096584e-04
-1.846109392649845568e-02
-2.574503010496633632e-02
-1.636620895393372035e-02
3.104136038448428864e-03
1.713773252283485801e-02
2.081513170038027521e-02
1.734405893400281159e-02
1.001833234143513669e-02
6.522309828346064056e-04
-1.157087878534560250e-02
-2.554186114587034956e-02
-3.757574569692100769e-02
-4.282897226325767248e-02
-3.437737292110788767e-02
-5.221668260202864953e-03
3.232103665219310251e-02
4.652200937611810500e-02
2.363926790260948915e-02
-2.893368214436798161e-02
-1.011324675037463539e-01
-1.818797010014623072e-01
-2.600075674209625376e-01
-3.242698926618302058e-01
-3.610131515540899727e-01
-3.528204571202456230e-01
-2.804025190098036191e-01
-1.248970384685864771e-01
7.719626313022721897e-02
2.360533667173509431e-01
3.177074525915063452e-01
3.413597027823881414e-01
3.246116976708517399e-01
2.837942921576823707e-01
2.331712931020062385e-01
1.843020898966073184e-01
1.463570105069873228e-01
1.251834064304555016e-01
1.133229341035385529e-01
9.191587906924043871e-02
5.667774611332606488e-02
1.909664737834029444e-02
-1.358973745137152106e-02
-3.884328451613704158e-02
-5.592931216060588462e-02
-6.731015664549737376e-02
-7.605221729307734546e-02
-8.292980706476713038e-02
-8.646735031662491910e-02
-8.524154987365434311e-02
-7.842353457489541213e-02
-6.507691992872588482e-02
-4.638727584590290887e-02
-2.685755239712612000e-02
-9.373264025268022992e-03
6.516402244150402284e-03
1.992660999156078278e-02
2.847000654559473515e-02
3.183313448423421427e-02
3.254549662017707651e-02
3.324826216149737168e-02
3.328159620975888744e-02
2.927933329070080831e-02
1.773714756225949415e-02
6.994885235894003064e-04
-1.475326450174453859e-02
-2.534843030177208814e-02
-3.080962537339346219e-02
-3.154444288552753911e-02
-3.009228552895971270e-02
-2.932380334462973345e-02
-3.051095262050328161e-02
-3.277918981592417569e-02
-3.525341073111245421e-02
-3.803931856997759542e-02
-4.234826000953353237e-02
-4.807525558577419728e-02
-5.138921808350657705e-02
-5.049308924580311192e-02
-4.657934781880338632e-02
-4.054148149643369003e-02
-3.410793954268703104e-02
-2.808697878394698574e-02
-2.133955493658983710e-02
-1.383223521213433269e-02
-7.370897109006338196e-03
-3.413257382635467851e-03
-1.275464296017967541e-03
2.919870859025685411e-04
