-3.157093524932861328e-01
-3.404884338378906250e-01
-3.008781075477600098e-01
-2.799813747406005859e-01
-2.800018787384033203e-01
-2.984198331832885742e-01
-2.854065299034118652e-01
-2.896754145622253418e-01
-2.357109189033508301e-01
-3.068875074386596680e-01
-2.420346736907958984e-01
-3.405143022537231445e-01
-2.416533231735229492e-01
-3.393340110778808594e-01
-2.666233777999877930e-01
-2.818757891654968262e-01
-2.735909223556518555e-01
-2.475863099098205566e-01
-2.831698656082153320e-01
-2.666174769401550293e-01
-3.363466262817382812e-01
-2.562749385833740234e-01
-2.821941375732421875e-01
-2.242344021797180176e-01
-2.493616938591003418e-01
-2.612368464469909668e-01
-3.189234733581542969e-01
-2.482860684394836426e-01
-3.053024411201477051e-01
-2.577404379844665527e-01
-2.522440552711486816e-01
-2.657104134559631348e-01
-3.179268240928649902e-01
-2.927046418190002441e-01
-2.548537850379943848e-01
2.019200026988983154e-01
-2.320646047592163086e-01
-2.666076421737670898e-01
-2.633235454559326172e-01
-2.617191076278686523e-01
-2.815701961517333984e-01
-2.818544507026672363e-01
-2.621226310729980469e-01
-2.862760424613952637e-01
-2.669346332550048828e-01
-2.820234298706054688e-01
-2.518458962440490723e-01
-2.867131233215332031e-01
-2.707304954528808594e-01
-2.939673066139221191e-01
-3.496407270431518555e-01
-2.725583314895629883e-01
-2.470753788948059082e-01
-2.658317089080810547e-01
-2.666432261466979980e-01
-2.889865040779113770e-01
-2.522533535957336426e-01
-2.758313417434692383e-01
-2.778108119964599609e-01
-3.266344666481018066e-01
4.828023910522460938e-02
-2.410011291503906250e-01
-3.100831508636474609e-01
-2.603102922439575195e-01
-2.819620370864868164e-01
-2.712901830673217773e-01
-2.736956477165222168e-01
-2.768927216529846191e-01
-2.715853452682495117e-01
-2.739782929420471191e-01
-2.738596200942993164e-01
-3.606272935867309570e-01
-2.727839350700378418e-01
-3.270947933197021484e-01
-3.380394577980041504e-01
-2.473553419113159180e-01
-2.835809588432312012e-01
-2.402234077453613281e-01
-3.089076876640319824e-01
-3.173712491989135742e-01
-2.715553045272827148e-01
-2.609596252441406250e-01
-2.793028354644775391e-01
-3.472829461097717285e-01
-2.447866201400756836e-01
-2.479913234710693359e-01
-2.794537544250488281e-01
-2.526775598526000977e-01
-3.214850425720214844e-01
-2.337787747383117676e-01
-2.609298825263977051e-01
-2.608590722084045410e-01
-2.398273348808288574e-01
-2.420361042022705078e-01
-2.847043871879577637e-01
-1.001846790313720703e-01
-2.556316256523132324e-01
-2.693938612937927246e-01
-2.686653733253479004e-01
-2.419102787971496582e-01
-2.910959720611572266e-01
-2.663902640342712402e-01
-2.697130441665649414e-01
-2.742082476615905762e-01
-2.573169469833374023e-01
-2.716601490974426270e-01
-2.710908055305480957e-01
-4.272522926330566406e-01
-2.153506278991699219e-01
-2.872840762138366699e-01
-2.406938672065734863e-01
-2.547292709350585938e-01
-2.518954277038574219e-01
-2.447776794433593750e-01
-2.521939873695373535e-01
-2.420666813850402832e-01
-2.318721413612365723e-01
-2.418069839477539062e-01
-2.570832371711730957e-01
-1.715562939643859863e-01
-2.449960112571716309e-01
-2.562641501426696777e-01
-3.216649293899536133e-01
-2.433550953865051270e-01
-2.918817400932312012e-01
-2.572335004806518555e-01
-2.525443434715270996e-01
-2.521480917930603027e-01
-2.983306646347045898e-01
-3.007516264915466309e-01
-2.975287437438964844e-01
-2.015593051910400391e-01
-1.308839917182922363e-01
-2.817985415458679199e-01
-3.103471398353576660e-01
-2.825198173522949219e-01
-2.840334177017211914e-01
-2.695707678794860840e-01
-2.580342292785644531e-01
-2.781682014465332031e-01
-2.472989559173583984e-01
-2.419108748435974121e-01
-2.468204498291015625e-01
-3.004319667816162109e-01
-2.888063192367553711e-01
-2.607272267341613770e-01
-2.908926606178283691e-01
-2.632860541343688965e-01
-3.042622804641723633e-01
-2.675215601921081543e-01
-2.725000381469726562e-01
-2.671006917953491211e-01
-2.976521849632263184e-01
-2.674740552902221680e-01
-2.673349380493164062e-01
-3.250740170478820801e-01
-2.605791687965393066e-01
-2.629469037055969238e-01
-2.666215300559997559e-01
-2.666266560554504395e-01
-2.377603650093078613e-01
-2.436429262161254883e-01
-2.873165011405944824e-01
-2.626031041145324707e-01
-2.468111515045166016e-01
-2.415951490402221680e-01
-2.555044889450073242e-01
-2.406823039054870605e-01
-2.489494681358337402e-01
-2.723895311355590820e-01
-2.244194746017456055e-01
-2.790126204490661621e-01
-2.523002624511718750e-01
-2.869043946266174316e-01
-2.716204524040222168e-01
-2.755033969879150391e-01
-2.712604999542236328e-01
-2.689951062202453613e-01
-2.573674917221069336e-01
-3.343645334243774414e-01
-2.158248424530029297e-01
-3.339543938636779785e-01
-2.644537687301635742e-01
-2.566242218017578125e-01
-2.585801482200622559e-01
-2.568026781082153320e-01
-3.097082972526550293e-01
-2.371282577514648438e-01
-2.448466420173645020e-01
-2.675461173057556152e-01
-2.655986547470092773e-01
-3.314327001571655273e-01
-2.998573780059814453e-01
-2.741395831108093262e-01
-2.817870974540710449e-01
-2.847045660018920898e-01
-2.627196311950683594e-01
-2.617229819297790527e-01
-2.474895715713500977e-01
-2.468020319938659668e-01
-2.695117592811584473e-01
-2.702820301055908203e-01
-2.517319917678833008e-01
-2.729058265686035156e-01
-2.405406236648559570e-01
-2.683808803558349609e-01
-2.716538310050964355e-01
-2.552545666694641113e-01
-2.765040397644042969e-01
-2.714276909828186035e-01
-2.716189622879028320e-01
-2.634109258651733398e-01
-2.823029160499572754e-01
-2.483826279640197754e-01
-2.611707448959350586e-01
-2.910050749778747559e-01
-2.767102122306823730e-01
-2.823545932769775391e-01
-3.025075197219848633e-01
-3.106519579887390137e-01
-2.791010737419128418e-01
-2.764671444892883301e-01
-2.503498196601867676e-01
-2.767857313156127930e-01
-2.371839880943298340e-01
-2.626109123229980469e-01
-2.850967645645141602e-01
-3.978827595710754395e-01
-2.200917005538940430e-01
-2.696039080619812012e-01
-2.541220784187316895e-01
-2.468098998069763184e-01
-2.639073133468627930e-01
-2.707827687263488770e-01
-2.471151947975158691e-01
-2.737024426460266113e-01
-2.782177329063415527e-01
-2.469138503074645996e-01
-2.823464274406433105e-01
7.042571306228637695e-01
-1.595467925071716309e-01
-2.728913426399230957e-01
-2.514656782150268555e-01
-2.439634203910827637e-01
-2.313621044158935547e-01
-2.324498295783996582e-01
-2.672600746154785156e-01
-2.468083500862121582e-01
-2.827488183975219727e-01
-4.280943274497985840e-01
-1.920607686042785645e-01
8.344185352325439453e-02
-2.609046697616577148e-01
-2.519499659538269043e-01
-2.724980711936950684e-01
-2.748624086380004883e-01
-2.507118582725524902e-01
-2.634824514389038086e-01
-2.261837720870971680e-01
-2.666184902191162109e-01
-2.504380345344543457e-01
-2.572020888328552246e-01
-2.828589677810668945e-01
-2.911984324455261230e-01
-3.150078654289245605e-01
-2.789384126663208008e-01
-3.017605543136596680e-01
-2.549394965171813965e-01
-2.656785845756530762e-01
-2.769758105278015137e-01
-2.780532240867614746e-01
-2.820158600807189941e-01
-2.870216369628906250e-01
-2.822459936141967773e-01
-2.674739360809326172e-01
-2.161871194839477539e-01
-2.324042320251464844e-01
-2.379676699638366699e-01
-2.530480027198791504e-01
-2.836873531341552734e-01
-2.725525498390197754e-01
-2.612456083297729492e-01
-2.725569009780883789e-01
-2.975641489028930664e-01
-2.729522585868835449e-01
-2.820126414299011230e-01
-2.725567817687988281e-01
-3.464577794075012207e-01
-1.185612976551055908e-01
-2.663143277168273926e-01
-2.725763916969299316e-01
-2.875819802284240723e-01
-2.571515440940856934e-01
-2.789666056632995605e-01
-2.324638962745666504e-01
-2.727939486503601074e-01
-2.324454188346862793e-01
-3.009256124496459961e-01
-2.802942991256713867e-01
-4.921659827232360840e-01
-6.507611274719238281e-02
-2.743247747421264648e-01
-2.568038105964660645e-01
-2.742552161216735840e-01
-2.181140184402465820e-01
-2.502369880676269531e-01
-2.729553580284118652e-01
-2.529972791671752930e-01
-2.627909779548645020e-01
-2.513587474822998047e-01
-2.729553580284118652e-01
-3.284210562705993652e-01
-2.450724840164184570e-01
-2.731367349624633789e-01
-3.078204989433288574e-01
-2.344788312911987305e-01
-2.823960781097412109e-01
-2.566053867340087891e-01
-2.719703912734985352e-01
-2.531109452247619629e-01
-2.872815728187561035e-01
-2.674624323844909668e-01
-2.793526649475097656e-01
-1.907421350479125977e-01
-2.897749543190002441e-01
-2.633467316627502441e-01
-3.074678182601928711e-01
-2.680458426475524902e-01
-2.661666274070739746e-01
-2.561881542205810547e-01
-2.731202840805053711e-01
-2.768790721893310547e-01
-2.815508246421813965e-01
-2.469646930694580078e-01
-2.428218126296997070e-01
-2.398001551628112793e-01
-2.862394452095031738e-01
-2.805959582328796387e-01
-3.079952001571655273e-01
-2.583503127098083496e-01
-2.723445296287536621e-01
-2.571511864662170410e-01
-2.757245898246765137e-01
-2.489166855812072754e-01
-2.478528618812561035e-01
-2.524756789207458496e-01
-2.865883111953735352e-01
-3.447968959808349609e-01
-2.648273110389709473e-01
-2.678797841072082520e-01
-2.774036526679992676e-01
-2.696984410285949707e-01
-2.427875399589538574e-01
-2.565437555313110352e-01
-2.733657360076904297e-01
-2.728498578071594238e-01
-2.629796266555786133e-01
-2.678447961807250977e-01
-2.598125934600830078e-01
-4.657959938049316406e-01
-2.668640017509460449e-01
-2.977089881896972656e-01
-2.675541043281555176e-01
-2.870267033576965332e-01
-2.716211080551147461e-01
-2.487880587577819824e-01
-2.600457668304443359e-01
-2.571517825126647949e-01
-2.823457717895507812e-01
-2.571462988853454590e-01
-2.796074151992797852e-01
-2.697119116783142090e-01
-2.530481815338134766e-01
-2.729098796844482422e-01
-2.774434089660644531e-01
-2.931044697761535645e-01
-2.687681913375854492e-01
-2.553060650825500488e-01
-3.165344595909118652e-01
-2.735726833343505859e-01
-2.868545055389404297e-01
-2.529774904251098633e-01
-3.015484809875488281e-01
-3.723286986351013184e-01
-2.537003159523010254e-01
-2.677810788154602051e-01
-2.518447637557983398e-01
-2.661500573158264160e-01
-2.675491571426391602e-01
-2.618392705917358398e-01
-2.787996530532836914e-01
-2.497989535331726074e-01
-2.508506774902343750e-01
-2.570545077323913574e-01
-2.541148066520690918e-01
-4.088715314865112305e-01
-2.174544930458068848e-01
-3.232237100601196289e-01
-2.810937762260437012e-01
-2.662150263786315918e-01
-2.713221311569213867e-01
-2.674162387847900391e-01
-2.744099497795104980e-01
-2.723407745361328125e-01
-2.660399079322814941e-01
-2.675548791885375977e-01
-2.898193597793579102e-01
-2.535367012023925781e-01
-2.528020143508911133e-01
-2.649471163749694824e-01
-2.622503638267517090e-01
-2.675546407699584961e-01
-2.844123840332031250e-01
-2.724041938781738281e-01
-2.818953990936279297e-01
-2.706500291824340820e-01
-2.680852413177490234e-01
-2.723866105079650879e-01
-2.893833518028259277e-01
-3.387957811355590820e-01
-2.386988401412963867e-01
-2.946057319641113281e-01
-3.152276873588562012e-01
-2.368593215942382812e-01
-2.330935597419738770e-01
-2.519147992134094238e-01
-2.887048721313476562e-01
-2.677351236343383789e-01
-3.079853057861328125e-01
-2.507182955741882324e-01
-2.747489213943481445e-01
-3.012359738349914551e-01
-2.703593373298645020e-01
-2.664238214492797852e-01
-2.717206478118896484e-01
-2.810093164443969727e-01
-2.623000741004943848e-01
-2.569557428359985352e-01
-2.808937430381774902e-01
-2.715286016464233398e-01
-2.907813787460327148e-01
-2.761825323104858398e-01
-2.877627015113830566e-01
-3.173228502273559570e-01
-3.095899820327758789e-01
-2.729423046112060547e-01
-2.505066394805908203e-01
-2.537325620651245117e-01
-2.734974622726440430e-01
-2.823160290718078613e-01
-2.616299986839294434e-01
-2.582938671112060547e-01
-2.447841167449951172e-01
-2.375374436378479004e-01
-2.619855999946594238e-01
-2.909582257270812988e-01
-1.646889448165893555e-01
-2.775467634201049805e-01
-2.720300555229187012e-01
-2.388566136360168457e-01
-2.729133963584899902e-01
-2.467939853668212891e-01
-2.695744037628173828e-01
-2.562057375907897949e-01
-2.826895117759704590e-01
-2.468841075897216797e-01
-2.723495364189147949e-01
-3.306015729904174805e-01
-1.777762174606323242e-02
-2.766878604888916016e-01
-2.773923873901367188e-01
-2.373352050781250000e-01
-2.877522110939025879e-01
-2.473707795143127441e-01
-2.730330228805541992e-01
-2.586805224418640137e-01
-2.617147564888000488e-01
-2.680066823959350586e-01
-2.979351282119750977e-01
-3.897895216941833496e-01
-1.390370130538940430e-01
-2.965745329856872559e-01
-2.169417142868041992e-01
-2.774395346641540527e-01
-2.766773700714111328e-01
-2.666859626770019531e-01
-2.899385094642639160e-01
-2.590339779853820801e-01
-2.822586297988891602e-01
-2.659592032432556152e-01
-2.738518714904785156e-01
-3.146198391914367676e-01
-2.776424288749694824e-01
-3.040894269943237305e-01
-2.731175422668457031e-01
-2.518466711044311523e-01
-2.568339705467224121e-01
-2.676371335983276367e-01
-2.817767858505249023e-01
-5.082389116287231445e-01
-2.635871767997741699e-01
-3.162865042686462402e-01
-2.675501108169555664e-01
-6.392351984977722168e-01
-3.580334186553955078e-01
-2.514339089393615723e-01
-2.676625847816467285e-01
-2.559127211570739746e-01
-2.691181302070617676e-01
-2.573437690734863281e-01
-2.378047108650207520e-01
-3.118530511856079102e-01
-2.772439718246459961e-01
-2.526597380638122559e-01
-2.622582912445068359e-01
-2.523482441902160645e-01
-2.804674506187438965e-01
-2.819085121154785156e-01
-2.525450587272644043e-01
-2.702902555465698242e-01
-2.509084939956665039e-01
-2.423229217529296875e-01
-2.631192207336425781e-01
-2.525843381881713867e-01
-2.676938772201538086e-01
-2.631065845489501953e-01
-2.713993191719055176e-01
-2.907122969627380371e-01
-2.886610627174377441e-01
-2.568035125732421875e-01
-2.580490708351135254e-01
-2.823158502578735352e-01
-2.476796507835388184e-01
-2.402760982513427734e-01
-2.450395822525024414e-01
-2.438460588455200195e-01
-2.555181980133056641e-01
-3.024615645408630371e-01
-2.537265419960021973e-01
-2.287231087684631348e-01
-2.790064215660095215e-01
-2.775815725326538086e-01
-2.765801548957824707e-01
-2.789232730865478516e-01
-2.642902731895446777e-01
-2.527911663055419922e-01
-2.599557042121887207e-01
-2.722586989402770996e-01
-2.672061920166015625e-01
-2.522596120834350586e-01
-2.636676430702209473e-01
-3.090772032737731934e-01
-2.852962017059326172e-01
-2.814017534255981445e-01
-2.925013899803161621e-01
-2.891728878021240234e-01
-2.655683159828186035e-01
-2.719722390174865723e-01
-2.549544572830200195e-01
-2.810373902320861816e-01
-2.514369487762451172e-01
-2.572104334831237793e-01
-2.374550700187683105e-01
-3.017813563346862793e-01
-2.273235917091369629e-01
-2.982968091964721680e-01
-2.663144469261169434e-01
-2.422531843185424805e-01
-2.476820349693298340e-01
-2.634330987930297852e-01
-2.473701834678649902e-01
-2.423927187919616699e-01
-2.919153571128845215e-01
-2.571932673454284668e-01
-2.555800676345825195e-01
-3.529801964759826660e-02
-1.789226531982421875e-01
-2.526770830154418945e-01
-2.666823267936706543e-01
-2.974896430969238281e-01
-2.582516670227050781e-01
-2.560324072837829590e-01
-2.597572803497314453e-01
-2.526661157608032227e-01
-2.423348426818847656e-01
-2.392460107803344727e-01
-2.374939918518066406e-01
-2.823158502578735352e-01
-2.263976335525512695e-01
-2.671946883201599121e-01
-2.614602446556091309e-01
-2.464721798896789551e-01
-2.434210777282714844e-01
-2.385105490684509277e-01
-2.373362183570861816e-01
-2.487770318984985352e-01
-2.575095891952514648e-01
-2.527375221252441406e-01
-2.567033171653747559e-01
-2.882375717163085938e-01
-2.840155363082885742e-01
-2.808100581169128418e-01
-3.059926033020019531e-01
-2.557402849197387695e-01
-2.648298144340515137e-01
-2.423908114433288574e-01
-2.282552123069763184e-01
-2.582165002822875977e-01
-2.633942961692810059e-01
-2.497170567512512207e-01
-2.523179054260253906e-01
-2.423871755599975586e-01
-2.822308540344238281e-01
-2.729569673538208008e-01
-2.817513346672058105e-01
-2.869763970375061035e-01
-3.174766898155212402e-01
-2.701606750488281250e-01
-3.122511506080627441e-01
-2.590187788009643555e-01
-2.383298277854919434e-01
-2.324510216712951660e-01
-2.379180788993835449e-01
-2.893059253692626953e-01
-2.759523391723632812e-01
-2.584899067878723145e-01
-3.159538507461547852e-01
-2.959231138229370117e-01
-2.892213463783264160e-01
-2.621888518333435059e-01
-2.837799191474914551e-01
-2.414404153823852539e-01
-2.323587536811828613e-01
-2.925541996955871582e-01
-2.529087662696838379e-01
4.741897881031036377e-01
-2.837390303611755371e-01
-3.179690241813659668e-01
-3.022960424423217773e-01
-2.873743176460266113e-01
-3.028798103332519531e-01
-2.583692669868469238e-01
-3.033544421195983887e-01
-2.570896148681640625e-01
-2.745641469955444336e-01
-2.332181930541992188e-01
-2.543901205062866211e-01
-3.303244709968566895e-01
-2.877182364463806152e-01
-2.607929706573486328e-01
-2.977222800254821777e-01
-2.675564885139465332e-01
-3.027261495590209961e-01
-2.521665096282958984e-01
-3.026854991912841797e-01
-2.718546986579895020e-01
-2.768524885177612305e-01
-2.716806530952453613e-01
-2.609317302703857422e-01
-2.798031568527221680e-01
-2.962602972984313965e-01
-2.938739061355590820e-01
-3.105133175849914551e-01
-2.604389786720275879e-01
-3.318407535552978516e-01
-2.829538583755493164e-01
-3.027264475822448730e-01
-2.412840127944946289e-01
-2.540662288665771484e-01
-2.470375299453735352e-01
-2.587094902992248535e-01
3.917567431926727295e-01
-2.506332993507385254e-01
-2.729389071464538574e-01
-2.925295829772949219e-01
-3.044270873069763184e-01
-3.027446866035461426e-01
-2.521487474441528320e-01
-3.268089890480041504e-01
-2.423795461654663086e-01
-2.716213464736938477e-01
-2.468064427375793457e-01
-2.633078694343566895e-01
-2.122164368629455566e-01
-2.778100371360778809e-01
-2.737516760826110840e-01
-3.009551763534545898e-01
-2.724655866622924805e-01
-2.873194217681884766e-01
-2.526192069053649902e-01
-3.168765902519226074e-01
-2.741690874099731445e-01
-2.882621288299560547e-01
-2.627143859863281250e-01
-2.770510911941528320e-01
-1.668334007263183594e-02
-2.911729216575622559e-01
-2.765081524848937988e-01
-2.875730991363525391e-01
-3.027238249778747559e-01
-3.027023673057556152e-01
-2.276065945625305176e-01
-2.716211080551147461e-01
-2.346517443656921387e-01
-2.742257714271545410e-01
-2.459216117858886719e-01
-2.867736220359802246e-01
-2.041693329811096191e-01
-2.519708275794982910e-01
-2.823148965835571289e-01
-2.893722653388977051e-01
-2.711262106895446777e-01
-2.869774699211120605e-01
-2.528629302978515625e-01
-2.821627259254455566e-01
-2.609505057334899902e-01
-2.868502736091613770e-01
-2.825046777725219727e-01
-2.977224588394165039e-01
-3.001255989074707031e-01
-2.431823015213012695e-01
-2.520285844802856445e-01
-3.027260899543762207e-01
-2.521619200706481934e-01
-3.152932524681091309e-01
-2.505363821983337402e-01
-2.840368747711181641e-01
-2.571515440940856934e-01
-2.859884500503540039e-01
-2.744868993759155273e-01
-2.810977697372436523e-01
-1.875619888305664062e-01
-3.153318762779235840e-01
-2.819416522979736328e-01
-3.096063137054443359e-01
-2.726177573204040527e-01
-2.732923030853271484e-01
-2.421003580093383789e-01
-2.638964056968688965e-01
-2.358449697494506836e-01
-2.849552631378173828e-01
-2.550423741340637207e-01
-2.572469711303710938e-01
-2.444137930870056152e-01
-2.897624373435974121e-01
-2.737506031990051270e-01
-2.719403505325317383e-01
-2.420341372489929199e-01
-2.472362518310546875e-01
-3.903098106384277344e-01
-2.570001482963562012e-01
-2.530282735824584961e-01
-2.619406580924987793e-01
-2.716840505599975586e-01
-2.606667876243591309e-01
-1.833275556564331055e-01
-2.104541063308715820e-01
-2.937026023864746094e-01
-2.744587659835815430e-01
-2.427890300750732422e-01
-2.831441164016723633e-01
-2.566375732421875000e-01
-2.442010045051574707e-01
-2.581828832626342773e-01
-2.591836452484130859e-01
-2.429307103157043457e-01
-2.597319483757019043e-01
-2.913400530815124512e-01
-2.607775926589965820e-01
-2.840332388877868652e-01
-2.423847913742065430e-01
-2.613922953605651855e-01
-2.532029747962951660e-01
-2.562139034271240234e-01
-2.366421818733215332e-01
-2.536433935165405273e-01
-2.423291206359863281e-01
-2.468271851539611816e-01
-3.216978311538696289e-01
-2.906576991081237793e-01
-1.958497762680053711e-01
-2.855427861213684082e-01
-2.274721264839172363e-01
-2.297136783599853516e-01
-2.521186470985412598e-01
-2.329263091087341309e-01
-2.679988741874694824e-01
-2.489637732505798340e-01
-2.576015591621398926e-01
-2.744269967079162598e-01
-2.522230148315429688e-01
-1.374467313289642334e-01
-2.343650460243225098e-01
-2.526752352714538574e-01
-2.729595899581909180e-01
-2.324450612068176270e-01
-2.716567516326904297e-01
-2.521623969078063965e-01
-2.882566452026367188e-01
-2.542286515235900879e-01
-3.027260303497314453e-01
-2.342584133148193359e-01
-2.873187661170959473e-01
-3.177378773689270020e-01
-2.206168174743652344e-01
-2.443330883979797363e-01
-2.666173577308654785e-01
-2.715225219726562500e-01
-3.316384553909301758e-01
-2.526686191558837891e-01
-2.544987201690673828e-01
-2.608818411827087402e-01
-2.779277563095092773e-01
-2.678376436233520508e-01
-2.787776589393615723e-01
-9.895521402359008789e-02
-2.915784716606140137e-01
-2.541210055351257324e-01
-2.773599624633789062e-01
-2.796693444252014160e-01
-2.533122897148132324e-01
-2.694836258888244629e-01
-2.623701691627502441e-01
-2.581945657730102539e-01
-2.696674466133117676e-01
-2.681947946548461914e-01
-2.747284770011901855e-01
-2.683348655700683594e-01
-2.805553078651428223e-01
-2.689996957778930664e-01
-2.551903128623962402e-01
-2.427881360054016113e-01
-2.765396833419799805e-01
-2.497229576110839844e-01
-2.781421542167663574e-01
-2.723650336265563965e-01
-2.860350012779235840e-01
-2.571033239364624023e-01
-2.804204821586608887e-01
-2.014673948287963867e-01
-2.539757490158081055e-01
-2.959368228912353516e-01
-2.688478827476501465e-01
-2.607120275497436523e-01
-2.220250368118286133e-01
-2.677578926086425781e-01
-2.579779624938964844e-01
-2.474851012229919434e-01
-2.467416524887084961e-01
-2.718647718429565430e-01
-2.712469100952148438e-01
-3.340904712677001953e-01
-2.591120600700378418e-01
-2.716225981712341309e-01
-2.641171216964721680e-01
-2.722117304801940918e-01
-2.577238082885742188e-01
-2.353299856185913086e-01
-2.570908069610595703e-01
-2.522493004798889160e-01
-2.485396265983581543e-01
-2.477753162384033203e-01
-2.574193477630615234e-01
-2.599472403526306152e-01
-2.469025850296020508e-01
-2.815274000167846680e-01
-2.587907314300537109e-01
-2.617405652999877930e-01
-2.478854060173034668e-01
-2.498159408569335938e-01
-2.530576586723327637e-01
-2.464498877525329590e-01
-2.724309563636779785e-01
-2.419905066490173340e-01
-2.469887137413024902e-01
-2.812498211860656738e-01
-2.369902133941650391e-01
-2.815104126930236816e-01
-2.591651082038879395e-01
-2.958279252052307129e-01
-2.571748495101928711e-01
-2.478064298629760742e-01
-2.612813115119934082e-01
-2.647488713264465332e-01
-2.715940475463867188e-01
-2.565206289291381836e-01
-2.621386647224426270e-01
-2.639055252075195312e-01
-2.472017407417297363e-01
-2.716099619865417480e-01
-2.576084136962890625e-01
-2.614804506301879883e-01
-2.573099732398986816e-01
-2.400151491165161133e-01
-2.906395792961120605e-01
-2.571431398391723633e-01
-2.518413662910461426e-01
-2.377898693084716797e-01
-2.572422623634338379e-01
-3.873821496963500977e-01
-2.340414524078369141e-01
-2.272973656654357910e-01
-2.773902416229248047e-01
-2.528760433197021484e-01
-2.716155648231506348e-01
-2.769757509231567383e-01
-2.725567221641540527e-01
-2.769756913185119629e-01
-2.574877738952636719e-01
-2.473828196525573730e-01
-2.842830419540405273e-01
-3.410924673080444336e-01
-2.716478109359741211e-01
-2.703468799591064453e-01
-2.468083500862121582e-01
-2.585213184356689453e-01
-2.562744021415710449e-01
-2.632122635841369629e-01
-2.716206312179565430e-01
-2.453373074531555176e-01
-2.598000168800354004e-01
-2.471886873245239258e-01
-2.773333787918090820e-01
-3.026006221771240234e-01
-2.527526021003723145e-01
-2.572886943817138672e-01
-2.509083747863769531e-01
-2.473956346511840820e-01
-2.595230937004089355e-01
-2.524628043174743652e-01
-3.003544807434082031e-01
-2.367641329765319824e-01
-2.716180086135864258e-01
-2.376015186309814453e-01
-2.831027507781982422e-01
-2.267802953720092773e-01
-2.361157536506652832e-01
-2.692043185234069824e-01
-2.624990344047546387e-01
-2.366282939910888672e-01
-2.673447132110595703e-01
-2.769650816917419434e-01
-2.672652006149291992e-01
-2.570974826812744141e-01
-2.716211080551147461e-01
-2.769761681556701660e-01
-2.716456651687622070e-01
-2.627380490303039551e-01
-2.746978998184204102e-01
-2.907482981681823730e-01
-2.729830741882324219e-01
-2.522431612014770508e-01
-2.716809511184692383e-01
-3.140853643417358398e-01
-2.469138503074645996e-01
-2.577325701713562012e-01
-2.588956356048583984e-01
-2.470682263374328613e-01
-2.605952024459838867e-01
-3.146619796752929688e-01
-2.908114194869995117e-01
-2.768916487693786621e-01
-2.906594276428222656e-01
-2.761412858963012695e-01
-2.506635189056396484e-01
-2.546391487121582031e-01
-2.634542584419250488e-01
-2.449663877487182617e-01
-2.468083500862121582e-01
-2.468049526214599609e-01
-2.529845237731933594e-01
-2.947363853454589844e-01
-2.935313582420349121e-01
-2.559188604354858398e-01
-2.751104831695556641e-01
-2.821855545043945312e-01
-2.852550148963928223e-01
-2.680216431617736816e-01
-2.522339820861816406e-01
-2.712845802307128906e-01
-2.579782605171203613e-01
-2.428339123725891113e-01
-2.883364558219909668e-01
-3.160818815231323242e-01
-2.787855267524719238e-01
-2.894514799118041992e-01
-2.672313451766967773e-01
-2.527663111686706543e-01
-2.476209998130798340e-01
-2.769761681556701660e-01
-2.829354405403137207e-01
-2.698968648910522461e-01
-3.027224540710449219e-01
-3.051911592483520508e-01
-2.637988924980163574e-01
-3.042001128196716309e-01
-2.025172710418701172e-01
-2.770532369613647461e-01
-2.521478533744812012e-01
-1.972461342811584473e-01
-2.928535342216491699e-01
-2.864558696746826172e-01
-3.016806840896606445e-01
-2.916147112846374512e-01
-2.768819332122802734e-01
-2.675458788871765137e-01
-2.826354503631591797e-01
1.284760385751724243e-01
-1.950381398200988770e-01
-2.704132795333862305e-01
-3.026865720748901367e-01
-2.666388154029846191e-01
-2.957345843315124512e-01
-2.716671228408813477e-01
-2.855011224746704102e-01
-2.670330405235290527e-01
-2.645421624183654785e-01
-2.661574482917785645e-01
-2.817264199256896973e-01
-2.468497157096862793e-01
-2.012462615966796875e-01
-2.641097903251647949e-01
-2.997900247573852539e-01
-2.521210908889770508e-01
-2.933222055435180664e-01
-2.810300588607788086e-01
-2.882574796676635742e-01
-2.521719932556152344e-01
-3.005872368812561035e-01
-2.521478533744812012e-01
-2.978627085685729980e-01
-3.123300075531005859e-01
-2.847614884376525879e-01
-2.573478817939758301e-01
-3.173711299896240234e-01
-2.582038044929504395e-01
-2.571510076522827148e-01
-2.595391869544982910e-01
-2.545271515846252441e-01
-2.427877187728881836e-01
-2.623980641365051270e-01
-2.673255801200866699e-01
-2.538173198699951172e-01
-2.689282298088073730e-01
-2.543070912361145020e-01
-2.304002046585083008e-01
-2.720482349395751953e-01
-2.534766197204589844e-01
-2.678106427192687988e-01
-2.484080791473388672e-01
-2.439796924591064453e-01
-2.701546549797058105e-01
-2.725505232810974121e-01
-2.838166356086730957e-01
-3.174003362655639648e-01
-4.060630202293395996e-01
-2.135500311851501465e-01
-2.524662613868713379e-01
-2.974175810813903809e-01
-2.686698436737060547e-01
-2.623491287231445312e-01
-2.750594019889831543e-01
-2.523503899574279785e-01
-2.882566452026367188e-01
-3.210310935974121094e-01
-2.909944653511047363e-01
-2.523536086082458496e-01
-3.024752736091613770e-01
-2.798067331314086914e-01
-2.441455125808715820e-01
-3.503800034523010254e-01
-2.685528993606567383e-01
-2.545812726020812988e-01
-2.390731573104858398e-01
-2.472153306007385254e-01
-2.421306967735290527e-01
-2.574880123138427734e-01
-2.375703454017639160e-01
-2.612776160240173340e-01
-3.960942625999450684e-01
-2.462819218635559082e-01
-2.810283303260803223e-01
-2.836183905601501465e-01
-2.766432166099548340e-01
-2.716211080551147461e-01
-2.467288970947265625e-01
-2.766847610473632812e-01
-2.873773574829101562e-01
-2.766844630241394043e-01
-2.574397921562194824e-01
-2.917357087135314941e-01
-3.379645943641662598e-01
-2.293975949287414551e-01
-2.318350076675415039e-01
-3.222241997718811035e-01
-2.622112631797790527e-01
-2.831437587738037109e-01
-2.666164040565490723e-01
-2.766635417938232422e-01
-2.498503327369689941e-01
-2.718497514724731445e-01
-2.630931138992309570e-01
-2.716830968856811523e-01
-3.459425568580627441e-01
-2.783727049827575684e-01
-2.636796236038208008e-01
-2.682714462280273438e-01
-2.725558876991271973e-01
-2.715929746627807617e-01
-2.880530953407287598e-01
-2.563320398330688477e-01
-2.715913653373718262e-01
-2.578341960906982422e-01
-2.636119127273559570e-01
-2.799762487411499023e-01
-2.592628598213195801e-01
-2.271629571914672852e-01
-2.871046066284179688e-01
-2.682742476463317871e-01
-2.355492711067199707e-01
-2.431392669677734375e-01
-2.426828742027282715e-01
-2.431366443634033203e-01
-2.399261593818664551e-01
-2.432292103767395020e-01
-2.462580204010009766e-01
-2.431389689445495605e-01
-2.808269858360290527e-01
-2.197978496551513672e-01
-2.534277439117431641e-01
-2.973859310150146484e-01
-2.680733799934387207e-01
-2.925270795822143555e-01
-3.012081384658813477e-01
-2.275475859642028809e-01
-3.007456064224243164e-01
-2.562173604965209961e-01
-2.711246609687805176e-01
-2.796642780303955078e-01
-5.280047655105590820e-01
-2.677898406982421875e-01
-2.469084858894348145e-01
-3.373060822486877441e-01
-2.820241451263427734e-01
-2.462610006332397461e-01
-2.819608449935913086e-01
-2.324636578559875488e-01
-2.533257603645324707e-01
-2.717690467834472656e-01
-2.957219481468200684e-01
-2.555415034294128418e-01
-2.807096838951110840e-01
-2.395346760749816895e-01
-2.529212832450866699e-01
-2.521477341651916504e-01
-2.499767541885375977e-01
-2.216120362281799316e-01
-2.745808362960815430e-01
-2.235689163208007812e-01
-2.472022175788879395e-01
-2.562331557273864746e-01
-2.460778951644897461e-01
-2.332274317741394043e-01
-2.925887703895568848e-01
-2.559066414833068848e-01
-2.874311804771423340e-01
-2.973859310150146484e-01
-2.729553580284118652e-01
-2.741461992263793945e-01
-3.521977663040161133e-01
-2.230273485183715820e-01
-2.822449207305908203e-01
-2.963364124298095703e-01
-2.361825704574584961e-01
-2.385417819023132324e-01
-2.899214625358581543e-01
-2.888531088829040527e-01
-2.556366920471191406e-01
-3.042864203453063965e-01
-2.431879639625549316e-01
-2.714499831199645996e-01
-2.324438691139221191e-01
-2.664355635643005371e-01
-2.754405736923217773e-01
-2.701773047447204590e-01
-2.377874255180358887e-01
-2.626997232437133789e-01
-3.014136552810668945e-01
-2.352912425994873047e-01
-2.634246945381164551e-01
-2.619828581809997559e-01
-2.462115287780761719e-01
-2.262018322944641113e-01
-2.430616021156311035e-01
-2.733273506164550781e-01
-2.695295214653015137e-01
-2.479348778724670410e-01
-2.441450953483581543e-01
-2.738923430442810059e-01
-2.254078984260559082e-01
-3.152477145195007324e-01
-2.503073215484619141e-01
-2.697106003761291504e-01
-2.622154355049133301e-01
-2.597876787185668945e-01
-2.572309970855712891e-01
-2.588281035423278809e-01
-2.433506250381469727e-01
-2.419151663780212402e-01
-2.578059434890747070e-01
-2.426239252090454102e-01
-2.522828578948974609e-01
-3.118460774421691895e-01
-2.708629965782165527e-01
-2.783567905426025391e-01
-2.595741152763366699e-01
-2.367647886276245117e-01
-2.600681185722351074e-01
-2.638643383979797363e-01
-2.547182440757751465e-01
-2.418709993362426758e-01
-2.573046088218688965e-01
-2.627010345458984375e-01
-2.725898027420043945e-01
-3.464730978012084961e-01
-2.613781690597534180e-01
-2.636568546295166016e-01
-2.822206020355224609e-01
-3.207993507385253906e-01
-2.440826296806335449e-01
-2.583742141723632812e-01
-2.687955498695373535e-01
-3.123143315315246582e-01
-2.721065282821655273e-01
-2.639632821083068848e-01
-3.440687656402587891e-01
-1.903756260871887207e-01
-2.701617479324340820e-01
-3.039316534996032715e-01
-2.619468569755554199e-01
-2.549545168876647949e-01
-2.478827834129333496e-01
-2.522317171096801758e-01
-2.626367211341857910e-01
-2.667552828788757324e-01
-2.571516036987304688e-01
-2.716193795204162598e-01
-4.407026767730712891e-01
-2.661024928092956543e-01
-4.869754910469055176e-01
-2.280056476593017578e-01
-3.035660386085510254e-01
-2.724890708923339844e-01
-2.691218852996826172e-01
-2.633832097053527832e-01
-2.695521712303161621e-01
-2.773934602737426758e-01
-2.735781073570251465e-01
-2.969606518745422363e-01
1.279760301113128662e-01
-2.842760086059570312e-02
-2.722097635269165039e-01
-2.774767875671386719e-01
-2.675546407699584961e-01
-2.624512910842895508e-01
-2.791633009910583496e-01
-2.820241451263427734e-01
-2.706136703491210938e-01
-2.476625442504882812e-01
-2.428821921348571777e-01
-2.756481766700744629e-01
-2.372395396232604980e-01
-1.987972855567932129e-02
-2.996134161949157715e-01
-2.897494435310363770e-01
-2.772403359413146973e-01
-2.466391324996948242e-01
-2.707427144050598145e-01
-2.383931279182434082e-01
-2.683234214782714844e-01
-2.421854138374328613e-01
-2.607027292251586914e-01
-3.068497776985168457e-01
-2.851591706275939941e-01
-2.257961034774780273e-01
-2.583401203155517578e-01
-2.612779140472412109e-01
-2.820239067077636719e-01
-3.013201355934143066e-01
-2.680830955505371094e-01
-2.428307533264160156e-01
-2.644791603088378906e-01
-2.518447637557983398e-01
-2.299357652664184570e-01
-2.274463176727294922e-01
-3.137067556381225586e-01
-5.929318070411682129e-02
-2.467671036720275879e-01
-2.568668127059936523e-01
-2.752724289894104004e-01
-2.806387543678283691e-01
-3.080168366432189941e-01
-2.937319278717041016e-01
-2.886274456977844238e-01
-2.632799744606018066e-01
-2.612567543983459473e-01
-2.837405800819396973e-01
1.672041714191436768e-01
-1.503602266311645508e-01
-2.374084591865539551e-01
-2.612593173980712891e-01
-2.419106960296630859e-01
-2.618629336357116699e-01
-2.323879599571228027e-01
-2.619091272354125977e-01
-2.795600891113281250e-01
-2.594935297966003418e-01
-2.815138697624206543e-01
-2.602219581604003906e-01
-3.503185510635375977e-01
6.020873785018920898e-03
-2.576084136962890625e-01
-2.312014102935791016e-01
-2.456599473953247070e-01
-2.612778544425964355e-01
-2.938895225524902344e-01
-2.367619276046752930e-01
-2.666149735450744629e-01
-2.716044783592224121e-01
-2.544251084327697754e-01
-2.279449105262756348e-01
-1.859745383262634277e-01
-2.218446135520935059e-02
-2.365790605545043945e-01
-2.907093763351440430e-01
-2.687015533447265625e-01
-2.383480668067932129e-01
-2.419999241828918457e-01
-2.335723042488098145e-01
-2.869989275932312012e-01
-2.586237788200378418e-01
-2.458404898643493652e-01
-2.520493865013122559e-01
-2.732519507408142090e-01
-2.128614187240600586e-01
-2.266803979873657227e-01
-2.626123428344726562e-01
-2.422578334808349609e-01
-2.769744396209716797e-01
-2.900525927543640137e-01
-2.468461394309997559e-01
-2.836232781410217285e-01
-2.687814831733703613e-01
-2.617183327674865723e-01
-2.522724866867065430e-01
-4.182043671607971191e-01
-2.188981175422668457e-01
-3.086879849433898926e-01
-2.892549037933349609e-01
-2.775487899780273438e-01
-2.826763391494750977e-01
-2.812137007713317871e-01
-2.605570554733276367e-01
-2.676012516021728516e-01
-2.821342349052429199e-01
-2.485652565956115723e-01
-2.582550644874572754e-01
-2.958301901817321777e-01
-2.698495984077453613e-02
-2.922084331512451172e-01
-2.683614492416381836e-01
-2.577918767929077148e-01
-2.730026841163635254e-01
-2.666173577308654785e-01
-2.469307780265808105e-01
-2.384753823280334473e-01
-2.709042429924011230e-01
-2.634388804435729980e-01
-2.551718950271606445e-01
-3.014162182807922363e-01
-1.681048870086669922e-01
-2.671843171119689941e-01
-2.225217819213867188e-01
-2.308531999588012695e-01
-2.525017857551574707e-01
-2.541370987892150879e-01
-3.114413022994995117e-01
-2.274447083473205566e-01
-2.562067508697509766e-01
-2.397025227546691895e-01
-2.574337720870971680e-01
-3.672647476196289062e-01
-1.668748259544372559e-01
-2.493237853050231934e-01
-3.083697557449340820e-01
-2.766844630241394043e-01
-2.911003828048706055e-01
-2.683264017105102539e-01
-2.880017757415771484e-01
-2.453522086143493652e-01
-3.021851181983947754e-01
-2.571542263031005859e-01
-3.000777959823608398e-01
-2.612873911857604980e-01
-1.720253229141235352e-01
-2.518464922904968262e-01
-2.648344635963439941e-01
-2.673811316490173340e-01
-2.403917908668518066e-01
-2.509075403213500977e-01
-2.521508336067199707e-01
-2.710105180740356445e-01
-3.317509889602661133e-01
-2.913296222686767578e-01
-2.639133334159851074e-01
-2.812148928642272949e-01
-3.180118203163146973e-01
-2.519511580467224121e-01
-2.562260031700134277e-01
-2.488052248954772949e-01
-2.531967759132385254e-01
-2.518947124481201172e-01
-2.545795440673828125e-01
-2.419978976249694824e-01
-2.625065445899963379e-01
-2.327839136123657227e-01
-2.571615576744079590e-01
-3.078823685646057129e-01
-3.088052272796630859e-01
-2.519503831863403320e-01
-2.612778544425964355e-01
-2.573093175888061523e-01
-2.651884555816650391e-01
-2.498819828033447266e-01
-2.668080925941467285e-01
-2.419823408126831055e-01
-2.572054862976074219e-01
-2.950086593627929688e-01
-2.527186274528503418e-01
-2.791441679000854492e-01
-1.540005803108215332e-01
-2.668896913528442383e-01
-2.958602309226989746e-01
-2.648690938949584961e-01
-2.827931046485900879e-01
-2.327241301536560059e-01
-2.775463461875915527e-01
-2.345988154411315918e-01
-2.568481564521789551e-01
-2.819713950157165527e-01
-2.567313909530639648e-01
-3.517639040946960449e-01
-2.111922502517700195e-01
-2.509362101554870605e-01
-2.571515440940856934e-01
-2.811828851699829102e-01
-2.526506781578063965e-01
-2.589904665946960449e-01
-2.468088269233703613e-01
-2.429345846176147461e-01
-2.601769566535949707e-01
-2.494984269142150879e-01
-2.626382708549499512e-01
-3.306557536125183105e-01
-1.966788768768310547e-01
-2.660058140754699707e-01
-2.477508187294006348e-01
-2.578546404838562012e-01
-2.839649319648742676e-01
-2.867123484611511230e-01
-2.867975234985351562e-01
-2.522553801536560059e-01
-3.027254343032836914e-01
-2.571465969085693359e-01
-2.883625030517578125e-01
-3.516416549682617188e-01
-1.321732401847839355e-01
-2.661913633346557617e-01
-2.545648217201232910e-01
-2.521764636039733887e-01
-2.686548829078674316e-01
-2.295042276382446289e-01
-2.398375272750854492e-01
-2.424444556236267090e-01
-2.468740940093994141e-01
-2.492238283157348633e-01
-2.549740076065063477e-01
-2.411890625953674316e-01
1.385563611984252930e-02
-2.845207452774047852e-01
-2.468787431716918945e-01
-2.538483142852783203e-01
-2.418217658996582031e-01
-2.350493073463439941e-01
-2.832477092742919922e-01
-2.521413564682006836e-01
-2.695633769035339355e-01
-2.274587154388427734e-01
-2.494900226593017578e-01
-1.012592911720275879e-01
-2.029547691345214844e-01
-3.017928004264831543e-01
-2.882586121559143066e-01
-2.810488939285278320e-01
-2.626064419746398926e-01
-2.419105768203735352e-01
-2.626121640205383301e-01
-2.420948743820190430e-01
-2.626121640205383301e-01
-2.599287629127502441e-01
-2.625703811645507812e-01
-3.683763742446899414e-01
-1.923431754112243652e-01
-2.760955691337585449e-01
-2.925765514373779297e-01
-2.648420929908752441e-01
-2.735756635665893555e-01
-2.710353136062622070e-01
-2.425601482391357422e-01
-3.000552654266357422e-01
-2.461296319961547852e-01
-2.548077702522277832e-01
-2.419279813766479492e-01
-2.735308408737182617e-01
-1.594098210334777832e-01
-2.308931350708007812e-01
-3.026783466339111328e-01
-2.873193621635437012e-01
-2.974230647087097168e-01
-2.631674408912658691e-01
-2.626118063926696777e-01
-2.732408046722412109e-01
-2.630219459533691406e-01
-2.427875399589538574e-01
-2.503538727760314941e-01
-4.212236404418945312e-01
-2.114465832710266113e-01
-2.740264534950256348e-01
-2.568207979202270508e-01
-2.672880291938781738e-01
-2.678539156913757324e-01
-3.047711849212646484e-01
-2.739280462265014648e-01
-2.714071869850158691e-01
-2.620216608047485352e-01
-2.752178311347961426e-01
-2.513992786407470703e-01
-4.603156447410583496e-01
-2.658905982971191406e-01
-2.671716809272766113e-01
-2.516949772834777832e-01
-2.729552984237670898e-01
-2.533856034278869629e-01
-2.429535388946533203e-01
-2.479634284973144531e-01
-2.536020278930664062e-01
-2.856311798095703125e-01
-2.762953042984008789e-01
-2.762645483016967773e-01
1.127219915390014648e+00
-2.434002161026000977e-01
-2.815701961517333984e-01
-2.495353221893310547e-01
-2.673350572586059570e-01
-2.478516101837158203e-01
-2.382513880729675293e-01
-2.683750391006469727e-01
-2.434895038604736328e-01
-2.681552767753601074e-01
-2.273972630500793457e-01
-2.571220993995666504e-01
-3.244228363037109375e-01
-2.839607000350952148e-01
-2.632260322570800781e-01
-2.837417721748352051e-01
-2.572557330131530762e-01
-2.588573098182678223e-01
-2.275358438491821289e-01
-2.557967305183410645e-01
-2.364477515220642090e-01
-2.423117756843566895e-01
-2.569425702095031738e-01
-2.427875399589538574e-01
-3.732625842094421387e-01
-2.186064124107360840e-01
-2.817801833152770996e-01
-2.763757109642028809e-01
-2.584858536720275879e-01
-2.683806419372558594e-01
-2.723904848098754883e-01
-2.932364344596862793e-01
-2.947704195976257324e-01
-2.686213850975036621e-01
-2.821426391601562500e-01
-3.299694657325744629e-01
-2.835081219673156738e-01
-1.221635937690734863e-01
-2.820250988006591797e-01
-2.737835049629211426e-01
-2.466926574707031250e-01
-2.526935338973999023e-01
-2.722097039222717285e-01
-2.775163650512695312e-01
-2.729227542877197266e-01
-2.595844864845275879e-01
-2.476837038993835449e-01
-2.452635169029235840e-01
-3.124975562095642090e-01
-1.690087318420410156e-01
-2.731284499168395996e-01
-2.583093047142028809e-01
-2.521486878395080566e-01
-2.626124620437622070e-01
-2.419161796569824219e-01
-2.626121640205383301e-01
-2.419164180755615234e-01
-2.383006215095520020e-01
-2.492918968200683594e-01
-2.584055066108703613e-01
-2.937818765640258789e-01
-1.063770353794097900e-01
-2.981156706809997559e-01
-2.925792932510375977e-01
-2.632002830505371094e-01
-2.626121640205383301e-01
-2.711356878280639648e-01
-2.728232145309448242e-01
-2.576105594635009766e-01
-2.626180052757263184e-01
-2.313789129257202148e-01
-2.626121640205383301e-01
-4.327086210250854492e-01
-1.640470027923583984e-01
-2.762566208839416504e-01
-2.833269238471984863e-01
-2.657707333564758301e-01
-2.572339177131652832e-01
-2.469313144683837891e-01
-2.603825330734252930e-01
-2.719720005989074707e-01
-2.626121640205383301e-01
-2.574899792671203613e-01
-2.646523714065551758e-01
-3.551576137542724609e-01
-1.523365378379821777e-01
-3.084161281585693359e-01
-2.614717483520507812e-01
-2.666085362434387207e-01
-2.571774125099182129e-01
-2.564999461174011230e-01
-2.572525739669799805e-01
-2.424873709678649902e-01
-2.729498744010925293e-01
-2.576078772544860840e-01
-2.446123957633972168e-01
-2.143300771713256836e-01
-1.989276409149169922e-01
-2.980597019195556641e-01
-2.644969224929809570e-01
-2.819787859916687012e-01
-2.614690065383911133e-01
-2.803374528884887695e-01
-2.544554471969604492e-01
-2.506138086318969727e-01
-2.624379396438598633e-01
-2.563168406486511230e-01
-2.623583674430847168e-01
-1.567155718803405762e-01
-1.632670760154724121e-01
-2.933374047279357910e-01
-2.494956254959106445e-01
-2.770304679870605469e-01
-2.559741735458374023e-01
-2.719718813896179199e-01
-2.625278830528259277e-01
-2.719739079475402832e-01
-2.813721299171447754e-01
-2.583998441696166992e-01
-2.473418712615966797e-01
-3.277138471603393555e-01
-2.044037580490112305e-01
-2.985142469406127930e-01
-2.104653120040893555e-01
-2.706131935119628906e-01
-2.833585143089294434e-01
-2.450501322746276855e-01
-2.610303759574890137e-01
-2.547130584716796875e-01
-2.630653977394104004e-01
-2.569913268089294434e-01
-2.622828483581542969e-01
-4.123770594596862793e-01
-1.897994279861450195e-01
-3.463128209114074707e-01
-1.935158967971801758e-01
-2.626016139984130859e-01
-2.444591522216796875e-01
-2.656734585762023926e-01
-2.522424459457397461e-01
-2.624751925468444824e-01
-2.572485208511352539e-01
-2.695086598396301270e-01
-2.666045427322387695e-01
-2.927377223968505859e-01
-2.172480225563049316e-01
-3.425310850143432617e-01
-2.217802405357360840e-01
-2.656401395797729492e-01
-2.443419098854064941e-01
-2.506495714187622070e-01
-2.626121640205383301e-01
-2.463972568511962891e-01
-2.581211924552917480e-01
-2.547010183334350586e-01
-2.729553580284118652e-01
-5.649451613426208496e-01
-1.709171533584594727e-01
-3.368039131164550781e-01
-1.227659881114959717e-01
-2.590856552124023438e-01
-2.465369105339050293e-01
-2.418053746223449707e-01
-2.614241242408752441e-01
-2.390079498291015625e-01
-2.324721813201904297e-01
-2.421454191207885742e-01
-2.331500649452209473e-01
-3.838720917701721191e-01
-1.236481368541717529e-01
-2.940335869789123535e-01
-2.073152661323547363e-01
-2.719235420227050781e-01
-2.658046483993530273e-01
-2.314538359642028809e-01
-2.727116346359252930e-01
-2.408639192581176758e-01
-2.731518745422363281e-01
-2.399248480796813965e-01
-2.729328274726867676e-01
-2.601364850997924805e-01
-2.187221646308898926e-01
-3.513470292091369629e-01
-2.873194217681884766e-01
-2.823833823204040527e-01
-2.667687535285949707e-01
-2.571347355842590332e-01
-2.564767599105834961e-01
-2.904534339904785156e-01
-2.572574615478515625e-01
-5.018250346183776855e-01
-2.463073134422302246e-01
8.770045638084411621e-02
-2.863764762878417969e-01
-2.725014090538024902e-01
-2.718736529350280762e-01
-2.417243719100952148e-01
-2.562870383262634277e-01
-2.712661027908325195e-01
-2.570268511772155762e-01
-2.500730752944946289e-01
-2.818375229835510254e-01
-2.439795136451721191e-01
-2.689582705497741699e-01
-2.403919100761413574e-01
-2.530149817466735840e-01
-2.568004727363586426e-01
-2.421957850456237793e-01
-2.562457323074340820e-01
-2.719025611877441406e-01
-2.603216767311096191e-01
-2.764843106269836426e-01
-2.481631636619567871e-01
-2.805130481719970703e-01
-2.495578527450561523e-01
-2.719631195068359375e-01
-3.005253076553344727e-01
-2.456935644149780273e-01
-2.568027377128601074e-01
-2.782147526741027832e-01
-2.725568413734436035e-01
-2.553967237472534180e-01
-2.622694373130798340e-01
-2.537854313850402832e-01
-2.578774690628051758e-01
-2.872455120086669922e-01
-2.584604024887084961e-01
-2.746398448944091797e-01
-2.396136522293090820e-01
-2.609269022941589355e-01
-2.729554772377014160e-01
-2.597171664237976074e-01
-2.626122832298278809e-01
-2.716809511184692383e-01
-2.763916850090026855e-01
-2.573247551918029785e-01
-2.574698328971862793e-01
-2.562840580940246582e-01
-2.815302610397338867e-01
-2.757281661033630371e-01
-3.337182402610778809e-01
