-6.993184800064529416e-02
-1.398797505813589859e-01
-2.157349029349836522e-01
-2.972322570392326724e-01
-3.822218751900039457e-01
-4.631934068664889104e-01
-5.295690234249124106e-01
-5.723049950195713276e-01
-5.834905994665483542e-01
-5.476000830961709198e-01
-4.424288640537631379e-01
-2.740522151852322619e-01
-7.168039089483022042e-02
1.416930497315558868e-01
3.299077548775966595e-01
4.493045291135312480e-01
4.770036023227335886e-01
4.283939499969131037e-01
3.429991790030841869e-01
2.459173534367266045e-01
1.428446692260362805e-01
3.545163466308873246e-02
-7.011458257629214763e-02
-1.656010945946437274e-01
-2.513814086300819595e-01
-3.317056655917297037e-01
-3.996915623897258074e-01
-4.399938377144626545e-01
-4.321220762749887756e-01
-3.762582244288156796e-01
-2.980929989198621288e-01
-2.009936372069155430e-01
-7.863074750411881697e-02
6.602742102061394391e-02
2.172676255231742459e-01
3.386996731489942958e-01
4.083038476523076499e-01
4.260877017439262948e-01
4.044859705247015325e-01
3.571149806988109243e-01
2.927913010468930488e-01
2.243671421114794562e-01
1.640514864295470054e-01
1.192297138350294911e-01
8.694296799517810259e-02
5.601593981065342703e-02
2.213291721585239347e-02
-8.443396094680387376e-03
-2.813084905458059642e-02
-3.479023848737659158e-02
-3.316032517856160045e-02
-3.112808979127469622e-02
-3.333138986783262120e-02
-4.012697779582422020e-02
-5.257368805759583125e-02
-6.938444416582816021e-02
-8.360047846116949732e-02
-8.870239502078167138e-02
-7.712198435597056312e-02
-5.067504118296117105e-02
-2.778666185293470273e-02
-1.640961277906596849e-02
-1.260763061559175627e-02
-1.987234902051542712e-02
-3.822480608206861585e-02
-5.502410873157380367e-02
-5.778124744973139187e-02
-4.541621392324077938e-02
-3.349682815956476351e-02
-4.379847598269578923e-02
-8.117674170908510678e-02
-1.328575183661114545e-01
-1.785233954082358632e-01
-2.008640391291661997e-01
-1.892734549580948333e-01
-1.429304617809342148e-01
-7.189375469905423532e-02
2.539594672682280938e-02
1.312379399195232610e-01
1.913007610782915258e-01
1.828013858752004783e-01
1.268052325881750542e-01
4.935691819171290906e-02
-3.490250898265467860e-02
-1.204362402069397986e-01
-1.950001867324356875e-01
-2.358007728645489520e-01
-2.177170470418892390e-01
-1.519630048501968422e-01
-9.707819876922522961e-02
-8.367962954675373100e-02
-9.348649313551829487e-02
-9.180039856509125684e-02
-6.054705347937835991e-02
-1.152271389264282464e-02
6.141833233451494956e-02
1.856469466606437968e-01
3.432343337394280214e-01
4.710304742291389624e-01
5.407880160556053362e-01
5.622012158171735274e-01
5.443170866441849887e-01
4.960922958922054926e-01
4.246533322474537187e-01
3.320668926604189441e-01
2.204681006116495368e-01
9.569808128099679956e-02
-3.742099446486885778e-02
-1.759832382971079079e-01
-3.152803135849390759e-01
-4.485042775341216981e-01
-5.677314776374655647e-01
-6.634683670173144865e-01
-7.225872565308536499e-01
-7.318307555471692538e-01
-6.778864884540489744e-01
-5.411895969541609119e-01
-3.091845628596310291e-01
-3.799206586092888915e-02
1.715876446037258585e-01
2.913286194863731748e-01
3.486702713894583305e-01
3.600007085020545672e-01
3.333826069913767287e-01
2.859365626567813012e-01
2.432079826282037838e-01
2.149607484799734569e-01
1.982173037947567440e-01
1.840277617265804744e-01
1.574468963327460003e-01
1.222090575571648796e-01
9.174593515006462807e-02
6.622904891635988944e-02
3.992718918974378500e-02
1.144440496641983308e-02
-1.558211179835648774e-02
-3.664216399622967357e-02
-4.800196130866775379e-02
-4.976445677283576619e-02
-4.627478617481377288e-02
-3.967084818856425610e-02
-2.699365170140225617e-02
-7.318109879975248644e-03
1.497923189291804069e-02
3.536495852167668291e-02
5.362173262168595800e-02
7.178882303393950559e-02
8.989835198271690919e-02
1.079016149822003418e-01
1.249609520144212699e-01
1.370716756712790085e-01
1.418848499804626073e-01
1.395778071547160715e-01
1.296913260385213207e-01
1.104188037503733982e-01
7.998663617879119003e-02
3.645183388358756715e-02
-2.520294737539258145e-02
-1.085679042251580517e-01
-2.121416517997944673e-01
-3.313940874627246402e-01
-4.572682043977021604e-01
-5.739513776868029327e-01
-6.570842388368290932e-01
-6.779440684354902658e-01
-6.286477304213751172e-01
-5.173946056899361157e-01
-3.658429210093969708e-01
-2.084993972486006431e-01
-3.852789608572775720e-02
1.714874998345492507e-01
3.866524163515313028e-01
5.387289489795114017e-01
6.061190777326594947e-01
5.947773015779089789e-01
5.154548060806155574e-01
3.870478781848267213e-01
2.292642745530106552e-01
6.708095169892039356e-02
-7.774059607636103764e-02
-1.882778257498635976e-01
-2.419028638062274972e-01
-2.094535562786100091e-01
-1.114883407912707902e-01
-2.144280326487852523e-02
3.293362405251129554e-02
7.428291762641267559e-02
1.206762773222869456e-01
1.794602591423348492e-01
2.365176891381592372e-01
2.586978487347826872e-01
2.360350542002074004e-01
1.858700485711532735e-01
1.259933887646891570e-01
6.533254443372948916e-02
5.710340881112494979e-03
-4.833046095848370083e-02
-8.844682195737946229e-02
-1.094189764295039613e-01
-1.120549273984651484e-01
-1.012969363941125800e-01
-8.224164687080104397e-02
-5.867492695062419966e-02
-3.479577364971211256e-02
-1.414461570106957666e-02
2.823123991321906806e-03
1.614565018952515002e-02
2.340288168580589162e-02
2.234167987865752839e-02
1.268823833571646083e-02
-2.762647079845519105e-03
-2.023102706943843976e-02
-3.651429598423958089e-02
-4.759985189348553414e-02
-5.311513375625263184e-02
-5.881116092467401912e-02
-6.651249383743126908e-02
-7.021239839348453193e-02
-6.792782851321599313e-02
-6.292544835631237732e-02
-5.618374924307851376e-02
-4.879240381007586558e-02
-4.318264118530049794e-02
-3.708969464948753264e-02
-2.452235901108165347e-02
-5.670788150992060392e-03
1.144910699426026496e-02
2.275520188899431834e-02
3.085897805042128392e-02
3.461174987503604084e-02
3.083560370987622687e-02
2.274222051480917842e-02
1.807303438253310413e-02
2.156160296552609920e-02
3.436950750457302972e-02
5.546347424213478317e-02
7.165017705936520265e-02
6.464055737660910628e-02
3.414260585119277547e-02
-7.387187262450443243e-03
-4.922489805440395660e-02
-8.573078838299121041e-02
-1.175796668514152016e-01
-1.458876498326630577e-01
-1.685134312116483846e-01
-1.782094400405535295e-01
-1.660967044766837597e-01
-1.265412594714949712e-01
-5.457744159287140906e-02
3.263383525465964052e-02
9.827495265761440613e-02
1.292703053000421320e-01
1.348698165962623763e-01
1.275256425097074375e-01
1.193256012781294395e-01
1.148374901401327391e-01
1.120011704872088953e-01
1.122209893808980841e-01
1.218079436814582389e-01
1.374435498355302820e-01
1.451377118877853756e-01
1.394961694892431214e-01
1.260596470350325293e-01
1.111408433190478606e-01
9.763086453023434030e-02
8.245256369744805025e-02
6.060297955237223255e-02
3.003795032653224992e-02
-8.815305042426831855e-03
-5.392114733217366618e-02
-1.020278523512765656e-01
-1.468301548261466416e-01
-1.807763280065689537e-01
-2.037898355377257831e-01
-2.202647215181901541e-01
-2.297601396014492536e-01
-2.296689371061556018e-01
-2.194958724483282164e-01
-1.978432894776619433e-01
-1.687560455550476124e-01
-1.412908511542462497e-01
-1.138938399375874072e-01
-8.149141579480712050e-02
-3.845676670995397395e-02
2.956469304828718628e-02
1.156663954694541335e-01
1.850944588198010776e-01
2.204056878491252869e-01
2.270879715700842849e-01
2.117852660609670090e-01
1.811895627794605779e-01
1.443240474948690455e-01
1.077174548355569472e-01
7.335791861412854775e-02
4.267366182019254744e-02
1.735079705834330702e-02
-1.604618495264771398e-03
-1.359712471037680462e-02
-2.145205648749244284e-02
-3.008440953459994710e-02
-3.986832025022239018e-02
-4.991615638157375495e-02
-5.920818057945270718e-02
-6.245772844426710629e-02
-5.459012038073711437e-02
-3.687481261539041905e-02
-1.430174482215680089e-02
8.661148071258235881e-03
3.030713837606765354e-02
5.173655517199802351e-02
7.128346815043500040e-02
8.325575464184842289e-02
8.427476633967651010e-02
7.648413950832867736e-02
6.429709111842356328e-02
5.152916771087637238e-02
3.948316684686208750e-02
2.749539257072699389e-02
1.398217632798773660e-02
-2.833538159844594187e-03
-2.373704467170376781e-02
-4.909604523132601178e-02
-7.858916048785627440e-02
-1.099553369302373323e-01
-1.380651793334330413e-01
-1.580029520188772074e-01
-1.657595857101628878e-01
-1.573463215671188353e-01
-1.308661007167039869e-01
-9.437292082746885635e-02
-6.262716119070289855e-02
-3.607747489736534696e-02
-5.368233376987021493e-03
2.803419495691717236e-02
5.755013298590706816e-02
8.186157989719766714e-02
9.678785679268758768e-02
9.475941417665507960e-02
7.513964083753152390e-02
4.758859068179560614e-02
2.343905797669569580e-02
7.355597232111991263e-03
-1.734730614311621837e-03
-6.949673315111410017e-03
-5.101742813247591921e-03
1.118819091145408472e-02
3.720194504048201373e-02
6.011853571343787894e-02
7.409204280450751301e-02
7.754362448846120748e-02
7.141002786624517373e-02
6.160633297437809186e-02
5.273445092935515055e-02
4.647297988648249611e-02
4.339675037494297033e-02
4.045218360395769208e-02
3.454568121454812402e-02
2.115983145842645352e-02
-1.506400895874635514e-03
-2.512804059634683729e-02
-4.277145660514823644e-02
-5.454480948760050130e-02
-6.166063255225575496e-02
-6.360839352099209587e-02
-5.913208698999056212e-02
-4.834273192344178127e-02
-3.317083740587900564e-02
-1.703264112178203699e-02
-3.282935863324088280e-03
7.206145454810330628e-03
1.344625383224948983e-02
1.233545428916069976e-02
1.028763715717163733e-03
-2.257989367431126673e-02
-5.701864406038867350e-02
-9.345818478917645999e-02
-1.219752986476897449e-01
-1.376293754863670005e-01
-1.360398758853680612e-01
-1.149565305116292679e-01
-7.640257143218584512e-02
-1.944106945520888974e-02
4.618456874118795352e-02
9.580406685454034843e-02
1.197932241073877552e-01
1.248536458749107958e-01
1.197906187591444849e-01
1.118930888094742671e-01
1.022325989664231993e-01
8.810161114990430753e-02
6.749558948914981260e-02
4.359496506511524594e-02
1.998157209017561997e-02
-2.560640942733862207e-03
-1.976956180210875935e-02
-2.851729216711139728e-02
-3.138490190405301972e-02
-3.316309379444764421e-02
-3.804048815822591578e-02
-4.619458118757294174e-02
-5.504576632582867252e-02
-6.148220572042144283e-02
-6.137707841779274642e-02
-5.192613758060939805e-02
-3.429971404239736538e-02
-1.309875741707206172e-02
8.258003558363154195e-03
2.988386649508730994e-02
5.168971318526009023e-02
6.872667578717699122e-02
7.401840396809239442e-02
6.847619450347672276e-02
5.940862000902524809e-02
5.030413680005527827e-02
4.207167607135355730e-02
3.561072078007605779e-02
2.868683520925761551e-02
1.898882667389605039e-02
8.003922016972028070e-03
-7.995505790453685119e-04
-6.666786591855407632e-03
-1.215082292914703745e-02
-1.954401536508061296e-02
-2.891633135057317117e-02
-3.790469020258639687e-02
-4.618503538480501353e-02
-5.592272888048873541e-02
-6.583694448309808378e-02
-7.150723227995268994e-02
-7.116169704102173754e-02
-6.535775678731442495e-02
-5.152131099871980896e-02
-2.835604130744839857e-02
-1.158549059011628520e-03
2.594661200248691776e-02
5.240435735280590118e-02
7.525263020740845243e-02
8.968164416294793773e-02
9.383174916461983761e-02
9.011979642199063889e-02
8.037824583785727062e-02
6.282708273590595360e-02
3.736704551734810337e-02
9.185811260837201120e-03
-1.824737514711715844e-02
-4.609571413489013669e-02
-7.664918372163842530e-02
-1.110764786879671895e-01
-1.459718432127560250e-01
-1.736747961374157379e-01
-1.860398530939689765e-01
-1.773234279832081872e-01
-1.423803063161474258e-01
-8.739128990600511515e-02
-3.040049192498684577e-02
2.092600147887098416e-02
6.654044282042996528e-02
1.054121787235211966e-01
1.369159133924856553e-01
1.605181104672798731e-01
1.720718992430261829e-01
1.617691876849786103e-01
1.267495862867693557e-01
7.491649131108704673e-02
1.432043488844408907e-02
-4.755753983568932614e-02
-9.909925323081980597e-02
-1.292733324165582509e-01
-1.308853614971323687e-01
-1.027741520823362009e-01
-5.304978714076542118e-02
5.962661218991053766e-03
6.371038755635877182e-02
1.132112385687624179e-01
1.503787434058115879e-01
1.747789965473640350e-01
1.868761121849117357e-01
1.852441617841721344e-01
1.702513662041532094e-01
1.473689453269387273e-01
1.256800894579093164e-01
1.086781996991161986e-01
9.254317864530699211e-02
7.263307894602810677e-02
4.504586622564132892e-02
8.628246985536072028e-03
-3.496705376997485959e-02
-8.495527380738718271e-02
-1.422151691304306964e-01
-2.054776782825887826e-01
-2.698267165186553074e-01
-3.288563629372039387e-01
-3.770466323750260029e-01
-4.104543906698368549e-01
-4.236297389870676278e-01
-4.094237914536063005e-01
-3.586950518652936015e-01
-2.573424708716827713e-01
-8.910370921806028133e-02
1.135008280554753446e-01
2.718034667618715039e-01
3.531929275313290262e-01
3.701352309946220887e-01
3.379483621212922007e-01
2.719727759455207727e-01
1.870031268375322298e-01
1.003591248485337650e-01
3.059629365683234903e-02
-6.399832486493240921e-03
-4.175187638340105076e-03
3.689805420790635837e-02
9.761160034307832245e-02
1.404771695129143350e-01
1.531590056550518053e-01
1.464644139299778602e-01
1.267087267099819559e-01
9.633187750423993778e-02
5.692986539884292013e-02
1.160003875931811188e-02
-3.460329369953173140e-02
-7.682447644613976667e-02
-1.093237326387261898e-01
-1.263048767533760663e-01
-1.273097501132072762e-01
-1.159953796520315772e-01
-9.666992538794913492e-02
-7.362869135775314267e-02
-5.318427213061344833e-02
-4.230580932303892178e-02
-4.126202863211912708e-02
-4.567204143601431843e-02
-5.332148651897852809e-02
-6.190904615106836151e-02
-6.207447383715180428e-02
-4.030856161057930209e-02
-2.345724082819473054e-03
2.846530669782167122e-02
4.434467069557865293e-02
5.375904731498947625e-02
6.258559023058804516e-02
7.153287094437366100e-02
7.998591098978666269e-02
8.635837764228401769e-02
8.700104084730719833e-02
7.889899476694224589e-02
6.347300080459696014e-02
4.443106409601092766e-02
2.372143512251315145e-02
1.277190930125875288e-03
-2.174150454261316451e-02
-4.366274303125265016e-02
-6.455073369127381500e-02
-8.273372566551621954e-02
-9.592791899785033105e-02
-1.053575951078824652e-01
-1.120982178506655658e-01
-1.105822225391661778e-01
-9.531625771084993592e-02
-6.881003440522467929e-02
-3.503550477469001556e-02
1.676289551455139876e-03
3.628411243768914218e-02
6.714338632743674373e-02
9.093143221218780159e-02
1.038965107357665424e-01
1.095758491427989423e-01
1.112895237406089921e-01
1.058736307334060406e-01
9.199918715942038971e-02
7.343352753219900553e-02
5.096321770370336457e-02
2.252978604371951715e-02
-8.611065221911226586e-03
-3.555796622024758047e-02
-5.310497822115877592e-02
-6.057477811119228034e-02
-5.976472547248385531e-02
-5.275189922323263170e-02
-4.367669493116853319e-02
-3.763307507091816217e-02
-3.803141176853196831e-02
-4.339787706801390837e-02
-5.013365746453451316e-02
-5.679670235032870107e-02
-6.027618111644226367e-02
-5.681069223542640351e-02
-4.534897487556183160e-02
-2.636269010674482244e-02
-3.424676151591533792e-03
1.857777288729133003e-02
3.668649339718534769e-02
4.965828763137601631e-02
5.896306162740493073e-02
6.684339256057809930e-02
7.304375006078030197e-02
7.537987063508928831e-02
7.287697322948466505e-02
6.788292084938882254e-02
6.232180196268244377e-02
5.212049684393964266e-02
3.348513262094466453e-02
8.656332881371821969e-03
-2.106449599247427196e-02
-5.483693321307786528e-02
-8.705956284019628066e-02
-1.108139682397104864e-01
-1.231845869560633522e-01
-1.235500065050988694e-01
-1.095950295284323500e-01
-8.025654508182815394e-02
-4.048094967083484819e-02
2.331391509037860407e-03
4.329890464888668661e-02
8.047131307024513180e-02
1.126974794323700596e-01
1.352798084174004489e-01
1.429971966089951529e-01
1.345734540084556896e-01
1.115141984059735136e-01
7.735952674607478319e-02
3.584061270403299942e-02
-8.029315870883362363e-03
-4.774054438418482565e-02
-8.013523348577332450e-02
-1.037462336891861736e-01
-1.167953337266276204e-01
-1.185174988764370052e-01
-1.079258678503661611e-01
-8.492537763658936090e-02
-5.456535867467527529e-02
-2.543734584335662421e-02
-3.439028596991046665e-03
9.129203880152715264e-03
1.223832606972678240e-02
9.184743895575791031e-03
5.550524673150563325e-03
4.649296996555064843e-03
6.978409344101194241e-03
1.204824475275304181e-02
1.736467084487033213e-02
2.133421805104884772e-02
2.675599249407633815e-02
3.735657014908433382e-02
5.228513847747710830e-02
6.636782658196890838e-02
7.583402338236348850e-02
7.870521793329790516e-02
7.299030924906524387e-02
5.905264344359246326e-02
3.964804363837652612e-02
1.793780443256496465e-02
-3.721533963239714079e-03
-2.456432901422201526e-02
-4.204006073661955417e-02
-5.134421945722846686e-02
-5.249505948308635234e-02
-5.306208514729855719e-02
-5.645262566001155863e-02
-5.719628732260871595e-02
-5.377945143156992458e-02
-4.980376912143273660e-02
-4.696672504287686262e-02
-4.323109911042541387e-02
-3.532011807462354797e-02
-2.184044135590564387e-02
-4.035866234142555971e-03
1.295676843167818323e-02
2.579025303613399073e-02
3.641011967646977376e-02
4.693877729488411810e-02
5.888361090124711456e-02
7.013285119727971639e-02
7.401192483572363590e-02
6.984492701074020149e-02
6.175635967527866310e-02
4.710241527739945921e-02
2.263137080671363127e-02
-6.989141050885466777e-03
-3.559841695243154414e-02
-5.913777856023876012e-02
-7.145863837237377558e-02
-6.580386645647522126e-02
-4.434572404575828908e-02
-1.626758606228811618e-02
1.131798298446914063e-02
3.302112037157853286e-02
4.493679571198144762e-02
4.424832465949025961e-02
3.263276151773729372e-02
1.936159835865912740e-02
8.276092291840691020e-03
-6.494297874424699753e-03
-2.771547446249877922e-02
-5.023293432722304719e-02
-6.640394835289446795e-02
-7.367153596524567138e-02
-7.548209876857762957e-02
-7.539857685327261416e-02
-7.409793724242980106e-02
-6.962927122497863941e-02
-5.826477611768498405e-02
-4.029646134286141851e-02
-2.202779266943962269e-02
-6.361736879379832621e-03
9.644038089972559527e-03
3.046653338157951849e-02
5.631235977510089252e-02
8.109230592443304741e-02
9.998953713978644964e-02
1.169304868844530387e-01
1.324165095147931126e-01
1.342727475912345314e-01
1.175325026664654077e-01
8.654157267407999732e-02
4.458500782814099617e-02
-4.476681426641147474e-03
-5.322636295535038142e-02
-9.160618041891031849e-02
-1.152465237361814804e-01
-1.243576333613319318e-01
-1.189178012171237114e-01
-9.972589900398409757e-02
-6.944173487250407395e-02
-3.064696247647420713e-02
1.477953147244957105e-02
6.152231390775419334e-02
1.008679291082460322e-01
1.238998635730347159e-01
1.267771650117450744e-01
1.133753020965050096e-01
8.967274737210680080e-02
6.049906993400911565e-02
3.081490726410564263e-02
6.094297520069783501e-03
-1.111850909769488381e-02
-2.460271808589518938e-02
-3.442633392451271979e-02
-3.662797131308562215e-02
-3.440064860211104053e-02
-3.357941165781242604e-02
-3.999964475402299074e-02
-5.632291474395900027e-02
-7.919274890212585349e-02
-1.048905431712133657e-01
-1.293938318372720442e-01
-1.459683600333624154e-01
-1.458797933115045520e-01
-1.217897523614992067e-01
-7.062057545085026478e-02
-4.121622375811316227e-03
5.448861430930752175e-02
9.505759353653525645e-02
1.205853729807625646e-01
1.354973928524101645e-01
1.426081186951970170e-01
1.410951226929475499e-01
1.291483995918030203e-01
1.064176457364183065e-01
7.382042344431087588e-02
3.335123773909702549e-02
-1.196632801078021009e-02
-5.918671500101347488e-02
-1.045568456846604072e-01
-1.427321325201908464e-01
-1.689569665231624718e-01
-1.782227031058611910e-01
-1.620054216574940698e-01
-1.246242586706570177e-01
-8.612687398766716296e-02
-5.305144933077043240e-02
-1.733843740095843827e-02
2.772492713223635025e-02
8.556885312668521815e-02
1.461359814771902854e-01
1.876234618344301275e-01
2.024163969953035047e-01
1.940921779578238249e-01
1.645672313297102118e-01
1.190942367814977476e-01
6.980026268741558459e-02
2.882537987625982678e-02
-1.440719364643235773e-03
-2.216769304688722547e-02
-3.227532277085544410e-02
-2.840492483556444903e-02
-1.284602285620350948e-02
3.204232496909931172e-03
1.339613007074557174e-02
1.770032069901021285e-02
1.600500395875406601e-02
7.836332960119624103e-03
-8.615603881395691999e-03
-3.290319492771558163e-02
-6.154503438977571711e-02
-9.176355534204620745e-02
-1.200217078859177888e-01
-1.451201510988588683e-01
-1.697027614961218178e-01
-1.944989032577491561e-01
-2.162434148830871261e-01
-2.285538465399525043e-01
-2.241377858832165060e-01
-1.954336974551407480e-01
-1.336844602405294347e-01
-2.879771047859886607e-02
1.014404055139347671e-01
2.115437264880503654e-01
2.805413701871116716e-01
3.118335782580651805e-01
3.110300429396483102e-01
2.835637773508082327e-01
2.371707595168805749e-01
1.826123265907343973e-01
1.262824989910870110e-01
7.195091988296356544e-02
2.549691945299321222e-02
-9.118101476975684627e-03
-3.312072059463386231e-02
-5.065352256400791620e-02
-6.613675899522883372e-02
-8.105368951304997571e-02
-9.306958106696719413e-02
-9.870564332987880052e-02
-9.468528368267722928e-02
-7.963161042168372117e-02
-5.685912075590107695e-02
-3.264898897800673494e-02
-1.150127815182409169e-02
4.735725212092574063e-03
1.282445034326051836e-02
9.094299010523535301e-03
-7.463772636500391050e-03
-3.463015303844399484e-02
-6.603736900085499517e-02
-9.467054437755911822e-02
-1.140619231962461261e-01
-1.180599441727418347e-01
-1.038216179562748004e-01
-7.003513089560549354e-02
-2.490355931011569227e-02
1.394690118567686044e-02
3.952127333617830307e-02
5.454111102071821510e-02
6.295605287795966176e-02
6.954560279342340834e-02
7.654495434431696221e-02
8.082055881185719326e-02
7.967861666632089501e-02
7.777710652047248319e-02
7.501728481302082086e-02
6.417906503589798639e-02
4.582169818146695356e-02
2.461644441478228265e-02
2.494094006845688164e-03
-1.658858194902057548e-02
-2.914430866518850222e-02
-3.666118283209304773e-02
-4.003208737299086828e-02
-3.633230007425020114e-02
-2.379847370190544403e-02
-6.166099719172484991e-03
7.867110871287731275e-03
1.269244388430865352e-02
1.262754565896908807e-02
1.361622672939735712e-02
1.274414400926126081e-02
5.368126642335729719e-03
-6.451791716710763777e-03
-1.751841297490261060e-02
-2.680779524435110417e-02
-3.484822831405129384e-02
-3.774897119142673479e-02
-3.317466557314439901e-02
-2.313687253026689913e-02
-1.296261656963366635e-02
-7.100619670439202273e-03
-4.368043985662420012e-03
-3.976418161571286525e-03
-6.222155950145122350e-03
-9.547483442640981866e-03
-1.442703247929884823e-02
-2.221581229351340947e-02
-2.923794758103788125e-02
-3.107103951388483221e-02
-2.933365574726058689e-02
-2.523653730485832247e-02
-1.603619928409371134e-02
-1.408138644474825688e-03
1.590110461972036801e-02
3.220522777947569526e-02
4.365965526160928145e-02
5.014765620361946036e-02
5.469303196182078580e-02
5.907349795873566983e-02
6.266615512981998926e-02
6.336290777962803877e-02
5.922475113864578145e-02
4.891221661520702563e-02
3.537528722217560262e-02
2.644544955512327308e-02
2.663678054782252919e-02
3.389662488158612375e-02
4.302303030979580389e-02
4.924322615204967946e-02
5.040474174461791190e-02
4.519940572595640416e-02
3.292749265565521333e-02
1.645060674898724679e-02
-2.385271953367816555e-03
-2.490364222267457683e-02
-5.095858588807251899e-02
-7.701848437585259721e-02
-9.897104616142707312e-02
-1.150577923496363120e-01
-1.238341471862030307e-01
-1.251319709929099855e-01
-1.204325002705316922e-01
-1.101884749297830507e-01
-9.421905844820739617e-02
-7.400838643310768405e-02
-5.213345908896227510e-02
-3.220921386368326422e-02
-1.785620093214226184e-02
-7.929991299194203216e-03
1.869563051994441172e-03
1.379967062097102459e-02
2.797112224052359861e-02
4.636913313032954564e-02
6.932345782674084744e-02
8.794549057907953549e-02
9.310617068923290884e-02
8.511727452827029528e-02
6.663172027771865902e-02
4.104783821256800108e-02
1.688005930237881230e-02
4.896739505820561431e-04
-8.520871684958030573e-03
-1.231671637086477998e-02
-1.361491534900921042e-02
-1.271268709879354135e-02
-7.570243453992153704e-03
1.094682941918477060e-03
1.082923102259413829e-02
2.058556461732818227e-02
3.206620689376166178e-02
4.584164073789753074e-02
5.951229312418051393e-02
7.007196096891908643e-02
7.383386993338834914e-02
6.768118641536699509e-02
5.301802749619068805e-02
3.555583614798349390e-02
1.873002612333495714e-02
2.602936463536226902e-03
-1.029033491023487353e-02
-1.734573984619536269e-02
-2.135591175752400706e-02
-2.715088152502569824e-02
-3.630785031261692802e-02
-4.725799432599851052e-02
-5.896378542474169093e-02
-7.034895457203467484e-02
-7.812358189515349050e-02
-7.910147044100920843e-02
-7.405411207117094941e-02
-6.782891603278083659e-02
-6.344633052564345455e-02
-5.600452273801826558e-02
-3.805978640294389176e-02
-9.950153151763826975e-03
1.746050222699794055e-02
3.389980913603524854e-02
4.069511752495601903e-02
4.122376151501639524e-02
3.387930486918765832e-02
2.000111859302666079e-02
5.660053999966626823e-03
-5.873590164656959656e-03
-1.239029602601165146e-02
-9.127619307161593046e-03
6.958178555476769375e-03
2.988123878131545424e-02
4.815192079692438148e-02
6.135665652621481031e-02
7.605716397010406360e-02
9.330934813122714055e-02
1.033441193147033726e-01
9.122558740489961071e-02
6.015458999928063183e-02
2.521852361875523418e-02
-6.242071786686165941e-03
-3.410582781712979961e-02
-6.500313233214606579e-02
-1.022927546435846574e-01
-1.381986100168222098e-01
-1.616424733649055312e-01
-1.632092238388353211e-01
-1.377504298497215784e-01
-8.740218981729863668e-02
-2.544425038586894602e-02
2.694890971368935420e-02
5.948708625590915650e-02
7.431816083383567528e-02
7.480586604971894982e-02
6.563948228293974008e-02
5.307015439979725913e-02
4.183521278513979008e-02
3.381308569064683106e-02
2.826069842297410442e-02
2.278053908913505246e-02
1.801830375421244537e-02
1.607248477682087645e-02
1.592039979741176337e-02
1.679201676124321765e-02
1.984637844988441924e-02
2.345120957809726861e-02
2.300090523830501665e-02
1.674936242093478383e-02
7.527029712826877571e-03
-9.828944907497093146e-04
-7.993055405527346724e-03
-1.444744087226450605e-02
-1.934800777271571126e-02
-2.111761440048615796e-02
-2.013076831263650029e-02
-1.789324655018667554e-02
-1.416120188942968441e-02
-7.415818193810038567e-03
1.556100856529567256e-03
9.770237584731302632e-03
1.317349890097046020e-02
8.226937923115648296e-03
-2.410967655129051240e-03
-1.120512645133271354e-02
-1.384892689864845872e-02
-9.663398972014973845e-03
-1.398706550300168709e-03
7.554869295238774915e-03
1.605624455675253720e-02
2.188087760277429225e-02
2.294431745849379034e-02
2.113786142812386012e-02
1.921386025657106575e-02
1.476895278533498293e-02
4.121513455083413054e-03
-1.205705895304369328e-02
-3.045681499879105206e-02
-4.866060200431230470e-02
-6.639658204098886074e-02
-8.080709781671904790e-02
-8.591436789119426265e-02
-7.891722578687038192e-02
-6.170348561978385854e-02
-3.638410324653187922e-02
-4.271424610293212028e-03
2.695060429781976144e-02
4.783588065978126164e-02
5.880446291002303788e-02
6.360843458280364404e-02
5.925358056613345276e-02
4.269180811207501369e-02
1.958254902478202136e-02
-1.164189914214946303e-03
-1.585167709564882371e-02
-2.368582372322174806e-02
-2.371941440151998509e-02
-1.810617488835390004e-02
-8.338393278035576700e-03
6.381421305567940711e-03
2.538697781743959672e-02
4.678937732167195995e-02
6.608321794725158238e-02
8.128502831031277076e-02
9.428324578509528209e-02
1.023180159883624318e-01
1.007533195773679113e-01
8.766160847962188585e-02
6.500720719908775758e-02
3.961590799607173086e-02
1.577103551125195319e-02
-6.565213321195128085e-03
-2.812104340980517772e-02
-4.786002582585080489e-02
-6.311700250683885405e-02
-7.550414425297549692e-02
-8.815829324617209528e-02
-1.022887845125271811e-01
-1.183100158152930320e-01
-1.326891733137961216e-01
-1.391558827345455995e-01
-1.349325267649016391e-01
-1.206832714831153064e-01
-9.209762222904024909e-02
-5.156535492223911221e-02
-1.512248208282966633e-02
1.142850534868150754e-02
3.269395838071491311e-02
5.083881129776501862e-02
6.633140499237080712e-02
7.726351909667243667e-02
8.124683949919214720e-02
8.156425297241659544e-02
8.647834401090551126e-02
9.552543646524851162e-02
9.726521790880349183e-02
8.551392827350895454e-02
6.358416019833060262e-02
3.523381257668478650e-02
3.241602411987655474e-03
-2.432252807296134134e-02
-3.676362513577412228e-02
-3.501241849644477766e-02
-3.022697614692339968e-02
-2.754873916961522035e-02
-2.408876381131733191e-02
-1.592261889895292895e-02
-3.526888216374566426e-03
8.991508194486484695e-03
1.772130775471257233e-02
2.044969075343906414e-02
1.707223232393390022e-02
6.573474434739413896e-03
-1.161244214030809387e-02
-3.683574379365611717e-02
-6.718567163036413825e-02
-9.679998092636186990e-02
-1.197698265955783603e-01
-1.318240447089945033e-01
-1.265037700445879321e-01
-9.695258295028004458e-02
-4.098814589783138229e-02
2.738997836619702642e-02
8.227360388951911185e-02
1.148213664913995541e-01
1.334330493915709959e-01
1.381206073879456264e-01
1.260245370694496048e-01
1.086253918096402732e-01
9.581115261915662540e-02
8.503328869364920606e-02
6.987311736943119245e-02
4.905701785366745060e-02
2.662410801668729787e-02
2.363581652322138162e-03
-2.382347437203073334e-02
-4.732765347430907543e-02
-6.454943696570708545e-02
-7.456909815251780427e-02
-7.526929514469463123e-02
-6.541449845360754189e-02
-4.971272746017223881e-02
-3.450941814443377054e-02
-2.456471640735265541e-02
-2.162225761094772186e-02
-2.269013353994614457e-02
-2.356255579217027621e-02
-2.000135709328990791e-02
-8.501963697088714411e-03
8.524624710087878865e-03
2.230632779587471415e-02
2.782486834239118398e-02
2.833428480839562252e-02
2.650457115544848502e-02
2.313255838208097895e-02
2.071921203965296915e-02
1.942239446246077708e-02
1.598517648373715128e-02
8.728058621520399726e-03
-1.005604944789377161e-03
-1.197556809104823386e-02
-2.457478043760005434e-02
-4.066386547463329143e-02
-5.972698789768525474e-02
-7.521298564707785961e-02
-8.001568366057425219e-02
-7.390929335449675230e-02
-6.193815547391758741e-02
-4.768374256446155507e-02
-3.064374429109701162e-02
-1.114149254369332584e-02
8.597254363010306197e-03
2.921654284553054648e-02
5.292659338384662904e-02
7.857616870725324387e-02
1.009246307328028891e-01
1.160189985175913985e-01
1.232016097787595327e-01
1.232532736892247294e-01
1.166144061788647740e-01
1.040817181944784925e-01
8.677965116976929516e-02
6.377424273614611117e-02
3.617446695091332265e-02
6.875053495878509155e-03
-2.483733924732980589e-02
-5.857653437301307831e-02
-8.947096009634647462e-02
-1.123988484329851156e-01
-1.277425167178755372e-01
-1.402434350170961019e-01
-1.497499271725913628e-01
-1.544232948998116584e-01
-1.541786966797930591e-01
-1.493083073611801148e-01
-1.413355133377639516e-01
-1.273744798992131888e-01
-1.007641776070202916e-01
-5.536375850832261913e-02
1.511939908618079725e-02
1.035758889347704881e-01
1.900480779957314237e-01
2.589824518645501006e-01
2.974455201617866029e-01
3.028643486757374159e-01
2.842817267793033009e-01
2.507295076778992549e-01
2.085695798843744675e-01
1.598471193819759606e-01
1.050208547233817541e-01
4.378444044726295670e-02
-2.393925372866632581e-02
-9.655188280951335078e-02
-1.726467560813862434e-01
-2.507132794837282352e-01
-3.246364482702787657e-01
-3.835348961964992198e-01
-4.168212739289993696e-01
-4.142509496890032228e-01
-3.645878333102602897e-01
-2.552473481613173334e-01
-7.105737798407310568e-02
1.531312701688557210e-01
3.296783723239776753e-01
4.218548111301895776e-01
4.468109133318612369e-01
4.211298174561863283e-01
3.555921868754073345e-01
2.577477481456239006e-01
1.372019870601797753e-01
4.605318272902683696e-03
-1.266457053211736405e-01
-2.411915335693584628e-01
-3.305363707343265678e-01
-3.924704409748909772e-01
-4.239262505851754126e-01
-4.195233236435492175e-01
-3.735780383508296998e-01
-2.758843423209829115e-01
-1.116187796122688758e-01
8.721237339668123922e-02
2.434419265007577438e-01
3.270743857426808843e-01
3.554531520047983228e-01
3.452331363195181857e-01
3.095893826816011885e-01
2.616584241316928794e-01
2.120214016650776023e-01
1.644696372011900665e-01
1.180237305274113024e-01
7.228090980738199889e-02
2.963615996912228462e-02
-8.634906660225205588e-03
-4.127511778832113065e-02
-6.615825173648523516e-02
-8.322706736835229491e-02
-9.455719489031474967e-02
-1.019107095842041177e-01
-1.046970646377952396e-01
-1.028974494545281254e-01
-9.870680460104126752e-02
-9.327831755779557310e-02
-8.558234539191242329e-02
-7.365641490862023799e-02
-5.453548290907926643e-02
-2.852147173173021771e-02
5.856601431413529374e-05
2.711910027161391554e-02
5.171932926282715032e-02
7.349614004052748562e-02
8.656717969672478308e-02
8.603284037440162013e-02
7.377905859035682745e-02
5.451557538768872502e-02
3.076978882733674356e-02
3.359154149914536126e-03
-2.574344141714429712e-02
-5.210237012384058564e-02
-6.874959784476053493e-02
-7.166922694909483305e-02
-6.284695426559605558e-02
-4.822008223846722952e-02
-3.379394304575263075e-02
-2.156390094631773294e-02
-9.824780606911024880e-03
2.293340921102676386e-03
1.149320505615026786e-02
1.403545848372798541e-02
8.862971008060811437e-03
-3.266104152980809153e-03
-1.908372106090320749e-02
-3.448384924210440294e-02
-4.683822679038887604e-02
-5.657246125781089513e-02
-6.546376522158900424e-02
-7.188097845190363766e-02
-7.208303438644252104e-02
-6.396971358649020112e-02
-4.816393712270234523e-02
-2.707794517076650420e-02
-1.949695654376368617e-03
2.760251694458211447e-02
6.090216928519935624e-02
9.421489630639402757e-02
1.210672831263972238e-01
1.364402040768849245e-01
1.395050518720439559e-01
1.312821068466880903e-01
1.149381975589424953e-01
9.399314391805725644e-02
6.862572049295545540e-02
3.851603311721289724e-02
6.651211854898202332e-03
-1.932956300127941160e-02
-3.412329949121603589e-02
-4.033527002787377913e-02
-4.235592272412763010e-02
-4.275679417419411821e-02
-4.251779571570618588e-02
-4.117475334859328068e-02
-3.887689633759512653e-02
-3.656956486138043805e-02
-3.493322047683838916e-02
-3.368765584377598349e-02
-3.284862359121559078e-02
-3.362848441734098831e-02
-3.698237548449299916e-02
-4.306167047354728106e-02
-5.031025444371776262e-02
-5.479739605266290697e-02
-5.123097406972451640e-02
-3.717629466800419225e-02
-1.414380782995126005e-02
1.461049842256223995e-02
4.332091854273487086e-02
6.523059119288369956e-02
7.805579444979639236e-02
8.305870805425921710e-02
8.010475095979825710e-02
7.067081012815926155e-02
5.868138397124302019e-02
4.876128475507808535e-02
4.372915857803135603e-02
4.228488017566953139e-02
4.399669735214929017e-02
4.960226706484711229e-02
5.642891095062223250e-02
5.943987100735163842e-02
5.486868212156703617e-02
4.020660992267371253e-02
1.471492868229791473e-02
-2.097568226829921861e-02
-6.584300727395733799e-02
-1.166192125806164437e-01
-1.692386820834414496e-01
-2.200090776596008157e-01
-2.664176920962095796e-01
-3.059698280962423467e-01
-3.322824260212393077e-01
-3.379611851090439933e-01
-3.165584589982247676e-01
-2.569338971830920637e-01
-1.417189917300960278e-01
1.366744349726887672e-02
1.569982573619048138e-01
2.689183608742061193e-01
3.515507504838136232e-01
3.908035757740691007e-01
3.834698613433150105e-01
3.450104199882593758e-01
2.948188423279706760e-01
2.446898239921064533e-01
1.988241045840142551e-01
1.591030611784564619e-01
1.251670662277624135e-01
9.644648000494068785e-02
7.198107079214638437e-02
5.017954900123636208e-02
3.027582674151312742e-02
1.256849438302148209e-02
-3.444521176755761804e-03
-2.061442939681264186e-02
-4.158164356357743618e-02
-6.811063806541423071e-02
-1.013903500413659425e-01
-1.387603686669534597e-01
-1.768001072717060584e-01
-2.150797386784321918e-01
-2.500119173173730447e-01
-2.765986695288965569e-01
-2.931358930554633924e-01
-2.969572575636399980e-01
-2.830355320373344474e-01
-2.516342612714979055e-01
-2.102826657727482895e-01
-1.626532492959372189e-01
-1.114328785923622001e-01
-5.952443591581231541e-02
2.675452688108169441e-03
9.241064065589046916e-02
2.001502358029018103e-01
2.862966251509906357e-01
3.313973351068600359e-01
3.418558491687974099e-01
3.249658328332001300e-01
2.884912573298112348e-01
2.397842543629339629e-01
1.840004540017343426e-01
1.252884021875129150e-01
6.733414100827012083e-02
1.508367080910457715e-02
-2.940465596174977880e-02
-6.933954545721407459e-02
-1.065365509211215478e-01
-1.379668897889178569e-01
-1.568820591205425385e-01
-1.600422500668056691e-01
-1.512859537838382173e-01
-1.330100249451311722e-01
-1.051962441190951447e-01
-7.026822454372688709e-02
-3.384261629937328902e-02
-2.906444445489625439e-03
1.977981803282105600e-02
3.564867550273917440e-02
4.474321313651627441e-02
4.772345855055002556e-02
4.875434386790455932e-02
5.019016272315258986e-02
5.131146039447634366e-02
5.065633123283633243e-02
4.752123192417347097e-02
4.387525172208670693e-02
4.085700608752351054e-02
3.717855059647597049e-02
3.376324254578439571e-02
3.044126831259153648e-02
2.489811922361898078e-02
1.661918967485447388e-02
4.946910317140370932e-03
-8.114312305646544793e-03
-1.764836848879167142e-02
-2.271956264324614255e-02
-2.555546039142029408e-02
-2.723800400304066116e-02
-2.937442798182690606e-02
-3.358835818666854739e-02
-3.989827112998307890e-02
-4.711679355722563078e-02
-5.316305335371145774e-02
-5.546788518467416634e-02
-5.044387794233808064e-02
-3.440426230989700879e-02
-3.367891623792536315e-03
4.035910342552138236e-02
8.589296690831633996e-02
1.235102612350806039e-01
1.480453502016462197e-01
1.625651369493999743e-01
1.683229606736531825e-01
1.573093220822362193e-01
1.268392466449379807e-01
8.102444671380776287e-02
2.541290366680159368e-02
-3.586733190091171558e-02
-1.019259701030135468e-01
-1.719997309303686606e-01
-2.446114294400317524e-01
-3.167916755467156675e-01
-3.807032500111996454e-01
-4.227035679850805194e-01
-4.292437081815410616e-01
-3.878725441749646397e-01
-3.071621350653122029e-01
-2.194217003806276656e-01
-1.323459105639443190e-01
-2.348443987190382970e-02
1.344889963576732794e-01
3.161496804079348966e-01
4.430204809354014173e-01
4.870415761784595565e-01
4.708087098925984315e-01
4.153199985766088398e-01
3.362876245503807482e-01
2.453150166085244499e-01
1.537264395504851500e-01
7.438632408372244931e-02
1.851095928436257906e-02
-8.178060457395681243e-03
-4.814358108805531777e-03
1.469991960375573170e-02
2.511506992617102210e-02
1.584740614359168853e-02
-1.090436178673579587e-02
-5.319775853665736909e-02
-1.074905590754180046e-01
-1.639984063892788446e-01
-2.088768079522247412e-01
-2.342698083165940526e-01
-2.446889190654110424e-01
-2.470132030533521983e-01
-2.390913552036505463e-01
-2.160457218020962744e-01
-1.728366870324991589e-01
-1.016630955463850017e-01
2.579987411291831054e-03
1.162212963591290338e-01
1.970901244495054661e-01
2.349992926189303222e-01
2.428428050389912218e-01
2.302008522129402324e-01
2.022271803563943371e-01
1.632921066209825078e-01
1.228230023637259249e-01
8.363152950217120352e-02
3.865849685050815748e-02
-1.126466466830068798e-02
-5.490390042247665636e-02
-8.151383475107515375e-02
-8.824108290249144115e-02
-7.839315281950053060e-02
-5.431173807827911065e-02
-1.902006599200972703e-02
2.427770416352953431e-02
6.794009502483677743e-02
9.680644435125852765e-02
1.038369694308564767e-01
9.105694384491880289e-02
6.112996395676503769e-02
1.836372494532228714e-02
-2.950767784344555250e-02
-7.403764868105414121e-02
-1.096137121681873827e-01
-1.317054078384729543e-01
-1.390201407184156468e-01
-1.326452517027761902e-01
-1.095421632308778009e-01
-6.349632914857994415e-02
-1.119631489013947663e-02
1.021302762981431828e-02
-9.612722723766148336e-03
-5.454395050936608480e-02
-1.127559600222819980e-01
-1.785632654100962335e-01
-2.403534652085471124e-01
-2.827628400429386124e-01
-2.911604244938639230e-01
-2.510910870243102111e-01
-1.518429909745351303e-01
1.562098009144501781e-02
2.128518190586072278e-01
3.576682479084226651e-01
4.229726464000429509e-01
4.302373193578069022e-01
3.977204494291962655e-01
3.426082386074432162e-01
2.795645787977424912e-01
2.190365071398887309e-01
1.660517094802393956e-01
1.200289344991731094e-01
8.069652924149280093e-02
4.288464088162720345e-02
-6.831409670027467629e-03
-7.420695726664863767e-02
-1.524083993726773611e-01
-2.315908554303272304e-01
-3.011209547322731828e-01
-3.457036526900937323e-01
-3.503154840423726157e-01
-3.160638380506194389e-01
-2.541958155733533564e-01
-1.630167842557422864e-01
-3.514603771549172639e-02
1.033450516733483288e-01
1.998510264133125935e-01
2.333171432258751843e-01
2.127623888839484390e-01
1.514250380403168172e-01
6.506928693219229953e-02
-3.335129988672320273e-02
-1.291256656340123710e-01
-2.022633630203878319e-01
-2.405887924208186257e-01
-2.413894961597067013e-01
-2.021812979554042100e-01
-1.228271182825922125e-01
-7.482549022738038680e-03
1.178040671872936512e-01
2.138122057407509102e-01
2.656133459144107700e-01
2.777359711891297378e-01
2.589902090535867174e-01
2.204465271909151203e-01
1.710834042600575533e-01
1.161970912784304200e-01
6.125375460187741650e-02
1.369427264729834205e-02
-2.066400804347935313e-02
-4.118745746916487038e-02
-5.157144300194186487e-02
-5.345059529461175518e-02
-4.801622856812109985e-02
-4.103221369390132323e-02
-3.659972352478355062e-02
-3.353241864441348224e-02
-3.346362215309617305e-02
-4.472298322017336653e-02
-6.604251334341973423e-02
-7.946970394674862659e-02
-7.186608621749655812e-02
-4.382051233532115869e-02
-5.100327061566666681e-03
3.036628570613486913e-02
5.158045433059399443e-02
5.181548021534021498e-02
3.512569989569815782e-02
1.445436762080094112e-02
-3.991406447627980116e-03
-2.107208883058740712e-02
-3.574403929660546070e-02
-4.544426356419142138e-02
-5.127511257250269572e-02
-5.487329537674562330e-02
-5.418436258431121727e-02
-4.944941935379620901e-02
-4.330774362939183303e-02
-3.744990586699852020e-02
-3.322653927224003545e-02
-2.963693058842941166e-02
-2.307706378047708062e-02
-1.109553170406215629e-02
5.663640046627929116e-03
2.466277904884187772e-02
4.189206359976471727e-02
5.523183926535747690e-02
6.398865374457290978e-02
6.681250183860791558e-02
6.540438583400388917e-02
6.058943410111736205e-02
5.017635992980329362e-02
3.469058361484163300e-02
1.761456889327236291e-02
1.247172397649668352e-03
-1.550980357437818473e-02
-3.155884600678481727e-02
-4.164464625888451843e-02
-4.458004037987907398e-02
-4.323047209630204862e-02
-3.817118832013153412e-02
-2.945811014352590212e-02
-1.934015849424716021e-02
-9.210251065838176085e-03
1.025083167604921679e-03
1.027542985913074483e-02
1.704169836395018345e-02
2.295471313095537660e-02
2.989534603627111431e-02
3.651678267774008391e-02
3.995717120950498941e-02
3.820323820806108966e-02
3.116729145332992196e-02
1.851237350949152746e-02
2.932000214452036568e-04
-2.093413227145506789e-02
-4.130849496121091757e-02
-5.775631284890388184e-02
-6.807968757253558822e-02
-7.027325518040242192e-02
-6.319170864862540260e-02
-4.614333445378546866e-02
-2.027258549684466532e-02
9.101156074800127033e-03
3.384654862603402037e-02
4.650876119223522343e-02
4.578362254503009349e-02
3.671167219740800736e-02
2.596834122181311544e-02
1.901760723815341947e-02
1.709208886633597699e-02
1.894024348072308878e-02
2.205989202073034561e-02
2.246336327309641362e-02
2.066429352297750530e-02
2.187238806130395105e-02
3.042917638279887121e-02
4.553047582948289984e-02
6.066272222509613843e-02
6.960955190973618090e-02
6.995692770604061694e-02
6.053921599835080519e-02
4.063868444592166201e-02
1.220285580614361570e-02
-2.082838137784494281e-02
-5.459020848989656893e-02
-8.627904199846056499e-02
-1.104386983113478937e-01
-1.207947835511643531e-01
-1.169593801117391335e-01
-9.995633383190709320e-02
-7.179184828352624947e-02
-3.804526421481158743e-02
-4.678117095734969297e-03
2.488440025217495549e-02
5.085256329831207983e-02
7.234875016151183502e-02
8.633662485428868216e-02
9.178053968878614743e-02
8.944913315061135684e-02
8.157202822865580738e-02
7.199233313383020250e-02
6.189418775741024892e-02
4.971613750888611433e-02
3.406525011180876888e-02
1.374679257939378021e-02
-1.148617400280684681e-02
-4.042537391606169928e-02
-7.169020637903929238e-02
-1.057861146552123432e-01
-1.454358533921360774e-01
-1.921482514546390408e-01
-2.401765125011287305e-01
-2.787473420227152276e-01
-2.957919769997008896e-01
-2.772821394615025414e-01
-2.072720672708629752e-01
-9.909738703763974754e-02
1.200416649849163353e-03
8.098590426252728902e-02
1.594361795982919550e-01
2.390987147610788566e-01
3.028271821128279417e-01
3.343392727875400539e-01
3.321567000319624041e-01
3.026096601593679658e-01
2.574070146072415244e-01
2.096027322680941996e-01
1.620083146499288196e-01
1.114512984323585143e-01
5.725561416319278896e-02
-1.410129432440792793e-03
-6.016301786417557751e-02
-1.083389935003983839e-01
-1.425904949742837768e-01
-1.652299272533978569e-01
-1.789169153852135929e-01
-1.846818263038706720e-01
-1.807423742554407908e-01
-1.679243939832157639e-01
-1.471422763036514536e-01
-1.160220424288743585e-01
-7.396470851825581727e-02
-2.188500995373104246e-02
3.753320032617624841e-02
9.048653133868606036e-02
1.210990997813064934e-01
1.278887393736287403e-01
1.162018619727004931e-01
9.126921634524040594e-02
6.048485585880498949e-02
3.052222402208261409e-02
3.735846069050968200e-03
-1.791020314474337308e-02
-3.171078225195921030e-02
-3.981498959144672695e-02
-4.559825715476883284e-02
-5.113750431757004694e-02
-5.518987618074829016e-02
-5.171955022282254122e-02
-4.069837949353989626e-02
-2.847232680949574393e-02
-1.819787895982062989e-02
-9.749879467195476240e-03
-1.872453117730643862e-03
6.759006128713401611e-03
1.661597035234317274e-02
2.578036415128775669e-02
3.210312582394540815e-02
3.904415421682966986e-02
5.020094051930815149e-02
6.289370146704906239e-02
7.501357934618804735e-02
8.788066976428714205e-02
1.020766495522949652e-01
1.175212798101300665e-01
1.315561166845295171e-01
1.389329192791233514e-01
1.367763845798539712e-01
1.248634503151413860e-01
1.008079404905270621e-01
6.293421746719213283e-02
1.761455552704408942e-02
