-2.315770983695983887e-01
-3.679108023643493652e-01
-3.013691902160644531e-01
-2.358704209327697754e-01
6.709273457527160645e-01
-3.223415017127990723e-01
-3.345324397087097168e-01
-3.742178678512573242e-01
2.869201302528381348e-01
-2.863689064979553223e-01
-1.509006619453430176e-01
-3.668413758277893066e-01
-1.510666012763977051e-01
-4.324494600296020508e-01
-2.449805736541748047e-01
-2.230303883552551270e-01
-1.424421668052673340e-01
-3.358566761016845703e-01
-2.893297672271728516e-01
-3.811938166618347168e-01
-2.794524431228637695e-01
-3.140857219696044922e-01
-3.002501130104064941e-01
-3.912255167961120605e-01
9.669741392135620117e-01
-3.094652891159057617e-01
-2.793419957160949707e-01
-3.843014836311340332e-01
-2.167022228240966797e-01
-3.614295721054077148e-01
-2.610453367233276367e-01
-3.282749056816101074e-01
-3.090190291404724121e-01
-3.211817741394042969e-01
-1.875879764556884766e-01
1.025283336639404297e+00
6.774288415908813477e-02
-3.203216195106506348e-01
-2.173192501068115234e-01
-2.479572296142578125e-01
-2.843838334083557129e-01
-3.676462769508361816e-01
-1.793450713157653809e-01
-2.315093874931335449e-01
-2.349408268928527832e-01
-3.266970515251159668e-01
-4.291428327560424805e-01
1.362130045890808105e-02
5.588602423667907715e-01
-2.872034311294555664e-01
3.302435278892517090e-01
-2.672527432441711426e-01
-3.024155497550964355e-01
-2.421507835388183594e-01
2.422979325056076050e-01
-2.338791489601135254e-01
-5.322915315628051758e-02
-4.081055521965026855e-01
-2.296541333198547363e-01
-6.571188569068908691e-01
-2.343936562538146973e-01
-2.871785759925842285e-01
7.228454351425170898e-01
-3.235296607017517090e-01
3.769013285636901855e-02
-3.219871520996093750e-01
-2.824026942253112793e-01
-3.116813302040100098e-01
-2.589339017868041992e-01
-2.685409784317016602e-01
-3.737705349922180176e-01
-6.134563088417053223e-01
1.039443016052246094e+00
-4.390017986297607422e-01
6.770477294921875000e-01
-2.709301710128784180e-01
-2.614414691925048828e-01
-3.160145878791809082e-01
-2.516809701919555664e-01
-2.572384476661682129e-01
-2.612902522087097168e-01
-2.748287916183471680e-01
-2.487196326255798340e-01
-3.315057754516601562e-01
1.291478633880615234e+00
5.670896172523498535e-01
5.763088464736938477e-01
-3.118249773979187012e-01
-1.214969754219055176e-01
-5.733453631401062012e-01
3.768417239189147949e-02
-3.787220716476440430e-01
-2.770421504974365234e-01
-2.623701691627502441e-01
-2.319962382316589355e-01
-2.143215537071228027e-01
6.936064958572387695e-01
-3.569222092628479004e-01
-4.253548979759216309e-01
-2.681698203086853027e-01
-4.047752022743225098e-01
-3.573693037033081055e-01
-1.557180285453796387e-01
-3.107419610023498535e-01
-2.211637496948242188e-01
-3.904101252555847168e-01
1.473367214202880859e-01
-4.373938441276550293e-01
7.601333856582641602e-01
-2.254012823104858398e-01
-3.177560567855834961e-01
-3.041835427284240723e-01
-2.899804115295410156e-01
-2.744484543800354004e-01
-2.278258204460144043e-01
-2.420672774314880371e-01
-3.329665660858154297e-01
-3.603934049606323242e-01
-2.467762231826782227e-01
8.724260330200195312e-02
6.078685522079467773e-01
-3.014200925827026367e-01
2.532065808773040771e-01
-1.301856338977813721e-01
2.922239601612091064e-01
-2.700152397155761719e-01
-2.669206261634826660e-01
-3.839594125747680664e-01
-5.128103494644165039e-01
-2.591417431831359863e-01
6.843402385711669922e-01
1.297399997711181641e+00
5.649386048316955566e-01
-3.750250935554504395e-01
3.657605350017547607e-01
-1.690801382064819336e-01
-3.232718706130981445e-01
-3.021187782287597656e-01
-3.442720770835876465e-01
-2.607405781745910645e-01
-2.624118328094482422e-01
-3.253034353256225586e-01
-3.491725325584411621e-01
-3.647167086601257324e-01
5.404570102691650391e-01
-2.788060903549194336e-01
-2.311266660690307617e-01
-2.884882092475891113e-01
-2.669237852096557617e-01
-3.952258229255676270e-01
2.999874353408813477e-01
-3.172903656959533691e-01
-2.525067329406738281e-02
-3.044176101684570312e-01
7.634031772613525391e-01
-3.829703927040100098e-01
5.847162008285522461e-01
-4.537253379821777344e-01
-1.854878067970275879e-01
-3.803058266639709473e-01
-2.722970247268676758e-01
-4.046235680580139160e-01
-2.521129250526428223e-01
-2.739676237106323242e-01
-3.646671175956726074e-01
3.638857007026672363e-01
2.696731686592102051e-02
-4.048556089401245117e-03
7.307019829750061035e-02
-3.680421113967895508e-01
1.003314375877380371e+00
-2.862743139266967773e-01
-3.020542860031127930e-01
-4.012438058853149414e-01
-2.009413838386535645e-01
-2.504120469093322754e-01
-3.374610543251037598e-01
-2.983902692794799805e-01
-3.401026129722595215e-01
5.809757709503173828e-01
1.229534626007080078e+00
-3.783819675445556641e-01
7.471432089805603027e-01
-2.527235150337219238e-01
1.545087695121765137e-01
-3.606854081153869629e-01
-3.106078505516052246e-01
-2.253104448318481445e-01
-1.851361393928527832e-01
-4.318539500236511230e-01
-3.929769992828369141e-01
-2.922085523605346680e-01
7.063441276550292969e-01
-3.477448225021362305e-01
-1.872920393943786621e-01
-4.987150430679321289e-01
-2.704160213470458984e-01
-3.102406263351440430e-01
-2.730998992919921875e-01
-2.748262882232666016e-01
-2.694402933120727539e-01
-2.672201395034790039e-01
-3.557293415069580078e-01
-4.067990183830261230e-02
-2.615233063697814941e-01
-2.975787520408630371e-01
-2.665350437164306641e-01
-2.762804627418518066e-01
-2.718700766563415527e-01
-2.630977630615234375e-01
-3.325011730194091797e-01
-3.265204429626464844e-01
-1.303221881389617920e-01
-3.059161901473999023e-01
-1.840725541114807129e-01
-1.361683607101440430e-01
9.902235865592956543e-01
-2.877904772758483887e-01
-2.457275986671447754e-01
-2.774911522865295410e-01
-3.635489344596862793e-01
-2.759029269218444824e-01
-2.557633519172668457e-01
-2.555493712425231934e-01
-3.184404373168945312e-01
-3.069293498992919922e-01
-2.243674993515014648e-01
-3.492478728294372559e-01
-2.247145771980285645e-01
-2.400306463241577148e-01
-2.869380712509155273e-01
-3.389346599578857422e-01
-2.813396453857421875e-01
-3.192866444587707520e-01
-7.878980040550231934e-02
-3.121361732482910156e-01
-3.522434234619140625e-01
-3.952152132987976074e-01
1.720042228698730469e-01
-2.262955904006958008e-01
1.068761229515075684e+00
-1.128077507019042969e-02
-1.890220046043395996e-01
-3.311762809753417969e-01
-2.083995342254638672e-01
-2.431969642639160156e-01
-2.963289022445678711e-01
-5.255761742591857910e-01
-8.408743143081665039e-02
-4.271887540817260742e-01
9.460867047309875488e-01
-2.196838259696960449e-01
1.522075682878494263e-01
-3.534328341484069824e-01
-2.021773457527160645e-01
-2.597843408584594727e-01
-1.513377428054809570e-01
-2.126508355140686035e-01
-3.353890776634216309e-02
-2.863971590995788574e-01
-2.260881066322326660e-01
-9.042313694953918457e-02
-3.677781820297241211e-01
-3.527548909187316895e-01
1.207913398742675781e+00
-4.049574136734008789e-01
6.559703350067138672e-01
-3.476580977439880371e-01
-2.499856352806091309e-01
-3.368588089942932129e-01
-8.592024445533752441e-02
-1.110077798366546631e-01
1.116126537322998047e+00
-3.108500242233276367e-01
1.074143350124359131e-01
-1.686029434204101562e-01
5.029565691947937012e-01
-2.595398426055908203e-01
2.753186225891113281e-02
-3.548516035079956055e-01
-3.606328964233398438e-01
-2.781423926353454590e-01
-2.609707713127136230e-01
-3.164992928504943848e-01
6.606787443161010742e-01
-4.035395979881286621e-01
-2.693377137184143066e-01
2.111198902130126953e-01
1.393880367279052734e+00
-4.419338107109069824e-01
1.585894823074340820e-01
-3.217262029647827148e-01
-2.926813960075378418e-01
-3.124282956123352051e-01
1.263649463653564453e-01
-3.186666965484619141e-01
-2.954971790313720703e-01
-4.480380415916442871e-01
-2.979692220687866211e-01
7.746214866638183594e-01
1.034923076629638672e+00
-4.057632088661193848e-01
-2.811121344566345215e-01
-2.485552430152893066e-01
-2.605935335159301758e-01
-3.043448328971862793e-01
-3.684995770454406738e-01
-2.581410408020019531e-01
-2.629979848861694336e-01
-3.309882879257202148e-01
-2.541388869285583496e-01
-2.937697172164916992e-01
-1.140090823173522949e-02
-3.645465373992919922e-01
-1.528906822204589844e-01
1.070511817932128906e+00
-2.068806886672973633e-01
-2.295011878013610840e-01
-2.090840339660644531e-01
-2.320103049278259277e-01
-1.725007891654968262e-01
-4.022468924522399902e-01
-2.398444414138793945e-01
-3.201308250427246094e-01
3.800145685672760010e-01
-3.341501951217651367e-01
-2.849279642105102539e-01
-3.570461273193359375e-01
5.827464461326599121e-01
-2.207563519477844238e-01
-8.339524269104003906e-02
-2.617543935775756836e-01
-2.087486386299133301e-01
-3.410392403602600098e-01
1.168841123580932617e-02
8.094530105590820312e-01
6.210637092590332031e-01
-3.004494905471801758e-01
4.958304166793823242e-01
-1.641946434974670410e-01
2.290745377540588379e-01
-2.706972360610961914e-01
-2.190198898315429688e-01
-2.659026980400085449e-01
-2.700927853584289551e-01
-2.959048151969909668e-01
-2.904066443443298340e-01
-4.505015015602111816e-01
3.430473208427429199e-01
-3.819582462310791016e-01
-1.311081051826477051e-01
-3.081510663032531738e-01
-2.733116745948791504e-01
-3.150186538696289062e-01
-2.329992651939392090e-01
-2.838013768196105957e-01
-2.943472862243652344e-01
-3.723967671394348145e-01
-3.894733786582946777e-01
-2.222009897232055664e-01
8.142062425613403320e-01
-3.383718132972717285e-01
3.970063030719757080e-01
-2.134115099906921387e-01
1.996080130338668823e-01
-2.930488586425781250e-01
-2.372761368751525879e-01
-3.195140361785888672e-01
-2.218485474586486816e-01
-2.980107665061950684e-01
-2.964949011802673340e-01
-1.815232038497924805e-01
3.714828491210937500e-01
-2.835224270820617676e-01
-3.273099660873413086e-03
-3.211513757705688477e-01
-1.738848090171813965e-01
-2.988166809082031250e-01
-2.815757393836975098e-01
-3.155799508094787598e-01
-2.965778708457946777e-01
-3.346515893936157227e-01
-2.813185453414916992e-01
-1.959710717201232910e-01
3.380084037780761719e-02
-2.593782544136047363e-01
-9.025406837463378906e-02
-3.207188844680786133e-01
-2.302334308624267578e-01
-2.590330243110656738e-01
-2.294280529022216797e-01
-3.006618022918701172e-01
-7.589110732078552246e-02
-3.036987781524658203e-01
-3.524242639541625977e-01
-3.217238783836364746e-01
1.479431152343750000e+00
-3.749616742134094238e-01
-1.792171597480773926e-01
-2.855984568595886230e-01
-2.245868444442749023e-01
-3.357719779014587402e-01
-8.212128281593322754e-02
-3.395361900329589844e-01
-2.394238710403442383e-01
-2.390635609626770020e-01
-3.214814066886901855e-01
-3.831318616867065430e-01
1.432278633117675781e+00
-2.099815607070922852e-01
-3.111969828605651855e-01
-2.119221687316894531e-01
9.057013988494873047e-01
6.243431568145751953e-02
-2.744699120521545410e-01
-1.767296791076660156e-01
2.849221229553222656e-01
-5.178826451301574707e-01
-3.065854907035827637e-01
-3.746764659881591797e-01
-2.042282819747924805e-01
-3.190438151359558105e-01
-4.188236594200134277e-01
-2.499306797981262207e-01
-2.901832461357116699e-01
-2.890668511390686035e-01
-2.413130998611450195e-01
-2.761351466178894043e-01
-2.910237908363342285e-01
-3.210971355438232422e-01
-8.977293968200683594e-02
-3.824276328086853027e-01
9.691907167434692383e-01
-2.651132941246032715e-01
-3.277450203895568848e-01
-3.818826675415039062e-01
-7.371333241462707520e-02
-3.297102451324462891e-01
-3.030800819396972656e-01
-2.956594824790954590e-01
-2.516065239906311035e-01
-1.809772849082946777e-01
-2.009307742118835449e-01
-3.052579760551452637e-01
9.962974786758422852e-01
-3.247358202934265137e-01
-3.412315845489501953e-01
-3.844223022460937500e-01
-3.704178333282470703e-02
-4.251788854598999023e-01
1.021963357925415039e-02
-2.747331857681274414e-01
-3.038305640220642090e-01
-3.286415338516235352e-01
-2.026810050010681152e-01
-3.435629010200500488e-01
1.101281166076660156e+00
-3.455923199653625488e-01
-2.453138232231140137e-01
-3.753330111503601074e-01
-2.939568758010864258e-01
-2.968050241470336914e-01
-3.261796236038208008e-01
-2.966829538345336914e-01
-1.759212017059326172e-01
-3.209835290908813477e-01
-2.558425068855285645e-01
-2.301443219184875488e-01
7.130533456802368164e-01
-2.838208079338073730e-01
3.953152894973754883e-01
-3.057116866111755371e-01
-2.226171493530273438e-01
-2.850590944290161133e-01
-2.645828127861022949e-01
-3.004593849182128906e-01
-5.526152253150939941e-02
-2.549330592155456543e-01
-3.631973266601562500e-01
-4.245708584785461426e-01
-1.975587010383605957e-01
-2.982702255249023438e-01
1.243954747915267944e-01
-2.793757915496826172e-01
-1.974475979804992676e-01
-2.395498752593994141e-01
-3.295804858207702637e-01
-2.750432491302490234e-01
-3.775489926338195801e-01
-3.569042086601257324e-01
-2.465197443962097168e-01
-2.356386184692382812e-02
1.352120161056518555e+00
-6.096713542938232422e-01
6.252886056900024414e-01
-3.947718739509582520e-01
-2.099366784095764160e-01
-3.364495635032653809e-01
-2.495531439781188965e-01
9.138047099113464355e-01
-1.838815808296203613e-01
-2.771507501602172852e-01
-2.186906337738037109e-01
-1.316905915737152100e-01
7.628012895584106445e-01
-3.509602546691894531e-01
-1.664585471153259277e-01
-3.185383081436157227e-01
-1.169130206108093262e-01
-2.250223755836486816e-01
-1.643990278244018555e-01
-2.822124958038330078e-01
-2.578536868095397949e-01
-2.861335873603820801e-01
-3.023419380187988281e-01
-3.406791090965270996e-01
-9.056141972541809082e-02
-3.503962159156799316e-01
2.337396144866943359e-03
-2.094318270683288574e-01
-2.352028489112854004e-01
-2.945982217788696289e-01
-4.368897676467895508e-01
-1.700757741928100586e-01
-1.998541951179504395e-01
-3.509954810142517090e-01
-3.478404283523559570e-01
2.798476219177246094e-01
1.212727785110473633e+00
-2.870823144912719727e-01
-5.162677168846130371e-02
-2.506494522094726562e-01
5.477989315986633301e-01
-3.903114795684814453e-01
-2.842198014259338379e-01
-3.260744214057922363e-01
-2.704422473907470703e-01
-2.288424968719482422e-01
-2.246736288070678711e-01
-4.621254205703735352e-01
1.502196550369262695e+00
-8.034148812294006348e-02
-3.945353627204895020e-01
-2.731837630271911621e-01
5.407944917678833008e-01
-2.475278973579406738e-01
8.929049968719482422e-01
-3.218707442283630371e-01
8.823335766792297363e-01
-2.073084115982055664e-01
-2.377863526344299316e-01
1.748466193675994873e-01
1.090198755264282227e+00
-2.802174687385559082e-01
8.405357599258422852e-03
-3.607980608940124512e-01
4.405736923217773438e-02
-2.433515191078186035e-01
-3.253048658370971680e-01
-2.886840701103210449e-01
-1.362011432647705078e-01
-3.058939576148986816e-01
-2.993287444114685059e-01
-5.064970254898071289e-02
1.431819677352905273e+00
-2.986165285110473633e-01
-2.557738423347473145e-01
-2.892898321151733398e-01
-3.045895695686340332e-01
-2.970424890518188477e-01
-1.420003473758697510e-01
-2.889886498451232910e-01
-3.078098297119140625e-01
-2.880057692527770996e-01
-2.324304580688476562e-01
-4.236510992050170898e-01
8.396880626678466797e-01
-3.973221182823181152e-01
-3.079015016555786133e-01
-2.993074059486389160e-01
7.238408923149108887e-02
-2.717550396919250488e-01
-2.428414821624755859e-01
-2.535916566848754883e-01
-2.446144223213195801e-01
-3.707939982414245605e-01
-3.640218973159790039e-01
-3.881784677505493164e-01
1.378041744232177734e+00
-3.167315721511840820e-01
-2.364023327827453613e-01
-3.664894700050354004e-01
-1.810031533241271973e-01
-2.892228364944458008e-01
1.436755061149597168e-02
-2.068302035331726074e-01
3.994687795639038086e-01
1.043992757797241211e+00
1.274199247360229492e+00
1.067123889923095703e+00
5.649529099464416504e-01
-3.900133967399597168e-01
-3.268176913261413574e-01
-2.911720871925354004e-01
-2.143676280975341797e-01
-3.829427957534790039e-01
-3.171439766883850098e-01
-5.273627638816833496e-01
-2.480325102806091309e-01
-4.384140372276306152e-01
-2.697529196739196777e-01
-4.979333281517028809e-01
1.311265945434570312e+00
-2.359204888343811035e-01
8.261868953704833984e-01
-2.817974686622619629e-01
-2.429570555686950684e-01
-2.528334259986877441e-01
-2.603138685226440430e-01
-3.160134553909301758e-01
-3.051140308380126953e-01
-3.279869556427001953e-01
-2.656678557395935059e-01
-1.648575067520141602e-02
1.279698133468627930e+00
-3.008274435997009277e-01
5.341619253158569336e-03
-2.905785441398620605e-01
-2.943404316902160645e-01
-2.042781710624694824e-01
1.291992425918579102e+00
-3.228273987770080566e-01
-3.548793196678161621e-01
-3.655182719230651855e-01
7.052272558212280273e-03
-4.409568905830383301e-01
1.280870199203491211e+00
-3.148737549781799316e-01
-1.889913678169250488e-01
-3.035461306571960449e-01
-2.172033786773681641e-01
-3.913105726242065430e-01
-2.012227177619934082e-01
-3.761108517646789551e-01
-2.811908125877380371e-01
-1.308026313781738281e-01
-2.216759920120239258e-01
-3.268429040908813477e-01
1.146250247955322266e+00
-1.662849187850952148e-01
-7.372340559959411621e-02
-4.313995838165283203e-01
3.547504544258117676e-02
-3.918236494064331055e-01
-3.590037226676940918e-01
-2.554518580436706543e-01
-2.377595305442810059e-01
-2.205094099044799805e-01
6.645959615707397461e-01
-4.556697010993957520e-01
1.418969869613647461e+00
-4.962235689163208008e-01
3.722410798072814941e-01
-2.962788343429565430e-01
4.309388995170593262e-02
-2.654771804809570312e-01
-2.890894412994384766e-01
-3.029425740242004395e-01
-9.935751557350158691e-02
-3.141098022460937500e-01
-1.295570731163024902e-01
4.558736085891723633e-01
5.396540760993957520e-01
-2.979300022125244141e-01
-3.258924484252929688e-01
-3.451107740402221680e-01
-2.629853487014770508e-01
-2.886373996734619141e-01
-3.383234143257141113e-01
-3.587130904197692871e-01
-2.979639172554016113e-01
-2.577686309814453125e-01
-1.675947904586791992e-01
-3.932905793190002441e-01
1.394908428192138672e+00
-3.535764217376708984e-01
-9.724903106689453125e-02
-2.975876927375793457e-01
-1.949064135551452637e-01
-3.263723254203796387e-01
2.781006693840026855e-01
-3.694787621498107910e-01
-2.553207278251647949e-01
-4.336386919021606445e-01
2.032120823860168457e-01
5.191239714622497559e-02
2.759162783622741699e-01
-3.022167086601257324e-01
-2.330660820007324219e-03
-3.122470378875732422e-01
-2.432895898818969727e-01
-2.757096290588378906e-01
-1.883252859115600586e-01
-2.543479800224304199e-01
-2.429248690605163574e-01
-7.638695836067199707e-02
-2.288573980331420898e-01
-3.512373566627502441e-01
3.276887536048889160e-01
-2.600904703140258789e-01
-2.189214825630187988e-01
-2.890425920486450195e-01
-2.647520303726196289e-01
-3.388719558715820312e-01
-2.378708124160766602e-01
-3.032457232475280762e-01
-3.198399543762207031e-01
-2.575177550315856934e-01
-2.991333603858947754e-01
-3.641568422317504883e-01
1.390787363052368164e+00
-5.153467655181884766e-01
1.105245113372802734e+00
-3.735420107841491699e-01
-1.564679145812988281e-01
-3.824494481086730957e-01
9.797933697700500488e-02
-4.778296947479248047e-01
-2.299914956092834473e-01
-2.579280138015747070e-01
-2.660806775093078613e-01
-3.725481033325195312e-01
1.119544655084609985e-01
-3.382459878921508789e-01
-3.950086832046508789e-01
-3.529996871948242188e-01
-2.960152029991149902e-01
-2.852664589881896973e-01
-2.334424257278442383e-01
-2.827770709991455078e-01
-2.663344144821166992e-01
-3.148640394210815430e-01
-2.879751324653625488e-01
-3.647202849388122559e-01
1.133711934089660645e+00
-3.781952261924743652e-01
4.173842072486877441e-02
-4.442849755287170410e-01
-2.182183861732482910e-01
-2.713006734848022461e-02
-2.128168344497680664e-01
-2.867900729179382324e-01
-2.848235964775085449e-01
-4.434205889701843262e-01
-3.243768811225891113e-01
9.584963321685791016e-03
2.772496044635772705e-01
-4.421107172966003418e-01
1.109538793563842773e+00
-1.578518748283386230e-01
-3.635025620460510254e-01
-2.524553537368774414e-01
-3.466734290122985840e-01
-2.732525467872619629e-01
-2.245815396308898926e-01
-2.342610359191894531e-01
-3.009851574897766113e-01
-5.382782220840454102e-01
7.362762093544006348e-01
-3.186806440353393555e-01
-4.025617837905883789e-01
-3.616006374359130859e-01
-5.653613805770874023e-02
-2.541208267211914062e-01
-1.637906432151794434e-01
-2.504341006278991699e-01
-2.065075039863586426e-01
-1.733954548835754395e-01
-2.783509492874145508e-01
-4.210509657859802246e-01
2.380985021591186523e-02
-2.878578305244445801e-01
-1.102365255355834961e-01
-3.138265013694763184e-01
-3.121002912521362305e-01
-3.163278698921203613e-01
-2.497441768646240234e-01
-3.225328922271728516e-01
-6.825792789459228516e-02
-2.105965614318847656e-01
-1.315250396728515625e-01
-2.870689034461975098e-01
7.969954609870910645e-01
-3.182544708251953125e-01
1.062418967485427856e-01
-3.587965369224548340e-01
-3.497151136398315430e-01
-2.974386215209960938e-01
-3.152321577072143555e-01
-3.329078555107116699e-01
2.830059230327606201e-01
-2.672754526138305664e-01
-3.296273946762084961e-01
-1.020497381687164307e-01
-1.416389346122741699e-01
-1.345041990280151367e-01
-1.787600517272949219e-01
-3.432464003562927246e-01
-2.970432043075561523e-01
-3.165678977966308594e-01
-3.496848344802856445e-01
-3.169015049934387207e-01
-2.530676126480102539e-01
-2.740885019302368164e-01
-3.671888709068298340e-01
-4.369664192199707031e-01
1.316880464553833008e+00
-3.714609146118164062e-01
4.691143929958343506e-01
-2.664667367935180664e-01
2.634639739990234375e-01
-3.386207818984985352e-01
1.124185562133789062e+00
-4.608361124992370605e-01
-1.851945519447326660e-01
-1.042806208133697510e-01
-3.297616839408874512e-01
-2.686568498611450195e-01
7.129936218261718750e-01
-2.837506532669067383e-01
7.455831766128540039e-01
-3.645794987678527832e-01
-1.600363254547119141e-01
-3.714185953140258789e-01
-8.001536130905151367e-02
-4.571102261543273926e-01
2.157390117645263672e-04
-3.728656172752380371e-01
-1.160447299480438232e-01
-4.794183373451232910e-01
1.170991182327270508e+00
-3.416069149971008301e-01
-2.656564116477966309e-01
-3.133143186569213867e-01
-2.803004384040832520e-01
-2.906982302665710449e-01
-2.410454750061035156e-01
-2.534105181694030762e-01
-2.238948941230773926e-01
-2.800061702728271484e-01
-1.865944266319274902e-01
-3.272679448127746582e-01
-6.473964452743530273e-02
-2.098103165626525879e-01
-2.808840274810791016e-01
-3.991182446479797363e-01
-2.993659377098083496e-01
-3.131824135780334473e-01
-1.757105588912963867e-01
-4.542135596275329590e-01
-9.179413318634033203e-02
-2.948409914970397949e-01
-2.821490764617919922e-01
-4.677612781524658203e-01
1.147077322006225586e+00
-3.782757520675659180e-01
-1.098442077636718750e-01
-2.891821265220642090e-01
-2.665799260139465332e-01
-2.867681384086608887e-01
-2.935968041419982910e-01
-3.159402608871459961e-01
-1.565569043159484863e-01
-2.874882221221923828e-01
4.486247897148132324e-02
-4.943662285804748535e-01
-5.383855104446411133e-02
-4.174337387084960938e-01
4.880878329277038574e-01
-3.411909341812133789e-01
1.470568627119064331e-01
-2.999259233474731445e-01
-2.931581735610961914e-01
-3.316809535026550293e-01
-2.741697430610656738e-01
-2.816985249519348145e-01
-2.283777594566345215e-01
-4.751413464546203613e-01
1.706350147724151611e-01
-1.848378777503967285e-01
3.365007042884826660e-01
2.019259482622146606e-01
-3.955740332603454590e-01
-3.215108513832092285e-01
-2.172957062721252441e-01
-3.114476799964904785e-01
-4.118993878364562988e-02
-3.546228408813476562e-01
-3.486011624336242676e-01
-3.603618741035461426e-01
