-8.254864829185226682e-02
-9.920525179900399615e-02
-8.978314194576464402e-02
-4.758205447081875067e-02
2.414754137709216458e-02
1.157633656746910183e-01
2.080248738919682761e-01
2.695198150100472367e-01
3.018196092614908177e-01
3.398204448141858292e-01
4.136747930337826840e-01
5.042281131234866987e-01
5.466605254514819157e-01
5.194772896851639343e-01
4.426275625955733428e-01
3.315157605988713341e-01
1.988793497150903589e-01
5.722222786302409714e-02
-8.263755466528903415e-02
-2.114227683429544813e-01
-3.208005788395554836e-01
-4.029734496991554393e-01
-4.535129973094733646e-01
-4.625574835245025440e-01
-4.021736071648220334e-01
-2.445560076251203363e-01
-2.877021356518900952e-02
1.491928200180744624e-01
2.490975487739762184e-01
2.872849807327645388e-01
2.870578489331543914e-01
2.733030590901171508e-01
2.636708046580912290e-01
2.740747042852846871e-01
3.219733192860287918e-01
3.839389525231687306e-01
3.985312414019272498e-01
3.454789139460555658e-01
2.434671757140982884e-01
1.098213001088695906e-01
-4.712818366125047509e-02
-2.221398265208522071e-01
-3.991869342137512322e-01
-5.580944036051469492e-01
-6.818531437675260376e-01
-7.517943447932993184e-01
-7.451104548581893861e-01
-6.391484009010595102e-01
-4.664695016963905094e-01
-3.063222294958969916e-01
-1.861044741061770036e-01
-8.320563518446816298e-02
7.784772357603747528e-03
6.590446211235553853e-02
8.736614664271011299e-02
9.614867697968551563e-02
1.272843811889092236e-01
2.135083477922793682e-01
3.551426469365740468e-01
4.876334971883918845e-01
5.341656704923847254e-01
4.834642568345943747e-01
3.619198143106538978e-01
1.994508713136916578e-01
2.845807159485091303e-02
-1.253209257747265326e-01
-2.385086997914259155e-01
-2.887753648412009766e-01
-2.571683532594827293e-01
-1.424066213609612164e-01
6.823685558164420406e-03
1.334198506314479005e-01
2.317487218252973769e-01
3.220497461693510033e-01
3.933923815333817409e-01
4.055993853775026747e-01
3.543329268008726385e-01
2.695123390702139909e-01
1.749460276260120517e-01
8.638950762300506847e-02
1.388471073961494717e-02
-3.108751188074024979e-02
-3.454425452141136887e-02
-2.537633642510291054e-02
-6.656872927668247564e-02
-1.701971907217170732e-01
-3.051802551542245334e-01
-4.407079088501536512e-01
-5.453432907209156966e-01
-5.847403748094419651e-01
-5.635458029960670467e-01
-5.281339924222945292e-01
-4.846050967462839365e-01
-3.954508979730972373e-01
-2.369687605778413031e-01
-1.666622482109076167e-02
2.115110213338366740e-01
3.787037777670959615e-01
4.835115301403427601e-01
5.704580798173578549e-01
6.277606592654574325e-01
5.974392305313679374e-01
4.774198174567090280e-01
3.098884688683794519e-01
1.296970095850114579e-01
-2.826576265244550717e-02
-1.328961951499116056e-01
-1.574912606204189047e-01
-1.313731900342250958e-01
-1.402789847763118158e-01
-2.124614197836218188e-01
-3.198309902656328862e-01
-4.321718928595407183e-01
-5.168113835176756377e-01
-5.448895313066887125e-01
-4.903244411665996783e-01
-3.558967188588610941e-01
-1.704866600358151685e-01
7.262360001719986302e-02
3.623379395198385589e-01
6.055383400709032360e-01
7.270373252488014915e-01
7.317128826216945381e-01
6.560587641487185540e-01
5.328464277163140750e-01
3.863905485427754916e-01
2.359550355681215017e-01
9.481426167350101575e-02
-2.881974952857651109e-02
-1.269263947240377721e-01
-1.919403714011601592e-01
-2.099068045164808050e-01
-1.896036719756860611e-01
-1.778855931247451949e-01
-2.005537045589578238e-01
-2.523975169989480238e-01
-3.245819755005312501e-01
-4.026420445064615161e-01
-4.664292372934665809e-01
-4.958128394138890949e-01
-4.744033981144782919e-01
-3.858927835732575695e-01
-2.090524860114475192e-01
3.154320918272195129e-02
2.487420049338629480e-01
3.888870247427740345e-01
4.538603873541685596e-01
4.549359123867971477e-01
4.063168654982446393e-01
3.272948490765388296e-01
2.361514479729990013e-01
1.408788182474701167e-01
4.829956917939154382e-02
-2.997878465412709414e-02
-8.547075175938025071e-02
-1.121788286629342435e-01
-1.137001260104967826e-01
-1.042814000398633867e-01
-9.059763686524401061e-02
-7.159330012322132064e-02
-5.129632674647272017e-02
-3.690569720562059813e-02
-2.825360784118555180e-02
-2.058778281278999742e-02
-1.028058193745860077e-02
8.976840436193917611e-03
4.580217021002594424e-02
9.456662408710986290e-02
1.348573666350555700e-01
1.565284079310805820e-01
1.613398378106120634e-01
1.517522661170503384e-01
1.314392873286821528e-01
1.064816135761708499e-01
8.186896430797711843e-02
5.937142606232501119e-02
3.643354968795140675e-02
7.366165369197055779e-03
-3.287533164712370948e-02
-8.446747171789303898e-02
-1.435605624656153823e-01
-2.092998046757180708e-01
-2.789480268828272158e-01
-3.433773359073651887e-01
-3.916041257281042132e-01
-4.122778801908481561e-01
-3.947147745501539684e-01
-3.266383439190514992e-01
-1.990567636633148452e-01
-6.625491040762196415e-03
2.158713639724582634e-01
3.866675494487422649e-01
4.716216611715544627e-01
4.904626018403444587e-01
4.585874564262094055e-01
3.867466548874758381e-01
2.867297657166338332e-01
1.663238892012220971e-01
3.257026144898156339e-02
-1.039620861701644472e-01
-2.320295479720220211e-01
-3.384408491920808393e-01
-4.086791352890520868e-01
-4.228935609238655413e-01
-3.669073396201578130e-01
-2.427636900013521171e-01
-8.795825024004019776e-02
3.043037541381771530e-02
8.436720705959850630e-02
8.876729901862970284e-02
6.586017205139702013e-02
3.491087669641741720e-02
1.097207830231517606e-02
1.124624683006916412e-02
5.438443297252499448e-02
1.292793046735950802e-01
1.888122416969569839e-01
2.103643591351046782e-01
2.003688491705877261e-01
1.629592699539372802e-01
1.060892283551771731e-01
4.178467788226119389e-02
-2.082395861977529017e-02
-7.745152958437941104e-02
-1.232270632070993771e-01
-1.467225099024833945e-01
-1.327753913593718582e-01
-7.082943043719770737e-02
2.012321625570729841e-02
1.002846893977360904e-01
1.560250188650265657e-01
1.945442008624094499e-01
2.177529260634359920e-01
2.223553149226889514e-01
2.063614495485064093e-01
1.737015154377713200e-01
1.315454398423998306e-01
8.733693131427301692e-02
5.038559502795794676e-02
2.456122991457695970e-02
9.739832873321210838e-04
-2.699138881632529713e-02
-5.601398357453052368e-02
-8.242449605177668004e-02
-1.076510450615178888e-01
-1.358564566925074824e-01
-1.628298475572212411e-01
-1.739316620796538537e-01
-1.540616209636187506e-01
-1.108458368355936252e-01
-7.108945302088801044e-02
-5.402214361789742236e-02
-7.667280099583485831e-02
-1.441661510293528181e-01
-2.466325899801296018e-01
-3.761940207668352243e-01
-5.184504269306531299e-01
-6.434012510091520198e-01
-7.126303293473101874e-01
-6.901105666809177475e-01
-5.538317142101951696e-01
-2.912750795908724544e-01
7.230817201305740627e-02
4.322193954060420396e-01
6.843960998742352198e-01
8.029612634067739840e-01
8.115303693274169561e-01
7.455205516486118622e-01
6.351180837505763233e-01
5.027388375020216404e-01
3.667594115169207081e-01
2.407238226438818685e-01
1.321669675731090843e-01
4.502712490528523043e-02
-1.657114960848694168e-02
-5.118912749267089807e-02
-6.578539486841984696e-02
-6.808778816494581720e-02
-6.234009125956825603e-02
-5.482027070994203999e-02
-4.951495239772805979e-02
-4.631202985198982353e-02
-4.705364242858376539e-02
-5.326518750384728884e-02
-6.433035061854452952e-02
-8.031435863641318840e-02
-1.016457274582203002e-01
-1.232120050699334890e-01
-1.376926519848764019e-01
-1.468033102060982142e-01
-1.552344738999688334e-01
-1.643401859660862663e-01
-1.734964067962119216e-01
-1.781136672054957348e-01
-1.741503216458889503e-01
-1.620837830201335705e-01
-1.385858549146964658e-01
-9.400975965436983439e-02
-1.837142953296777570e-02
7.731722390279116564e-02
1.572081691298154726e-01
2.034486634049027520e-01
2.242404860540131994e-01
2.301507599915722790e-01
2.281695964807425869e-01
2.215124179516542446e-01
2.116005706860374647e-01
1.976549510062197146e-01
1.791835571183148235e-01
1.571495813329198965e-01
1.287319365859442011e-01
9.354558026101179868e-02
5.304808829295391132e-02
4.220659141084676796e-03
-5.196310885467200769e-02
-1.136918334474133763e-01
-1.822904564396411464e-01
-2.549272057177579542e-01
-3.227984406282782825e-01
-3.717281074384559680e-01
-3.864715678289850076e-01
-3.550018343635705231e-01
-2.657359665294510842e-01
-1.036810700723804074e-01
9.696115334704782929e-02
2.492566975881976565e-01
3.199924133231595857e-01
3.307048828815251085e-01
3.015380157076828493e-01
2.324935829310451341e-01
1.059279480844686622e-01
-7.078342749718366522e-02
-2.610384496677956578e-01
-4.240985690575815314e-01
-5.258328774704870145e-01
-5.332629800540746867e-01
-4.633234217132898847e-01
-3.882914218891715397e-01
-3.258159085593301807e-01
-2.373447514140298586e-01
-1.084060713315518759e-01
4.845154003253095837e-02
1.981497893085029105e-01
2.893152232205200014e-01
3.182835745909252667e-01
3.240784360455100654e-01
3.427017912016979140e-01
4.056122133964821241e-01
4.939069019682095774e-01
5.417591653830602372e-01
5.277652205554848042e-01
4.722142041247850974e-01
3.900812568663444280e-01
2.912152721192180493e-01
1.838262088363585567e-01
7.486887202281680698e-02
-3.098407511856478974e-02
-1.257223839950210864e-01
-1.970963091080281948e-01
-2.402921165008373994e-01
-2.603867898516256107e-01
-2.621003494607141437e-01
-2.470109566346564978e-01
-2.151943534971849648e-01
-1.762990464215264397e-01
-1.479492284216397113e-01
-1.324865685188960363e-01
-1.193593223927986030e-01
-9.972707275082538791e-02
-6.899064946278148092e-02
-2.585076212740029106e-02
1.987968308289319794e-02
4.807904150050240633e-02
5.142072844962004147e-02
3.560853464250772482e-02
5.035460087839668114e-03
-3.659992065406752343e-02
-8.256633865657650451e-02
-1.248797350470674389e-01
-1.562319758112553914e-01
-1.671574647867360708e-01
-1.465184850896024404e-01
-8.352754567168065025e-02
5.928572047015114033e-03
7.839787197308809019e-02
1.182619638221809044e-01
1.344227160903239127e-01
1.316176671229665474e-01
1.172242335520945339e-01
9.682067073469199925e-02
7.362182264333916315e-02
5.353639491892073221e-02
3.925380095344027653e-02
3.107237595238551003e-02
3.098338238915155848e-02
3.989822854305858507e-02
5.114571193787484371e-02
5.305693209466075255e-02
4.354627084584501012e-02
2.506189671110017891e-02
-1.515883991833457799e-03
-2.888844826740911628e-02
-5.079240252552222334e-02
-6.919707754814909129e-02
-8.595358048848682209e-02
-9.891618124816356494e-02
-1.055248568262104059e-01
-1.010596100077372633e-01
-8.502634052586918734e-02
-6.436889469559416155e-02
-3.950169436452644067e-02
-8.201551961774805263e-03
2.378368231073457045e-02
4.881543936672634587e-02
6.525347892277794104e-02
7.670437365299878629e-02
8.659055505272243713e-02
9.659324137220964834e-02
1.087313666862043671e-01
1.278657119498061712e-01
1.529242776520239877e-01
1.729899232768271344e-01
1.816703332755566780e-01
1.770351185650065051e-01
1.568727733698876137e-01
1.223620805938759326e-01
7.542081834008532160e-02
1.801374782966260954e-02
-4.424545223883315226e-02
-1.054457407981049949e-01
-1.663893205045166024e-01
-2.269416492793959184e-01
-2.791723865988033348e-01
-3.142065409529404829e-01
-3.345771752585501857e-01
-3.535477721322413114e-01
-3.744567355666058583e-01
-3.869905419901244481e-01
-3.796942178775333243e-01
-3.426053032829353140e-01
-2.613352804828421583e-01
-1.156426019227198149e-01
7.406824796318761672e-02
2.391801223394137421e-01
3.447886934716422047e-01
4.004318907180166587e-01
4.233244192228182712e-01
4.270796947692330758e-01
4.180668529519393495e-01
4.056608173793700978e-01
3.908105337638290155e-01
3.604873922809641584e-01
3.093889156646205674e-01
2.405393484058770126e-01
1.545532834789036802e-01
6.240571512069491289e-02
-2.022594850662524923e-02
-9.499577000373990443e-02
-1.688898232954750833e-01
-2.411504193735198309e-01
-3.051468386177230707e-01
-3.515869564049850515e-01
-3.726478758095984611e-01
-3.590627078293688879e-01
-3.095162382472104179e-01
-2.334575391301313974e-01
-1.375229017091828265e-01
-3.433862689824242892e-02
4.861267760347059985e-02
8.966953163608101796e-02
9.402914904935094631e-02
8.076492967814137558e-02
5.873009586137499516e-02
2.690332435066438224e-02
-1.245755965779738947e-02
-4.918445292274534197e-02
-6.551687152885289633e-02
-4.229497716135081908e-02
3.675124488309750026e-02
1.555319892869350684e-01
2.523064492916261004e-01
2.842361902942874274e-01
2.561342571671541557e-01
1.900445653792602052e-01
1.034146599829341706e-01
8.406491510355511634e-03
-8.558949929779735566e-02
-1.738126798704073550e-01
-2.460534932184536283e-01
-2.874663400925937529e-01
-2.820062708014950403e-01
-1.981563766297908258e-01
-4.678436046398287002e-02
9.435462581330442133e-02
1.767193275596521396e-01
1.944410177083185087e-01
1.548966715760612955e-01
7.611302985936393983e-02
-2.342555198878962242e-02
-1.169487391397556891e-01
-1.707497121500377024e-01
-1.605689738379000309e-01
-7.255886500871366884e-02
6.095534116632258387e-02
1.629351955583916434e-01
2.031497140576577209e-01
1.958256289856538934e-01
1.522440844111835334e-01
8.283430644942368914e-02
3.172258810142658536e-04
-8.092098447607784517e-02
-1.451666096374436832e-01
-1.769048921803323127e-01
-1.658403519960298111e-01
-1.017425895269770258e-01
7.468576973407088648e-03
1.168090325818723074e-01
1.852955218158831852e-01
2.063228571238486797e-01
1.884987831740116970e-01
1.418097251156462679e-01
7.935768982642825431e-02
1.557757770857353535e-02
-3.923810203976901834e-02
-7.996112103018747364e-02
-1.037769301992354232e-01
-1.070106825549060059e-01
-9.605990213014012347e-02
-9.069216999729691475e-02
-9.866731673830879401e-02
-1.177735973212038767e-01
-1.548211244704149891e-01
-2.118091147585420553e-01
-2.733772783912415405e-01
-3.187573474220508629e-01
-3.300640661441920920e-01
-2.892667472227123948e-01
-1.787021287873923892e-01
1.721850476513280687e-02
2.566838214289117182e-01
4.424086725798851982e-01
5.367334151337521675e-01
5.602977625766282221e-01
5.319420289873320051e-01
4.668478675054842375e-01
3.763276894208020251e-01
2.684582597234127510e-01
1.528389128327044266e-01
4.127630029139465334e-02
-6.036154928250220958e-02
-1.539706621002829012e-01
-2.424774923772494428e-01
-3.263944413880858209e-01
-4.050869140322080897e-01
-4.742323125099666137e-01
-5.256499135129003575e-01
-5.496536547789395710e-01
-5.335340793889947753e-01
-4.777657906416568623e-01
-3.961108724372127132e-01
-2.912072476981875102e-01
-1.538478899332360317e-01
3.644373647501245733e-02
2.675159140295811366e-01
4.725084094076505981e-01
6.134327394802077116e-01
6.850560197339462531e-01
6.711238148647966639e-01
5.775691808299534546e-01
4.341476264951483754e-01
2.729505461737007921e-01
1.265966073747064602e-01
2.035735681694548702e-02
-2.848764898624209924e-02
-1.996178588508451535e-03
8.038070495747511035e-02
1.558720559516205140e-01
1.941644472057581505e-01
1.969784862707029960e-01
1.627287035239313173e-01
8.880246173179850988e-02
-1.844482185114394018e-02
-1.363392209804505928e-01
-2.424139707420207013e-01
-3.281702864545157361e-01
-3.940048394108369156e-01
-4.333500657989542981e-01
-4.295101663243584555e-01
-3.799018570833279651e-01
-3.196489924287502227e-01
-2.958470420086365960e-01
-3.127616491371678631e-01
-3.332909887219804301e-01
-3.275863936082811234e-01
-2.882714958313277731e-01
-2.075028392852952541e-01
-7.651073387582611740e-02
8.241859022664420331e-02
2.195842785573587086e-01
3.010625093451877454e-01
3.268097223424025755e-01
3.240148870367693390e-01
3.035281151906696340e-01
2.514696925887770496e-01
1.820116064512454224e-01
1.338756683571528106e-01
1.212604644496178830e-01
1.120139720829655683e-01
7.399665380993340758e-02
2.263514696458259617e-02
6.556307624934181594e-03
4.748351615585191809e-02
1.125104139522021818e-01
1.737513931088066066e-01
2.165441355924804800e-01
2.151838765714267077e-01
1.796572500970727015e-01
1.564196030684688044e-01
1.529245911476028175e-01
1.250806388074306996e-01
5.838751635070793533e-02
-1.246339225948178003e-02
-4.765046900227988547e-02
-6.273509362977705561e-02
-1.275901570286937237e-01
-2.643736271040988406e-01
-4.310141313422203302e-01
-5.770439478625524199e-01
-6.851026106247100067e-01
-7.786589318819086003e-01
-8.694501395521202491e-01
-9.205837375904054598e-01
-8.796376478170493396e-01
-7.126497737895486351e-01
-4.310660430736321103e-01
-9.153692723964047817e-02
2.738534029249600765e-01
6.540692857381683600e-01
1.008066834745056983e+00
1.270219597867982886e+00
1.374842503205210953e+00
1.314020462820723489e+00
1.140373859355970687e+00
8.983092962852677887e-01
6.157089548714067551e-01
3.264688714843886896e-01
5.767491204044314368e-02
-1.802466076606196177e-01
-3.846635775437670657e-01
-5.508623143947024570e-01
-6.612370432691909716e-01
-6.956716008178447375e-01
-6.585797847003214134e-01
-5.605388190005294868e-01
-4.140233411088035109e-01
-2.520120173758448323e-01
-9.048144067879633490e-02
8.240747000372516951e-02
2.697057515671474337e-01
4.328781217082336430e-01
5.165621246375486919e-01
5.071693322630370648e-01
4.213269917073814708e-01
2.749014398532070858e-01
8.652044897626182118e-02
-1.137702723844912223e-01
-2.956105773760131505e-01
-4.409014432998135113e-01
-5.345414249183672029e-01
-5.596488852529087898e-01
-4.997527822497886962e-01
-3.670960257699951157e-01
-2.068589457175109003e-01
-3.725525250651993969e-02
1.316875533301400114e-01
2.478717491008853857e-01
2.720984766857369452e-01
2.197563215972253292e-01
1.208571640596245167e-01
-4.554907963499360557e-03
-1.338437640203474222e-01
-2.353206699359313148e-01
-2.807815750342546046e-01
-2.539331338395882653e-01
-1.607605424991147280e-01
-1.845196686413396944e-02
1.342624105009691260e-01
2.271703070593878160e-01
2.384119391951868838e-01
1.969963438388327159e-01
1.344660861693081910e-01
8.085381734954213973e-02
5.723583960037466334e-02
8.188032057808365682e-02
1.758512974573018528e-01
3.239903297462385368e-01
4.516221144135104115e-01
4.982299794433702744e-01
4.624934989309761879e-01
3.648410631186431163e-01
2.248717584558589944e-01
6.488294270522181051e-02
-8.994805805396026421e-02
-2.174198911466043715e-01
-3.181376810292534385e-01
-4.107710998245797662e-01
-4.957103061612587735e-01
-5.591989345799447397e-01
-5.890799327529097074e-01
-5.641206233638036416e-01
-5.029160039521528569e-01
-4.668011753942947206e-01
-4.617687762748984293e-01
-4.452218091428114533e-01
-3.757279066709753312e-01
-2.139301069822224788e-01
1.969946479772222148e-02
2.496181511910040562e-01
4.562451287193691196e-01
6.281305881384939838e-01
7.112412941598817984e-01
6.976848571267155741e-01
6.176860413904954328e-01
4.934485243708393032e-01
3.456860458349822474e-01
1.968738875008511080e-01
6.404331267683273377e-02
-4.024603110756951735e-02
-1.000708850385032544e-01
-9.760606103246573240e-02
-3.424966185968459503e-02
6.081250961963916013e-02
1.514701761148602166e-01
2.138415893391958644e-01
2.470864234072492061e-01
2.576326830867821660e-01
2.421901824651624957e-01
1.950310586414135128e-01
1.180318116157844655e-01
1.893780217379410769e-02
-9.719986370893668459e-02
-2.252447162515219814e-01
-3.561856247642185003e-01
-4.792500037691798664e-01
-5.870075317789084091e-01
-6.728239583627702025e-01
-7.200882051165081732e-01
-7.032705550012497975e-01
-5.937866109097618139e-01
-4.063904903438404492e-01
-1.998090747468839190e-01
1.360618225812417967e-02
2.144472240173158073e-01
3.291642130561255875e-01
3.391365066979994403e-01
2.839387062010788609e-01
2.004505976313863402e-01
1.204307924903208898e-01
7.878166510954133506e-02
1.117037562601327499e-01
1.983292648446528528e-01
2.555121635107843181e-01
2.490487407432875611e-01
2.072557195732995239e-01
1.610589786940302415e-01
1.337333447545120402e-01
1.445926983474795369e-01
1.828275770786856602e-01
2.027093026670935272e-01
1.845355235194775789e-01
1.384811713777639453e-01
7.704924377596927831e-02
8.150755167614515129e-03
-7.137282408498805963e-02
-1.590254939545334145e-01
-2.418297044242911364e-01
-3.053772034275052949e-01
-3.346280872832804176e-01
-3.117341029428075116e-01
-2.153423944400129075e-01
-6.860815234473978397e-02
5.547418325763901759e-02
1.248444785332035040e-01
1.561975061219389727e-01
1.582028387157614902e-01
1.256045137170756776e-01
6.543389015446325618e-02
-4.257079275801059493e-03
-7.242304889570047588e-02
-1.282862600080202919e-01
-1.543568061681458992e-01
-1.259963546401122458e-01
-4.856899762242949947e-02
3.652239199712793705e-02
9.633450007262744919e-02
1.077644264465980189e-01
7.128961871753333734e-02
9.924195027512450890e-03
-5.738425539785929619e-02
-1.132492411630170032e-01
-1.394451406646521896e-01
-1.200016136200634936e-01
-4.142333871363533537e-02
7.981448176332697764e-02
1.854598640537160059e-01
2.376452782557273435e-01
2.412521262982240677e-01
2.102628098141822721e-01
1.553766960925466178e-01
8.407262988702424167e-02
4.147921518294640439e-03
-7.423295681289597547e-02
-1.403487775816267824e-01
-1.841377854008145742e-01
-1.987721833721942388e-01
-1.876672640493629030e-01
-1.639199926978444910e-01
-1.357959770999489224e-01
-1.000140119928370208e-01
-4.752433072692552329e-02
2.058466312605668896e-02
9.036063855151810209e-02
1.451534524082770672e-01
1.701535808127925542e-01
1.678071865599178869e-01
1.511278028609648050e-01
1.269209293617998835e-01
1.003143277804445649e-01
7.474821409842789810e-02
5.144590173151285944e-02
2.914020030092370414e-02
3.433216158907145474e-03
-2.348530924610707504e-02
-4.441332675637976735e-02
-5.666645429103307763e-02
-6.211421675872627612e-02
-6.172329914319580474e-02
-5.299073992868814920e-02
-3.471610150014751289e-02
-1.401623557123676811e-02
-7.866874030112233282e-03
-2.791850819031471351e-02
-7.280445486874673189e-02
-1.350944509459626186e-01
-2.050916310534750542e-01
-2.733214470336074453e-01
-3.292446137889669111e-01
-3.599724946067289766e-01
-3.513415855353241857e-01
-2.853140894271651851e-01
-1.419918254491021603e-01
7.018853570949554199e-02
2.865727200672376629e-01
4.385878575329235640e-01
5.114982338723218502e-01
5.199121573802489849e-01
4.818967235062650567e-01
4.134534642433329577e-01
3.239144197422770266e-01
2.190988575180418119e-01
1.017860051332001303e-01
-2.336497370210484023e-02
-1.463160079321557949e-01
-2.531186711804961909e-01
-3.305353215304153158e-01
-3.713103362037531996e-01
-3.689707528505469236e-01
-3.138033856059473381e-01
-2.179210922200153500e-01
-1.145693860530034719e-01
-2.335213915791235079e-02
4.567514091835289669e-02
9.011020001781586131e-02
1.184120093921178229e-01
1.398708653973302907e-01
1.582297796955881297e-01
1.662673405570791463e-01
1.570600278969994656e-01
1.327780219507291026e-01
1.001075061233446112e-01
6.771390293021618823e-02
4.229512080635713933e-02
2.753234219771691360e-02
2.606315507636131415e-02
3.218831398537451427e-02
3.408989461357118944e-02
2.428846378169411888e-02
-1.427462485782921703e-03
-4.247194703483757328e-02
-9.206310184177629585e-02
-1.438811745037445744e-01
-1.941170554866743225e-01
-2.390551700776053501e-01
-2.741934771773538726e-01
-2.933769301672043972e-01
-2.878979373364793926e-01
-2.485832286191429485e-01
-1.680585292451896029e-01
-4.106443950558988365e-02
1.074213176099642897e-01
2.239450819138614213e-01
2.873440511827682897e-01
3.075218133221135353e-01
2.935406492029636882e-01
2.553259365465329611e-01
2.031608998694997559e-01
1.453584158258073300e-01
8.913299830618032216e-02
4.122846766532402285e-02
5.816051660871486041e-03
-1.616883812073347318e-02
-2.485470894653118989e-02
-2.370808338073344262e-02
-1.827356716132903444e-02
-7.591605604875567570e-03
1.707238845376816624e-02
5.460280907689799013e-02
8.874453311975090408e-02
1.113006917874444224e-01
1.234803199549144442e-01
1.254825117131854739e-01
1.174324145539509118e-01
9.768326765665358291e-02
6.424749461656414917e-02
1.902006944508015732e-02
-3.264115820895630016e-02
-9.162565306858870551e-02
-1.659702742599092895e-01
-2.587002024253889920e-01
-3.606615866823130734e-01
-4.522461918492468591e-01
-5.128802034492273565e-01
-5.354333563849708044e-01
-5.239891510419526499e-01
-4.738857280804610883e-01
-3.587291024689812646e-01
-1.771715896657186651e-01
2.402130210661200180e-02
1.965323328354343646e-01
3.055109050408213456e-01
3.546845600711130420e-01
3.791057366085160418e-01
3.991621141757054625e-01
4.218900353683576743e-01
4.347456942532529345e-01
4.050382833854198061e-01
3.219659173019573384e-01
1.998094930460849739e-01
6.154195458034121546e-02
-6.320160544918805579e-02
-1.514691508609146975e-01
-1.893745349389769350e-01
-1.847151491198532891e-01
-1.606472218726429091e-01
-1.225522503348255160e-01
-6.408972149628489046e-02
2.674058892030914403e-03
5.886383379781977981e-02
1.160698397702059764e-01
1.790160038268774068e-01
2.186271506524332386e-01
2.215166528910084420e-01
1.956598586219435998e-01
1.483743036389513215e-01
8.540853609986767681e-02
1.208422445071351964e-02
-6.672040468801875013e-02
-1.464243317589608850e-01
-2.201551293650430563e-01
-2.752551357121527098e-01
-2.900679672143732790e-01
-2.400903822516364805e-01
-1.443560336128171528e-01
-6.217341548134776297e-02
-1.785018506835841720e-02
-1.465567453313807583e-03
-1.729032296281506412e-03
-6.566764669911082444e-03
-6.152248234360420745e-03
7.396975685136648014e-03
2.983011898476056745e-02
4.504588437290912850e-02
5.071774974203943631e-02
4.963807594026928283e-02
3.533272492751063365e-02
1.034874804166802977e-02
-1.218763660707707953e-02
-1.500058141245560681e-02
1.594543909289704992e-02
6.244541882088275320e-02
8.293400695232927555e-02
6.237751021995052020e-02
1.452482430321999640e-02
-4.100129838023416906e-02
-8.458222394356984530e-02
-9.506570556583421316e-02
-6.748504226922596994e-02
-1.999790535889958004e-02
4.411301008145943753e-02
1.173633295809013710e-01
1.645988119774540459e-01
1.691591984882293287e-01
1.425927304063763223e-01
1.029297969481046127e-01
6.737272860358566040e-02
5.142356733750236275e-02
5.418396562106869707e-02
5.775390350921238980e-02
4.543690072423529208e-02
1.209034817139954983e-03
-7.750243436775028361e-02
-1.767781394272832651e-01
-2.798974097749941103e-01
-3.672796231370577535e-01
-4.258964420971107501e-01
-4.547931085611622848e-01
-4.455552415233914321e-01
-3.761720022234031346e-01
-2.228404333674349758e-01
-5.501885769432390827e-03
1.914671190429385328e-01
3.055694529010428706e-01
3.397483440503317742e-01
3.180581670180553377e-01
2.668158781963902992e-01
2.176574531082404451e-01
1.846314374602192609e-01
1.553830636834492573e-01
1.278210570459985262e-01
1.136309271829908374e-01
1.226152242715325830e-01
1.505733949806937200e-01
1.694086341742574442e-01
1.625324819876579618e-01
1.389818462340972061e-01
1.116869763441932645e-01
8.352295122895188328e-02
4.676020921371699945e-02
1.700890977771887802e-03
-4.257409636177482415e-02
-8.235050247224540154e-02
-1.166936065258288302e-01
-1.423918859025458394e-01
-1.517247972420889268e-01
-1.497021899143949897e-01
-1.588021777808799051e-01
-1.837537536150407880e-01
-2.130245477814265431e-01
-2.422835285093797308e-01
-2.707361443112641930e-01
-2.919409211277085858e-01
-2.938827118485753953e-01
-2.638840711073681122e-01
-1.890622213959803066e-01
-5.426722971237424309e-02
1.121793871297587231e-01
2.397568761423994887e-01
3.079732556260150744e-01
3.333085377563594909e-01
3.241957717147417872e-01
2.928935309372583395e-01
2.482255139160388924e-01
1.963216886385311388e-01
1.437141660434948509e-01
9.507364377279706180e-02
5.436060751592003415e-02
2.179217154685573338e-02
-5.875547376916171946e-03
-3.143876323435000619e-02
-5.288170774455094175e-02
-6.546398671597752905e-02
-6.898818548650967331e-02
-6.879297409014525910e-02
-7.092910140827259069e-02
-7.765957767179941518e-02
-8.616604603755222136e-02
-8.985359101362590251e-02
-8.077183100123311310e-02
-5.299917784193590442e-02
-1.100888851198195129e-02
2.849065147256197444e-02
5.403263653538050576e-02
6.758136760744437588e-02
7.239505642067398106e-02
6.817439412955543510e-02
5.575996733259781096e-02
3.880714602387277945e-02
2.090765399527460058e-02
4.425041358759550930e-03
-8.028813088153582619e-03
-1.421960027731275326e-02
-1.589693534427877308e-02
-2.426655361805488825e-02
-4.990409568056516226e-02
-8.996859467790317699e-02
-1.377196331141402885e-01
-1.872184157675575444e-01
-2.297614775980316992e-01
-2.573340696235982272e-01
-2.623383164276775203e-01
-2.349986298964729381e-01
-1.642334746542615243e-01
-3.687926005218482295e-02
1.206249170307134300e-01
2.372904331345952744e-01
2.864143374368697259e-01
2.899739744973025557e-01
2.651666778191382745e-01
2.221889797037367997e-01
1.700102809639093548e-01
1.150380834386859480e-01
6.032481403644422702e-02
1.330380161752973793e-02
-1.242129726492135523e-02
-6.843016000052815767e-03
2.337650977850160364e-02
5.471907305926784759e-02
7.120441571881053200e-02
7.215651296125072389e-02
5.980912691539246040e-02
3.695924316436026424e-02
6.556506739712662790e-03
-2.931102430773489809e-02
-6.583262917954750548e-02
-9.907220154680868029e-02
-1.279274149382051973e-01
-1.451580112858281701e-01
-1.341895086576497254e-01
-1.016001278972347710e-01
-8.700587663351420920e-02
-1.087044554305866551e-01
-1.544872389644747490e-01
-2.084820371472134448e-01
-2.568511911985597029e-01
-2.872711253672151632e-01
-2.851709280360625320e-01
-2.401968921949285962e-01
-1.480538958790443282e-01
-7.523206241705892444e-04
1.698492001071122137e-01
2.937411808349904008e-01
3.522032033688768937e-01
3.659808389002528473e-01
3.479823421983707643e-01
3.096353016649868728e-01
2.616787039015709970e-01
2.113579761435880611e-01
1.613334443825810705e-01
1.128171740684689034e-01
6.749136197229679834e-02
2.586216119661174928e-02
-1.292780746780593237e-02
-4.702777096229279058e-02
-7.160774736787549333e-02
-8.607034415063682942e-02
-9.367044640206934059e-02
-9.674641174205142469e-02
-9.692329422804291106e-02
-9.496397121023705812e-02
-8.994317676366289649e-02
-8.007653169626569034e-02
-6.464321422539176520e-02
-4.568653808574821285e-02
-3.001115714324360112e-02
-2.457871744168004316e-02
-2.915240132328561842e-02
-3.934420782191106608e-02
-5.211493360241650080e-02
-6.519687477580994595e-02
-7.513858524387258264e-02
-8.288683676370178777e-02
-8.871738204813714446e-02
-8.323715389440929091e-02
-5.866350926704972518e-02
-1.287118286623319119e-02
4.631419528817354997e-02
1.021083486195815404e-01
1.475475279804280837e-01
1.835327911395996103e-01
2.098987305446283480e-01
2.265972691389299132e-01
2.328642988351414533e-01
2.260805079250287064e-01
2.039274582246136391e-01
1.668430639352557199e-01
1.162536942823378106e-01
5.188423574387773796e-02
-2.667953523655636899e-02
-1.139724717256703490e-01
-2.009117199542999055e-01
-2.827610482800568259e-01
-3.580666964384885964e-01
-4.232784220828249011e-01
-4.724083614567316514e-01
-4.984326840302091277e-01
-4.927346204100337412e-01
-4.467775738684331976e-01
-3.473600660297146980e-01
-1.745330291911480480e-01
4.454480273900915388e-02
2.339003069814512281e-01
3.631426596910781179e-01
4.425568475355379783e-01
4.759333665355430787e-01
4.706399755113185313e-01
4.398086827076275740e-01
3.944409082176298931e-01
3.382330654725502206e-01
2.749195083281747998e-01
2.105109319951494751e-01
1.471436324415424657e-01
8.706433903139555730e-02
3.546235341053455281e-02
-3.757239242101632903e-03
-3.099722009542196094e-02
-4.984934153099261633e-02
-6.367987841266939397e-02
-7.468564095861665586e-02
-8.818239957248516503e-02
-1.115532531999129939e-01
-1.449911381998433002e-01
-1.776413325574785484e-01
-1.954525960628342718e-01
-1.929890156483890784e-01
-1.807858045354226728e-01
-1.718812425732594296e-01
-1.648894533604207402e-01
-1.537768753249689202e-01
-1.429643345413520450e-01
-1.422826039218042793e-01
-1.500634719373165893e-01
-1.541467805440797645e-01
-1.401206891010371991e-01
-9.172742273716455452e-02
9.013763576330314359e-03
1.380321788723646304e-01
2.267541045101720831e-01
2.494057941791447131e-01
2.235459538789505984e-01
1.647917226450088535e-01
8.766229752093336602e-02
6.290345379982145713e-03
-6.624328228158270215e-02
-1.180526716025155770e-01
-1.379785726233867804e-01
-1.150321609920804677e-01
-3.845724061097163804e-02
6.882699885569908138e-02
1.511759713099561364e-01
1.856269108512162702e-01
1.805053459141087446e-01
1.463045294677110253e-01
9.465098035798925891e-02
3.478631860382658259e-02
-2.306310637329981456e-02
-6.797355259572995800e-02
-9.192288313403881861e-02
-8.908710746755235665e-02
-5.400297436826456687e-02
2.432439209307035027e-03
4.811942578778196505e-02
6.527270725603545598e-02
6.078899285521574547e-02
4.369189172041134522e-02
1.962038390698621348e-02
-4.943387926011467634e-03
-2.475033135823075103e-02
-3.639538079418136451e-02
-3.858848129642784841e-02
-3.365901521288060250e-02
-2.389109804654335201e-02
-1.198233542314494290e-02
-2.361514099636002895e-03
4.541845294126446372e-03
9.633708779108284340e-03
9.922190542642077976e-03
6.215023457006156084e-03
3.191102175982531847e-03
9.621275705326663708e-04
-2.646124137372285121e-03
-7.149939766550969522e-03
-1.165062428446846272e-02
-1.707359223673509535e-02
-2.145536802692196016e-02
-1.983456206301908303e-02
-1.157628334247659541e-02
5.893941788650521388e-04
1.512492429736280244e-02
3.213384874841954814e-02
5.058052503874453654e-02
6.599052987715339769e-02
7.474229115049844940e-02
7.523511610379149395e-02
6.418724177113789564e-02
3.819098838197808321e-02
2.123259358079114707e-03
-3.324824175690215683e-02
-6.377520056814864335e-02
-8.857046332165184610e-02
-1.058321605435388751e-01
-1.162225964574986337e-01
-1.217658745673041998e-01
-1.233625102592973422e-01
-1.190646803767710926e-01
-1.069478315011797437e-01
-8.557887554658773210e-02
-4.960924720527211396e-02
-2.777969908479087455e-03
3.482646924520732545e-02
5.169482452903866043e-02
5.389273024274138929e-02
5.170209561919716923e-02
4.704836044524666333e-02
3.805720090867502348e-02
2.969882894721116717e-02
2.309437543253139644e-02
1.674478534061588433e-02
1.374973046578323657e-02
1.696002152189784659e-02
3.019429289921271228e-02
5.156644179302169451e-02
6.943066938222552942e-02
7.847760807847044273e-02
8.144666190819321860e-02
8.041494770139250015e-02
7.651414789987075193e-02
6.906358821783988022e-02
5.757710649840316192e-02
4.257074013682024538e-02
2.443860615498642114e-02
4.616372609429906376e-03
-1.188899618888650082e-02
-2.011258448585473077e-02
-2.171034813918427259e-02
-2.012910992398689661e-02
-1.760645453621697762e-02
-1.792450852532736713e-02
-2.253259739345432264e-02
-2.962306576776399525e-02
-3.639115110291823302e-02
-3.919880714267046096e-02
-3.689113278211414437e-02
-2.881756954787493413e-02
-1.617231187629577377e-02
-8.546507961516847107e-03
-1.308206754371452930e-02
-2.794274150237611998e-02
-5.066165445428026659e-02
-7.599858277750477786e-02
-9.044055942961681804e-02
-7.943584986897113398e-02
-3.392412959025262187e-02
3.242413174888033461e-02
8.723743264869321390e-02
1.215131990201757245e-01
1.406749185931886748e-01
1.409968893501843401e-01
1.253500017689745116e-01
1.020853480268924668e-01
6.793833195520219970e-02
1.539560162517837616e-02
-5.007430959146826760e-02
-1.121483088556503305e-01
-1.525058245715413263e-01
-1.679348526324105917e-01
-1.687005956220523906e-01
-1.459629392393490543e-01
-7.610004548930550394e-02
1.134001608074329884e-02
4.099699600248671305e-02
-8.059578181067346414e-03
-1.047140679520660034e-01
-2.198353691578421587e-01
-3.299657125325362039e-01
-4.117652338047686489e-01
-4.370746046879803726e-01
-3.714491340062744951e-01
-2.055218623238135034e-01
3.199276663873974053e-02
2.781431892906199854e-01
4.532918198440008539e-01
5.374098796306697734e-01
5.653744129808591090e-01
5.728579264852954323e-01
5.659763860000227575e-01
5.222181565498102973e-01
4.380005499835068483e-01
3.284607059704407472e-01
2.071131904330457407e-01
8.416917539310805885e-02
-3.013176778057435889e-02
-1.183576070925562163e-01
-1.851066543001783082e-01
-2.614892584038138179e-01
-3.545511390235801530e-01
-4.474248798845019137e-01
-5.207467807482758504e-01
-5.488003782222730109e-01
-5.080280264350259811e-01
-3.809659258139399540e-01
-1.984889713133828337e-01
-4.072489080722924149e-02
6.438067380131352879e-02
1.398601345501561677e-01
1.881211298142118071e-01
1.986169981647245009e-01
1.839082320507449408e-01
1.756543522507541810e-01
1.743809516840645613e-01
1.445167713339298443e-01
7.541826574174165243e-02
-1.525282345223097358e-02
-1.078723283001367383e-01
-1.778282973884120211e-01
-2.002752215624146737e-01
-1.667654767982803266e-01
-1.044490087789013283e-01
-4.375357641593125013e-02
2.537657861378569274e-02
1.392526558389493019e-01
2.847255211709086575e-01
3.919267557095920118e-01
4.354010702174931358e-01
4.292013792945665318e-01
3.805211988284890046e-01
2.987524306752792902e-01
1.926620194668032804e-01
7.338575320130474866e-02
-4.761333601698483631e-02
-1.649256636927582675e-01
-2.763186619171462133e-01
-3.758324132269517115e-01
-4.519595610949184161e-01
-4.955855663843461989e-01
-4.935929651328389012e-01
-4.279365117789022399e-01
-3.077504816143398214e-01
-1.595888001540081147e-01
1.438280626640030951e-02
1.943694659433875260e-01
3.267788996872000862e-01
3.913619617192969358e-01
3.934003593249694175e-01
3.333437802491776569e-01
2.301504256859366881e-01
1.172071699509623782e-01
1.128071556519892257e-02
-8.567078383767108563e-02
-1.657925851465331113e-01
-2.149151524827637993e-01
-2.348487673054149849e-01
-2.355696669013182809e-01
-2.139126472076747498e-01
-1.654407157439194698e-01
-1.053048053546830898e-01
-6.616495838188585221e-02
-5.459256282262946874e-02
-4.899235439433652362e-02
-4.167332522758984692e-02
-3.770450526407706504e-02
-2.858349214244825659e-02
5.962946182101497294e-03
8.399864337852282203e-02
1.888753991102733454e-01
2.691423848577201849e-01
3.043349044974088535e-01
3.046446733045931610e-01
2.790042787937355162e-01
2.373640767054281397e-01
1.866585405884794713e-01
1.327480157877234668e-01
8.219639358009045438e-02
3.734823871266747947e-02
-2.079338609825714251e-03
-3.448357994800776982e-02
-5.279443260001238231e-02
-5.528858112065340030e-02
-5.228591174894204469e-02
-4.935481679788041032e-02
-4.563486127263938208e-02
-4.255869677935119472e-02
-4.058062132319833343e-02
-3.918424780895581744e-02
-3.911768498332440780e-02
-4.034008299865139702e-02
-4.295026640278029606e-02
-4.698965267327465112e-02
-5.502645387923868481e-02
-7.576958711548867353e-02
-1.129794093036020908e-01
-1.626517852731863001e-01
-2.205583199737847500e-01
-2.804317358232004120e-01
-3.319800166882865278e-01
-3.644807251039037799e-01
-3.684332656851027066e-01
-3.309311277117115702e-01
-2.354340528081543260e-01
-6.520031910960551180e-02
1.475606238366196643e-01
3.205558154057316367e-01
4.209808854858984595e-01
4.645612585558945296e-01
4.629370245805424777e-01
4.265787066175039666e-01
3.661662323411855047e-01
2.911596511932886266e-01
2.096718570234958612e-01
1.280556469088675320e-01
5.028412054709898577e-02
-2.138972908147575985e-02
-8.541987252290461630e-02
-1.392746350950344048e-01
-1.789912059338894801e-01
-2.037411160544257693e-01
-2.143809917143513211e-01
-2.130355837548995879e-01
-2.057299056577403251e-01
-1.943024734931325104e-01
-1.740669427272675540e-01
-1.412930980017230997e-01
-9.421622418721128933e-02
-2.782097078599859996e-02
4.626608027643217685e-02
9.855362462313040084e-02
1.217719710928024668e-01
1.272705928997778790e-01
1.204296494708803483e-01
1.014724533278012070e-01
7.518035968528347102e-02
4.991302942988172509e-02
2.913830298513971420e-02
1.492617169067172664e-02
1.058875900965059597e-02
1.849884330386240491e-02
3.543182132245412119e-02
5.219856574864299714e-02
6.379063471551796316e-02
7.104370403973096770e-02
7.505440164905036182e-02
7.717511351456750324e-02
7.769407077647767779e-02
7.568658471300379609e-02
7.049748740522214507e-02
5.953047904614904018e-02
3.892047505625390730e-02
6.779464674549748326e-03
-3.138256645708397546e-02
-6.656432712551826891e-02
-9.793682726493369017e-02
-1.280589400045201720e-01
-1.551798345307315863e-01
-1.763726089004307718e-01
-1.910424420357209330e-01
-1.986620917921018692e-01
-1.952477032703432980e-01
-1.743068792135449852e-01
-1.286408488919429660e-01
-5.663624013735439611e-02
3.022297327848124521e-02
1.055113648535214305e-01
1.447845321021104248e-01
1.462498249539773143e-01
1.211708233113046318e-01
8.043069118417381369e-02
3.209061364886116319e-02
-1.658621196878513893e-02
-5.601540082715020241e-02
-7.549678974968213052e-02
-6.434462018977943343e-02
-1.464626007552489659e-02
5.526250839991238978e-02
1.042301743589936214e-01
1.174521267999766444e-01
1.031254083745161976e-01
6.798379645714522357e-02
2.111412380420901735e-02
-2.738941909997156393e-02
-6.731421454427126416e-02
-9.036911089505851591e-02
-9.305527723965982545e-02
-7.357170048606928581e-02
-2.739203423774972876e-02
3.328400861399510857e-02
7.877637702299739031e-02
1.014333476291728181e-01
1.099984816807888233e-01
1.092442795926459320e-01
1.026789234104825144e-01
9.105040766591011858e-02
7.372880663552935920e-02
5.141678787633168629e-02
2.724002606179922598e-02
4.826064460680941012e-03
-1.335518944216087037e-02
-2.755776587854918275e-02
-4.054573693004064755e-02
-5.491767439233993797e-02
-7.064980659482542058e-02
-8.590870231438205162e-02
-1.010985536613093760e-01
-1.171076123557562298e-01
-1.320744298471908662e-01
-1.422712313252917082e-01
-1.418609048087297042e-01
-1.224623093831967574e-01
-7.433352350357531890e-02
-3.241961902718934127e-03
6.429805380295795791e-02
1.122164700825840217e-01
1.430482954896945547e-01
1.614516654266570650e-01
1.695446339516071821e-01
1.672564570766525704e-01
1.544266707575928099e-01
1.326966473444433359e-01
1.047530749251863041e-01
7.137512509310453557e-02
3.166813841467085167e-02
-1.253326306219633250e-02
-5.699469140365878012e-02
-9.771317025026883540e-02
-1.295866427857167436e-01
-1.495883584522764709e-01
-1.604432994189464168e-01
-1.642077150962577836e-01
-1.606314482009131850e-01
-1.505332066518058620e-01
-1.322290110681670627e-01
-1.010200207932549499e-01
-5.104341682064400532e-02
1.013686663275643364e-02
6.032066145987873690e-02
9.218591714135872250e-02
1.092445815713620760e-01
1.098529100035665340e-01
9.608999774446261299e-02
7.445769985662778478e-02
4.986527033084718619e-02
2.441237628944518262e-02
2.416567205038748674e-03
-7.706344237386369631e-03
2.199269181489505939e-04
2.157807207062669569e-02
4.150873186555201211e-02
5.170957550291905430e-02
5.451879345588250825e-02
5.314359776920754563e-02
5.044873928144026631e-02
5.019202912111207088e-02
5.416537280259590970e-02
5.935781550018917607e-02
5.888729833187316548e-02
4.707887846068352367e-02
2.358765375029970093e-02
-4.378269239572170866e-03
-2.868573597401981312e-02
-5.071392486975038333e-02
-7.442025037215715955e-02
-1.000698130231655464e-01
-1.259284448375501131e-01
-1.473018093574070264e-01
-1.584419650301537863e-01
-1.564903671112897188e-01
-1.389455921201759037e-01
-9.895690476804019919e-02
-2.864632642376683386e-02
5.836696323948585563e-02
1.288423752557211477e-01
1.695392831230315145e-01
1.867922086985112362e-01
1.879392050213533338e-01
1.786269836125030652e-01
1.603822508955859982e-01
1.336016702160666980e-01
9.928140139679514364e-02
5.798413099767211337e-02
1.014993640048219604e-02
-4.205063857534897809e-02
-9.560873729995285342e-02
-1.478904805732025873e-01
-1.962075980344643034e-01
-2.371567844316037899e-01
-2.669561752337222815e-01
-2.818005287994275743e-01
-2.753991496022715202e-01
-2.389251803247425254e-01
-1.645776754454348900e-01
-6.575791863242548552e-02
2.760107516616464723e-02
1.087270785560986025e-01
1.803041623519025249e-01
2.295776527537166933e-01
2.473614873110050738e-01
2.378620907229947179e-01
2.089019519133858416e-01
1.660122710670224044e-01
1.152108108987186519e-01
6.477933384088320479e-02
2.230210566248108650e-02
-7.596895532153090901e-03
-2.337105497865501341e-02
-2.554459319371528772e-02
-1.924402553377518865e-02
-1.442449625552945369e-02
-1.614993186916242884e-02
-2.201785731243828537e-02
-2.778309032627060415e-02
-3.017225096289385261e-02
-3.043731544763254859e-02
-3.246085910898831306e-02
-3.676795406918878517e-02
-4.067027615609647428e-02
-4.029647326005948021e-02
-3.147016435353641034e-02
-1.037926838725036424e-02
1.830578915140725071e-02
4.266904590971107997e-02
5.698970372366016224e-02
6.000693872038893178e-02
5.289087499708939460e-02
4.076065749302269087e-02
2.800641668546285934e-02
1.583414654179696526e-02
3.654361721169451481e-03
-9.225481213664822600e-03
-2.371534242996894970e-02
-3.757859793550162586e-02
-4.628692530298761376e-02
-4.903442545530536240e-02
-4.693325248258211485e-02
-4.118234209981488925e-02
-3.409727474833870731e-02
-2.703796247484571702e-02
-2.173330259407686357e-02
-2.132363756397080701e-02
-2.579722966224529471e-02
-3.219608294399282228e-02
-3.721755849224104434e-02
-3.791223462485852208e-02
-3.355911889051858138e-02
-2.574544593941636289e-02
-1.622390737855663664e-02
-4.384398343701484228e-03
9.552888007250244506e-03
2.220803529378623936e-02
3.174875837874125556e-02
3.692400955647037741e-02
3.587336843162352434e-02
3.369978909506159137e-02
3.735393970939786257e-02
4.289786196526385043e-02
4.355362246246505253e-02
3.854858566209387605e-02
3.058144897731714454e-02
2.222251703865645023e-02
1.414534541796962260e-02
8.874186558340947314e-03
9.086169270313845803e-03
1.289922446175567269e-02
1.742642884539775255e-02
2.141817085307608226e-02
2.509655215700008768e-02
2.967295437194947955e-02
3.494126566548616530e-02
3.961560250288459484e-02
4.174986519698321158e-02
3.971157020934257265e-02
3.398333722456479272e-02
2.658496175151256469e-02
2.003857463346206402e-02
1.451110520967040934e-02
8.257937259128309004e-03
7.021360330352419826e-04
-7.941413548134082859e-03
-2.141917395841577004e-02
-4.725355562180234142e-02
-8.596139282950125693e-02
-1.322420697819851332e-01
-1.824970721121894346e-01
-2.315879883852624277e-01
-2.711032103321232012e-01
-2.936547019242531920e-01
-2.931147324696565248e-01
-2.607776402171410046e-01
-1.848339628505199783e-01
-5.008463661202551542e-02
1.181960933837379185e-01
2.524492753753511121e-01
3.290140024635810900e-01
3.642644779233672470e-01
3.701534562995849043e-01
3.556585458525148846e-01
3.251216870124306602e-01
2.819657864804970826e-01
2.309339402295983723e-01
1.769937241377798620e-01
1.257542675190980730e-01
8.085807386621740589e-02
4.311183616796315787e-02
