-4.269409775733947754e-01
-1.753297448158264160e-01
-4.158003330230712891e-01
-2.447358965873718262e-01
-2.250267267227172852e-01
-2.211341857910156250e-01
-2.855649590492248535e-01
-2.646242976188659668e-01
-2.373622655868530273e-01
-2.417611479759216309e-01
-2.760165929794311523e-01
1.085885286331176758e+00
-1.842370629310607910e-01
-2.962673306465148926e-01
-2.778321504592895508e-01
-2.541446685791015625e-01
-2.775565981864929199e-01
-2.394789457321166992e-01
-2.574408650398254395e-01
-2.443000078201293945e-01
-2.215577960014343262e-01
-2.814841866493225098e-01
-2.360954284667968750e-01
6.896754503250122070e-01
-2.632034420967102051e-01
-2.325120568275451660e-01
-2.449314594268798828e-01
-2.541788220405578613e-01
-2.814807295799255371e-01
-2.043757438659667969e-01
-2.698393464088439941e-01
-2.906661033630371094e-01
-2.697406411170959473e-01
-2.093690037727355957e-01
-2.264971137046813965e-01
1.089743137359619141e+00
-2.330508232116699219e-01
-3.379086852073669434e-01
-2.769853472709655762e-01
-2.620984315872192383e-01
-3.071559667587280273e-01
-2.884215712547302246e-01
-3.304560184478759766e-01
-2.578565478324890137e-01
-3.009745478630065918e-01
-2.612757086753845215e-01
-3.095514774322509766e-01
7.645297050476074219e-01
-2.150460481643676758e-01
-2.854195237159729004e-01
-2.455803155899047852e-01
-2.380623817443847656e-01
-2.737395167350769043e-01
-2.794181108474731445e-01
-2.455468773841857910e-01
-2.488937377929687500e-01
-2.525918483734130859e-01
-2.543754577636718750e-01
-4.158100485801696777e-01
8.673080205917358398e-01
-3.048858046531677246e-01
-2.171270251274108887e-01
-2.467920184135437012e-01
-2.531664967536926270e-01
-2.654380798339843750e-01
-2.879967689514160156e-01
-2.464095950126647949e-01
-2.606414556503295898e-01
-3.160289525985717773e-01
-2.660571932792663574e-01
-2.942108511924743652e-01
4.718517959117889404e-01
-2.634204626083374023e-01
-2.475928664207458496e-01
-2.190350294113159180e-01
-3.151701092720031738e-01
-3.179391026496887207e-01
-3.019875288009643555e-01
-2.657682299613952637e-01
3.425776958465576172e-03
-2.534327507019042969e-01
4.548947513103485107e-01
-2.607324719429016113e-01
1.059056043624877930e+00
-2.160565853118896484e-01
-3.256677389144897461e-01
-2.070561647415161133e-01
-2.823179364204406738e-01
-3.838355541229248047e-01
-2.826097607612609863e-01
-2.915552258491516113e-01
-1.686200499534606934e-01
2.078322917222976685e-01
-2.713515162467956543e-01
-2.904396057128906250e-01
-1.962262988090515137e-01
-7.210898399353027344e-02
-3.346902728080749512e-01
-2.556406855583190918e-01
-2.058233618736267090e-01
-2.596312165260314941e-01
-2.340189218521118164e-01
-3.302345275878906250e-01
-2.429485321044921875e-01
-2.986233830451965332e-01
-2.456721067428588867e-01
-2.541791796684265137e-01
-3.219957351684570312e-01
-2.821643352508544922e-01
-2.088473439216613770e-01
-2.690851092338562012e-01
-2.667335867881774902e-01
-2.529342770576477051e-01
-2.398104071617126465e-01
-2.814345955848693848e-01
-2.616997957229614258e-01
-2.387465238571166992e-01
-2.771114110946655273e-01
-2.308865189552307129e-01
-2.331952452659606934e-01
-2.794920802116394043e-01
-2.568964958190917969e-01
-2.300513386726379395e-01
-2.407759428024291992e-01
-2.657607793807983398e-01
-2.669174671173095703e-01
-2.474007010459899902e-01
-2.812672853469848633e-01
-2.785053849220275879e-01
-2.762581706047058105e-01
-2.819864153861999512e-01
-3.014258742332458496e-01
-2.671092152595520020e-01
-2.695801854133605957e-01
-3.011844158172607422e-01
-2.279420495033264160e-01
-2.863565087318420410e-01
-2.740035057067871094e-01
-2.563760280609130859e-01
-2.657723426818847656e-01
-2.735875248908996582e-01
-2.656975388526916504e-01
-2.557023763656616211e-01
-3.319308757781982422e-01
-2.879671454429626465e-01
-2.892832756042480469e-01
-2.853513360023498535e-01
-2.606430649757385254e-01
-2.399679422378540039e-01
-2.024317979812622070e-01
-2.595981359481811523e-01
-2.514269351959228516e-01
-2.965078949928283691e-01
-2.462941408157348633e-01
-2.498176097869873047e-01
-1.252889633178710938e-01
-2.501241564750671387e-01
-2.491025924682617188e-01
-2.257704734802246094e-01
-2.531482577323913574e-01
-2.627821564674377441e-01
-2.957624197006225586e-01
-2.638696432113647461e-01
-2.402358055114746094e-01
-3.032710552215576172e-01
-2.901873588562011719e-01
-2.814772129058837891e-01
4.934519529342651367e-01
-2.964692115783691406e-01
-2.727239727973937988e-01
-2.858250141143798828e-01
-2.527754306793212891e-01
-2.957232594490051270e-01
-2.649139761924743652e-01
-2.449514269828796387e-01
-2.906950116157531738e-01
-3.630205988883972168e-01
-2.876227498054504395e-01
-4.369553923606872559e-01
-3.159369826316833496e-01
-2.678236961364746094e-01
-2.319704294204711914e-01
-2.517697215080261230e-01
-2.720455527305603027e-01
-2.764582037925720215e-01
-2.721015214920043945e-01
-2.104312181472778320e-01
-2.749853134155273438e-01
-2.699211835861206055e-01
-2.645391821861267090e-01
-3.428803086280822754e-01
4.963930249214172363e-01
-2.277283072471618652e-01
-2.732903361320495605e-01
-2.538000345230102539e-01
-2.657691836357116699e-01
-2.555011510848999023e-01
-2.068597078323364258e-01
-2.626946568489074707e-01
-2.556618452072143555e-01
-2.856311798095703125e-01
-2.756344079971313477e-01
-2.093340754508972168e-01
-4.474281072616577148e-01
-2.542452216148376465e-01
-2.541450262069702148e-01
-2.525967955589294434e-01
-3.348509073257446289e-01
-2.524427771568298340e-01
-2.969254255294799805e-01
-2.130455374717712402e-01
-2.812866568565368652e-01
-2.214841246604919434e-01
-2.835150957107543945e-01
-2.484365701675415039e-01
-2.175534963607788086e-01
-2.180786132812500000e-01
-2.887755036354064941e-01
-1.945377588272094727e-01
-2.812657952308654785e-01
-2.872682809829711914e-01
-2.195352315902709961e-01
-2.686638236045837402e-01
-2.456462979316711426e-01
-2.471204400062561035e-01
-2.294911146163940430e-01
-2.725712060928344727e-01
-3.145685195922851562e-01
-2.790386676788330078e-01
-2.888070940971374512e-01
-2.255694866180419922e-01
-2.664897441864013672e-01
-2.692365050315856934e-01
-2.406463027000427246e-01
-2.203044295310974121e-01
-2.789145708084106445e-01
-3.112066984176635742e-01
-2.631738185882568359e-01
-2.300256490707397461e-01
-2.355666160583496094e-01
-2.480395436286926270e-01
-2.461317181587219238e-01
-2.815597653388977051e-01
-2.298834323883056641e-01
-2.489200830459594727e-01
-2.783707976341247559e-01
-2.692473530769348145e-01
-2.718416452407836914e-01
-2.631410360336303711e-01
-3.595265746116638184e-01
-3.118469715118408203e-01
-3.501018285751342773e-01
-2.657045722007751465e-01
-2.664476633071899414e-01
-2.618793845176696777e-01
-2.294147610664367676e-01
-2.749853730201721191e-01
-2.450838685035705566e-01
-2.749280929565429688e-01
-2.324270606040954590e-01
-2.812063694000244141e-01
-2.744351625442504883e-01
-2.728929519653320312e-01
-2.689850330352783203e-01
-2.350612878799438477e-01
-2.252001762390136719e-01
-2.775475382804870605e-01
-2.590100169181823730e-01
-3.433306217193603516e-01
-2.697252631187438965e-01
-2.520159482955932617e-01
-2.247029542922973633e-01
-2.614225745201110840e-01
-2.586451768875122070e-01
-2.594047188758850098e-01
-3.264507651329040527e-01
-2.913390994071960449e-01
-2.244774103164672852e-01
-2.662729620933532715e-01
-2.573835253715515137e-01
-2.653626799583435059e-01
-2.633574008941650391e-01
-2.574576735496520996e-01
-2.814816832542419434e-01
-2.449678182601928711e-01
-2.606413364410400391e-01
-2.413425445556640625e-01
-3.814908266067504883e-01
-2.814816832542419434e-01
-2.606705427169799805e-01
-2.766689062118530273e-01
-2.805559635162353516e-01
-2.746644616127014160e-01
-2.492120265960693359e-01
-2.606413364410400391e-01
-2.700516581535339355e-01
-3.239225745201110840e-01
-2.659708857536315918e-01
-2.809053063392639160e-01
6.809949874877929688e-03
-2.712018489837646484e-01
-2.864137887954711914e-01
-2.730373740196228027e-01
-2.944900393486022949e-01
-2.933293581008911133e-01
-2.688831686973571777e-01
-2.441611886024475098e-01
-2.986066937446594238e-01
-2.871551513671875000e-01
-2.769052386283874512e-01
-3.037232756614685059e-01
-2.392365336418151855e-01
-2.799228429794311523e-01
-2.811134457588195801e-01
-2.899057865142822266e-01
-2.764874696731567383e-01
-2.707882523536682129e-01
-2.679908871650695801e-01
-2.770521044731140137e-01
-2.658231258392333984e-01
-2.294328212738037109e-01
-2.567467689514160156e-01
-2.740553617477416992e-01
-2.853910923004150391e-01
-2.714054584503173828e-01
-2.667369842529296875e-01
-2.795333266258239746e-01
-2.528954148292541504e-01
-3.410036563873291016e-01
-2.814816832542419434e-01
-2.814314365386962891e-01
-2.480415701866149902e-01
-2.464837431907653809e-01
-2.293834686279296875e-01
-2.338414788246154785e-01
2.245724946260452271e-01
-2.392199039459228516e-01
-2.282528281211853027e-01
-2.712984681129455566e-01
-2.494634389877319336e-01
-2.811601161956787109e-01
-2.963579893112182617e-01
-2.903148531913757324e-01
-3.086149692535400391e-01
-2.969744801521301270e-01
-2.703885436058044434e-01
-2.472246885299682617e-01
-4.178861379623413086e-01
-2.505864500999450684e-01
-2.657695412635803223e-01
-2.675284147262573242e-01
-2.406308650970458984e-01
-2.903922200202941895e-01
-3.144264817237854004e-01
-2.871367931365966797e-01
-3.096020221710205078e-01
-2.651453018188476562e-01
-2.814361453056335449e-01
-2.622649669647216797e-01
-2.073249220848083496e-02
-2.899546623229980469e-01
-2.450705766677856445e-01
-2.559546828269958496e-01
-2.769474387168884277e-01
-2.448948025703430176e-01
-2.681454420089721680e-01
-2.566871047019958496e-01
-2.959496378898620605e-01
-2.666209936141967773e-01
-2.621183395385742188e-01
-2.364219427108764648e-01
-2.774829864501953125e-01
-2.590258121490478516e-01
-2.657523751258850098e-01
-2.918241620063781738e-01
-2.804542779922485352e-01
-2.577692270278930664e-01
-2.662774920463562012e-01
-2.663012742996215820e-01
-2.642291784286499023e-01
-2.606413364410400391e-01
-2.413817644119262695e-01
-2.713022828102111816e-01
-2.841759920120239258e-01
-2.382975220680236816e-01
-2.418712973594665527e-01
-2.366973161697387695e-01
-2.491391301155090332e-01
-2.728108763694763184e-01
-2.543847560882568359e-01
-2.978983521461486816e-01
-2.657465934753417969e-01
-2.491437792778015137e-01
-2.362823486328125000e-01
-2.697207927703857422e-01
1.326624453067779541e-01
-2.494562268257141113e-01
-2.401407361030578613e-01
-2.791892290115356445e-01
-2.567434906959533691e-01
-2.782716155052185059e-01
-2.763311862945556641e-01
-2.713318467140197754e-01
-2.712397575378417969e-01
-2.623297572135925293e-01
-2.579898238182067871e-01
-2.347212433815002441e-01
-2.909454107284545898e-01
-2.580114603042602539e-01
-2.542591691017150879e-01
-2.815856933593750000e-01
-2.749770283699035645e-01
-2.718014121055603027e-01
-2.558722496032714844e-01
-2.412416338920593262e-01
-2.656867504119873047e-01
-2.714270353317260742e-01
-2.814313769340515137e-01
-3.178938031196594238e-01
-2.503198385238647461e-01
-2.406558990478515625e-01
-2.630109190940856934e-01
-2.567719817161560059e-01
-2.076191902160644531e-01
-2.541818618774414062e-01
-2.688164710998535156e-01
-2.749644517898559570e-01
-2.845221161842346191e-01
-2.768548727035522461e-01
-2.100734114646911621e-01
-1.607702970504760742e-01
-1.991761326789855957e-01
3.528983294963836670e-01
-2.150528430938720703e-01
-2.475437521934509277e-01
-2.502020001411437988e-01
-2.594187259674072266e-01
-2.496160268783569336e-01
-2.622224688529968262e-01
-2.500265240669250488e-01
-2.498686313629150391e-01
-2.663533687591552734e-01
-2.618639469146728516e-01
-3.099178075790405273e-01
-2.541450262069702148e-01
-2.478323578834533691e-01
-2.541453242301940918e-01
-2.749928236007690430e-01
-2.102345228195190430e-01
-2.649594545364379883e-01
-2.799113988876342773e-01
-2.401942610740661621e-01
-2.432693243026733398e-01
-2.203191518783569336e-01
-2.640037536621093750e-01
2.695124447345733643e-01
-2.255681157112121582e-01
-2.396708726882934570e-01
-2.716692686080932617e-01
-2.770167589187622070e-01
-2.714268565177917480e-01
-2.890595793724060059e-01
-2.624115347862243652e-01
-2.031658887863159180e-01
-2.474768757820129395e-01
-2.701451182365417480e-01
-2.806966900825500488e-01
-1.298686563968658447e-01
-2.855983972549438477e-01
-2.716071605682373047e-01
-2.906953096389770508e-01
-2.871363759040832520e-01
-2.906767129898071289e-01
-2.808488607406616211e-01
-2.608343362808227539e-01
-2.959501147270202637e-01
-2.606530189514160156e-01
-2.695964574813842773e-01
-2.606416940689086914e-01
-1.922094821929931641e-01
-3.055890798568725586e-01
-2.605987787246704102e-01
-2.559017539024353027e-01
-2.528371214866638184e-01
-2.607006430625915527e-01
-2.698919773101806641e-01
-2.811514139175415039e-01
-2.539880275726318359e-01
-2.818558216094970703e-01
-2.658987641334533691e-01
-2.814816236495971680e-01
-3.228468298912048340e-01
-3.005491495132446289e-01
-2.609234452247619629e-01
-2.916679382324218750e-01
-2.557728886604309082e-01
-2.656627893447875977e-01
-2.609705924987792969e-01
-2.722224593162536621e-01
5.249544978141784668e-02
-2.147009372711181641e-01
-2.602110505104064941e-01
-2.604958415031433105e-01
-4.692714810371398926e-01
-2.397808432579040527e-01
-2.719991207122802734e-01
-2.452450990676879883e-01
-2.976562976837158203e-01
-2.862770557403564453e-01
-2.801802754402160645e-01
-2.720630764961242676e-01
-2.624737620353698730e-01
-2.842704653739929199e-01
-2.783339023590087891e-01
-2.690410017967224121e-01
5.962738394737243652e-02
-2.812064886093139648e-01
-2.909743785858154297e-01
-2.131294608116149902e-01
-2.858097553253173828e-01
-2.658466696739196777e-01
-2.672504186630249023e-01
-2.279291152954101562e-01
-2.274145483970642090e-01
-2.835537195205688477e-01
-3.338747620582580566e-01
-2.188875079154968262e-01
5.153155326843261719e-02
-2.555990815162658691e-01
-2.617106437683105469e-01
-2.719421982765197754e-01
-2.680345773696899414e-01
-2.815119624137878418e-01
-2.620341777801513672e-01
-2.506188154220581055e-01
-2.759771347045898438e-01
-2.564429640769958496e-01
-2.950759530067443848e-01
-2.593501210212707520e-01
-9.402278065681457520e-02
-2.449314594268798828e-01
-2.593230009078979492e-01
-2.707576751708984375e-01
-2.435358762741088867e-01
-2.867608666419982910e-01
-2.610779404640197754e-01
-2.513771057128906250e-01
-2.412779331207275391e-01
-2.269544005393981934e-01
-2.482246756553649902e-01
-2.884295582771301270e-01
-2.878076434135437012e-01
-2.838984727859497070e-01
-2.553450465202331543e-01
-2.707353234291076660e-01
-2.177973389625549316e-01
-2.859184741973876953e-01
-2.631689906120300293e-01
-2.738374471664428711e-01
-2.555666565895080566e-01
-2.968810796737670898e-01
-3.024269342422485352e-01
-3.045878410339355469e-01
-3.290048241615295410e-01
-2.399327158927917480e-01
-2.814477682113647461e-01
-2.813529372215270996e-01
-2.996980547904968262e-01
-2.763361930847167969e-01
-2.807120680809020996e-01
-2.711162567138671875e-01
-2.417402863502502441e-01
-2.742481231689453125e-01
-2.608765363693237305e-01
-2.715362906455993652e-01
-3.461769223213195801e-01
-2.678253650665283203e-01
-2.635279297828674316e-01
-2.557320594787597656e-01
-2.293391227722167969e-01
-2.404326200485229492e-01
-2.091066241264343262e-01
-2.482506036758422852e-01
-2.679477334022521973e-01
-2.837454676628112793e-01
-2.601251006126403809e-01
-2.624896168708801270e-01
-2.784105539321899414e-01
-2.449314594268798828e-01
-2.474312186241149902e-01
-2.744280695915222168e-01
-2.769652009010314941e-01
-2.606413364410400391e-01
-2.606372833251953125e-01
-3.138207793235778809e-01
-2.308496236801147461e-01
-2.174171805381774902e-01
-2.677250504493713379e-01
-2.426976561546325684e-01
3.088175058364868164e-01
-2.449314594268798828e-01
-2.927640676498413086e-01
-3.230649232864379883e-01
-2.915338277816772461e-01
-2.374025583267211914e-01
-2.814801335334777832e-01
-2.657426595687866211e-01
-2.067926526069641113e-01
-2.312238812446594238e-01
-2.606818079948425293e-01
-2.450912594795227051e-01
-2.936934232711791992e-01
-3.209475874900817871e-01
-3.191673159599304199e-01
-2.622036933898925781e-01
-2.650460004806518555e-01
-2.750293612480163574e-01
-2.719566822052001953e-01
-2.665606141090393066e-01
-2.605950832366943359e-01
-2.497882843017578125e-01
-2.673583030700683594e-01
-2.606377601623535156e-01
-3.017756938934326172e-01
-2.329962253570556641e-01
-2.568427324295043945e-01
-2.680729031562805176e-01
-2.677668929100036621e-01
7.180297374725341797e-02
-3.139648437500000000e-01
-2.472867369651794434e-01
-2.690966725349426270e-01
-2.774727344512939453e-01
-3.238317370414733887e-01
-2.582776546478271484e-01
1.128306865692138672e+00
-2.687505483627319336e-01
-2.184738516807556152e-01
-2.598001360893249512e-01
-2.539013624191284180e-01
-2.449543476104736328e-01
-2.656456828117370605e-01
-2.499214410781860352e-01
-2.533229589462280273e-01
-2.459535598754882812e-01
-2.516494393348693848e-01
-2.238664031028747559e-01
-1.405109465122222900e-01
-2.505861520767211914e-01
-2.598060965538024902e-01
-2.266772985458374023e-01
-2.618571519851684570e-01
-2.674191594123840332e-01
-2.784431576728820801e-01
-2.356692552566528320e-01
-2.843376398086547852e-01
-2.481581568717956543e-01
-2.814669013023376465e-01
-2.252756953239440918e-01
-8.510181307792663574e-02
-2.505846023559570312e-01
-2.442466616630554199e-01
-2.178140282630920410e-01
-2.741036415100097656e-01
-2.696979045867919922e-01
-2.525057792663574219e-01
-2.655839323997497559e-01
-2.549133300781250000e-01
-2.461400628089904785e-01
-2.478944063186645508e-01
-2.115965485572814941e-01
-3.826947212219238281e-01
-2.481167316436767578e-01
-2.491818666458129883e-01
-2.534110546112060547e-01
-2.205626368522644043e-01
-2.621361017227172852e-01
-2.485145926475524902e-01
-2.693253159523010254e-01
-2.186039686203002930e-01
-2.578445076942443848e-01
-2.700856924057006836e-01
-2.871378064155578613e-01
-2.969768643379211426e-01
-2.254890799522399902e-01
-2.536292076110839844e-01
-2.912030816078186035e-01
-2.694613933563232422e-01
-2.688738703727722168e-01
-2.756782770156860352e-01
-2.621183395385742188e-01
-2.776542305946350098e-01
-2.770824432373046875e-01
-2.994794845581054688e-01
-2.658174037933349609e-01
-3.706476092338562012e-01
-3.205860853195190430e-01
-2.737302184104919434e-01
-2.448507547378540039e-01
-2.449315190315246582e-01
-2.727830410003662109e-01
-3.035580515861511230e-01
-2.668025493621826172e-01
-2.625322937965393066e-01
-2.667324542999267578e-01
-2.360370159149169922e-01
-2.428959608078002930e-01
-1.558319330215454102e-01
-3.155634999275207520e-01
-2.735714316368103027e-01
-2.814766764640808105e-01
-2.454748153686523438e-01
-2.845998406410217285e-01
-2.981117963790893555e-01
-2.765862941741943359e-01
-2.822414636611938477e-01
-2.763408422470092773e-01
-2.670415639877319336e-01
-2.449303269386291504e-01
-5.390920639038085938e-01
-2.825466394424438477e-01
-1.899776458740234375e-01
-2.764318585395812988e-01
-2.851344347000122070e-01
-2.410325407981872559e-01
-2.814259529113769531e-01
-2.489893436431884766e-01
-2.749847173690795898e-01
-2.485203146934509277e-01
-2.907990217208862305e-01
-2.814608216285705566e-01
-7.681918144226074219e-02
-2.164083123207092285e-01
-2.440752983093261719e-01
-2.769085764884948730e-01
-2.646210789680480957e-01
-2.606412768363952637e-01
-2.644268870353698730e-01
-2.504764199256896973e-01
-3.003082275390625000e-01
-2.702367305755615234e-01
-2.758781909942626953e-01
-2.651011943817138672e-01
2.466697096824645996e-01
-2.963509559631347656e-01
-2.403402328491210938e-01
-2.612709403038024902e-01
-2.636067271232604980e-01
-2.657638788223266602e-01
-2.110237479209899902e-01
-2.967286109924316406e-01
-2.821064591407775879e-01
-2.611346244812011719e-01
-2.822049260139465332e-01
-2.538218498229980469e-01
7.380248904228210449e-01
-2.423700094223022461e-01
-2.660334706306457520e-01
-2.615790367126464844e-01
-2.617222070693969727e-01
-2.523002624511718750e-01
-2.639688253402709961e-01
-2.802625298500061035e-01
-2.919433116912841797e-01
-2.413861155509948730e-01
-2.683745026588439941e-01
-2.441460490226745605e-01
-2.272984981536865234e-01
-2.729796171188354492e-01
-2.652576565742492676e-01
-2.519326210021972656e-01
-2.927411198616027832e-01
-2.727950811386108398e-01
-2.784292697906494141e-01
-2.676487565040588379e-01
-2.880710959434509277e-01
-2.606413364410400391e-01
-3.005979061126708984e-01
-2.631830573081970215e-01
-2.177224755287170410e-01
-2.746637463569641113e-01
-2.678754925727844238e-01
-2.956549525260925293e-01
-2.340800762176513672e-01
-2.698547840118408203e-01
-2.760568857192993164e-01
-2.820118069648742676e-01
-2.677734494209289551e-01
-2.650004625320434570e-01
-2.344164848327636719e-01
-2.477583885192871094e-01
-2.107173800468444824e-01
-2.662765979766845703e-01
-2.454361319541931152e-01
-2.573958039283752441e-01
-2.814901471138000488e-01
-2.671130299568176270e-01
-2.871368527412414551e-01
-2.683143615722656250e-01
-2.758619785308837891e-01
-2.687004208564758301e-01
-2.899624109268188477e-01
-2.526665925979614258e-01
-3.122640252113342285e-01
-2.957628965377807617e-01
-2.607645988464355469e-01
-2.715808153152465820e-01
-2.899029254913330078e-01
-2.762066721916198730e-01
-2.672959566116333008e-01
-2.282246947288513184e-01
-2.255713939666748047e-01
-2.659472227096557617e-01
-2.344298362731933594e-01
-2.790238857269287109e-01
9.104402065277099609e-01
-2.598825693130493164e-01
-2.350825667381286621e-01
-2.513672709465026855e-01
-2.744479775428771973e-01
-2.791524529457092285e-01
-2.751826047897338867e-01
-2.686398029327392578e-01
-2.806361317634582520e-01
-2.724012136459350586e-01
-2.649595737457275391e-01
-2.793793678283691406e-01
-3.099674582481384277e-01
-2.079178690910339355e-01
-2.700576782226562500e-01
-2.193314433097839355e-01
-2.661356329917907715e-01
-2.849725484848022461e-01
-2.347816824913024902e-01
-2.994769215583801270e-01
-2.389390468597412109e-01
-2.436667680740356445e-01
-2.404722571372985840e-01
-2.761996388435363770e-01
-3.863605260848999023e-01
-2.848678827285766602e-01
-2.606211304664611816e-01
-2.705656290054321289e-01
-2.233195900917053223e-01
-2.953923940658569336e-01
-2.176417708396911621e-01
-2.833712697029113770e-01
-2.633349895477294922e-01
-2.678992152214050293e-01
-2.521149516105651855e-01
-2.380994558334350586e-01
-1.343503594398498535e-01
-2.662964463233947754e-01
-3.713105320930480957e-01
-1.816868185997009277e-01
-2.349101305007934570e-01
-2.696334123611450195e-01
-2.811513543128967285e-01
-2.657697796821594238e-01
-2.316765785217285156e-01
-3.014150261878967285e-01
-2.455126047134399414e-01
-2.791012525558471680e-01
-4.031861424446105957e-01
-2.474966049194335938e-01
-2.677588462829589844e-01
-2.680929899215698242e-01
-2.857217192649841309e-01
-2.953454256057739258e-01
-2.222560644149780273e-01
-2.604573965072631836e-01
-6.069523096084594727e-02
-2.957630753517150879e-01
-2.399336099624633789e-01
-2.657285332679748535e-01
8.903120756149291992e-01
-2.387002110481262207e-01
-2.606250047683715820e-01
-2.656790614128112793e-01
-2.712572813034057617e-01
-2.891142964363098145e-01
-2.666872739791870117e-01
-2.482973933219909668e-01
-2.669115662574768066e-01
-2.711748480796813965e-01
-2.569692134857177734e-01
-2.423739433288574219e-01
-2.764479517936706543e-01
-1.374824941158294678e-01
-2.399277687072753906e-01
-2.664257884025573730e-01
-2.348333597183227539e-01
-3.212575912475585938e-01
-2.580530047416687012e-01
-3.456579446792602539e-01
-2.416744232177734375e-01
-2.939693331718444824e-01
-2.523797750473022461e-01
-2.969741821289062500e-01
7.346346378326416016e-01
-2.629721760749816895e-01
-2.392723560333251953e-01
-2.557374835014343262e-01
-3.122244477272033691e-01
-2.546567320823669434e-01
-2.695939540863037109e-01
-2.700899243354797363e-01
-2.479072809219360352e-01
-2.906949520111083984e-01
-2.810140252113342285e-01
-2.855032682418823242e-01
2.019915878772735596e-01
-2.650709748268127441e-01
-2.698079943656921387e-01
-2.699983716011047363e-01
-2.814816832542419434e-01
-2.758407592773437500e-01
-2.606418728828430176e-01
-2.652148008346557617e-01
-2.940685749053955078e-01
-2.904617786407470703e-01
-2.751093506813049316e-01
-2.503526210784912109e-01
-2.489879131317138672e-01
-2.445670962333679199e-01
-2.491406202316284180e-01
-2.771844863891601562e-01
-2.320581674575805664e-01
-3.224517703056335449e-01
-2.838965058326721191e-01
-2.484719753265380859e-01
-2.322697639465332031e-01
-2.163420915603637695e-01
-2.606423497200012207e-01
-2.657749056816101074e-01
-3.296506404876708984e-02
-2.888979315757751465e-01
-3.011235594749450684e-01
-2.189052700996398926e-01
-2.328256964683532715e-01
-2.412592172622680664e-01
-2.379711270332336426e-01
-2.465096712112426758e-01
-2.628602385520935059e-01
-2.465416789054870605e-01
-2.803160548210144043e-01
-2.373316884040832520e-01
-3.116676807403564453e-01
-2.496864199638366699e-01
-2.718920111656188965e-01
-2.607157230377197266e-01
-2.569582462310791016e-01
-2.449313998222351074e-01
-2.722362279891967773e-01
-2.360625267028808594e-01
-2.519565224647521973e-01
-2.609131336212158203e-01
-2.544652819633483887e-01
-2.997632622718811035e-01
-3.470231294631958008e-01
-2.891023755073547363e-01
-2.551751732826232910e-01
-2.348667979240417480e-01
-2.896454930305480957e-01
-2.606413364410400391e-01
-2.867290973663330078e-01
-3.949155807495117188e-01
-1.970762610435485840e-01
-1.628440618515014648e-01
-2.963698506355285645e-01
-2.673298120498657227e-01
-2.213121652603149414e-01
-3.176529407501220703e-01
-2.533637285232543945e-01
-2.705892920494079590e-01
-2.675173878669738770e-01
-2.503511309623718262e-01
-2.702031731605529785e-01
-2.171270847320556641e-01
2.535256743431091309e-02
-2.488786578178405762e-01
-2.291682362556457520e-01
-2.409373521804809570e-01
-2.584193944931030273e-01
-2.581282854080200195e-01
-2.698576450347900391e-01
-2.894086837768554688e-01
-2.643385529518127441e-01
-2.628309130668640137e-01
-2.743146419525146484e-01
-2.759255170822143555e-01
-2.493410110473632812e-01
-3.029006123542785645e-01
-2.983590364456176758e-01
-2.637720704078674316e-01
9.836477637290954590e-01
-3.000169992446899414e-01
-2.554908394813537598e-01
-3.166607618331909180e-01
-3.160995244979858398e-01
-2.607740759849548340e-01
-2.481186985969543457e-01
-2.632187008857727051e-01
-2.874587178230285645e-01
-2.380545735359191895e-01
-2.641855478286743164e-01
-2.702267169952392578e-01
-7.289683818817138672e-02
-2.901381254196166992e-01
-2.589071393013000488e-01
-2.452415823936462402e-01
-2.902522087097167969e-01
-2.347778677940368652e-01
-2.663439512252807617e-01
-2.485278844833374023e-01
-2.526729702949523926e-01
-2.763255238533020020e-01
-3.125452995300292969e-01
-2.269670367240905762e-01
-4.041481018066406250e-01
-2.539570927619934082e-01
-2.370536923408508301e-01
-2.455816268920898438e-01
-2.806444764137268066e-01
-2.577867507934570312e-01
-2.658818364143371582e-01
-2.680842876434326172e-01
-2.764173150062561035e-01
-2.336374521255493164e-01
-2.608035802841186523e-01
-2.497943639755249023e-01
-1.603543162345886230e-01
-2.611573934555053711e-01
-2.555335164070129395e-01
-2.652856707572937012e-01
-2.830537557601928711e-01
-2.699588537216186523e-01
-2.556613683700561523e-01
-2.572716474533081055e-01
-2.671778798103332520e-01
-2.606443166732788086e-01
-2.879475951194763184e-01
-2.756368517875671387e-01
-3.787053227424621582e-01
-2.773401737213134766e-01
-2.450082898139953613e-01
-2.710549235343933105e-01
-2.997145652770996094e-01
-2.603136301040649414e-01
-2.422619462013244629e-01
-2.663755416870117188e-01
-2.375853061676025391e-01
-2.341145277023315430e-01
-3.155370354652404785e-01
-2.523068785667419434e-01
-1.736708879470825195e-01
-2.468112707138061523e-01
-3.133601546287536621e-01
-2.598001360893249512e-01
-2.457635998725891113e-01
-2.639931440353393555e-01
-2.050549387931823730e-01
-2.681350708007812500e-01
-2.606045603752136230e-01
-2.598716020584106445e-01
-2.497260570526123047e-01
-2.003594636917114258e-01
-2.337492108345031738e-01
-2.662772536277770996e-01
-2.422645688056945801e-01
-2.475208044052124023e-01
-2.648664712905883789e-01
-2.779253125190734863e-01
-2.765862345695495605e-01
-2.579658627510070801e-01
-2.336937189102172852e-01
-2.464855313301086426e-01
-2.466222643852233887e-01
-2.822414040565490723e-01
-3.009604215621948242e-01
-2.592471837997436523e-01
-2.084982395172119141e-01
-2.713567614555358887e-01
-2.189214229583740234e-01
-2.615399956703186035e-01
-2.389392256736755371e-01
-2.683526873588562012e-01
-2.961431145668029785e-01
-2.797821760177612305e-01
-2.524058818817138672e-01
-2.758929729461669922e-01
-4.291012287139892578e-01
-2.454607486724853516e-01
-2.611336708068847656e-01
-2.693184614181518555e-01
-2.326493859291076660e-01
-2.368607521057128906e-01
-2.636154890060424805e-01
-2.658541202545166016e-01
-2.524150013923645020e-01
-2.602535486221313477e-01
-2.286897301673889160e-01
-2.329388856887817383e-01
-1.742714047431945801e-01
-2.712520956993103027e-01
-2.991880774497985840e-01
-2.665186524391174316e-01
-2.491413354873657227e-01
-2.784222960472106934e-01
-2.247087955474853516e-01
-2.657655477523803711e-01
-2.312783002853393555e-01
-2.549636960029602051e-01
-2.449314594268798828e-01
-2.769333124160766602e-01
1.784721016883850098e-01
-2.964023351669311523e-01
-2.751085758209228516e-01
-2.579983472824096680e-01
-2.749854326248168945e-01
-2.415270209312438965e-01
-2.806448340415954590e-01
-2.639378905296325684e-01
-2.272830009460449219e-01
-2.366210818290710449e-01
-2.477490901947021484e-01
-2.657772302627563477e-01
-3.924258351325988770e-01
-2.617796063423156738e-01
-2.536096572875976562e-01
-7.666316628456115723e-02
-2.749994397163391113e-01
-2.658509612083435059e-01
-2.692951560020446777e-01
-2.066054940223693848e-01
-2.606594562530517578e-01
-2.606413364410400391e-01
-2.268217802047729492e-01
-2.938529253005981445e-01
9.887305498123168945e-01
-2.466103434562683105e-01
-2.847197055816650391e-01
-2.950719594955444336e-01
-2.279732227325439453e-01
-2.372500300407409668e-01
-2.734943628311157227e-01
-2.345582842826843262e-01
-2.602068185806274414e-01
-2.620326876640319824e-01
-2.960667610168457031e-01
-2.469099164009094238e-01
-2.707818150520324707e-01
-2.362533211708068848e-01
-2.602545022964477539e-01
-2.449323534965515137e-01
-2.958803176879882812e-01
-2.122137546539306641e-01
-2.807072401046752930e-01
-2.657589912414550781e-01
-2.736294269561767578e-01
-2.862333059310913086e-01
-2.756367921829223633e-01
-2.758728265762329102e-01
1.046802699565887451e-01
-2.867377996444702148e-01
-2.323355674743652344e-01
-2.545759677886962891e-01
-3.232027292251586914e-01
-2.624051570892333984e-01
-2.577666640281677246e-01
-2.813069820404052734e-01
-2.514137625694274902e-01
-3.428611159324645996e-01
-2.665554881095886230e-01
-2.657167315483093262e-01
8.529362678527832031e-01
-3.049876093864440918e-01
-2.728096842765808105e-01
-2.649298906326293945e-01
-2.204818129539489746e-01
-2.449195981025695801e-01
-2.404354810714721680e-01
-2.713275551795959473e-01
-2.123134136199951172e-01
-2.827897071838378906e-01
-2.649549245834350586e-01
-2.906805872917175293e-01
-3.683615922927856445e-01
-3.099002242088317871e-01
-2.516787648200988770e-01
-2.654185891151428223e-01
-2.432354092597961426e-01
-2.229294180870056152e-01
-2.255812287330627441e-01
-2.657745480537414551e-01
-2.611909508705139160e-01
-3.024272322654724121e-01
-2.678934335708618164e-01
-2.897276282310485840e-01
-9.437116980552673340e-02
-2.787378430366516113e-01
-2.454398870468139648e-01
-2.466458082199096680e-01
-3.105096817016601562e-01
-2.476483583450317383e-01
-2.660133242607116699e-01
-2.788480520248413086e-01
-2.436454296112060547e-01
-2.528690099716186523e-01
-2.616889476776123047e-01
-2.669863104820251465e-01
-3.743762373924255371e-01
-2.870018482208251953e-01
-2.901380062103271484e-01
-2.470425367355346680e-01
-2.351152896881103516e-01
-2.449310421943664551e-01
-2.657643556594848633e-01
-2.658477425575256348e-01
-2.160854935646057129e-01
-2.491412758827209473e-01
-2.172036767005920410e-01
-2.429686784744262695e-01
-2.539892792701721191e-01
-2.938739657402038574e-01
-2.800635099411010742e-01
-2.505735754966735840e-01
-2.661347985267639160e-01
-2.801384329795837402e-01
-2.399176359176635742e-01
-2.723988890647888184e-01
-2.679022550582885742e-01
-2.604073286056518555e-01
-2.606958150863647461e-01
-2.606630325317382812e-01
-2.635829448699951172e-01
-3.502896428108215332e-01
-2.652147412300109863e-01
-2.613109350204467773e-01
-2.822339534759521484e-01
-2.814816832542419434e-01
-2.896348237991333008e-01
-3.009182214736938477e-01
-2.814816832542419434e-01
-3.015802502632141113e-01
-2.322292327880859375e-01
-2.897226214408874512e-01
-2.788767814636230469e-01
-2.785441279411315918e-01
2.256394326686859131e-01
-2.741930484771728516e-01
-2.844306230545043945e-01
-2.748841643333435059e-01
-2.503879070281982422e-01
-2.601659297943115234e-01
-2.639844417572021484e-01
-2.661508917808532715e-01
-2.760398387908935547e-01
-3.062292337417602539e-01
7.229597568511962891e-01
-2.597978711128234863e-01
-2.657727003097534180e-01
-2.764798402786254883e-01
-2.753908038139343262e-01
-2.452028989791870117e-01
-2.491807341575622559e-01
-2.640892267227172852e-01
-2.663792371749877930e-01
-2.746216654777526855e-01
-2.505984902381896973e-01
-2.563581466674804688e-01
-2.574492096900939941e-01
-2.574310898780822754e-01
-2.400447130203247070e-01
-2.529673576354980469e-01
-2.259886860847473145e-01
-2.452720403671264648e-01
-2.270056605339050293e-01
-2.380620241165161133e-01
-2.277442812919616699e-01
-2.449330687522888184e-01
-2.639083862304687500e-01
-3.145098090171813965e-01
-2.278065681457519531e-01
-2.494807243347167969e-01
-2.488874197006225586e-01
-2.291966676712036133e-01
-2.655281424522399902e-01
-2.882931232452392578e-01
-2.867882251739501953e-01
-2.851311564445495605e-01
-2.714290618896484375e-01
-2.606434226036071777e-01
-2.665384411811828613e-01
-2.647375464439392090e-01
1.565598845481872559e-01
-2.251853942871093750e-01
-2.699818015098571777e-01
-2.908895611763000488e-01
-2.743249535560607910e-01
-2.449363470077514648e-01
-2.607662677764892578e-01
-2.643572688102722168e-01
-2.656669616699218750e-01
-2.643253803253173828e-01
-2.657738924026489258e-01
-2.263590693473815918e-01
-2.499574422836303711e-01
-2.874131798744201660e-01
-2.598001956939697266e-01
-1.703954935073852539e-01
-2.698549032211303711e-01
-2.098795771598815918e-01
-2.792767286300659180e-01
-2.449486851692199707e-01
-2.654525637626647949e-01
-2.660421133041381836e-01
-2.667052745819091797e-01
-2.448584437370300293e-01
-3.218431472778320312e-01
-2.200276255607604980e-01
-2.805213332176208496e-01
-2.028015851974487305e-01
-2.400458455085754395e-01
-2.572576999664306641e-01
-2.712281942367553711e-01
-2.251175642013549805e-01
-2.669252753257751465e-01
-2.317010760307312012e-01
-2.216734886169433594e-01
-1.009744405746459961e-01
-2.910326719284057617e-01
-2.309722900390625000e-01
-2.998411059379577637e-01
-2.874562144279479980e-01
-1.841983199119567871e-01
-2.679960131645202637e-01
-2.822923660278320312e-01
-2.624875903129577637e-01
-2.506664395332336426e-01
-2.596496939659118652e-01
-2.725208401679992676e-01
-2.538502812385559082e-01
-2.787700891494750977e-01
-2.593847513198852539e-01
-2.547971606254577637e-01
-3.005703687667846680e-01
-2.570623755455017090e-01
-2.649244070053100586e-01
-3.273367881774902344e-01
-3.495642542839050293e-01
-2.640421986579895020e-01
-2.064820528030395508e-01
-2.657537460327148438e-01
-2.622836232185363770e-01
-3.494492173194885254e-01
-3.097036480903625488e-01
-2.874862551689147949e-01
-2.410700917243957520e-01
-2.449647188186645508e-01
-2.606430649757385254e-01
-2.883961200714111328e-01
-2.906774878501892090e-01
-2.906953096389770508e-01
-2.600546479225158691e-01
-2.662623524665832520e-01
-2.666490077972412109e-01
-2.819068431854248047e-01
-2.759773731231689453e-01
-2.747330069541931152e-01
-2.605181336402893066e-01
-2.605521082878112793e-01
-2.871847152709960938e-01
-2.445408701896667480e-01
-2.606478929519653320e-01
-2.559540867805480957e-01
-2.662972807884216309e-01
-2.939600348472595215e-01
-1.962532401084899902e-01
-1.317044198513031006e-01
-2.370913028717041016e-01
-2.742156386375427246e-01
-2.810240983963012695e-01
-2.656334042549133301e-01
-2.404303550720214844e-01
-2.814065814018249512e-01
-2.740995287895202637e-01
-3.109498023986816406e-01
-2.509642243385314941e-01
-2.647321224212646484e-01
-2.654720544815063477e-01
-1.811813116073608398e-01
-2.207008600234985352e-01
-2.449406385421752930e-01
-1.920977234840393066e-01
-2.869987487792968750e-01
-3.490879535675048828e-01
-2.698458433151245117e-01
-3.145083785057067871e-01
-2.490870952606201172e-01
-2.748594284057617188e-01
-2.589485049247741699e-01
-2.736837863922119141e-01
-1.915630102157592773e-01
-2.191755175590515137e-01
-1.990303397178649902e-01
-3.033331632614135742e-01
-2.538309097290039062e-01
-2.433253526687622070e-01
-2.725436687469482422e-01
-1.982059478759765625e-01
-2.814855575561523438e-01
-2.606074810028076172e-01
-2.903348803520202637e-01
-2.637934088706970215e-01
-3.584162592887878418e-01
-2.673312425613403320e-01
-2.273291349411010742e-01
-2.636796236038208008e-01
-2.814660072326660156e-01
-2.610919475555419922e-01
-2.956716418266296387e-01
-2.726236581802368164e-01
-3.393129706382751465e-01
-2.606600522994995117e-01
-2.372642755508422852e-01
-2.770547866821289062e-01
-3.552244901657104492e-01
-2.209315896034240723e-01
-2.288828492164611816e-01
-2.526667118072509766e-01
-2.101154923439025879e-01
-2.449550628662109375e-01
-2.813993692398071289e-01
-2.606897354125976562e-01
-2.906876206398010254e-01
-2.480271458625793457e-01
-2.765861749649047852e-01
-2.451729774475097656e-01
-8.265545964241027832e-02
-2.550388574600219727e-01
-2.875662446022033691e-01
-2.156055569648742676e-01
-2.498760819435119629e-01
-2.738187313079833984e-01
-2.711947560310363770e-01
-2.638314366340637207e-01
-2.749801874160766602e-01
-2.648512125015258789e-01
-2.906972169876098633e-01
-2.909842729568481445e-01
-4.076121449470520020e-01
-2.507740855216979980e-01
-2.688668370246887207e-01
-2.764825224876403809e-01
-2.805415987968444824e-01
-2.837800979614257812e-01
-2.554767727851867676e-01
-2.287937998771667480e-01
-2.657713294029235840e-01
-2.410276532173156738e-01
-2.691475152969360352e-01
-2.677884697914123535e-01
-2.555631399154663086e-01
-2.479264140129089355e-01
-2.869008779525756836e-01
-3.007697463035583496e-01
-2.721377015113830566e-01
-2.507500648498535156e-01
-2.407808303833007812e-01
-2.778434157371520996e-01
-3.018011450767517090e-01
-2.569620013236999512e-01
-2.657158970832824707e-01
-2.695444822311401367e-01
-3.509119153022766113e-01
-2.510683536529541016e-01
-2.423992156982421875e-01
-2.627524137496948242e-01
-2.777708172798156738e-01
-2.644171118736267090e-01
-2.749854922294616699e-01
-2.803947925567626953e-01
-2.719383239746093750e-01
-2.645025849342346191e-01
-2.806763648986816406e-01
-2.558979392051696777e-01
-2.707375288009643555e-01
-2.611987590789794922e-01
-2.640692591667175293e-01
-2.861292958259582520e-01
-2.748775482177734375e-01
-2.444487810134887695e-01
-2.906951904296875000e-01
-2.698484063148498535e-01
-2.495860457420349121e-01
-2.697452902793884277e-01
-2.573160529136657715e-01
-2.814812064170837402e-01
-3.114273548126220703e-01
-2.808604240417480469e-01
-2.541453242301940918e-01
-2.906236052513122559e-01
-2.657743692398071289e-01
-2.457713484764099121e-01
-2.657732963562011719e-01
-2.714269757270812988e-01
-2.657799720764160156e-01
-2.809904813766479492e-01
-2.670062184333801270e-01
-2.713712453842163086e-01
-3.287227153778076172e-01
-2.568641901016235352e-01
-2.861614823341369629e-01
-2.604703903198242188e-01
-2.669930458068847656e-01
-2.663804888725280762e-01
-2.555076479911804199e-01
-2.460406422615051270e-01
-2.594017386436462402e-01
-2.453619241714477539e-01
-2.606284618377685547e-01
-2.463880181312561035e-01
-3.478031158447265625e-01
-2.310689687728881836e-01
-2.724511623382568359e-01
-2.901381850242614746e-01
-2.804620265960693359e-01
-2.357365489006042480e-01
-2.790932059288024902e-01
-2.896189689636230469e-01
-2.657348513603210449e-01
-2.164480090141296387e-01
-2.541521787643432617e-01
-2.488958239555358887e-01
-3.740609884262084961e-01
-2.652878165245056152e-01
-2.698549032211303711e-01
-2.345046997070312500e-01
-2.291651964187622070e-01
-2.441930174827575684e-01
-2.554911375045776367e-01
-1.753492951393127441e-01
-2.696027755737304688e-01
-2.554909586906433105e-01
-2.606372833251953125e-01
-2.397925257682800293e-01
-3.670534491539001465e-01
-2.449315190315246582e-01
-2.651575803756713867e-01
-2.924649715423583984e-01
-2.416004538536071777e-01
-2.799026966094970703e-01
-2.936856746673583984e-01
-2.490143179893493652e-01
-2.718471288681030273e-01
-2.583410739898681641e-01
-2.763305902481079102e-01
-2.694222927093505859e-01
-3.001173734664916992e-01
-2.482234835624694824e-01
-2.849689126014709473e-01
-3.026930689811706543e-01
-2.674669027328491211e-01
-2.815691828727722168e-01
-2.904151082038879395e-01
-2.412939667701721191e-01
-2.609993815422058105e-01
-2.638338208198547363e-01
-2.463142275810241699e-01
-2.677835226058959961e-01
-4.059436321258544922e-01
-2.858259081840515137e-01
-2.806335687637329102e-01
-2.619834542274475098e-01
-2.100136280059814453e-01
-2.607681751251220703e-01
-2.457458972930908203e-01
-2.737188935279846191e-01
-2.633451223373413086e-01
-2.603929042816162109e-01
-2.718419432640075684e-01
-2.985149621963500977e-01
-2.635563611984252930e-01
-2.541450262069702148e-01
-2.399278879165649414e-01
-2.302645444869995117e-01
-2.399894595146179199e-01
-2.591655850410461426e-01
-2.484275698661804199e-01
-2.335848212242126465e-01
-2.399281263351440430e-01
-2.449249029159545898e-01
-2.491475343704223633e-01
-2.614806294441223145e-01
-2.645307779312133789e-01
-2.074577212333679199e-01
-2.411009669303894043e-01
-2.449314594268798828e-01
-2.571074366569519043e-01
-2.536101341247558594e-01
-3.245720267295837402e-01
-2.399309873580932617e-01
-2.451288700103759766e-01
-2.449313998222351074e-01
-2.287279367446899414e-01
-2.233730554580688477e-01
-2.783416509628295898e-01
-2.449314594268798828e-01
-2.449319362640380859e-01
-2.176300883293151855e-01
-2.201964259147644043e-01
-2.449314594268798828e-01
-2.396875619888305664e-01
-2.201964855194091797e-01
-2.606415152549743652e-01
-2.401636242866516113e-01
-2.270022630691528320e-01
-2.264959812164306641e-01
-4.258664846420288086e-01
-2.339817881584167480e-01
-2.457202076911926270e-01
-2.635033130645751953e-01
-2.449367642402648926e-01
-2.418330907821655273e-01
-2.313509583473205566e-01
-2.982715368270874023e-01
-2.331654429435729980e-01
-2.376319766044616699e-01
-2.268949151039123535e-01
-2.421253919601440430e-01
2.202288806438446045e-01
-2.570888996124267578e-01
-3.060059547424316406e-01
-2.685141563415527344e-01
-2.308919429779052734e-01
-2.285276651382446289e-01
-3.167196512222290039e-01
-2.449315786361694336e-01
-2.471971511840820312e-01
-2.968468070030212402e-01
-2.440659403800964355e-01
-2.901170849800109863e-01
-2.632237076759338379e-01
-2.505865693092346191e-01
-2.605003714561462402e-01
-3.051356673240661621e-01
-2.657713890075683594e-01
-3.399944901466369629e-01
-2.135325670242309570e-01
-2.058367729187011719e-01
-2.769072055816650391e-01
-2.539979815483093262e-01
-2.600750923156738281e-01
-2.687572836875915527e-01
-2.729693651199340820e-01
-2.094303369522094727e-01
-2.456086277961730957e-01
-2.406822443008422852e-01
-2.242599725723266602e-01
-2.449314594268798828e-01
-2.709161043167114258e-01
-3.000184893608093262e-01
-2.661164999008178711e-01
-2.525337338447570801e-01
-2.202178239822387695e-01
-2.906152009963989258e-01
-2.505043148994445801e-01
-1.871567368507385254e-01
-2.402305006980895996e-01
-2.449378371238708496e-01
-2.439735531806945801e-01
-2.449314594268798828e-01
-2.723491191864013672e-01
-2.227597832679748535e-01
-2.471536993980407715e-01
-2.915506362915039062e-01
-2.441883683204650879e-01
-2.656521201133728027e-01
-2.905654311180114746e-01
-2.320128083229064941e-01
-2.269778847694396973e-01
-2.404285669326782227e-01
-2.399277687072753906e-01
-2.449070215225219727e-01
-2.441801428794860840e-01
-2.686887979507446289e-01
-2.607645988464355469e-01
-2.059032320976257324e-01
-2.491449713706970215e-01
-1.997853517532348633e-01
-3.393486142158508301e-01
-2.667108774185180664e-01
-2.742159962654113770e-01
-2.699805498123168945e-01
-2.399569749832153320e-01
-2.449213266372680664e-01
-2.058368325233459473e-01
-2.657659649848937988e-01
-2.399297952651977539e-01
-2.413697242736816406e-01
-2.607070803642272949e-01
-2.514756917953491211e-01
-2.473958134651184082e-01
-2.372182011604309082e-01
-2.689939141273498535e-01
-2.603251338005065918e-01
-2.471054196357727051e-01
-2.424417734146118164e-01
-2.506361007690429688e-01
-2.562270760536193848e-01
-2.399277687072753906e-01
-2.399802207946777344e-01
-2.455793619155883789e-01
-2.446407079696655273e-01
-2.400360107421875000e-01
-2.202029824256896973e-01
-2.905556559562683105e-01
-2.671203613281250000e-01
-2.450086474418640137e-01
-2.399277687072753906e-01
-2.513564825057983398e-01
-2.665789127349853516e-01
-2.812790274620056152e-01
-2.551370859146118164e-01
-2.294109463691711426e-01
-2.606214284896850586e-01
-2.655405998229980469e-01
-2.657719254493713379e-01
-2.962871789932250977e-01
-2.063182592391967773e-01
-2.399300336837768555e-01
-2.063083052635192871e-01
-2.781733870506286621e-01
-2.713534235954284668e-01
-2.500614523887634277e-01
-2.454743385314941406e-01
-2.449302673339843750e-01
-2.921484112739562988e-01
3.673485815525054932e-01
-2.510334849357604980e-01
-2.469033598899841309e-01
-2.532139420509338379e-01
-2.205646038055419922e-01
-2.433502674102783203e-01
-3.077182173728942871e-01
-2.449301481246948242e-01
-2.404429316520690918e-01
-2.448826432228088379e-01
-4.206137657165527344e-01
-2.878921627998352051e-01
-3.382634520530700684e-01
-2.608297467231750488e-01
-2.796316742897033691e-01
-2.449530959129333496e-01
-2.657732367515563965e-01
-2.657719254493713379e-01
-2.664090394973754883e-01
-2.657096982002258301e-01
-2.250101566314697266e-01
-2.646992206573486328e-01
-2.619879245758056641e-01
-2.526918053627014160e-01
-2.646303176879882812e-01
-2.788849472999572754e-01
-2.727313041687011719e-01
-2.456076145172119141e-01
-2.460529804229736328e-01
-3.379219174385070801e-01
-2.765986919403076172e-01
-2.675267457962036133e-01
-2.504237294197082520e-01
-3.043483495712280273e-01
-2.657440304756164551e-01
-2.565789222717285156e-01
-2.515687942504882812e-01
-2.669318914413452148e-01
-2.814463973045349121e-01
-2.535358667373657227e-01
-2.606418132781982422e-01
-2.647019624710083008e-01
-2.511008977890014648e-01
-2.529338002204895020e-01
-2.906953096389770508e-01
-2.802111506462097168e-01
-2.327170372009277344e-01
-2.347669601440429688e-01
-1.549234986305236816e-01
-3.062112927436828613e-01
-2.749581336975097656e-01
-2.449303269386291504e-01
-2.814704775810241699e-01
-2.703793048858642578e-01
-2.710704207420349121e-01
-2.449327111244201660e-01
-2.814197540283203125e-01
-2.449313998222351074e-01
-2.604258656501770020e-01
-2.328881025314331055e-01
-2.620168924331665039e-01
