7.502322231226031882e-03
-1.346712590532775367e-03
-5.224345721967752973e-03
-2.145764029733081973e-03
1.026172149541710113e-02
2.265848003241530476e-02
2.487572139108841507e-02
1.617444964665822396e-02
-1.813148189649419970e-04
-1.862205191325228340e-02
-3.747080031559987812e-02
-5.706361870450700480e-02
-7.609316501086001161e-02
-9.052722373352664609e-02
-9.369261904143268149e-02
-8.553035913831365245e-02
-7.086004758053168762e-02
-5.254968062617272617e-02
-3.398412287322945258e-02
-2.101460800689905831e-02
-1.877381233988181103e-02
-2.445784352470258688e-02
-2.768772461447229633e-02
-1.910657561922791611e-02
1.610380310848447691e-03
2.506816182622292541e-02
4.025812590460074725e-02
4.113236864326823283e-02
3.152967901458827993e-02
2.242608810792165452e-02
2.284000192360950698e-02
3.389442011407273192e-02
4.903475698730156568e-02
6.534759877127534200e-02
8.648887864083505683e-02
1.042083469534156731e-01
1.007521464358424601e-01
7.604560247699400366e-02
4.434820717599586432e-02
1.419405831962696103e-02
-1.184695638079037022e-02
-3.194479212030190696e-02
-4.712853816802003992e-02
-6.248132373263467348e-02
-7.865452420164424641e-02
-8.734184978923195675e-02
-8.052295549793170304e-02
-6.272956286664298220e-02
-4.725724245590716410e-02
-3.907173663369345462e-02
-3.526349312568554523e-02
-3.417426109428440412e-02
-3.447920734025069350e-02
-3.357852411751750116e-02
-2.900761844263344269e-02
-1.871886365722445073e-02
-1.575772635931104240e-03
2.093278436961592756e-02
3.875981809057327948e-02
4.029509073389281326e-02
3.089736959579382491e-02
2.304811810665940638e-02
2.175441884986318436e-02
2.829201506280857453e-02
4.286156713488527975e-02
6.518660210028515145e-02
9.038275435871420682e-02
1.075106529129366967e-01
1.081336581138690051e-01
9.209461712731220606e-02
6.466852516751139812e-02
3.121450944736196137e-02
-4.522069712859202312e-03
-3.928985414850098834e-02
-6.871297132567077970e-02
-8.856848089492094789e-02
-1.009488142928661597e-01
-1.117033522098412335e-01
-1.206382074248794206e-01
-1.234372118157418818e-01
-1.174309186300768193e-01
-1.015285578495192936e-01
-7.256236976191957067e-02
-3.074112524682633130e-02
1.221079346577900668e-02
4.420553580469090138e-02
6.226748580849673920e-02
6.821757817963655657e-02
6.589554139497753871e-02
6.083940721324886808e-02
5.820003730480206861e-02
5.965306592177976180e-02
6.136237027488414264e-02
5.789531018339363899e-02
4.754873021659913879e-02
3.296376638267949077e-02
1.958295765290949536e-02
1.230674329454433877e-02
1.145265034749049296e-02
1.248755330310208876e-02
1.215461171018394210e-02
1.070981313589192477e-02
8.380655615351971510e-03
8.681531745772935738e-03
1.461046048003162776e-02
2.013176368547281436e-02
2.059291248200539881e-02
1.804873380528975238e-02
1.574472991678365838e-02
1.739245432298641703e-02
2.477477763032162258e-02
3.577660040528357621e-02
4.658603497447490194e-02
5.456964816613411179e-02
5.832750322767485396e-02
5.667241026518417962e-02
4.454541929136123651e-02
1.422006941591954024e-02
-3.730429748963705328e-02
-1.033491375079297336e-01
-1.722673786371835269e-01
-2.395065694987145721e-01
-3.030657748071661217e-01
-3.536280752469455058e-01
-3.772845073446103314e-01
-3.566406296052305192e-01
-2.964512151242683080e-01
-2.287133816162231770e-01
-1.607719502802311684e-01
-7.231787713098472570e-02
5.709778320988485867e-02
2.066745457942748831e-01
3.181528590895608133e-01
3.767564125373883965e-01
3.996927857760836922e-01
3.931341173991289017e-01
3.626170662894750985e-01
3.150846269690315005e-01
2.585856700160190647e-01
2.029687735865469134e-01
1.518165013681976316e-01
1.008402085402206605e-01
4.581481101399505207e-02
-1.064526532699650724e-02
-6.050566798616677233e-02
-9.893547013292205983e-02
-1.248118606781302570e-01
-1.394066436024413436e-01
-1.455646820081750725e-01
-1.439478902836498209e-01
-1.344578176578659634e-01
-1.197481583535894983e-01
-1.026500940011719487e-01
-8.356097655263267088e-02
-6.264658380979329366e-02
-4.162453689703559528e-02
-2.461424514759147711e-02
-1.489992854866907870e-02
-1.165049431115870379e-02
-1.187000949174028819e-02
-1.351058757919505401e-02
-1.505127199515685077e-02
-1.363128336900893377e-02
-6.308458660420629936e-03
4.947018647009963910e-03
1.452886281173854099e-02
2.175946007677668700e-02
2.636722193150500132e-02
2.585893681402437472e-02
2.377835590693701956e-02
2.532570845158849809e-02
2.927788616950349407e-02
3.125013332783870695e-02
3.066371895937941225e-02
2.932462211150529616e-02
2.852522115691683013e-02
2.956049714665190051e-02
3.000646046355283023e-02
2.389434050319935027e-02
9.215687132011193827e-03
-9.475850239399220137e-03
-2.647326677329638056e-02
-3.867494796189440559e-02
-4.502558667754130023e-02
-4.556692381222332555e-02
-4.226401931360284497e-02
-3.787002654192784395e-02
-3.368049947014573747e-02
-2.961928058916306339e-02
-2.425224485334702071e-02
-1.884799770913919703e-02
-1.503448255775158629e-02
-9.431320681445391416e-03
3.423801928153277080e-04
1.392312483725431302e-02
3.053669898726548565e-02
4.831034972953304057e-02
6.447168028111795179e-02
7.528249470842310331e-02
7.769488289309309237e-02
7.087904047688380060e-02
5.669202036546615309e-02
3.662450568737883605e-02
8.373353009784655770e-03
-2.583568750724973134e-02
-5.578889022484146559e-02
-7.492411609806325090e-02
-8.426711889158756963e-02
-8.562571911790302359e-02
-7.862850099350007782e-02
-6.246627342663230859e-02
-3.853322792529617624e-02
-1.007093916566477107e-02
2.226907068136227408e-02
5.293704759942886862e-02
6.956287654857942759e-02
6.903546114550000723e-02
5.720394350962938745e-02
3.969649818652273843e-02
1.461901955224814871e-02
-2.527844086996589718e-02
-6.974587374412619112e-02
-9.624794638762393384e-02
-9.782697194254602602e-02
-8.068665931602005126e-02
-5.186995977824816750e-02
-1.661575883353862831e-02
2.005869206704031377e-02
5.000336643309877260e-02
6.828360119703030806e-02
7.902923360091555771e-02
8.784590093762870144e-02
9.426401672691649136e-02
9.442041113355657822e-02
8.639402171136931208e-02
7.075399447288402421e-02
4.979974907215273250e-02
2.511843704630949137e-02
-3.239589219255907017e-03
-2.967997647562170549e-02
-4.489223227151684092e-02
-4.641469910654295178e-02
-3.783066933262077547e-02
-2.453808299053285291e-02
-1.024386440741903263e-02
4.916795405552678092e-03
1.892264994804935402e-02
2.669544145845065275e-02
2.353250826618596622e-02
8.437513285887748155e-03
-1.475592128255537316e-02
-3.976373485994442319e-02
-6.024534731187047160e-02
-7.311960438801044793e-02
-7.850758753542830259e-02
-7.611414685255128709e-02
-6.477041743520842165e-02
-4.457349114364060616e-02
-1.949977402142044278e-02
3.136827219057616682e-03
1.840668742765310187e-02
2.561840206517070756e-02
2.484143037263617654e-02
1.710556751356386365e-02
5.968583499287597773e-03
-5.125216894815349568e-03
-1.662388499078048740e-02
-3.120427261260098895e-02
-4.649188456446921858e-02
-5.676246428121597271e-02
-5.993312080623382915e-02
-5.403210819564640416e-02
-3.221327825716983895e-02
5.890801471893376134e-03
4.624453048224545088e-02
7.616569829244779211e-02
9.381345034662823268e-02
1.011393563462998357e-01
9.922564782734316635e-02
8.989942569035475062e-02
7.536708927360470656e-02
5.704571166668542803e-02
3.649743721113633127e-02
1.377236279877904618e-02
-1.191957143370162876e-02
-3.874088567185383220e-02
-6.413634882601874920e-02
-8.394992885010865713e-02
-9.120982780495119624e-02
-8.237205390985674613e-02
-5.813786955399379008e-02
-2.006476015830547036e-02
2.304556106702511376e-02
5.535253194872511578e-02
7.332098269920658828e-02
8.416455567721693731e-02
8.765944149807199104e-02
7.794524683283726718e-02
5.149339419753944103e-02
1.291300837818491927e-02
-2.449376457217001396e-02
-5.043690503860558810e-02
-6.361356889407764059e-02
-6.708361018488771810e-02
-6.404085976435207328e-02
-5.647686995172955526e-02
-4.609306438640264209e-02
-3.613032366974864434e-02
-2.969903024609453837e-02
-2.568585054065288323e-02
-2.211914226881477388e-02
-1.843095349444506120e-02
-1.259694544658002471e-02
-3.084962305403335554e-03
9.440025103416122346e-03
2.230170575591549839e-02
3.178010432338347624e-02
3.708426874159142378e-02
3.888301558668031538e-02
3.608886455843320767e-02
3.047521077278449869e-02
2.686610228930228980e-02
2.494553428208648102e-02
2.040335638188529171e-02
1.511947366415391202e-02
1.311430258095043835e-02
1.256991131627690009e-02
1.036621725516461735e-02
8.544884098533841663e-03
1.230563426688171050e-02
2.021470107145839634e-02
2.608910655424468913e-02
2.623417936027688455e-02
1.872736774126101955e-02
3.339176504226364778e-03
-1.613690104295529767e-02
-3.068872572523298481e-02
-3.283849056792323418e-02
-2.291762268260697302e-02
-4.980375917289130497e-03
1.521923175958696771e-02
3.100535785814103121e-02
3.895020286640582530e-02
3.956137768423874379e-02
3.377382876524359645e-02
2.050068527586895034e-02
4.597474240536562722e-04
-2.002187641505688911e-02
-3.381071540236550016e-02
-3.880735140373522268e-02
-3.722411093944939797e-02
-3.298533682290744062e-02
-3.059821346548405666e-02
-3.388279827726284332e-02
-4.280565992874119097e-02
-5.263206913985191832e-02
-5.870210753403837939e-02
-6.068197302174581365e-02
-5.794822662940515151e-02
-4.717242985812053480e-02
-3.356686918075315468e-02
-2.892116297007110357e-02
-3.570521140829194945e-02
-4.891143426838722580e-02
-6.433168463713899443e-02
-7.899901762569187802e-02
-8.887029354269108949e-02
-8.913442929879832055e-02
-7.531889874528571727e-02
-4.229300198438917802e-02
1.505988506428412518e-02
8.456167417337027981e-02
1.385492033250976807e-01
1.674570844361162603e-01
1.779735925367606775e-01
1.750631030979808711e-01
1.614116071547128661e-01
1.405004251615008248e-01
1.171733366248886299e-01
9.333630731185045548e-02
6.767928928308103442e-02
3.954137332186945242e-02
8.807982683147266845e-03
-2.238144573845425589e-02
-4.746365483840698368e-02
-6.227370590519988591e-02
-6.757780118936664027e-02
-6.551749573095817791e-02
-5.924849564599455470e-02
-5.218856957397019491e-02
-4.572966412552464943e-02
-3.814240753132521616e-02
-2.687651801936637164e-02
-1.090346927384238697e-02
7.053802100913927897e-03
2.158034781168703328e-02
3.075249432570645661e-02
3.536329829523144480e-02
3.532509359807172594e-02
3.041986677791645721e-02
2.094122029416815509e-02
7.819538241704081238e-03
-7.886468195500598993e-03
-2.442286229087943170e-02
-3.926353478405290170e-02
-5.117409680407086769e-02
-5.941994550214776960e-02
-6.114303390521896864e-02
-5.482266758535953022e-02
-4.337909261601222144e-02
-3.022420852380680242e-02
-1.748231290538641500e-02
-7.116014909189232081e-03
-1.368438432127425455e-03
-1.372288691306343053e-04
-6.589595312706079955e-04
3.500070462155325385e-05
4.469105727362908745e-03
1.181493200072144048e-02
1.764072870591587572e-02
1.821053649834447619e-02
1.419127525959065425e-02
9.892117725587326951e-03
8.837977016913694736e-03
1.189246612617118372e-02
1.751439927363974275e-02
2.231514808969352337e-02
2.306749453551081019e-02
1.775770637673371871e-02
4.605459914014559467e-03
-1.686841219383105467e-02
-4.274595923116489282e-02
-6.539036152862248708e-02
-7.734536552663277831e-02
-7.344144642469570272e-02
-5.029939562211548088e-02
-1.233989540477797679e-02
2.776207839279516698e-02
6.192623499358757694e-02
8.875357467826575086e-02
1.072262398674919126e-01
1.147138504949102300e-01
1.093427221637237878e-01
9.100750966010998089e-02
6.015846319191235636e-02
2.188777824915585923e-02
-1.487453168839503702e-02
-4.368719538959916354e-02
-6.068917290654054358e-02
-6.506022608173195332e-02
-6.006325941787643563e-02
-4.943472100267115588e-02
-3.566496177198329176e-02
-2.133593360339511996e-02
-8.796278012263701596e-03
5.862827863364239618e-04
6.808045968956642768e-03
1.116657771826643115e-02
1.438526261171665412e-02
1.635715906797490307e-02
1.663073708870486597e-02
1.433701147255206712e-02
1.073789920908643954e-02
9.310997129511009232e-03
1.153980645289616642e-02
1.529821738555217636e-02
1.584962671314654736e-02
9.343932589746100151e-03
-3.538281554218293545e-03
-1.971692388540685625e-02
-3.685241353638613049e-02
-5.353169465548191647e-02
-6.855261967863801598e-02
-8.107958523828055764e-02
-8.955442387450053554e-02
-9.020812211572923345e-02
-8.047182126121088519e-02
-5.812206609146983866e-02
-2.154753873030372177e-02
1.777650558060727207e-02
4.290617088527227951e-02
5.325294047639876627e-02
5.777645593465668972e-02
6.413213126534067499e-02
7.561686603032612142e-02
8.227595013881858210e-02
7.087627002147010857e-02
4.304538045249876876e-02
1.521741506596007917e-02
5.728282096397776385e-03
1.420963385998214729e-02
2.226110993453212991e-02
1.818545676463862240e-02
3.955103167512169678e-03
-1.302915513747576574e-02
-2.515536539509435204e-02
-2.689770244047851033e-02
-1.705091868139937614e-02
4.802748085587643656e-04
1.884795351688246801e-02
3.175298066870020641e-02
3.667726505425083355e-02
3.376494689850156883e-02
2.708068183057901410e-02
1.982800744801050535e-02
6.679210709292023214e-03
-1.583605825235098394e-02
-4.357285458716814858e-02
-7.304866430447828907e-02
-1.015487247949678346e-01
-1.241793977384238190e-01
-1.360561670701987969e-01
-1.302937334491192645e-01
-1.002972881318379139e-01
-4.556144992006334882e-02
1.937540426721748310e-02
6.957630614513007905e-02
9.673209451080760912e-02
1.071672100722785431e-01
1.068627766520461042e-01
1.004449133338911476e-01
9.001648967672253032e-02
7.697631002115171150e-02
6.245564148805625437e-02
4.654277431491180700e-02
2.904552193026034568e-02
1.033223736778715943e-02
-6.011859837117460026e-03
-1.572814017262356978e-02
-2.017344576031792486e-02
-2.248263266770974059e-02
-2.321604282525024238e-02
-2.291130286763048973e-02
-2.171894575899111640e-02
-1.918023251054672140e-02
-1.727477893488046576e-02
-1.734307143647950689e-02
-1.646888699719803797e-02
-1.178510589561772119e-02
-5.380706663578687515e-03
5.276463785053829569e-05
6.120381738132904884e-03
1.428300969151800187e-02
2.225078661697043117e-02
2.671158650817171548e-02
2.652648773315046532e-02
2.206781042296438594e-02
1.429627782540406934e-02
3.043678157286123977e-03
-1.457878723217504932e-02
-4.013304511933121765e-02
-7.138556766599396530e-02
-1.040608254286135709e-01
-1.292393032119865948e-01
-1.317523281247458267e-01
-1.030159211264379121e-01
-5.749719267926804017e-02
-1.797637879522700349e-02
9.439904548469905607e-03
2.909073268681078989e-02
4.195287134809645713e-02
4.657019404360115966e-02
4.467519349207771384e-02
4.091343814609930962e-02
4.211803164362099006e-02
5.440887582052104238e-02
7.352532418706161921e-02
8.605449977869170097e-02
8.389758685301874908e-02
6.875201963603154443e-02
4.729408944290360017e-02
2.629231981034223925e-02
8.078337209815438999e-03
-7.089031515458678323e-03
-1.920671826906224233e-02
-2.885272268011701904e-02
-3.648602594249285291e-02
-4.090335134710561954e-02
-3.955862636006099442e-02
-3.420334675568030558e-02
-2.880312340652744010e-02
-2.373708355986801910e-02
-1.877772025041095014e-02
-1.586302413357618124e-02
-1.402591285884570785e-02
-8.592578719655928621e-03
2.388620199187210715e-03
1.634426160500205422e-02
2.862333406935880023e-02
3.584667056598048879e-02
3.817588883753989665e-02
3.857233030744926933e-02
3.780040084628587260e-02
3.314790231409409094e-02
2.230543462269735447e-02
6.073636283016688522e-03
-1.183775566713693092e-02
-2.816221786122105608e-02
-3.937682334009667828e-02
-4.140723996990161582e-02
-3.412056076996529408e-02
-2.072955235377963584e-02
-4.066438970422593321e-03
1.369162599763319721e-02
3.097988751639597221e-02
4.654795500615462739e-02
5.635332187823573202e-02
5.544164432131797049e-02
4.397758225654680581e-02
2.529324502790054191e-02
1.642293010830999690e-03
-2.486650338594010093e-02
-5.026004490660890278e-02
-7.019649352471400705e-02
-8.408813372923951146e-02
-9.321984347641427970e-02
-9.703495425645899952e-02
-9.370862318569651850e-02
-8.168569337444697709e-02
-6.065094552941478756e-02
-3.406918388189133368e-02
-7.601306978829798847e-03
1.852241224271300099e-02
4.260721571034972038e-02
5.827481876347098688e-02
6.759826632450272044e-02
7.648021703870806765e-02
8.400730089737458439e-02
8.721839174347623125e-02
8.446903313691019044e-02
7.333937021117488408e-02
5.010110181537884982e-02
1.509679169430150000e-02
-1.777233787185794264e-02
-3.578564883623885223e-02
-4.479897619964910704e-02
-5.223352494401001245e-02
-5.175226681204769114e-02
-3.830310615098980742e-02
-2.161931431671291690e-02
-9.098878960215484729e-03
9.111694906120950885e-04
7.991463703601365404e-03
1.090940686330619039e-02
1.113472090988393108e-02
1.018930097627023489e-02
6.433151512531137123e-03
-2.344723341816611420e-03
-1.470771858805507842e-02
-2.584350484362003125e-02
-3.050666673877823129e-02
-2.610990826504717283e-02
-1.470732678994969046e-02
-9.184959275146281112e-04
1.239643619887824920e-02
2.567868408184087806e-02
3.758410887754126684e-02
4.363857408159021317e-02
4.317810268280661279e-02
3.934890750209969063e-02
3.384657815945213422e-02
2.616505891803705061e-02
1.689318809424694354e-02
7.345510646057791873e-03
-9.983802111671489718e-04
-5.147939505148723012e-03
-4.891389809479702346e-03
-2.967613159574509010e-03
3.177106139870579382e-04
5.602410020969656075e-03
1.016839829527537570e-02
8.180602392631099867e-03
-4.402785659070897889e-03
-2.486942163156878952e-02
-4.607069802477638948e-02
-5.998416076092093902e-02
-6.346190133165305336e-02
-6.071524576548918695e-02
-5.431012384117969022e-02
-4.302785566771661491e-02
-2.782601942983685059e-02
-1.317614646494315311e-02
-3.975414175626130857e-03
-2.152527004706491706e-03
-4.477450118011793920e-03
-4.618734437067408514e-03
8.277464586335780278e-04
1.112682743901445559e-02
2.437794413085997425e-02
3.731903046658001377e-02
4.682479628251463855e-02
5.235183248242455956e-02
5.375588390532957950e-02
4.970522452965954463e-02
3.943678998721837636e-02
2.435429372170912557e-02
8.166319774615571347e-03
-4.110947554983992135e-03
-1.073330931007276771e-02
-1.204694158536160666e-02
-7.689724766801520929e-03
-6.610408231256127004e-04
4.644373784505448702e-03
6.060953054808873586e-03
2.012700457994384684e-03
-7.211471595206015231e-03
-1.991377135337941626e-02
-3.374885336845252770e-02
-4.253661825039194155e-02
-4.206839866449055970e-02
-3.512293882823050439e-02
-2.502810446300500480e-02
-1.382034792625639816e-02
-4.177813124440046648e-03
3.997567496873084825e-03
1.376907697821519103e-02
2.594480048808906272e-02
3.761162912929384011e-02
4.507136485670465431e-02
4.770760929819144180e-02
4.779497750546501944e-02
4.576281984532956648e-02
3.870108004524015072e-02
2.376357376819958345e-02
3.195476499630467686e-03
-1.500328439135663328e-02
-2.307475342026360857e-02
-1.906793550995133923e-02
-1.143102584746612596e-02
-1.331396839776691557e-02
-2.840733631539934384e-02
-5.081314945865829380e-02
-7.228065956039489426e-02
-8.529605279187227329e-02
-8.587662975798822373e-02
-7.471403471281795605e-02
-5.390741298872414600e-02
-2.589614347008264289e-02
5.641403357169890581e-03
3.491250290309651227e-02
5.541900882765312536e-02
6.479153397861631136e-02
6.544083809711465083e-02
6.293054768511113783e-02
6.341126487257971178e-02
6.755351773923652658e-02
6.932280471505801456e-02
6.382033639978212936e-02
4.925100652082097658e-02
2.693980725981510310e-02
3.311141574750470825e-03
-1.743557847796659357e-02
-3.539107317409048714e-02
-5.012079761331338784e-02
-5.949953247106325172e-02
-6.275603675968186024e-02
-6.274475324155340261e-02
-5.942685849400183851e-02
-4.787777710939471187e-02
-2.450093510925019369e-02
8.608441192974249090e-03
4.370882444213524537e-02
7.089139171597583222e-02
8.230548530874687296e-02
7.679538970765076300e-02
5.837875113274208771e-02
3.201607745668272331e-02
3.670864088313515166e-03
-2.157405728177572840e-02
-4.325215793551476229e-02
-6.472193725092309502e-02
-8.701409670517304407e-02
-1.060460197355233974e-01
-1.180888788070754147e-01
-1.225667902227128014e-01
-1.186384760783956854e-01
-1.037575294213661237e-01
-7.443449553847721056e-02
-2.873601539126063864e-02
3.547903852374712647e-02
1.095000722872571941e-01
1.680341566630307870e-01
1.978370317219813601e-01
2.036255156131807076e-01
1.904828788036999621e-01
1.630925818774191516e-01
1.272001618101777087e-01
8.564747232151223577e-02
4.094104311083838349e-02
-2.619893177924889106e-03
-4.368754774075847558e-02
-8.021071501773388568e-02
-1.070998407873684638e-01
-1.234948574068127636e-01
-1.329178074399694764e-01
-1.382984101330965720e-01
-1.402863989792862420e-01
-1.373645935446506650e-01
-1.260478183176521605e-01
-1.029466839880055495e-01
-6.843535131622480172e-02
-2.597255307192263343e-02
2.451844764209437991e-02
7.687814134297041302e-02
1.136131411240158262e-01
1.274857996386407621e-01
1.239639013828574832e-01
1.095409313734673346e-01
8.917152656578432313e-02
6.643162488077306027e-02
4.431262201271221612e-02
2.415579239268533102e-02
5.548433741861231484e-03
-1.159063220232533706e-02
-2.678729053074250036e-02
-3.913679813498264354e-02
-4.652730409212368912e-02
-4.626279001991993878e-02
-3.807930058718401317e-02
-2.692881004209998069e-02
-1.860897004826597700e-02
-1.416044827179379663e-02
-1.094193117115438603e-02
-6.116036388806133164e-03
1.963997903462219845e-03
1.268873296112437050e-02
2.211360387989759826e-02
2.837111170828767945e-02
3.323817559609122674e-02
3.454603288346413947e-02
2.785907081421718987e-02
1.343603242280770257e-02
-3.011346990993004919e-03
-1.216668358346849332e-02
-7.783969860914779527e-03
-5.351473012108936070e-04
-8.630368456203886540e-03
-3.166914241248092871e-02
-5.823010246567297127e-02
-8.270942310448999024e-02
-1.019668682668724985e-01
-1.133212786555043289e-01
-1.160361318408659748e-01
-1.090186883729091366e-01
-8.897821073193597219e-02
-5.618630114152832478e-02
-2.290441754904495864e-02
1.148554883510195107e-03
2.710540432257843579e-02
7.005799815440036382e-02
1.198239757541072342e-01
1.512295440462444740e-01
1.613998857403500242e-01
1.633511884872555775e-01
1.632228799337618608e-01
1.668336251607294707e-01
1.744673886507778215e-01
1.774582337298943879e-01
1.727134102409771388e-01
1.566891460184689777e-01
1.185246346929023781e-01
5.006147117077485581e-02
-4.608552161441964445e-02
-1.486049518229810851e-01
-2.261222781023645156e-01
-2.614234092660809861e-01
-2.578501248887526409e-01
-2.312878742073471716e-01
-1.953661877336538288e-01
-1.537375655899212712e-01
-1.116907269752918513e-01
-8.084583393825714448e-02
-6.383244742833010799e-02
-4.916347065580902592e-02
-2.797183883871193905e-02
-1.497434904584402787e-04
3.198030295596425432e-02
6.587826928188568465e-02
9.648754352252501831e-02
1.174227400296239954e-01
1.268077789482691398e-01
1.277964037601926339e-01
1.234519792965095009e-01
1.121735999179807597e-01
9.243819038168196722e-02
6.766238176488545419e-02
4.079352374417136856e-02
1.493473041546521454e-02
-7.222391429549990076e-03
-2.972663057290739208e-02
-5.798296941641161578e-02
-8.734520027905282036e-02
-1.038360361758046413e-01
-9.907220386932340250e-02
-7.424725170733904867e-02
-3.380033347234562974e-02
8.426083637193940851e-03
3.246860938624761966e-02
3.383601161422931936e-02
2.017328986905090465e-02
-3.403364655377138712e-03
-3.104390608768190993e-02
-5.574978547707895582e-02
-7.488825313075829493e-02
-8.769969391880511056e-02
-8.917064566986367125e-02
-7.522642013584136811e-02
-4.709033745243060287e-02
-9.213407982661325421e-03
3.359172296418537484e-02
8.072506084019678840e-02
1.340398787720006590e-01
1.864710521534676257e-01
2.201538656632856805e-01
2.256525227191435723e-01
2.065002992079028044e-01
1.688334402380004540e-01
1.170903160582910385e-01
5.688957026374328457e-02
-5.637089690479595017e-04
-4.796331931468873766e-02
-8.679902433736455536e-02
-1.207281932508342676e-01
-1.486241983478116258e-01
-1.658964698617748923e-01
-1.722821192167973969e-01
-1.727666244913254323e-01
-1.748117324966538544e-01
-1.809437896935202073e-01
-1.851711927738660945e-01
-1.809716081152845379e-01
-1.644761196546090098e-01
-1.312505025714667539e-01
-7.712794750706530866e-02
4.016538331518136780e-03
9.425413519419761910e-02
1.552967143010582918e-01
1.836511755588425832e-01
1.929178529494140482e-01
1.879119945032612649e-01
1.750206393544454508e-01
1.575316284666359867e-01
1.369936037186900990e-01
1.134333494633228273e-01
8.583969728206605754e-02
5.564695643747188947e-02
2.583227097603181185e-02
5.422823665198854559e-04
-1.490334592509175507e-02
-1.834644374591341137e-02
-1.590145074430325545e-02
-1.554060273566173350e-02
-1.933506528229703147e-02
-2.658174712699175324e-02
-3.653452069879001285e-02
-4.598435463296000891e-02
-4.853013331110327122e-02
-4.088965995835112249e-02
-2.553608198326706713e-02
-9.402330638042136896e-03
-1.701059973263529222e-03
-4.567207270963690932e-03
-1.302695745820686701e-02
-2.237797666308979916e-02
-2.909961586980349887e-02
-3.214093018199427193e-02
-3.655156679683353727e-02
-4.862858384641003534e-02
-6.449688530478354942e-02
-7.332855897962803349e-02
-6.768900565516139389e-02
-4.690470093403400348e-02
-2.149421411428808007e-02
-4.906767912304668688e-03
-6.187078385214705989e-04
-8.714501904602892091e-03
-2.205115865812414672e-02
-2.333094038907212314e-02
-5.620901030422997650e-03
2.864960174844351226e-02
7.355710402063787845e-02
1.148457554043403883e-01
1.428831648395992027e-01
1.554417779374621944e-01
1.490420007084602705e-01
1.232159507090324208e-01
8.246626864803860424e-02
2.726464266730603547e-02
-3.898305115276864963e-02
-1.013044551861331244e-01
-1.496728118204596059e-01
-1.824071868202188640e-01
-1.947392267219406614e-01
-1.820967866426005111e-01
-1.433365602045985343e-01
-8.631987220544704020e-02
-2.963133982092263155e-02
1.818784248448894816e-02
6.169465385470881968e-02
9.888089034120892129e-02
1.214421777664751873e-01
1.265903434493204915e-01
1.156399665182679254e-01
9.182959492783743238e-02
6.165842901132868176e-02
3.398624885932431672e-02
1.631260878909266895e-02
9.867247760067379692e-03
1.326002969534811372e-02
2.765469925798327150e-02
4.768397290049275483e-02
5.906568023541857587e-02
5.560344073861370889e-02
4.386402400441865440e-02
3.056872846793282431e-02
1.519650618257776219e-02
-4.489490619543337266e-03
-2.797261793963602000e-02
-5.278287229664939406e-02
-7.533656003037911275e-02
-9.566853860280800925e-02
-1.165921293645564294e-01
-1.368538275723941156e-01
-1.519549273800173406e-01
-1.574504767129382976e-01
-1.499697898888630032e-01
-1.269227350191242942e-01
-9.177974255142593019e-02
-5.320639043564053677e-02
-1.256578261276895987e-02
3.348944223206044152e-02
7.932516179672502443e-02
1.123919741715756759e-01
1.289899320923097448e-01
1.335263196636008454e-01
1.293176938954481991e-01
1.193513233204055446e-01
1.084496109645594064e-01
1.013064881911486109e-01
9.914926531459733461e-02
1.002070659164027849e-01
1.004516594376784755e-01
9.282157251138210829e-02
7.356750278396460840e-02
4.667067233146716954e-02
1.552301007524776663e-02
-1.930439712110456479e-02
-5.452356957607904647e-02
-8.367821661657001697e-02
-1.023095344985970601e-01
-1.108881364884029275e-01
-1.107745710707190023e-01
-1.021638477682308838e-01
-8.682110180261823351e-02
-6.941656660674544455e-02
-5.362890627034658242e-02
-4.046151289392669465e-02
-2.989258437973358815e-02
-1.909968503687211466e-02
-5.763518261130935044e-03
7.824238443993863229e-03
1.946492120461569553e-02
2.882958476807736398e-02
3.390435168790428833e-02
3.082230820988985168e-02
1.770164651476777845e-02
-1.990424350335147363e-03
-2.088900251028558142e-02
-3.296923423498717559e-02
-3.829819199151919540e-02
-4.012471665377359553e-02
-3.850485734567920398e-02
-2.947612017289989034e-02
-8.301346439595052445e-03
1.991547125078525771e-02
3.969718528652412676e-02
4.124897318678476948e-02
3.210196481671721835e-02
3.266822822233311080e-02
5.013845319048108873e-02
6.625687052321049819e-02
6.246118160008089226e-02
3.789411286253410033e-02
2.360936891224095502e-03
-2.938886914929248265e-02
-4.549928026912906237e-02
-4.827648935984067691e-02
-4.813370690492790871e-02
-4.829361084335584420e-02
-4.482743905163042580e-02
-3.406977248004541825e-02
-1.584549284145697623e-02
4.257656738575971503e-03
2.012157401563193643e-02
3.181916267795264347e-02
4.158143360301103097e-02
4.948692754326212973e-02
5.588498107329296916e-02
6.052119648253376227e-02
6.149371713044464449e-02
5.700112973200787553e-02
4.667100117189796477e-02
3.075663968389832914e-02
1.089492446016481972e-02
-7.842799151608268599e-03
-2.105641920806903405e-02
-3.019842422991431824e-02
-3.928394486737693536e-02
-4.930738016280988845e-02
-5.942893907463573516e-02
-6.728212230165162011e-02
-6.920598917226020164e-02
-6.152960594274271833e-02
-3.947290936458600075e-02
1.789148869324233213e-03
5.502636070611540559e-02
1.014743171779146219e-01
1.326700410931336005e-01
1.507708352067780588e-01
1.580942784322990069e-01
1.581515395127441603e-01
1.541929077688804495e-01
1.457575519586017943e-01
1.283675645982906011e-01
9.725190419821676258e-02
5.295325522008236668e-02
-1.866336750397861594e-03
-6.599081609391017900e-02
-1.360878402268654586e-01
-2.093229212784532001e-01
-2.847628051108631042e-01
-3.599813096827891301e-01
-4.295414393727963742e-01
-4.838628144488330562e-01
-5.116248451516527407e-01
-5.015580184571222233e-01
-4.391038383693741110e-01
-3.052607457851259642e-01
-8.370063181652213913e-02
1.788871157139295676e-01
3.823226239941960869e-01
4.900474427893427021e-01
5.239361460893684486e-01
5.056328477877943817e-01
4.513997546840103348e-01
3.720353660381157113e-01
2.805573462080851455e-01
1.899195615227017297e-01
1.084882326733027091e-01
4.090518526859526771e-02
-1.060149140484596339e-02
-4.626327676270289291e-02
-6.962299484778597392e-02
-8.286606268310373058e-02
-8.606166723507360783e-02
-8.231480007935407239e-02
-7.575030605695629027e-02
-6.755107358271617013e-02
-5.585530801012322799e-02
-3.884770247022824308e-02
-2.005722902883255720e-02
-5.856417657165041181e-03
2.683178838616059880e-04
-1.251852200062063616e-03
-6.705633795403760991e-03
-1.398420008150891639e-02
-2.476667896734326135e-02
-4.046090960129258840e-02
-5.817063927757082364e-02
-7.014331235571887035e-02
-7.041534136863714100e-02
-5.938925983097457367e-02
-3.986716428457885014e-02
-1.478253170164132817e-02
1.227457378467316715e-02
3.649556258157677507e-02
5.285224945753635301e-02
5.967957359566949949e-02
5.739624595212251129e-02
4.825586131945330814e-02
3.709141841782803706e-02
2.558264857817749843e-02
1.227659505897869992e-02
-3.324115819380156055e-03
-2.018808320518616223e-02
-3.400836890061821605e-02
-3.966149876893086679e-02
-3.728085367174111681e-02
-3.051835011257252386e-02
-2.146193477481439169e-02
-1.199308593814877796e-02
-6.196812316947284717e-03
-6.212728969949491212e-03
-1.020880288635621358e-02
-1.578950542069052637e-02
-2.132354649242325026e-02
-2.627954318585756788e-02
-3.075288877606388929e-02
-3.403293467148953144e-02
-3.344406382655754073e-02
-2.667438475949809526e-02
-1.496901890347418843e-02
-2.387966182607563232e-03
6.250459388635672131e-03
8.724722994540216534e-03
7.685071532898988741e-03
7.375218634282030769e-03
1.012079249089455416e-02
1.686319400866147233e-02
2.693474285422012976e-02
3.921685277082613552e-02
5.099653247968483766e-02
5.740217375883416295e-02
5.619842106367254481e-02
4.947252331874282816e-02
4.149789767387543349e-02
3.468437541881547875e-02
2.987814640202993838e-02
2.858522067476633108e-02
3.076918802292731570e-02
3.237825380411160636e-02
2.864581745951709155e-02
1.847053527558578656e-02
4.697697197853755759e-03
-8.847383989698698326e-03
-2.197950251813795761e-02
-3.608537960872078287e-02
-5.092351647664294240e-02
-6.487970630977585307e-02
-7.598375193475763456e-02
-8.263416639321986834e-02
-8.343256882817182141e-02
-7.773882648443686261e-02
-6.489684830282631267e-02
-4.441376280868076371e-02
-1.851951992936117647e-02
5.709902017247470152e-03
1.964761614858593144e-02
2.242242452865929325e-02
2.246635955925355838e-02
2.619639389084360559e-02
3.372243805266231242e-02
4.207305982078412415e-02
4.815940873836153241e-02
5.356392486236444261e-02
6.166732949599899871e-02
7.052139754858730014e-02
7.318516435106187101e-02
6.551038188131216855e-02
5.129566112965475155e-02
3.672334862781444914e-02
2.280339541525986877e-02
7.515519401018890856e-03
-7.305683030053369831e-03
-1.869581262104579034e-02
-2.798073601860138690e-02
-3.616416923335221550e-02
-4.252567980265031106e-02
-4.736789580762319068e-02
-5.280219654043912664e-02
-6.146032722813168925e-02
-7.412024446961032464e-02
-8.988587516050790260e-02
-1.059464540113050218e-01
-1.199217720938868942e-01
-1.299334700146933530e-01
-1.339522902441290797e-01
-1.313725180174111495e-01
-1.211212131281557830e-01
-1.001602678571079375e-01
-6.463221409564869069e-02
-1.315064458850993823e-02
5.102296046926347445e-02
1.226722664600203294e-01
1.920111504049467899e-01
2.435438892445592196e-01
2.689360526509499971e-01
2.670561893447736534e-01
2.357914129365600020e-01
1.781420164562416975e-01
1.089518032647755486e-01
4.786361260684637853e-02
6.584235343235636875e-03
-1.417145416275227346e-02
-2.115157489836325122e-02
-2.207255983920194606e-02
-2.232072823526985716e-02
-2.603233393761092071e-02
-3.527872012718873129e-02
-5.039376934980606404e-02
-6.907168252635687011e-02
-8.638249346073324786e-02
-9.785927751312321898e-02
-1.018150705651438004e-01
-9.980527563423463588e-02
-9.240877035140188100e-02
-7.913925628981970106e-02
-6.262650376916809036e-02
-4.527185432965930012e-02
-2.606003194319627542e-02
-3.728918597094852631e-03
2.120136749135946921e-02
4.683910403582691728e-02
7.018070090920917881e-02
8.633770723813187498e-02
9.135180076607904431e-02
8.405851759529613110e-02
6.521469529567679169e-02
3.871380382585697111e-02
8.414428305951789783e-03
-2.390287867460946444e-02
-5.915219804838254408e-02
-1.007222951772483444e-01
-1.465493254356727282e-01
-1.859545566310060738e-01
-2.079338342048510091e-01
-2.053113560858632058e-01
-1.724294779271315636e-01
-1.024727875804358618e-01
-7.721041436558795726e-03
7.662891488546735852e-02
1.345642056751925608e-01
1.707516894672896079e-01
1.895505765271655041e-01
1.955304378437203727e-01
1.889876834171258513e-01
1.699555691904149624e-01
1.427610858509731073e-01
1.099873440364705357e-01
7.368273482438063293e-02
3.758756704876516780e-02
6.742839643641893727e-03
-1.427313956567625303e-02
-2.588473667037911180e-02
-3.076244698981404901e-02
-2.967829151310417621e-02
-2.430793111571794007e-02
-1.907302671428750748e-02
-1.625217742724000339e-02
-1.479059356674235909e-02
-1.444864754191190967e-02
-1.760242767673771136e-02
-2.863448309360268340e-02
-4.889635825850805612e-02
-7.419280961761508253e-02
-9.820625164633786652e-02
-1.155020427478938155e-01
-1.223810028314446796e-01
-1.161375016183364139e-01
-9.356892719500667366e-02
-5.807408228009973417e-02
-2.308499936553905230e-02
3.505658984338761580e-03
2.176282420647100702e-02
3.058400127380173777e-02
2.935492539471384194e-02
1.927011437627271923e-02
4.016799967324161461e-03
-7.613375243326229308e-03
-5.278372014806125001e-03
8.941758575282048732e-03
2.226416110994746539e-02
2.982283868605110216e-02
3.383617626521184807e-02
3.315708130883429638e-02
2.398151622296661872e-02
5.282172650822324761e-03
-1.865669491609580830e-02
-3.594285396952721229e-02
-3.069794398825764076e-02
2.972974019825731090e-03
5.401297552185795048e-02
9.998257781018116130e-02
1.247307051452588023e-01
1.329324749782269388e-01
1.370690481599720623e-01
1.364363967546517453e-01
1.200293168861840398e-01
8.649732540592398877e-02
4.844191608904733354e-02
1.861765421046275570e-02
1.291144763162270503e-03
-6.390872185984445425e-03
-1.066013533765253901e-02
-1.688791894287821824e-02
-2.768384286697558871e-02
-4.261858436669134498e-02
-5.992065382480146751e-02
-8.110929376477285513e-02
-1.085328229388426297e-01
-1.411465998435290081e-01
-1.761577462087190737e-01
-2.094037560468347547e-01
-2.333278704582125995e-01
-2.403210285686070702e-01
-2.204064123775726636e-01
-1.703368871374877913e-01
-1.055206990529249378e-01
-3.828083419029550127e-02
3.256878269468600762e-02
1.055704398134746091e-01
1.688494372025465540e-01
2.123455183484074527e-01
2.466173860418265362e-01
2.836482197646565395e-01
3.082477393859819337e-01
3.010945561961823058e-01
2.625992578268860345e-01
2.038018975343730554e-01
1.333039704978468964e-01
5.286859386995215043e-02
-3.311478962479419419e-02
-1.118672990677516133e-01
-1.751699252251489036e-01
-2.225136817346813067e-01
-2.515848320604593402e-01
-2.570786058850723643e-01
-2.352926117417230567e-01
-1.871249374185323944e-01
-1.158631106319800153e-01
-2.664420054989170492e-02
6.871790657339239827e-02
1.479343929052598372e-01
1.888696195519654619e-01
1.886651109671089732e-01
1.637417984396620507e-01
1.271956658506179783e-01
8.008039837785027593e-02
2.324347712904383662e-02
-3.946714365929916701e-02
-1.015146378031609592e-01
-1.522796604834952550e-01
-1.862278140970529683e-01
-2.083605599870156921e-01
-2.222223195661426065e-01
-2.224775782455745421e-01
-2.032954690484059523e-01
-1.638573353449103709e-01
-1.095826028748347891e-01
-4.946106805345793639e-02
1.037968203338190953e-02
6.678897071653812356e-02
1.192965066819257347e-01
1.678145418743751949e-01
2.112336284317622992e-01
2.470752602781765839e-01
2.662654612321542213e-01
2.592213414361195789e-01
2.279927810053969939e-01
1.807676660551381653e-01
1.223792761061299750e-01
5.926624051338937049e-02
2.050146032313431531e-03
-4.304957866708383762e-02
-7.575561536521020767e-02
-9.682629839323356191e-02
-1.081659048274115215e-01
-1.127294315392731588e-01
-1.135567480796954437e-01
-1.131220793747164943e-01
-1.118475257413605733e-01
-1.095067096733112200e-01
-1.035989689115245360e-01
-8.785067033416776860e-02
-5.996505194074107370e-02
-2.236904925932567401e-02
2.242075819258251140e-02
7.162286911960279168e-02
1.212841499392556116e-01
1.646618353481962282e-01
1.941640031771524333e-01
2.058694116079079484e-01
1.993187229726811616e-01
1.719695688383620635e-01
1.210515787955293715e-01
5.752122255273785234e-02
1.369034756280146023e-03
-3.902328101051653203e-02
-6.581427101266069946e-02
-8.149393829989096116e-02
-8.930018803954879736e-02
-9.401152215687066938e-02
-9.755354099006346980e-02
-1.002767603859234802e-01
-1.061067137405413002e-01
-1.194407587359610085e-01
-1.400269110425088892e-01
-1.608727878536313771e-01
-1.739279095921467677e-01
-1.810245147539157884e-01
-1.888979367114849983e-01
-1.991705398162845475e-01
-2.069614242254347314e-01
-2.038857621688746069e-01
-1.823869236591148246e-01
-1.293479070317936908e-01
-3.751314729325452846e-02
7.115154234502046871e-02
1.674894265118807013e-01
2.446489744008281120e-01
3.013575016706004361e-01
3.287007248285272465e-01
3.245776594779276047e-01
2.968766340606631138e-01
2.554788948654234670e-01
2.074287448659823674e-01
1.542662021700561270e-01
9.936155453047984532e-02
5.112084531019393807e-02
1.313602465948248040e-02
-1.526117721913457931e-02
-3.409684576935020917e-02
-4.405056551870388526e-02
-4.638475260101325437e-02
-4.324228678028173983e-02
-3.848209033402645585e-02
-3.566147272411779312e-02
-3.760696731812856325e-02
-4.671969434119903342e-02
-6.431919784109220439e-02
-9.097541667981845492e-02
-1.256053202618719333e-01
-1.632424813683277243e-01
-1.932963875896184236e-01
-2.037035098869347804e-01
-1.855561178772323072e-01
-1.400117680632522732e-01
-7.888926332074425174e-02
-9.715332166599560670e-03
6.480539433526534554e-02
1.321338142141579297e-01
1.742112543107652012e-01
1.852457803274865644e-01
1.687951079062700588e-01
1.276398285920991582e-01
6.841427541496192255e-02
4.207424282041807850e-03
-4.982046698042631033e-02
-8.277055241736056002e-02
-9.253454860880661048e-02
-8.230291894812045983e-02
-5.509510239267853549e-02
-1.670964112034640375e-02
2.255797360074231553e-02
5.361635283857773410e-02
7.126968313078223261e-02
7.669676121453514184e-02
7.398953875842169403e-02
6.351735537369899987e-02
4.607650697174933696e-02
2.516224830364786197e-02
4.148163010519971029e-03
-1.409344988975562429e-02
-2.777606112582154535e-02
-3.726787059585623396e-02
-4.537895284946164703e-02
-5.316372727587043850e-02
-5.687723145182738138e-02
-5.277121563217682804e-02
-4.225309925808046208e-02
-3.101247485854031344e-02
-2.250695846135644662e-02
-1.683184708383825279e-02
-1.422577411270106382e-02
-1.366820721447445028e-02
-1.292768957001383737e-02
-1.010681912112585366e-02
-4.546044887146508118e-03
3.611283591402179253e-03
1.515376982069294859e-02
2.953257749578180880e-02
4.467915310257151301e-02
5.912995990871801333e-02
7.182858326549979022e-02
8.043673857641990554e-02
8.246160185346977645e-02
7.669666684615751573e-02
6.244474327135096647e-02
4.196135551384257145e-02
1.928874764783223075e-02
-2.854304418805415043e-03
-2.320407580691365157e-02
-4.257509473230781938e-02
-6.046434902047143067e-02
-7.401098365293816428e-02
-8.051443718220155366e-02
-7.777393520461314824e-02
-6.734285908290502110e-02
-5.405883758616079199e-02
-4.160344478161333293e-02
-3.119442439835513892e-02
-2.338699611513507873e-02
-1.886132645457576362e-02
-1.606230747913802923e-02
-1.152998212115236357e-02
-3.495308292832566277e-03
6.286856817833362185e-03
1.525001762030828156e-02
2.292007057655013127e-02
3.059695111770280654e-02
3.853223977830069064e-02
4.327266096601962292e-02
4.112928213831145569e-02
3.433091773143787107e-02
2.815818022121113415e-02
2.452454025529357540e-02
2.282500143814701968e-02
2.268293863551126832e-02
2.234331841226385243e-02
1.778427325308820986e-02
7.443156730636595747e-03
-5.886519303686939958e-03
-1.738124486557937609e-02
-2.209889407352762930e-02
-1.841003533530292946e-02
-9.049337415202347509e-03
2.151905324916398438e-04
4.959149826862158106e-03
5.346322257511640190e-03
3.584670980890231323e-04
-1.016307884462517262e-02
-1.988638462567533446e-02
-2.508604028135880473e-02
-2.692973655728579663e-02
-2.503383317381755596e-02
-1.949806098111292810e-02
-1.207196459860674330e-02
-5.429797111496828359e-03
-2.394676801022778585e-03
-3.066670059722889901e-03
-4.669968889630072770e-03
-5.412482423212209778e-03
-6.754974341501560064e-03
-9.864167986762810425e-03
-1.333372890559636308e-02
-1.575850557229201143e-02
-1.701641878310000688e-02
-1.752217061749769544e-02
-1.711429193082744660e-02
-1.403224050927265147e-02
-7.574790045709896454e-03
1.868664781324564858e-03
1.424505103762028352e-02
2.881775557019516931e-02
4.462492182449071670e-02
5.968761216726224672e-02
7.212303682992951548e-02
8.074805760317120551e-02
8.352336569817615797e-02
7.949217860123594659e-02
6.827636785876683989e-02
5.076740388362338541e-02
3.047047058378588025e-02
8.019136888205768976e-03
-1.746075046877581388e-02
-4.321946324493888825e-02
-6.300487601702792206e-02
-6.872773433517993802e-02
-5.950820682438587306e-02
-4.589578229995056047e-02
-3.706052297210569307e-02
-3.397381826372473934e-02
-3.553676982933683115e-02
-3.974518349340894902e-02
-4.305174568501993204e-02
-4.313857008569779022e-02
-4.000420069276664631e-02
-3.623943571661124297e-02
-3.247274415490052774e-02
-2.506622031302155329e-02
-1.225632530977024959e-02
4.289847066158369859e-03
2.108802263332569538e-02
3.454371140006202295e-02
4.337454392302148715e-02
4.649002128388435295e-02
4.179227007420567575e-02
3.015018633371031181e-02
1.782554369438584668e-02
8.690222111590595322e-03
-4.157019419080438399e-04
-9.171171183730800203e-03
-1.360825819652352296e-02
-1.506264740248979168e-02
-1.711676853174622093e-02
-2.090648622133715537e-02
-2.483031657175537033e-02
-2.594956972248954608e-02
-2.268248914890353546e-02
-1.482222494616432587e-02
-2.902053857403603335e-03
8.589002108077069958e-03
1.505349025686582125e-02
1.844095650676719905e-02
2.124820957035214453e-02
2.294043118688265590e-02
2.467221213544531361e-02
3.001352419898117851e-02
4.131281396759758223e-02
5.724999046053094731e-02
7.454020126327590146e-02
9.044316110114515583e-02
1.015783363059405003e-01
1.067117973434134753e-01
1.086363702177653850e-01
1.095554871469183733e-01
1.100306833724462030e-01
1.097276801436851690e-01
1.079192170300845161e-01
1.033011047342286964e-01
9.460787050395583209e-02
7.923338324166281921e-02
5.211484035045608337e-02
8.724329666538088029e-03
-5.394245795292867962e-02
-1.355579367713751482e-01
-2.318006295340049872e-01
-3.366539376806097494e-01
-4.403847969528934536e-01
-5.241215365877642807e-01
-5.634049429032396139e-01
-5.365487054652221532e-01
-4.429185384536797332e-01
-3.166946571814921452e-01
-1.971628823300376199e-01
-9.576400636996872107e-02
1.957487497737414595e-03
1.040305161311307208e-01
2.006723119675328793e-01
3.007414719885970200e-01
4.119481550745469622e-01
5.049685916087846005e-01
5.514563841859282389e-01
5.414881748510772530e-01
4.766028262577994834e-01
3.776778287487922992e-01
2.699222443330217547e-01
1.616668003711261570e-01
5.456813158166614469e-02
-3.784272887948549741e-02
-1.051751884182853536e-01
-1.537476271991659038e-01
-1.873309701313728426e-01
-1.999693145817520723e-01
-1.897569596032861461e-01
-1.607592882292554481e-01
-1.212163297250416216e-01
-8.354521787534338606e-02
-5.540178645812560143e-02
-3.839183786927985453e-02
-3.441027762921997080e-02
-3.890962769760703682e-02
-3.987013198144034182e-02
-3.038039268904214538e-02
-1.137609191882050196e-02
8.684857276723955202e-03
2.312453042085573993e-02
3.606017871912596540e-02
4.894827490155914673e-02
5.663000601556586466e-02
5.692129037213142229e-02
5.078016708728782386e-02
3.836435207408684517e-02
2.000152716545424911e-02
-1.806291729078629083e-03
-2.364588357097021851e-02
-4.146371695222979270e-02
-5.338954049393872248e-02
-6.043155293268230588e-02
-6.259081286325640647e-02
-6.115038103410931625e-02
-5.749518561626300317e-02
-4.897596858418998278e-02
-3.528577328606220809e-02
-1.801135018518714923e-02
2.462226233404044007e-03
2.086670292020709194e-02
3.117640340491826048e-02
3.292795299027640593e-02
2.871545370486264931e-02
2.087558646543663521e-02
1.087227387791542960e-02
9.499203601628846902e-04
-6.392908823622612917e-03
-1.164866175154092090e-02
-1.505504999934756914e-02
-1.256076275175557061e-02
-2.790405090794144047e-03
9.885737814885811950e-03
2.285285613286787421e-02
3.559698105447908073e-02
4.522437962194536532e-02
5.014763053223340872e-02
5.119900843640075305e-02
4.925704634189100040e-02
4.627049477152803125e-02
4.321608700450360607e-02
3.766311358177501512e-02
2.700681691078796187e-02
1.234339045333352793e-02
