-1.389185969208857514e-03
2.722029084123015613e-02
5.721678978168297930e-02
8.754973901395696201e-02
1.117728148604282684e-01
1.199811331729891961e-01
1.127039314657833080e-01
9.752155083512045741e-02
7.747034596433366449e-02
5.602296980746274135e-02
3.808170182728064929e-02
2.536677309189567034e-02
1.790601679993753664e-02
1.661469739957769504e-02
2.033035349229913441e-02
2.284110450345375187e-02
1.799173626074248439e-02
4.683625902378025889e-03
-1.417504238164748326e-02
-3.600899258942431846e-02
-5.876637140231904394e-02
-7.844944298895134560e-02
-8.940868813209983113e-02
-8.721353253375103975e-02
-7.397781059334145037e-02
-5.610707725298305637e-02
-3.767327607245258420e-02
-1.970363748213605978e-02
-1.988126167508898028e-03
1.465666956413412547e-02
2.683104249460942572e-02
3.098905764937366983e-02
2.609685872228642220e-02
1.342443811302568117e-02
-3.828647129647623493e-03
-1.919865522064433463e-02
-2.450456311498658279e-02
-1.623132490021325994e-02
5.380945660233122339e-04
1.564144135583579037e-02
2.510287398428117864e-02
3.138298228140001811e-02
3.568616013783515450e-02
3.859509557302619881e-02
3.922788281561928603e-02
3.765677458307318398e-02
3.742354374102019321e-02
3.764649426514756619e-02
3.085956840077571858e-02
1.288288907085443497e-02
-1.476791182465266722e-02
-4.914634210460336328e-02
-8.805744149837770041e-02
-1.296925085534699207e-01
-1.700273459768063544e-01
-2.024016129656032725e-01
-2.143029840158944821e-01
-1.923633076339110737e-01
-1.231122341958673372e-01
-1.632702295142843957e-02
8.335552144466151780e-02
1.514589908001390262e-01
1.903135470965675036e-01
2.014442695508532610e-01
1.908094046608108385e-01
1.675524750486283576e-01
1.373136988758163479e-01
1.019390976346733757e-01
6.622308063266076072e-02
3.861242834416051678e-02
2.453415704055860597e-02
2.567635337389248887e-02
3.698571811152509548e-02
4.911510683077401074e-02
5.876193438108293088e-02
6.768530778051952412e-02
7.692811732552454207e-02
8.489330207935928685e-02
8.943629999753353876e-02
8.941847695085154701e-02
8.425129061610969750e-02
7.501347492153488672e-02
6.091032285595072981e-02
3.876386277906482269e-02
9.166316197356600554e-03
-2.356150744619995435e-02
-5.747965781832175408e-02
-9.447148328663554362e-02
-1.362097303320937702e-01
-1.798226898065504453e-01
-2.185729416674276893e-01
-2.482377778460385653e-01
-2.653537446654751220e-01
-2.681703895812335148e-01
-2.613706240192713026e-01
-2.576530671046753374e-01
-2.742504115688151334e-01
-3.078485029542318285e-01
-3.288855927436469817e-01
-3.059322801773164402e-01
-2.179775624350347996e-01
-8.901468954541028045e-02
1.940170858492896305e-02
8.854742500342027700e-02
1.429778014270326192e-01
2.122261411153200938e-01
3.303805488608209662e-01
4.725007382807966394e-01
5.492807060049338386e-01
5.316623055014736421e-01
4.539100486412621094e-01
3.401050636092315393e-01
2.058967495187409846e-01
7.250236090602578398e-02
-3.740689589554405808e-02
-1.080210748460335851e-01
-1.315707038612053958e-01
-1.062585039830629963e-01
-3.291013876419253414e-02
5.922432705676963088e-02
1.180581326341073739e-01
1.258424978899118085e-01
9.430970080070136263e-02
3.481580756262649123e-02
-4.040987180226150721e-02
-1.178003407530040791e-01
-1.855935086405991474e-01
-2.344904641879661245e-01
-2.552476054883802137e-01
-2.328453702537448544e-01
-1.479749079083539365e-01
-2.593359875976899293e-02
6.697233880091556235e-02
1.093345266090877954e-01
1.141270098612116174e-01
8.716763805226190875e-02
3.941871205211917861e-02
-1.611586285480991892e-02
-6.871970118383059767e-02
-1.063684572287935809e-01
-1.172350899268109203e-01
-8.776523581855830147e-02
9.302688267205441730e-04
1.204951450252902401e-01
1.915143698450317289e-01
1.820832316801904160e-01
1.098517138639841517e-01
-7.741424368070806694e-03
-1.509188967145155547e-01
-2.963722569995546063e-01
-4.208574206805285045e-01
-4.989615402441603953e-01
-5.046578845538778335e-01
-4.155801195851410723e-01
-2.087563651714712254e-01
8.720437780214100598e-02
3.587639118527976012e-01
5.172137079058704012e-01
5.605506889982359020e-01
5.163411442679504137e-01
4.140420047057283282e-01
2.836833969872027406e-01
1.462437115415428091e-01
1.630366930687858484e-02
-8.970720843337091910e-02
-1.548875909883841995e-01
-1.634200770832006933e-01
-1.279246736356512981e-01
-9.634629000946062782e-02
-9.345623080345726030e-02
-1.132935193954471287e-01
-1.498325814173721293e-01
-1.970498465129186250e-01
-2.482306156222259252e-01
-2.929097617982056034e-01
-3.155026332896991303e-01
-2.963384003945324641e-01
-2.121496918361009676e-01
-4.432435990658347563e-02
1.674964698741011060e-01
3.345286144590369215e-01
4.252944506412822956e-01
4.581742346848037828e-01
4.442471857970393678e-01
3.965871329723050787e-01
3.320986500608393843e-01
2.623574745820420051e-01
1.920336734666424072e-01
1.218531712799750533e-01
5.297382733865241972e-02
-1.334727233818124720e-02
-6.879249424273407854e-02
-1.013917711758291207e-01
-1.113288493544586921e-01
-1.036923314150876435e-01
-8.327851668524563489e-02
-5.886697954025978813e-02
-3.840227786836758472e-02
-2.536775079579272479e-02
-2.166981402212328489e-02
-2.844115040326814295e-02
-4.472042173018511702e-02
-6.665014959806588035e-02
-8.995725580796670728e-02
-1.183443399830158560e-01
-1.584666084050369572e-01
-2.077962814737107367e-01
-2.573192556295541555e-01
-2.976090174300154434e-01
-3.204198447445041897e-01
-3.189089982173285431e-01
-2.863694172124647830e-01
-2.159888714519582753e-01
-9.906782317655013492e-02
6.508897992722259551e-02
2.367450663547230327e-01
3.556143092239150705e-01
4.018469622668313646e-01
3.893247670361840163e-01
3.348752237352653482e-01
2.556169315627858096e-01
1.671069280951839597e-01
7.979947780460747153e-02
3.438017617836820576e-03
-5.153580341610466964e-02
-7.814684089630161146e-02
-7.141936785132790844e-02
-4.368169645032964760e-02
-2.894352516262315225e-02
-4.863265999217387947e-02
-9.965728063578387086e-02
-1.723313619541859687e-01
-2.557792833585974535e-01
-3.356028201704279734e-01
-3.957004326223150237e-01
-4.179894911074232278e-01
-3.835038962108452965e-01
-2.763205406185921809e-01
-8.092439000871473609e-02
1.672372788299523461e-01
3.729135381809863814e-01
4.880873590093527392e-01
5.261725108370687298e-01
5.067184708653778014e-01
4.492779349270225042e-01
3.711164330301485181e-01
2.836138692997351995e-01
1.953942432345941449e-01
1.121431156493096631e-01
3.819527885230951381e-02
-2.043955152686306731e-02
-6.359898423195411987e-02
-9.716993161171630367e-02
-1.242937315077414645e-01
-1.449175244234699456e-01
-1.593280252880317216e-01
-1.688832305862195682e-01
-1.740272483229206024e-01
-1.737534202703653607e-01
-1.680679104925590084e-01
-1.585754445836003446e-01
-1.458297619586515770e-01
-1.282688193127052567e-01
-1.065061457025553576e-01
-8.155817870817930193e-02
-5.010737081032892726e-02
-1.405071753772453233e-02
1.746549140766139735e-02
4.080045891440602090e-02
5.666525759478616142e-02
6.420341122397119071e-02
6.468271649055321038e-02
6.068362994794867377e-02
5.430730217826172657e-02
4.689253790180385184e-02
3.976130395518910621e-02
3.624309458343469292e-02
3.877521355006562087e-02
4.815819082900375803e-02
6.411660763776542982e-02
8.498114715379838369e-02
1.087671467928270630e-01
1.299885807044368347e-01
1.390075155199012036e-01
1.306108179168277705e-01
1.047639692718934923e-01
5.855032744631483849e-02
-3.277290400894418768e-03
-6.311192050767953921e-02
-1.121206403152734399e-01
-1.494319446795160655e-01
-1.727436159143928562e-01
-1.831992520604745212e-01
-1.827983618874554073e-01
-1.710116904156973872e-01
-1.454872269213020597e-01
-1.068388522062324320e-01
-5.936807062454968476e-02
-8.963275681471673945e-03
3.482499525133376378e-02
6.235467025953378428e-02
7.194299132706449829e-02
6.915644316255828428e-02
6.026253063832455459e-02
4.804396356750353925e-02
3.310820083621722476e-02
1.898199018295591151e-02
8.137961802217060989e-03
-1.012970528655551816e-03
-8.963101952521989463e-03
-1.546241141269620069e-02
-1.937048620625848872e-02
-1.795103570100940737e-02
-9.312888004310241469e-03
7.097003734078299181e-03
3.041240357203268616e-02
5.723803407023529688e-02
8.213509550037838280e-02
9.949700249117568451e-02
1.060371651612921073e-01
1.014164040496580294e-01
8.536482357840823043e-02
5.858004940085850126e-02
2.583597949010283876e-02
-6.039482141220856720e-03
-3.468808314338264059e-02
-6.236098296508344602e-02
-8.986764474596949104e-02
-1.133148259724970214e-01
-1.257521558584684951e-01
-1.240493574415947459e-01
-1.108844496211593700e-01
-8.813343598698741843e-02
-5.386889103600266820e-02
-5.658036185860387812e-03
4.876755076816641221e-02
9.130752757252541540e-02
1.109984321542020203e-01
1.065538405957196511e-01
8.129912610117635829e-02
4.462702200655926932e-02
5.573156639994808134e-03
-3.132159728516258068e-02
-6.003683339984112327e-02
-7.416468260436025195e-02
-7.113597108453276197e-02
-5.135023816841204763e-02
-1.468939129050189120e-02
3.345020729423113515e-02
7.809063046322972657e-02
1.099353712362868551e-01
1.274994335737044682e-01
1.313736160142451037e-01
1.239914171170781593e-01
1.087142135979493884e-01
8.962626623973773965e-02
6.754585362915514757e-02
4.179636562540238465e-02
1.246825600701116817e-02
-1.986143383897830822e-02
-5.288323309078889894e-02
-8.624694743957743437e-02
-1.221181388330636886e-01
-1.631445304356586579e-01
-2.092373667698424200e-01
-2.550625764554674269e-01
-2.947105816820929647e-01
-3.216549908713369765e-01
-3.265774032320147846e-01
-2.985354793093994985e-01
-2.249887949325306558e-01
-9.467936778587242308e-02
6.486215143328045996e-02
1.929681744378566322e-01
2.683152499737267993e-01
3.034024697778850421e-01
3.085083708946941838e-01
2.936400803936898285e-01
2.676619285343554422e-01
2.368380813447934219e-01
2.033065595859724073e-01
1.640862262485184853e-01
1.162111397415839797e-01
6.623106389714604469e-02
2.649143133164508571e-02
1.392506089879223807e-03
-1.194296168130621824e-02
-1.423934565373519492e-02
-6.093459815891447140e-03
7.629480776792901819e-03
2.254960774972711648e-02
3.690832881545696997e-02
4.918608128794924039e-02
5.650694999771280896e-02
5.642695362633189105e-02
5.049577146313194431e-02
4.069340106531986467e-02
2.597064463121894276e-02
4.703061478544916935e-03
-2.382866485988634209e-02
-5.860405869926040012e-02
-9.798343147077416548e-02
-1.452714810297956738e-01
-2.054971730538791841e-01
-2.784909250021974092e-01
-3.613262708579202953e-01
-4.431796425887992164e-01
-5.068643510213036718e-01
-5.440090122874428058e-01
-5.499259050588054532e-01
-5.106819330999252671e-01
-4.105830833915745104e-01
-2.466703709267785982e-01
-2.075920898459808484e-02
2.519970054158369721e-01
5.054089472941177830e-01
6.679655577541666611e-01
7.325609700982274042e-01
7.243635539124477773e-01
6.623633349885565957e-01
5.627327300795387233e-01
4.454923620941299012e-01
3.342264543501396457e-01
2.446297391330266302e-01
1.747240343593851053e-01
1.117163347751521096e-01
5.203814322855872948e-02
-2.349436480869049326e-04
-4.379560634347387515e-02
-7.950386770482457954e-02
-1.097007429742327678e-01
-1.385924374574792894e-01
-1.779851619377283423e-01
-2.413860732726552105e-01
-3.306607295976949357e-01
-4.363380501237406617e-01
-5.406496210611665409e-01
-6.234659506423002595e-01
-6.684870086533338807e-01
-6.618735312929335812e-01
-5.901276266259413150e-01
-4.390110505173132061e-01
-1.992556174539871217e-01
8.018657149210517421e-02
3.052922695277753284e-01
4.418700309693600614e-01
5.030543538809520987e-01
5.017769644386788075e-01
4.626370486147449723e-01
4.106123498655808723e-01
3.555655556352158020e-01
3.008946292342869477e-01
2.507848768403622142e-01
2.066021746718305907e-01
1.700643483827918856e-01
1.340719521756559840e-01
8.080633413476215332e-02
6.112272013893743985e-03
-7.439283492941421716e-02
-1.358043003277056016e-01
-1.622421355890744932e-01
-1.616243953196646044e-01
-1.460004585837188507e-01
-1.166782772672872587e-01
-7.894401063072961633e-02
-4.282999358280707713e-02
-1.065166978417885976e-02
2.064306215651729934e-02
5.121703894111800243e-02
7.778657902746255459e-02
1.025666978374370347e-01
1.329919956175640294e-01
1.698163071277927760e-01
2.045993159571412034e-01
2.269512607039028684e-01
2.322154527486347542e-01
2.185635718644381997e-01
1.803832794047516563e-01
1.123804661572988667e-01
2.099508010950729489e-02
-8.107986091220116542e-02
-1.921768558493517354e-01
-3.121003582616150296e-01
-4.316553734491467287e-01
-5.362537610624639184e-01
-6.021774606666752128e-01
-6.032159776746454094e-01
-5.280974500159960616e-01
-3.781236918504279343e-01
-1.939005178410645180e-01
-5.436923984447013247e-02
8.712153411850567797e-03
1.596574112560004283e-02
-7.681382936663955219e-03
-3.861100545199490364e-02
-5.437571569999211096e-02
-4.368202559158234494e-02
-5.209227660419493700e-03
7.341739210264489057e-02
1.822925049530494113e-01
2.779284574898100990e-01
3.469795513253928765e-01
4.080756179659871807e-01
4.579659386063563153e-01
4.714644053810771451e-01
4.441368527897427976e-01
3.841396254617934769e-01
2.916576625087948238e-01
1.767511285375485963e-01
6.193539896480150519e-02
-3.478849707449801348e-02
-1.053138232975193295e-01
-1.441371543000162236e-01
-1.443097382235913329e-01
-1.032831428936841628e-01
-4.274565234426903892e-02
-6.846757031709130303e-04
1.010126710694736127e-02
1.263078951848281561e-03
-1.859876595386133688e-02
-4.755676060580242559e-02
-8.433656802188008172e-02
-1.263042338843259338e-01
-1.671821841354082794e-01
-1.950660436944189613e-01
-1.942190750889725703e-01
-1.448515659221808471e-01
-6.001264989865110616e-02
4.974120997144731646e-03
2.195771468820605088e-02
-5.792450314432283365e-03
-7.438047159470284608e-02
-1.666817270061935474e-01
-2.555251675945162115e-01
-3.192661590648771530e-01
-3.436295902988784068e-01
-3.147013487646743712e-01
-2.226094270278551890e-01
-6.136110115666291304e-02
1.373840686224341301e-01
3.005238755567380959e-01
3.991517653000306032e-01
4.493342977481041833e-01
4.628427131255635762e-01
4.458844457204276246e-01
4.011702966508836621e-01
3.355218382194700144e-01
2.640953807420578503e-01
2.013209124546574968e-01
1.529040411603720118e-01
1.134031556042183336e-01
6.979806152697581867e-02
1.624936954585002452e-02
-4.320916386978265744e-02
-1.048733021532598231e-01
-1.680232680848538496e-01
-2.343500265665540427e-01
-3.049524431554107018e-01
-3.745910087323147120e-01
-4.316587161600760614e-01
-4.624201377661810719e-01
-4.545275710639722910e-01
-3.958110316724274824e-01
-2.702170973673230780e-01
-1.053210885154024223e-01
2.432759304801726877e-02
8.889127231989746303e-02
1.044357321157288743e-01
8.631311696349261431e-02
4.869678880027181189e-02
5.028857926359903141e-03
-3.186350469880994823e-02
-4.611906110088332539e-02
-1.739613801224086653e-02
7.720299360448296122e-02
2.145197150946607512e-01
3.201510312202082154e-01
3.610676786436405883e-01
3.515905529743658109e-01
3.078035178534793137e-01
2.431186952442124238e-01
1.678491941269508736e-01
9.100412842497349053e-02
2.076304068127926908e-02
-3.562424650760503964e-02
-7.392543159744938142e-02
-9.235364882422425481e-02
-9.653393236189122817e-02
-9.950516617268406749e-02
-1.066564601349686836e-01
-1.145799779459630574e-01
-1.208193188558564085e-01
-1.226455516622257380e-01
-1.151994336267346541e-01
-9.820938956873884185e-02
-7.517072973981119011e-02
-4.938396714129594800e-02
-2.378811915126360227e-02
3.898012771453471595e-03
3.132177671579695899e-02
4.583263308338896003e-02
4.504224392794416165e-02
3.793974350209790986e-02
3.178147488655030245e-02
3.110475580843811635e-02
3.745984153018368235e-02
4.794321816639511569e-02
5.686344632108675939e-02
6.264286794901496869e-02
6.778132286936590367e-02
7.549019333403747534e-02
8.532020442345029931e-02
9.017367679618593090e-02
8.354452260477601699e-02
6.503587760745632718e-02
3.851171352356055899e-02
7.094386101136869981e-03
-2.712362255338746780e-02
-6.018530095731942919e-02
-8.843648563532027773e-02
-1.104551248103860378e-01
-1.262670181897546096e-01
-1.367221149053199358e-01
-1.387651581178690197e-01
-1.270593082357610037e-01
-9.982002951840586447e-02
-6.800378201451694193e-02
-5.070137419569752113e-02
-5.077217025408398143e-02
-6.096112912794735689e-02
-7.565733943271969741e-02
-8.552563355852135785e-02
-7.916796048769990379e-02
-4.624240283410180341e-02
1.974097175950887545e-02
1.005443706140228266e-01
1.567104587744246602e-01
1.731692233782698431e-01
1.602231172848852248e-01
1.280583747059164945e-01
8.414807134128157728e-02
3.487963135304769646e-02
-1.434284371611734346e-02
-5.626944521505240077e-02
-8.061926142328694478e-02
-8.007640480074432188e-02
-5.323419084377740973e-02
-1.101685015963821922e-02
2.669161839076513928e-02
5.252617079097256919e-02
6.942632734451273380e-02
7.752439906721581009e-02
7.607488729831093921e-02
6.665870508286830809e-02
5.373067891400890722e-02
4.131187865264757120e-02
3.137285514158823924e-02
2.327574799530306160e-02
1.513254518349671680e-02
8.065786876138219402e-03
3.262452505739152700e-03
-1.818415639057702898e-03
-7.843349927907734484e-03
-1.245519333365771412e-02
-1.663318116626599785e-02
-2.400680804039928562e-02
-3.579449687153843374e-02
-4.901614959239241481e-02
-5.714265360777015523e-02
-5.491882647738911827e-02
-4.369891459742151346e-02
-2.861343408487914200e-02
-1.359488425393933636e-02
2.367815387583020043e-04
1.217493099939401247e-02
1.998537386975426586e-02
2.135506933979190031e-02
1.488938404302298305e-02
1.831192364499725257e-03
-1.352380255230786928e-02
-2.519343749924870396e-02
-2.998004342986123824e-02
-3.066710384371194170e-02
-2.742095746772763715e-02
-1.723369254833355749e-02
-3.262144573464300160e-03
8.939480293335425043e-03
1.702159348473939599e-02
2.177717442628385874e-02
2.469001661399316053e-02
2.651922861605944537e-02
2.677430291306744092e-02
2.339134157345642076e-02
1.609065563163573215e-02
5.948558318984462599e-03
-5.772990296051529191e-03
-1.717292155676696311e-02
-2.702882438879299770e-02
-3.433075282757767910e-02
-3.939634609485919564e-02
-4.287473082002571378e-02
-4.301083763869732041e-02
-3.864633876548635716e-02
-2.968440001701080910e-02
-1.547555605548631835e-02
3.073486332895296672e-03
2.147175220933575379e-02
3.549027453635404672e-02
4.614706257131337419e-02
5.551359628549967784e-02
6.124119196100399898e-02
5.981433657982755669e-02
5.171212089786114685e-02
3.941449771920031014e-02
2.392310568649671024e-02
5.501340615543576576e-03
-1.364257808262811511e-02
-3.031054429375031750e-02
-4.339724481609467249e-02
-5.156214021903433170e-02
-5.396173271462817445e-02
-5.259229442089224243e-02
-4.827479013254598605e-02
-4.027958384406693515e-02
-3.052783107890603628e-02
-2.084095418050165710e-02
-9.138641066568305854e-03
4.567131886348956352e-03
1.642402274861141931e-02
2.455915874729427267e-02
2.903556824207209619e-02
3.077131773516053603e-02
3.073639741577693929e-02
2.777438169185901182e-02
2.147280541155880546e-02
1.489807331862932557e-02
1.021534574711070210e-02
7.660661895417895245e-03
8.670821353078781921e-03
1.372903128358524474e-02
2.113662140599440256e-02
2.868648062942634469e-02
3.465174467274116654e-02
3.761673943938288744e-02
3.586431454230366855e-02
2.817541572308034786e-02
1.497814572803056118e-02
-2.460057119019706286e-03
-2.259771653964967250e-02
-4.002798143436590850e-02
-4.809863864726435234e-02
-4.756138715116506321e-02
-4.226290949467411545e-02
-3.322425591551683710e-02
-2.032874706221771480e-02
-5.682439911885494264e-03
5.484977242759219232e-03
1.182283701740290821e-02
1.499991394315912385e-02
1.431994266642850830e-02
1.021473859881933365e-02
4.992525416564082968e-03
-3.881839658766415325e-04
-5.997265244071576205e-03
-1.211510692955492657e-02
-1.903769076943388067e-02
-2.613931580929550191e-02
-3.229457296948809453e-02
-3.611415516644930768e-02
-3.482060437490288457e-02
-2.597766612022170060e-02
-1.031068743782487945e-02
9.280455563622344931e-03
2.924791581777819865e-02
4.552870561027418800e-02
5.541892697913701482e-02
5.751647379879377270e-02
4.959750054359698263e-02
3.095715303307654959e-02
6.483857870479020451e-03
-1.589451517443749018e-02
-3.148107945305471389e-02
-3.958134937277746346e-02
-4.162917159516629079e-02
-4.015552585200631019e-02
-3.727623498501468624e-02
-3.298130620210218411e-02
-2.523632245390518974e-02
-1.395127559895654665e-02
-2.322932365546066715e-03
7.798397463599828980e-03
1.604148225602594971e-02
2.139092582713506691e-02
2.464929241913691588e-02
2.694695019174003781e-02
2.811039347630280016e-02
2.833350859708044789e-02
2.770632252045647503e-02
2.769038677136937548e-02
2.899972588167262777e-02
2.720969626001447025e-02
1.948913496712078100e-02
1.021530581640154971e-02
4.192562455323487619e-03
2.497627686097145770e-03
4.163718648349697994e-03
6.862840104998946429e-03
8.588280208741475713e-03
8.570115925499638410e-03
7.663487824586158112e-03
7.688759013914189117e-03
9.829146919413982858e-03
1.413042117172635427e-02
1.792265141412915236e-02
1.755949881439278562e-02
1.262757664855371047e-02
4.980888180589806286e-03
-3.470692792362502915e-03
-1.172714741110595510e-02
-2.039486336880143996e-02
-3.018140986604787510e-02
-4.110668059870160179e-02
-5.173931474197328989e-02
-5.996437339685404405e-02
-6.697163127012387140e-02
-7.636622133845868965e-02
-8.645711466535246914e-02
-8.922849936458597531e-02
-8.314852414709290873e-02
-7.495702508323379143e-02
-6.789254949573521325e-02
-6.265293495583525163e-02
-6.001853675732278515e-02
-5.579990347477442603e-02
-4.158050990414874359e-02
-1.530984743563027113e-02
1.708255562250830112e-02
5.419916897995652461e-02
1.022716384035556036e-01
1.534266256247560911e-01
1.834811505492503214e-01
1.859016548467199992e-01
1.702560900348438766e-01
1.438000731834989387e-01
1.120096464240635248e-01
7.972892014250226866e-02
5.082480643974732204e-02
2.517596644315653678e-02
1.965860050298771922e-03
-1.814204582328919624e-02
-3.598539449994002382e-02
-5.108307827645329480e-02
-6.106955235013119404e-02
-6.680181088264718070e-02
-7.024048872872167004e-02
-7.141378312755942981e-02
-6.858111648667856997e-02
-5.997918865956933243e-02
-4.721534290395001943e-02
-3.188811778292893750e-02
-1.365900750934836115e-02
7.065328409311700045e-03
3.044032489571923267e-02
5.581471449013798020e-02
8.002161846294179870e-02
1.004405980543271598e-01
1.142600691870327700e-01
1.194052352405795409e-01
1.162623205001390297e-01
1.059753778179591543e-01
9.013992965353759268e-02
6.921941923042396194e-02
4.208052231198766008e-02
6.340508760999081367e-03
-3.899550929158893120e-02
-8.946312304674944316e-02
-1.395377980325525624e-01
-1.874769616407047923e-01
-2.348371709046063738e-01
-2.819507958004123238e-01
-3.257042416905862048e-01
-3.626594291339534371e-01
-3.850084715792246870e-01
-3.802563544249452088e-01
-3.354773928822192275e-01
-2.348754238046718568e-01
-5.805124970060972223e-02
1.617085283356903824e-01
3.348665810301325041e-01
4.278125326413146357e-01
4.602915545624601257e-01
4.481086478984218635e-01
4.051955132600443266e-01
3.417281013439337212e-01
2.661382310717541055e-01
1.877378447258746252e-01
1.127566407356765388e-01
4.402322413810692142e-02
-1.713223002643290971e-02
-7.071078826420998387e-02
-1.164460280252760938e-01
-1.525779171717132066e-01
-1.764098082069132656e-01
-1.863547010710036034e-01
-1.839649941976824465e-01
-1.737321904704926534e-01
-1.595756960004475755e-01
-1.418845512550431509e-01
-1.183918942653628403e-01
-8.515666432680621400e-02
-3.694400179790334471e-02
2.496584521602013274e-02
8.888870459123655865e-02
1.403216886445667333e-01
1.692385636088021561e-01
1.744631300122899131e-01
1.592799685492693740e-01
1.282378059016155980e-01
8.965746610593230970e-02
5.243431007285905693e-02
2.084558994538291896e-02
-5.824155781801300912e-03
-3.068401231557713049e-02
-5.404704793091382603e-02
-7.205715081408016476e-02
-8.271270523044051137e-02
-8.639882245882847533e-02
-8.223004050840362900e-02
-6.993920874463888104e-02
-5.228720406676330701e-02
-3.155855792663430498e-02
-9.120595330052836194e-03
1.222787739598070814e-02
2.844841281294986646e-02
3.595900013465017780e-02
3.714253880580135198e-02
3.891498531929638710e-02
4.407396622660146590e-02
4.840327683413169629e-02
4.527006810186844782e-02
3.354967130848865442e-02
1.780935856559604999e-02
2.561781399673351660e-03
-1.084200086616630455e-02
-2.303353144641158770e-02
-3.362389857293441447e-02
-4.167223310454982316e-02
-4.690173442777717527e-02
-4.926085339803922686e-02
-4.782570490327850421e-02
-4.130283492947055268e-02
-2.930055123320535887e-02
-1.146575274746687231e-02
1.124252358610105217e-02
3.575854559043115111e-02
6.043180487503074100e-02
8.490839201345673493e-02
1.052575321709811051e-01
1.146814801698941705e-01
1.109671612091311238e-01
9.789085183723525430e-02
7.925115873547862455e-02
5.525360571355089623e-02
2.633077907536366530e-02
-3.027926156333743055e-03
-2.852815454262824096e-02
-4.981828626981602004e-02
-6.899738233631877438e-02
-8.623125589883585962e-02
-9.963375220115101849e-02
-1.093230021983846584e-01
-1.175303982250098800e-01
-1.248464962799070571e-01
-1.241465405135823707e-01
-1.221837539920965637e-01
-1.459774069016481768e-01
-1.996492038536580305e-01
-2.639518207962364693e-01
-3.223648927089324823e-01
-3.577716762902198311e-01
-3.478468450584707439e-01
-2.691907582254107201e-01
-1.014080563644359362e-01
1.184539539050259577e-01
2.972731239546876902e-01
3.989268936939911470e-01
4.420159933205176639e-01
4.419206012332781430e-01
4.129561867895178429e-01
3.646200546841062984e-01
3.039750842793984553e-01
2.401936187244965715e-01
1.799665555027523123e-01
1.258893163083217304e-01
7.957086633107059159e-02
4.201653661602665346e-02
9.515433372571456550e-03
-2.254472021929655040e-02
-5.331098375804502187e-02
-7.902764072858380062e-02
-9.556433080149552561e-02
-1.017478096200055138e-01
-1.010900492524595545e-01
-9.906627822401463390e-02
-9.849585623155387992e-02
-9.810268719478873467e-02
-9.497226614684747825e-02
-8.734531826870241267e-02
-7.926236733148457614e-02
-7.613622321695526218e-02
-7.580756100479726922e-02
-7.357253436488975229e-02
-6.878660455719348699e-02
-6.120937963127943970e-02
-4.944635040306923079e-02
-3.397558793292954765e-02
-1.727300522570025462e-02
-1.404657376393226610e-03
1.156857083446803311e-02
1.903739378750005790e-02
2.239802162920600040e-02
2.644880699367765584e-02
3.170919467159670491e-02
3.493063000551252517e-02
3.494559387229199260e-02
3.287716470017560538e-02
2.949066166573913877e-02
2.499801605576620900e-02
2.049060610860968870e-02
1.736562266193916737e-02
1.665449553633632090e-02
1.503366934951726880e-02
5.846417134682865141e-03
-9.557068150557405245e-03
-2.444097680686647261e-02
-3.558644309150703344e-02
-4.140095374684527041e-02
-4.037967541453563181e-02
-3.321597843187560489e-02
-2.283729295607431209e-02
-1.151240960892997538e-02
6.584928993447377839e-04
1.407930196759285546e-02
2.755882632075340455e-02
3.829465424383636518e-02
4.526048821460852689e-02
5.013769925769473446e-02
5.268590210845997684e-02
5.124317734255227214e-02
4.576011877290947494e-02
3.782464746984631754e-02
2.981851506303818955e-02
2.284925464488749003e-02
1.572002288686706259e-02
6.947211161496305055e-03
-3.608170947890525573e-03
-1.657475351908679895e-02
-3.203039604513461397e-02
-4.856824255639767551e-02
-6.389288722011585153e-02
-7.412910599045553772e-02
-7.637829400455825590e-02
-6.976862314507439877e-02
-5.439078389556535609e-02
-3.274229206746712140e-02
-8.267692075520190892e-03
1.733873706446407981e-02
3.830261854268000865e-02
4.658395076364366116e-02
4.117905500575380628e-02
2.571336920505042090e-02
5.667388394514980346e-03
-1.317683332809207152e-02
-2.731238755658490017e-02
-3.628296080033534265e-02
-4.101110447900933181e-02
-4.023927455537362752e-02
-3.145687563982126067e-02
-1.432735322047009284e-02
6.768403541507139569e-03
2.524357942692724566e-02
3.700416390236063030e-02
4.246484714887293482e-02
4.413389529473546458e-02
4.309590884459608973e-02
4.114250367615002874e-02
3.940851750328366182e-02
3.662874644693255022e-02
3.340475793931854676e-02
3.069679823225835574e-02
2.702972841513485297e-02
2.070153684833214713e-02
1.134836963692884525e-02
2.805429460619830381e-04
-1.111349365993086376e-02
-2.248892485499877358e-02
-3.312673732103091351e-02
-4.033852228177766536e-02
-4.119836889277655317e-02
-3.559120015007420645e-02
-2.516535010842515380e-02
-1.174208431841719177e-02
1.594429099459961606e-03
1.168881801229351182e-02
1.856827228167018048e-02
2.324120023895072037e-02
2.545592412148128467e-02
2.454677983766144142e-02
2.127590396432239850e-02
1.760446273500888142e-02
1.368661124237415677e-02
8.552779905055235554e-03
1.575948907241317854e-03
-6.712689026004186633e-03
-1.481537791943816906e-02
-2.233685246533281127e-02
-3.042441171610654402e-02
-3.917643417182986587e-02
-4.575185602812619629e-02
-4.691563989501541104e-02
-4.320121725133216350e-02
-3.778981301687962119e-02
-3.209023997893816621e-02
-2.632201368810417261e-02
-2.047846043162237367e-02
-1.384485529732622407e-02
-5.988270286677615205e-03
1.635945040381410649e-03
7.884705611758101307e-03
1.427127765114862175e-02
2.256720715203287125e-02
3.262298713207729267e-02
4.191020858940475852e-02
4.915530916699730607e-02
5.509151039952523560e-02
6.060092202237684494e-02
6.682095437035875940e-02
7.481848028150875352e-02
8.334572369627331334e-02
8.853003735478900960e-02
8.757253457623231929e-02
7.923346801637293213e-02
6.414444227543986132e-02
4.480489024144535676e-02
2.284701000200297510e-02
-2.864929220924419817e-03
-3.422834414177226142e-02
-7.066414466577629339e-02
-1.095607826349891956e-01
-1.481005986596064805e-01
-1.840976365272474768e-01
-2.113033372382122077e-01
-2.169672255482351375e-01
-1.860319295892082780e-01
-1.289604905316214800e-01
-8.473743453251406099e-02
-7.013786612153091737e-02
-7.500680843015843091e-02
-8.778414327291060582e-02
-9.758451207004005534e-02
-9.138550140529284882e-02
-5.424985403539346607e-02
2.843393491117818597e-02
1.384169178036095682e-01
2.241674928253602483e-01
2.664355221392448181e-01
2.760974372599370175e-01
2.593725230783340829e-01
2.218893456133321784e-01
1.727050629140051696e-01
1.225906633184107586e-01
8.103065772922167509e-02
5.258911529423544728e-02
3.586047378251277368e-02
2.736680268155563395e-02
2.320142055151233271e-02
1.889106411531560337e-02
1.238131985640680832e-02
5.011427594165885485e-03
-2.774796434851813792e-03
-1.102002941795051510e-02
-1.780430179115564254e-02
-2.177742584640354404e-02
-2.303566430823904970e-02
-2.296372878261539532e-02
-2.589614364095128504e-02
-3.572972337564431916e-02
-5.202136109259745955e-02
-7.296533035838220771e-02
-9.697935503453265771e-02
-1.232155539541187894e-01
-1.521005123274872806e-01
-1.822661550431404487e-01
-2.104042735306712320e-01
-2.318257531099288393e-01
-2.383494051053549612e-01
-2.192771162645343885e-01
-1.645487376129236012e-01
-6.297975528359761599e-02
6.549265988550199979e-02
1.642040526157580449e-01
2.075372962119149123e-01
2.064149899979062230e-01
1.737781191046831875e-01
1.207383709530099464e-01
5.686604084070837062e-02
-6.957916862906615707e-03
-5.950945960450194222e-02
-9.096230105499615581e-02
-9.237172798023572662e-02
-5.459956730578249123e-02
1.985698936433766618e-02
1.021426821887593955e-01
1.594047236700154579e-01
1.840163218444856863e-01
1.846553257915403146e-01
1.703967063840916007e-01
1.484840083106868935e-01
1.231514175254677657e-01
9.435482079792627264e-02
6.095348822081094603e-02
2.405716542642534483e-02
-1.328984504467058299e-02
-4.692887791941492692e-02
-7.416166316351967269e-02
-9.512634091328447949e-02
-1.099836153693978802e-01
-1.185396221085161794e-01
-1.228377720969794362e-01
-1.246556292627208629e-01
-1.226217254333915874e-01
-1.159640729058798170e-01
-1.029181972864943173e-01
-7.868350390443040743e-02
-3.849036558301552335e-02
1.233182210309813169e-02
5.631209010518158087e-02
8.314807032282217625e-02
9.401700039337725079e-02
9.274473191216338341e-02
8.240139030637545769e-02
6.363726701242167216e-02
3.722864745815009785e-02
6.886618985877470539e-03
-2.124882588598668923e-02
-4.213309144118912442e-02
-5.456991729231028265e-02
-5.861423222231783303e-02
-5.337943313779775628e-02
-3.993212776442918444e-02
-2.354465123720763178e-02
-9.086212156389963240e-03
3.985418992042884592e-03
1.812910347976786837e-02
3.386455772631323524e-02
4.832077341244145341e-02
5.695632031197279954e-02
5.746621233149264152e-02
5.161044548919446057e-02
4.424524368975565891e-02
3.666294225509524746e-02
2.585700239982287665e-02
1.148484262248318857e-02
-3.460368916042389203e-03
-1.664237379014462184e-02
-2.780665292373020459e-02
-3.665683099099600883e-02
-4.167170182676173396e-02
-4.170559796725466228e-02
-3.698361918119581759e-02
-2.989797311844754821e-02
-2.348358252687364478e-02
-1.920318460691070386e-02
-1.801925385337947369e-02
-2.009438926152420923e-02
-2.262250957883481933e-02
-2.088056381225537883e-02
-1.257301199372093392e-02
8.280624222423794761e-05
1.378637070194452252e-02
2.707124567032266615e-02
3.851243248247600282e-02
4.722184594584163952e-02
5.336447044996731753e-02
5.493278368603210504e-02
5.040700867447450023e-02
4.278044804751467145e-02
3.454476878591936084e-02
2.523393900711804957e-02
1.478320963785548746e-02
3.584054850417621018e-03
-8.792568810719833886e-03
-2.264698907472583594e-02
-3.749469857620538193e-02
-5.296323426859896044e-02
-6.581359982460074920e-02
-7.153274656707866996e-02
-7.193898998481680629e-02
-7.187283732657853697e-02
-7.245924908365349026e-02
-7.230398263355541921e-02
-7.004403120733299071e-02
-6.519560581535911725e-02
-5.689945718778206818e-02
-4.449477143845980559e-02
-2.766493949060316176e-02
-3.430631600842382750e-03
2.734038207978566060e-02
5.728584716051364489e-02
8.264665382043212549e-02
1.031004080849052124e-01
1.180675597216510886e-01
1.279190118445152069e-01
1.319726104919617393e-01
1.290721490873495136e-01
1.198014198829118193e-01
1.052798021297022824e-01
8.701858360184112906e-02
6.736612235416976346e-02
4.753589586917118109e-02
2.890546518112351720e-02
1.405410636305508276e-02
2.905868833672418244e-03
-7.243935637835655778e-03
-1.935013655892630496e-02
-3.636143627795758448e-02
-5.846155610499879918e-02
-8.248358068159862555e-02
-1.062502332829048796e-01
-1.309727465756832798e-01
-1.590378066123806777e-01
-1.889455391536288553e-01
-2.117612361823268119e-01
-2.150180509514307559e-01
-1.862592145504863017e-01
-1.074592870262751076e-01
6.694524388582180630e-03
9.980900473173882903e-02
1.463503837787025752e-01
1.551727080209377996e-01
1.336111575893686454e-01
8.824721948003737271e-02
2.827417098528815093e-02
-2.818912020425618295e-02
-6.021116963751037277e-02
-5.666805015827178216e-02
-1.056841445390692066e-02
8.444483749911813053e-02
2.014831658992197461e-01
2.850362101659443814e-01
3.144467796143150529e-01
3.017082350153518222e-01
2.584268472497267544e-01
1.924882522433024601e-01
1.071445036829936637e-01
1.382454294123186024e-02
-7.158717535488194617e-02
-1.460525531664000065e-01
-2.088887979467368983e-01
-2.540666807015810047e-01
-2.794460894809219775e-01
-2.979258301708203049e-01
-3.291061949113526230e-01
-3.721900230396797959e-01
-4.086240485270563050e-01
-4.181958722089564318e-01
-3.797730549465918592e-01
-2.678945251790590953e-01
-1.018985647365474867e-01
4.991713865625845015e-02
1.625828557783883521e-01
2.385539847308275618e-01
2.621784670322963584e-01
2.334525319699904400e-01
1.750622541404677490e-01
1.152969848148142351e-01
7.858113450320228233e-02
8.469728830154420185e-02
1.535287423507436522e-01
2.571147067527212449e-01
3.214970009115995508e-01
3.251012815268176648e-01
2.920177951049903187e-01
2.416223306632163670e-01
1.888170858502016825e-01
1.418101144074482012e-01
1.050283898667731391e-01
8.131650456177211272e-02
6.962237319157259241e-02
6.508180001918045798e-02
6.572039195493134534e-02
7.079539829170450327e-02
7.307467309924498000e-02
6.591098733533885812e-02
4.715170563466643955e-02
1.483589243909798350e-02
-3.162183928680618178e-02
-9.131073341557691125e-02
-1.661747090013838135e-01
-2.588328870910560076e-01
-3.641141327919262816e-01
-4.736673683986841743e-01
-5.801186326355625145e-01
-6.642190508476567556e-01
-7.020489704707372214e-01
-6.786171882126370569e-01
-5.821396434629713124e-01
-4.044841169704661010e-01
-1.585131681164572703e-01
9.076715738567443792e-02
2.684523547394752629e-01
3.613300347957987269e-01
3.972317126045813440e-01
4.080736396926556431e-01
4.225337683328203586e-01
4.409466273817468362e-01
4.352829238882467422e-01
3.951444484035774862e-01
3.326975795581935125e-01
2.614247890493168747e-01
1.889834475706067274e-01
1.168232619324372779e-01
5.075336525478778976e-02
-1.581405631210192758e-03
-3.895657527706752193e-02
-6.228792707746020479e-02
-6.777451820059954279e-02
-4.623026646145935586e-02
-5.344205372635357776e-03
2.774806760287741245e-02
4.328131498597018179e-02
4.823858275313826216e-02
4.844778551717321413e-02
4.897975606698988515e-02
5.232525085006408533e-02
5.749735553933458393e-02
5.924165598954465178e-02
5.177998869066344212e-02
3.347029097135625908e-02
3.937597989397106923e-03
-3.785373619995277550e-02
-9.074149143162146824e-02
-1.520630966468610179e-01
-2.202773530826189208e-01
-2.938561849926954461e-01
-3.625231999497421920e-01
-4.076211058210558180e-01
-4.151799127731832795e-01
-3.728933900194580930e-01
-2.919872054398635619e-01
-2.115167423660718471e-01
-1.402874550273294219e-01
-6.928201987765433834e-02
-5.850724718742768282e-03
5.409732392596407202e-02
1.293891824199459029e-01
2.175115086739488890e-01
2.896464802757948709e-01
3.284580488779565988e-01
3.353052499992946744e-01
3.159057895179770425e-01
2.792203351136884892e-01
2.371052167966509194e-01
2.004742159011833613e-01
1.700553784015205461e-01
1.382484594917286203e-01
1.033388388325183621e-01
6.971070460715561579e-02
3.918601041248814809e-02
9.613941089443429205e-03
-2.321250624464540890e-02
-5.799205088221066895e-02
-8.650257058875446270e-02
-1.038211859361084372e-01
-1.112754257893160681e-01
-1.085991693476760500e-01
-9.229568897905550406e-02
-6.304404613728287199e-02
-2.812626609510535808e-02
5.077896194627971871e-03
3.220405310296871326e-02
4.888281503807712786e-02
5.466257058147518805e-02
5.414907052663787274e-02
4.691537363460076410e-02
2.698857832821986019e-02
-7.360247902752760883e-03
-5.124152538039109667e-02
-9.741496833609858408e-02
-1.432756922320970183e-01
-1.891856660790228739e-01
-2.314188805137539773e-01
-2.653450542324473638e-01
-2.870104974388377750e-01
-2.911822368245660098e-01
-2.732958244917667590e-01
-2.293670918205185094e-01
-1.505557447354761436e-01
-2.253318107415690566e-02
1.311466333088232294e-01
2.503157750061234532e-01
3.127225592308576219e-01
3.304362710874896303e-01
3.145775787416967839e-01
2.771920255397320454e-01
2.303359536242520489e-01
1.828440290793983680e-01
1.383819557562489533e-01
9.797979561656963710e-02
6.141992326245855616e-02
2.608164086421090391e-02
-7.510663679468409376e-03
-3.640122192729161599e-02
-6.235417515176834569e-02
-8.505742814759142956e-02
-1.014690084585812002e-01
-1.110114811445423871e-01
-1.128422011537298236e-01
-1.081456056534922661e-01
-9.907547530549366821e-02
-8.505218443885190216e-02
-6.422809063772819127e-02
-3.410041621749402424e-02
-8.497036908572215205e-04
1.964887370484250800e-02
2.190314684559004077e-02
1.208398695633538730e-02
-4.208302167710635880e-03
-2.180324283212408537e-02
-3.579534813367260537e-02
-4.318588959534138544e-02
-4.126990574353497920e-02
-2.781257116840315374e-02
-2.524260659991331944e-03
3.505251539283188444e-02
8.482867785909785352e-02
1.372704563724685412e-01
1.762172763038531986e-01
1.948553893236608658e-01
1.970668831502569440e-01
1.889753032199861515e-01
1.742008352283043182e-01
1.509592321705435780e-01
1.155626275137641296e-01
6.806616564993886453e-02
1.129109274970104340e-02
-5.372519739558036245e-02
-1.250880219346011124e-01
-1.978400257980783283e-01
-2.678123359045945229e-01
-3.286735815372787695e-01
-3.717552424147442802e-01
-3.873525616429717155e-01
-3.632041765074899287e-01
-3.064916286135703771e-01
-2.425917206479409338e-01
-1.734972100119875349e-01
-8.061457950365495673e-02
5.362668666060391165e-02
2.070223357660827823e-01
3.175342036227040143e-01
3.624018625883382860e-01
3.578815692981559549e-01
3.183547428774861632e-01
2.566509388983583828e-01
1.839183229748931336e-01
1.095704306354758628e-01
4.171959303825752835e-02
-1.486833144077650930e-02
-5.454735822968020953e-02
-6.970033200358766168e-02
-6.476767290337816230e-02
-5.578462797754944053e-02
-5.219112517358744791e-02
-5.238656620576961909e-02
-5.257237625978258139e-02
-5.181047830175999902e-02
-4.948074356996875339e-02
-4.630458583608517559e-02
-4.239078067724434684e-02
-3.486237770638280636e-02
-2.239812520005231636e-02
-6.741675759717666305e-03
8.322455157185127197e-03
2.025520212960536803e-02
2.883982465928831840e-02
3.594739458764362877e-02
4.337289267382211239e-02
5.003933146104021928e-02
5.378005504013471522e-02
5.229173197826615660e-02
4.294866139552531992e-02
2.684781720369715588e-02
9.537572543303644498e-03
-4.231366706254320077e-03
-1.265993627586405046e-02
-1.775330350838221979e-02
-2.138229946125033004e-02
-2.232183949244805066e-02
-2.006700474316000515e-02
-1.245395121241503825e-02
3.840406332671165990e-03
2.416076802103134247e-02
3.953001042972770912e-02
4.747724066147944455e-02
5.142909499032821685e-02
5.415771772130567596e-02
5.308222306726614187e-02
4.311778770312537507e-02
2.230692220543124479e-02
-7.390144536778397305e-03
-4.313557991157206117e-02
-8.287861686931127791e-02
-1.203305837352225266e-01
-1.473868807470986031e-01
-1.611151892058381441e-01
-1.598730560749585528e-01
-1.412892571157949584e-01
-1.040710298204315376e-01
-5.493404315641436247e-02
-8.406981491379108412e-03
2.871727194638822034e-02
5.468877382440452684e-02
6.572192964848103114e-02
6.207281483852048615e-02
4.822798378341650732e-02
2.870895327651450807e-02
7.547420860618178282e-03
-9.226260934818195092e-03
-1.634525938011435059e-02
-1.347531016458887454e-02
-3.802617936145183397e-03
8.324518941033894406e-03
2.266706422920313629e-02
3.945104639904483540e-02
5.353895194910570504e-02
6.225145630747894177e-02
6.581983648294092992e-02
6.663391394664124057e-02
6.877445743720118909e-02
7.259287013317046455e-02
7.469025464013571980e-02
6.989171756522824519e-02
5.990565208462969582e-02
5.347878953233434207e-02
5.562343628622805347e-02
6.448582448230831543e-02
7.324019605424177126e-02
7.577726261309948586e-02
7.229391527821676933e-02
6.773292316740683883e-02
6.556699734083594466e-02
6.550541633524678553e-02
6.434644470704520280e-02
5.664690759258034225e-02
3.900284163607065091e-02
1.152187305269721310e-02
-2.645702739883411952e-02
-7.535248233969579768e-02
-1.325611732321095582e-01
-1.933851050443040620e-01
-2.509826098041913478e-01
-2.973295079288236775e-01
-3.248463645352102080e-01
-3.241335465199420285e-01
-2.817681033151788195e-01
-1.847981457438588604e-01
-6.027962756919721943e-02
2.565882784465962213e-02
4.566736785895322143e-02
1.730304475209207271e-02
-3.799266315198914640e-02
-1.007650577556828825e-01
-1.517673619186622469e-01
-1.822003091107782247e-01
-1.950276192350102189e-01
-1.794153756826038781e-01
-1.089985100103549737e-01
3.694557916928510599e-02
2.209354874245965383e-01
3.608469535479978396e-01
4.311439140027903405e-01
4.498339210692758328e-01
4.261765639924740556e-01
3.698953574236280017e-01
2.929409184754859230e-01
2.069333920954067041e-01
1.222017842144919320e-01
4.667320885833892152e-02
-1.275640495450760734e-02
-5.214769402459673575e-02
-7.405654179872313281e-02
-8.397056260477442358e-02
-8.606816456295393603e-02
-8.367372044195171832e-02
-7.836201622493896291e-02
-7.081061365731350365e-02
-6.243120467593432643e-02
-5.454346828388975665e-02
-4.767728941993764485e-02
-3.997002491943324465e-02
-2.836320352782680659e-02
-1.405096588411066175e-02
-2.688796974276014273e-03
4.205989763474535584e-03
1.354479643116036566e-02
2.931032759183806180e-02
4.453006689879704383e-02
4.937809201297355122e-02
4.247136086441465064e-02
3.079827805673189534e-02
1.776366243688669994e-02
1.795560574595985240e-03
-1.877607000632766643e-02
-4.503858496338527390e-02
-7.343347093948157656e-02
-1.002043368203632406e-01
-1.261421970172492968e-01
-1.500546903716732661e-01
-1.689454860360014021e-01
-1.808689707003811598e-01
-1.845948400267416745e-01
-1.798817943198602887e-01
-1.671083291031682516e-01
-1.432222080601847636e-01
-9.813344727119970023e-02
-2.082977102433124922e-02
7.503819471415633380e-02
1.533975224746843002e-01
1.999137761569753646e-01
2.216829794540921550e-01
2.253935491019430082e-01
2.171245281243873726e-01
2.015403874342365231e-01
1.807717743125836218e-01
1.546845401499092887e-01
1.234640178777223346e-01
8.881952291903148777e-02
5.257768303976246421e-02
1.877517842150425165e-02
-7.956183998637563620e-03
-2.703805858433003251e-02
-3.895063615371645305e-02
-4.350980496544570864e-02
-4.111313934370566803e-02
-3.396889469996938749e-02
-2.610537714869207854e-02
-2.097043190220798312e-02
-1.875802947141590182e-02
-1.796339454069618979e-02
-1.823320981635937268e-02
-2.376578192087346747e-02
-4.482665363025622324e-02
-8.667834552533294767e-02
-1.438996550634995819e-01
-2.074973650209694931e-01
-2.682347645889124887e-01
-3.153791675389458482e-01
-3.370575119665515373e-01
-3.210532752532292977e-01
-2.612336985585873572e-01
-1.600157532234311175e-01
-1.346109196644991630e-02
1.539347864981616409e-01
2.792813365941910764e-01
3.382452780839743101e-01
3.459143779140656516e-01
3.195936623951434186e-01
2.750756599276460990e-01
2.195141786414960272e-01
1.578229967483103791e-01
9.588825830674627126e-02
4.009029583767514948e-02
-2.153819870014511782e-03
-2.698399827609410107e-02
-3.014244089184053496e-02
-1.473370411245283722e-02
1.562799040533108252e-03
8.775674370574233427e-03
9.326076529250711816e-03
6.613316891101348252e-03
2.153724081635870896e-03
-3.937834870752825178e-03
-1.047322474231416299e-02
-1.646444729747812558e-02
-2.151442041895535590e-02
-2.795487729636233348e-02
-3.776099872999628959e-02
-4.708998243589082588e-02
-5.278319324531366430e-02
-5.448517157044280301e-02
-5.017120870728913884e-02
-3.913335843565751704e-02
-2.513980686512827523e-02
-1.400200342120767188e-02
-1.045617307316583713e-02
-1.421751239610750082e-02
-1.936215457691674996e-02
-1.709369676190405918e-02
-3.982638184407074830e-03
