1.142543256299713428e-02
1.173596960928276894e-02
1.481549580967760765e-02
1.721523835221480669e-02
1.498987639468033622e-02
5.257876379671351519e-03
-1.192167496787781972e-02
-3.493101854921450838e-02
-6.077692491595729218e-02
-8.510070952570636393e-02
-1.054476467305413279e-01
-1.222389399896685602e-01
-1.358247339658136543e-01
-1.435108589349101404e-01
-1.456569922376309278e-01
-1.497566527864566677e-01
-1.594414375039053811e-01
-1.714386985451854806e-01
-1.792518750077902456e-01
-1.743169736850840590e-01
-1.501544760732780592e-01
-9.851824051344627853e-02
-7.636416733100476195e-03
1.048619234706997250e-01
1.869652703999226950e-01
2.109583020566752343e-01
1.830804102654642329e-01
1.159650006081299339e-01
2.465824093753855167e-02
-7.667951575381749818e-02
-1.738904052332795880e-01
-2.513662485326195739e-01
-2.908032542236196338e-01
-2.704278952387387247e-01
-1.688910800654156996e-01
-1.746573290612388543e-02
9.769254086374119794e-02
1.408279628977796571e-01
1.327614993366489082e-01
1.006791500100564785e-01
7.478141552349365506e-02
8.295273891294760449e-02
1.487075030471205483e-01
2.509840572495197208e-01
3.272616333512785580e-01
3.525393037078963232e-01
3.363687549147413303e-01
2.812383093394174582e-01
1.893101445304541663e-01
7.286089596730668805e-02
-5.264528737441210443e-02
-1.757837886460089372e-01
-2.862760814046800828e-01
-3.719870617059517492e-01
-4.207558704667452298e-01
-4.228778632001642945e-01
-3.718586332004448769e-01
-2.609873704814723583e-01
-7.748966231953569039e-02
1.449653425978173205e-01
3.183214929054311582e-01
3.993310769002256788e-01
3.998522698044131296e-01
3.394901107110845362e-01
2.392605211124960440e-01
1.207095065038543968e-01
3.577211057723801713e-03
-9.671448553765774059e-02
-1.657524193820471836e-01
-1.885395333696065490e-01
-1.472656395725940315e-01
-6.540059997073936759e-02
-1.025756875820441234e-02
-6.169663550498910055e-03
-3.989271992211297635e-02
-1.044008055015116093e-01
-1.881034210597270495e-01
-2.744247568275987037e-01
-3.513316362145758043e-01
-4.079281705667553992e-01
-4.270145268389238247e-01
-3.863096105511085732e-01
-2.963756198897578575e-01
-1.975133049313485545e-01
-8.988618357394830005e-02
6.212928217838409317e-02
2.464070077044447638e-01
3.989625488051816715e-01
4.889480401209311822e-01
5.191119441187013184e-01
4.991235380336164207e-01
4.480702885035768857e-01
3.816123240066525701e-01
3.123936280348251771e-01
2.506044373715357598e-01
2.009218720432827121e-01
1.627236837137605030e-01
1.349758626439296616e-01
1.152991721935422986e-01
9.967792737010855442e-02
8.682730520022895193e-02
7.419469731411101887e-02
5.757975862587443039e-02
3.261138629520073801e-02
-4.723879188502075333e-03
-5.404692072251540691e-02
-1.143023720884785155e-01
-1.834935013857610375e-01
-2.597037946202944148e-01
-3.430787529800097824e-01
-4.274674454740955976e-01
-5.044455202363888890e-01
-5.706413720174968729e-01
-6.203344723974975050e-01
-6.403168590754687584e-01
-6.141166747112614122e-01
-5.240848345612139081e-01
-3.498377659617786239e-01
-8.267696816573590068e-02
2.145227108739882760e-01
4.340460928632727811e-01
5.425120311298754494e-01
5.666031685903822890e-01
5.285424060260537349e-01
4.477203083290641761e-01
3.437442158765402489e-01
2.357104239337327600e-01
1.411578043741108512e-01
7.291681370162711451e-02
3.862977350754107780e-02
4.234785669827144383e-02
6.931534840019927535e-02
8.773115921888062496e-02
8.535448376176683893e-02
6.898582009008841220e-02
4.242664676065963786e-02
7.997450604130320120e-03
-2.814502179552202943e-02
-5.852812113912821135e-02
-7.978509836909937480e-02
-9.334254845608042084e-02
-1.016674481921666928e-01
-1.050605792584766579e-01
-1.039933465871331064e-01
-1.008233714055577074e-01
-9.608630253877284422e-02
-8.898477733807094725e-02
-8.042683401982524127e-02
-7.089285702660112765e-02
-5.830023233942831229e-02
-4.075021377016375956e-02
-2.071369890639498251e-02
-1.921874280904199705e-03
1.586015334061285573e-02
3.589151141685324037e-02
5.622638144881524080e-02
6.882585907425341210e-02
7.139693158049760513e-02
6.686087579678806625e-02
5.722925880274839366e-02
4.607833469162555401e-02
3.857307951189544587e-02
3.672039917607672344e-02
3.762029952594565796e-02
3.713350046116176834e-02
3.198326990628343885e-02
1.816557115896365662e-02
-2.887467958261342570e-03
-2.330871008093132052e-02
-3.956931419633651081e-02
-5.098957496225569458e-02
-5.589083525755318693e-02
-5.306306720901954321e-02
-4.242907730714707421e-02
-2.660925395380048936e-02
-1.028852974203041046e-02
9.614311706929307144e-04
3.129584230338545471e-03
-3.569886090427881742e-03
-1.556245716917618697e-02
-2.791633490312290036e-02
-3.599974368698589250e-02
-3.699982571320475921e-02
-3.065786774620900962e-02
-1.955643375657490843e-02
-7.743789702924970021e-03
2.814193366867826472e-03
1.308081305141015754e-02
2.376940769902169057e-02
3.412191932302802155e-02
4.292148509681981833e-02
4.910580265375685122e-02
5.268264674803140035e-02
5.524437597608723716e-02
5.766852992714224801e-02
5.769705905865147449e-02
5.290942631247642913e-02
4.381602449520514975e-02
3.157645830329937342e-02
1.670470637449083043e-02
6.869094887420115758e-05
-2.035295599668936195e-02
-4.837152733363709461e-02
-7.943972016538190795e-02
-1.037103102521457071e-01
-1.166375541738333133e-01
-1.175175626553000424e-01
-1.061529473845476274e-01
-8.415613114309088150e-02
-5.613761508781518750e-02
-2.577411339520552930e-02
5.161615637853741653e-03
3.467739777629342407e-02
6.113943001531670779e-02
8.374581256530397311e-02
1.000291040211459120e-01
1.021758550866436327e-01
8.576251166196362241e-02
5.625322090588220914e-02
2.099144579782455389e-02
-1.458932658460559625e-02
-4.528655442682337495e-02
-6.760223462073869372e-02
-8.056317261315171230e-02
-8.280507571817466439e-02
-7.165620854286931796e-02
-4.432405704103430100e-02
-3.985643207587803369e-03
3.808422705445608375e-02
7.261925588726914071e-02
9.635534268896764343e-02
1.092690255715959707e-01
1.130807418957547744e-01
1.094411225836996598e-01
9.895325058427825726e-02
8.214349015997512993e-02
6.130918959389675127e-02
3.877970945709392769e-02
1.538263876094065133e-02
-7.553850574190664607e-03
-3.031710595902509936e-02
-5.756053030052509650e-02
-9.211996350489887186e-02
-1.317532701169500386e-01
-1.716724044181301978e-01
-2.047278924787159782e-01
-2.249302412583668864e-01
-2.276744495141658220e-01
-2.077432080134833658e-01
-1.595931534851754985e-01
-7.566322622552087984e-02
2.755872393093263678e-02
1.091464328795406225e-01
1.540360542217872886e-01
1.713567249935453451e-01
1.696496286858151237e-01
1.570414350497141842e-01
1.380043284096428569e-01
1.144627520878505611e-01
9.165901416315896943e-02
7.541741959595736622e-02
6.705759859538600043e-02
6.298317684085766310e-02
6.030093428201683398e-02
6.120548203679592597e-02
6.737852141973169062e-02
7.703749521716427018e-02
8.685485242049137411e-02
9.461297810085422810e-02
9.953199266603489359e-02
1.003138949372904681e-01
9.517453738869280366e-02
8.219376958242174958e-02
6.070844199799272506e-02
3.063981044393676925e-02
-7.153634579238492969e-03
-5.136310743425269443e-02
-1.036674995932435894e-01
-1.630328612351575335e-01
-2.227104724691658932e-01
-2.763916335121588408e-01
-3.198825896035484284e-01
-3.474246099969517387e-01
-3.503354117167785664e-01
-3.185870075332387086e-01
-2.400439474450004884e-01
-9.942468663973352827e-02
6.945856506837745636e-02
1.815780847500637618e-01
2.052112126214130083e-01
1.626676462519714428e-01
7.629169433952262547e-02
-3.120347185500067788e-02
-1.394316745158459270e-01
-2.325816158783899357e-01
-2.943920107894228422e-01
-3.036786451392799457e-01
-2.396086190018451023e-01
-8.513907474739207393e-02
1.230891177468527581e-01
2.943982473536865818e-01
3.905404884820664613e-01
4.285591259982212686e-01
4.251394600382620848e-01
3.927039125663175922e-01
3.416592362861227694e-01
2.820174807013091645e-01
2.211056258158338450e-01
1.616304779671789427e-01
1.034393901363451912e-01
4.585473591937481996e-02
-9.091562444210318783e-03
-5.676953519848233071e-02
-9.432451530465787992e-02
-1.206012804452601395e-01
-1.365088173550808026e-01
-1.454079194784012596e-01
-1.507803856165166045e-01
-1.532758502349948759e-01
-1.504301081506344007e-01
-1.405784448289761901e-01
-1.250239648112399515e-01
-1.065160775623898437e-01
-8.701769729618039073e-02
-6.803037900225861190e-02
-4.990469394449829899e-02
-3.237582000802553123e-02
-1.614295220816813412e-02
7.113507535097185128e-04
2.065893689536740796e-02
4.197372905652530656e-02
6.072219134694473858e-02
7.385208480507407525e-02
8.034302924662044265e-02
8.072283963647246263e-02
7.774793264996111841e-02
7.502609650269051467e-02
7.203074619641729182e-02
6.539959645218351714e-02
5.339746489965693788e-02
3.737346104205510611e-02
2.001406167256682134e-02
3.410312107426640912e-03
-1.021513003691581871e-02
-1.917013853121803113e-02
-2.316667388993069732e-02
-2.576650709631296554e-02
-3.259908613821669437e-02
-4.360865595943713702e-02
-5.398962919593441184e-02
-6.202306018547675687e-02
-7.002178697642648386e-02
-7.915328331578848353e-02
-8.677223743056206029e-02
-8.972984118053739522e-02
-8.564509337941571265e-02
-6.979002770293643576e-02
-3.586516871960773040e-02
2.325100315498562081e-02
9.446283503051236541e-02
1.419186174993335159e-01
1.498676182237232146e-01
1.256228064920180132e-01
7.890075155534008455e-02
2.091087539637502546e-02
-3.780193482742060657e-02
-8.871691335511502907e-02
-1.229871647374870258e-01
-1.308643803344937406e-01
-1.028276195828781436e-01
-3.092364286488334668e-02
5.909721580818434739e-02
1.120251985873473577e-01
1.075517351910704605e-01
5.878784629216460278e-02
-1.764912546947342703e-02
-1.039315808360510296e-01
-1.860580500827441475e-01
-2.530930186691339179e-01
-2.941895651738420381e-01
-2.975970805251023643e-01
-2.468979772062795119e-01
-1.206851432320526496e-01
5.390691540117249075e-02
1.968982930240718299e-01
2.721288883594396579e-01
2.933130272913233583e-01
2.773502076491174417e-01
2.392275204149933721e-01
1.887595544844176410e-01
1.331564090569405112e-01
7.957108445479244008e-02
3.506290785082717687e-02
7.750312912659179654e-03
5.451991854103391960e-03
2.251960000233295053e-02
3.929030903136353919e-02
4.576776464437872644e-02
4.413209836129115132e-02
3.668489900679534205e-02
2.574591566967166650e-02
1.327561948949699394e-02
1.015443794757400070e-03
-9.128664855303770392e-03
-1.894856673653182860e-02
-3.281347894952943434e-02
-5.217875756374361351e-02
-7.307980892932239292e-02
-8.764131486021844997e-02
-9.058874481294890146e-02
-8.136553526041549744e-02
-5.846033897078281583e-02
-2.559633577261006751e-02
5.555211914570977114e-03
2.902979143808566767e-02
4.446926776701221745e-02
5.163338561171606361e-02
5.107613241926121234e-02
4.386583258082954462e-02
3.261993036809192337e-02
1.969598340549198745e-02
4.320686014202262427e-03
-1.489852452622490199e-02
-3.763010972154098854e-02
-6.132941195221187219e-02
-8.226834661935850113e-02
-9.860311805510077465e-02
-1.090644969197663711e-01
-1.121571708136701595e-01
-1.090073267160394238e-01
-1.024673081924219048e-01
-9.671902529103809654e-02
-8.982920778891666236e-02
-6.952698966582188111e-02
-3.420303785176714850e-02
5.980538824010627613e-03
4.520156684608415965e-02
7.922273762240640560e-02
1.060310044545026281e-01
1.257069709119754963e-01
1.357353888569380329e-01
1.336067035272702763e-01
1.173394723317942312e-01
8.924833914811036717e-02
5.791525541489676160e-02
2.924202344988958285e-02
4.915438010957297842e-03
-1.393092784145653733e-02
-2.666849718895188820e-02
-3.518457794412600814e-02
-4.402460205852955222e-02
-5.501068799159621048e-02
-6.492124028078985476e-02
-6.939539903329126902e-02
-6.664159577700444481e-02
-5.541795617397196616e-02
-3.588528407145531729e-02
-1.147277706251203372e-02
1.296460859196448510e-02
3.192090327485888612e-02
4.451050534812819176e-02
5.446950875166230166e-02
6.290323661227632812e-02
6.723406473554502383e-02
6.510348980162433685e-02
5.550423147252195322e-02
3.789281899547684157e-02
1.507500318572146600e-02
-6.383038440104659046e-03
-2.284392275316986937e-02
-3.408990622848936947e-02
-3.850941170774279526e-02
-3.479884233295515300e-02
-2.436969942724024479e-02
-9.927938179490558568e-03
5.717914860731905177e-03
1.908395073703578540e-02
2.607921820325707560e-02
2.238424022377360004e-02
7.746185756741497640e-03
-1.056256823698322606e-02
-2.511249548902885764e-02
-3.410880434920469939e-02
-3.924820085762979749e-02
-4.133932567222980276e-02
-3.959440824301841549e-02
-3.425666946918279332e-02
-2.514374194880976757e-02
-1.204665904086820415e-02
2.821173016670425627e-03
1.693857444998586939e-02
2.921783775981772607e-02
3.856256792946886197e-02
4.423066012475657810e-02
4.749506722597546249e-02
4.833701661756921453e-02
4.432635763587337852e-02
3.460826978745903948e-02
1.980952633440170862e-02
4.107340344452576827e-03
-6.894880146726388784e-03
-1.338186497311605501e-02
-1.792613866182021787e-02
-2.405262422305218944e-02
-3.423032016641642389e-02
-4.519355818649182371e-02
-5.237328958641000037e-02
-5.364589750572388432e-02
-4.995747401927864983e-02
-4.330172827240225814e-02
-3.415176439388662583e-02
-2.235367342401265930e-02
-8.054050938566014936e-03
6.667579872365365576e-03
1.860000516700099915e-02
2.683964761894543777e-02
3.093373994811017547e-02
2.981758477409928582e-02
2.487815316916934527e-02
1.851043586372607894e-02
1.310106967384506646e-02
9.759377037460673088e-03
7.286485258405611676e-03
6.127171808906005379e-03
7.447674164623149795e-03
9.261835962678264741e-03
7.895799976385585450e-03
3.830781025820789200e-03
1.137835346492518506e-04
-2.333599790788099503e-03
-3.060037349560043498e-03
-8.800856918320428945e-04
5.307001123666370973e-03
1.410099293461499967e-02
2.231395351236772212e-02
2.714863763817302114e-02
2.810775031123631876e-02
2.740194654188650783e-02
2.431927142110935219e-02
1.645473087986094873e-02
4.928084894563777331e-03
-8.239400302075410715e-03
-2.070970729351493192e-02
-3.032231176674284739e-02
-3.629489614637945033e-02
-3.749379034123873772e-02
-3.338594692991693480e-02
-2.572005587014612737e-02
-1.665546792342904869e-02
-8.784111714538845456e-03
-6.591016613419177321e-03
-1.065017671641845659e-02
-1.753221245592463673e-02
-2.519573345473659701e-02
-3.114858786201623805e-02
-3.272829872197182549e-02
-2.872895468806804450e-02
-1.897511845958786345e-02
-4.553380859567554388e-03
1.407736320702614521e-02
3.590876985129100307e-02
5.701315668727004182e-02
7.431931473783182085e-02
8.338881938102571389e-02
7.865020095982211412e-02
6.254952856608217426e-02
4.204947724903648765e-02
2.070398251572220377e-02
-1.056859359506466750e-03
-2.348714301965173362e-02
-4.460410173371966852e-02
-5.848154278901603748e-02
-6.052275227538968932e-02
-5.217785690737861137e-02
-3.866051036488189763e-02
-2.344102738566844826e-02
-7.947738795559423225e-03
5.241858065218093360e-03
1.472030861541302575e-02
1.911496325510620917e-02
1.852972842955330490e-02
1.637723631922140613e-02
1.504417806446176759e-02
1.527462287866524979e-02
1.567815904747804634e-02
1.554214522967341076e-02
1.626543360769722862e-02
1.668869288540035176e-02
1.417229318074236279e-02
7.519072095746854797e-03
-4.033545157040304731e-03
-2.190520038225032828e-02
-4.508879447396496598e-02
-6.824642801793494307e-02
-8.577655208702718304e-02
-9.355607953310540736e-02
-8.751094601765067871e-02
-6.583488166996187552e-02
-2.989844864123036502e-02
1.273781891976209606e-02
4.765450561346909475e-02
6.795520417278642922e-02
7.828691247611965776e-02
8.304765243576217593e-02
8.219730099909719478e-02
7.527713310009717662e-02
6.347285992117526754e-02
4.724096774193178860e-02
2.596539251135600301e-02
-5.724985031378294204e-04
-3.286973604511018304e-02
-6.425719849122586702e-02
-8.269248775648502248e-02
-8.530536406727382004e-02
-7.578951765331687351e-02
-5.849567616039836465e-02
-3.770976779430611908e-02
-1.574528777538272001e-02
5.939375915497200828e-03
2.567737374711757947e-02
4.165770869803684523e-02
5.170117737019763043e-02
5.401970880522855706e-02
5.022037221575764709e-02
4.395224934154592922e-02
3.659915000597967205e-02
2.855713498658665750e-02
2.060865312562277021e-02
1.349234591981365514e-02
9.030287057996192607e-03
9.772114878560944629e-03
1.675152348357696747e-02
2.663570367414812984e-02
3.342343182281943409e-02
3.466882365246595071e-02
3.164556040731461573e-02
2.764374108303602195e-02
2.674437742853754546e-02
3.015634051688218659e-02
3.621575973003141047e-02
4.210503376732979697e-02
4.595741561138416698e-02
4.702401071006312439e-02
4.190311538331639718e-02
2.675003021990973034e-02
4.421376147575688947e-03
-2.188916132005887943e-02
-5.467897687479129909e-02
-9.304067697650955648e-02
-1.327818240644623449e-01
-1.723196511310253198e-01
-2.119528119825273005e-01
-2.513241582285051234e-01
-2.862908966427710200e-01
-3.091416125835426687e-01
-3.097989471650460236e-01
-2.754939227094054810e-01
-1.917889584036994166e-01
-4.493552621257837498e-02
1.343715606290759312e-01
2.716274277277677673e-01
3.369018027872587862e-01
3.473318533831569743e-01
3.210300640762357993e-01
2.722591596389498658e-01
2.113360341185408497e-01
1.467470760975027322e-01
8.590721334594039749e-02
3.553593342494747176e-02
1.903369803902278320e-03
-9.930081388689707481e-03
-2.669503516672378646e-03
1.191782393516528996e-02
2.713453277957981330e-02
4.284070418025218152e-02
5.546594253624900772e-02
6.228594513723106213e-02
6.551305507164913167e-02
6.677202376498082848e-02
6.572253899819599510e-02
5.992991328486400177e-02
4.460874665796771277e-02
1.703231193570023047e-02
-2.170911324845358620e-02
-6.800826335833745628e-02
-1.187620516739121973e-01
-1.738104351657011604e-01
-2.337293444652316365e-01
-2.953464713833164890e-01
-3.500789341538725341e-01
-3.878271485779683503e-01
-3.995068745898265883e-01
-3.738394844312900034e-01
-2.955325785468534416e-01
-1.485850914506872400e-01
3.806692989909131464e-02
1.926685239755649703e-01
2.879982014634120402e-01
3.388293187493378045e-01
3.569057289431882274e-01
3.522973888424352218e-01
3.329671243825296223e-01
3.010489961168583140e-01
2.567002812270515189e-01
2.030640137873503392e-01
1.432013146250124547e-01
7.750841385350956680e-02
1.144686818425677891e-02
-4.409078566658050646e-02
-8.632402367942046406e-02
-1.204799608626071217e-01
-1.524531985214136742e-01
-1.833675511338451747e-01
-2.057865428211781422e-01
-2.117424659598668713e-01
-1.991730082364884247e-01
-1.695690763694931991e-01
-1.245877559926555633e-01
-6.303085919377464375e-02
8.185029961363226789e-03
7.152708436526661329e-02
1.168418859125276293e-01
1.435580395397712539e-01
1.535004947183830071e-01
1.487485491403557070e-01
1.322463875474165218e-01
1.097681524462787439e-01
8.695797002549680854e-02
6.621873475572527534e-02
5.044326502229735942e-02
4.536831184632732217e-02
5.270724201937705689e-02
6.667169453187019035e-02
8.137241713151981137e-02
9.515596433260994913e-02
1.078430904988199879e-01
1.188693234545948052e-01
1.266414659516464092e-01
1.281739560469651318e-01
1.188080841963966017e-01
9.290094165155354800e-02
4.716263568596433531e-02
-1.861369420902193525e-02
-1.017746398172590383e-01
-1.963684433912981919e-01
-2.940153157957898222e-01
-3.826383179340841489e-01
-4.475460878603425563e-01
-4.739230164972424997e-01
-4.710841178105246163e-01
-4.721013826472949537e-01
-4.811961619849328686e-01
-4.718920030793575804e-01
-4.164124732779323490e-01
-2.870518462219393552e-01
-1.123411707535060949e-01
2.570745889496249548e-02
1.095179175035863872e-01
1.799326121750264851e-01
2.767546117343537282e-01
3.888729600518170404e-01
4.491126131142192945e-01
4.372767793531057712e-01
3.836519055397682454e-01
3.179131860470835180e-01
2.686651768798976048e-01
2.607122056355566930e-01
2.838967928637646798e-01
2.942984971162984631e-01
2.742412315648439791e-01
2.349844128124927434e-01
1.860188913411821576e-01
1.338096482330927428e-01
8.446879549496671968e-02
4.162889892689197735e-02
5.724945569078751517e-03
-2.385953351274231610e-02
-4.898345340392116359e-02
-7.417743805537217738e-02
-1.009276420032857446e-01
-1.248446472322240763e-01
-1.456953094008098804e-01
-1.668544567886745544e-01
-1.892210455095376664e-01
-2.113729251202298987e-01
-2.282401670225101542e-01
-2.327800119798148215e-01
-2.217134308217275640e-01
-1.956192908277404885e-01
-1.552981824743860373e-01
-1.000642217599624906e-01
-3.483657936783818299e-02
2.388533484402144760e-02
6.427578040943174309e-02
8.818860076127701952e-02
1.019191016927796095e-01
1.094199285845748049e-01
1.105858841952387928e-01
1.047940899877889548e-01
9.309531460655433299e-02
7.686645764620286814e-02
5.611087504294771933e-02
3.191888472019950573e-02
7.106018016784267088e-03
-1.482838483678628090e-02
-2.808964821014192648e-02
-3.037140763417506967e-02
-2.427464847006787635e-02
-1.019853436569616301e-02
1.427780806713698641e-02
4.443166340585492230e-02
6.938312592141256119e-02
8.512349654593914794e-02
9.096686046959785721e-02
8.167294038257874589e-02
5.585583824612107284e-02
2.021563143042114444e-02
-2.038194730748828579e-02
-6.547252055696012318e-02
-1.173384169373164060e-01
-1.741702313272157354e-01
-2.237901943918431946e-01
-2.535167850858184302e-01
-2.582825105667980736e-01
-2.373157633346826278e-01
-1.850240910082664725e-01
-8.807331400515386322e-02
3.863408747372439056e-02
1.451786227593992451e-01
2.049751485274184659e-01
2.221421537164329774e-01
2.041568720979451135e-01
1.592199953879770702e-01
9.756105420756654156e-02
3.082400254248153504e-02
-2.802056360888088155e-02
-6.971096584210070835e-02
-9.080437876460266400e-02
-8.801293154495365423e-02
-6.487637576228875991e-02
-3.141969433767446973e-02
6.297056326173527951e-03
4.374284017148112602e-02
7.560471351435235632e-02
9.805046061601838114e-02
1.093445523203830233e-01
1.100284687122017463e-01
1.003913613707878016e-01
8.194008212959756621e-02
5.848779025117789576e-02
3.181384098946399286e-02
6.716376941329227704e-03
-9.712302990575068934e-03
-1.761160434376364547e-02
-1.921772462458773770e-02
-1.603518795702010835e-02
-1.099895160232869200e-02
-7.931269826255643238e-03
-1.092994285527697403e-02
-1.953038941224639197e-02
-2.986128866185622927e-02
-3.750853071367039882e-02
-3.921308354911030858e-02
-3.576146455795642387e-02
-2.923282016770391636e-02
-2.199163993952570062e-02
-1.610941327916977361e-02
-1.113940627589794091e-02
-5.722919366933956233e-03
1.180412387971722932e-04
3.444227769314632190e-03
2.396283071403576114e-03
-9.808913463171860941e-04
-6.077389348181768888e-03
-1.462060057983626329e-02
-2.474912129121062745e-02
-3.138015748723485543e-02
-3.379212757126212607e-02
-3.214751695317669827e-02
-2.370167904718043644e-02
-8.055341666785356680e-03
1.229411932772382643e-02
3.276612781730359886e-02
4.929730589309051086e-02
5.938170832386000658e-02
6.054862147429254660e-02
5.147349035357292463e-02
3.585477321451272653e-02
2.118063081006153064e-02
9.175132778708473477e-03
-3.780044022334332066e-03
-1.931047863554966049e-02
-3.558902126398634513e-02
-5.108018369054274921e-02
-6.569199156451489829e-02
-7.622633467834355470e-02
-7.723487323780033054e-02
-6.536489779774773412e-02
-4.156489539648026976e-02
-1.340574748847959269e-02
6.886567715462325358e-03
1.202477560069013449e-02
3.620398865765079785e-03
-1.355631761867853377e-02
-3.542711895914225223e-02
-5.947133903429545343e-02
-8.327539178640262774e-02
-1.013115739567589796e-01
-1.053178463392825809e-01
-8.610593915881446792e-02
-3.509964888229063357e-02
3.776386900307421302e-02
1.034498825796752869e-01
1.472242536807870095e-01
1.713962408501127077e-01
1.798638859114138899e-01
1.768446395226004886e-01
1.655224762236304215e-01
1.485413682951130243e-01
1.286933566032376353e-01
1.078680814648317332e-01
8.681689244594359423e-02
6.468349723680368035e-02
4.254819791398067874e-02
2.337385767416643931e-02
7.593578462700086712e-03
-5.349464174139041683e-03
-1.615295050164737220e-02
-2.547524544156575671e-02
-3.358680454860735187e-02
-4.135335333097147487e-02
-5.123959944540902589e-02
-6.547854606647487974e-02
-8.306169259288326279e-02
-1.000580984471818036e-01
-1.137737206724411809e-01
-1.288240304476216957e-01
-1.519500480789039154e-01
-1.813409922776685057e-01
-2.106163661303672441e-01
-2.344967207510318397e-01
-2.473243432999691627e-01
-2.438735156980866015e-01
-2.175234668213017475e-01
-1.632091834379590656e-01
-7.844318227032325008e-02
4.214178902255048126e-02
1.755835368472258018e-01
2.709616888382362365e-01
3.092066063687803346e-01
3.053785546134801798e-01
2.761650859983706963e-01
2.321341728538140470e-01
1.797667713640865861e-01
1.262984379681192648e-01
7.929319002328809318e-02
4.239358736392434546e-02
1.496861788358551729e-02
-7.196053983714067667e-03
-2.565741049638465068e-02
-3.692301488132439247e-02
-4.103385504303397324e-02
-4.134225112184222728e-02
-4.119599058549271164e-02
-4.196454099114624303e-02
-4.213380724659024357e-02
-4.119593896248542608e-02
-3.920492347693733254e-02
-3.647310185743982830e-02
-3.511118624466359056e-02
-3.652865908049824500e-02
-3.755966863520217303e-02
-3.249607487706514253e-02
-2.112643231075471764e-02
-8.391878217622762010e-03
2.787552527612678806e-03
1.254858087705688387e-02
2.117930939366725537e-02
2.820577184749860702e-02
3.318310395533109053e-02
3.680736396934369825e-02
3.955742597804270955e-02
3.907349552364686174e-02
3.428156104355582073e-02
2.899694627890505791e-02
2.610232265976821300e-02
2.328872374378366389e-02
1.749987348471648482e-02
1.079518836621795423e-02
7.785665396387697612e-03
7.640271744526720352e-03
4.898143903676765998e-03
-1.977550721405187117e-03
-1.076118194957478326e-02
-2.072367896704258028e-02
-3.212372534691107506e-02
-4.546272896156987320e-02
-6.156715241368315022e-02
-8.200443441308090387e-02
-1.073488260369706293e-01
-1.363283824717010095e-01
-1.680871209562693203e-01
-1.979194504093682028e-01
-2.160710010387231206e-01
-2.110292595637863755e-01
-1.691993156468092896e-01
-7.879527912682168789e-02
3.957067166208104447e-02
1.371233539241658306e-01
1.955511335620110369e-01
2.254368031752812529e-01
2.351671663023604530e-01
2.297807283790702648e-01
2.124446792032873843e-01
1.859497046643858176e-01
1.548839574311974832e-01
1.238274320481404789e-01
9.137639745399676883e-02
5.118350933975841788e-02
4.129053539131066763e-03
-3.888104710921086449e-02
-6.997287910425667445e-02
-8.764989205044351750e-02
-9.336793011340245585e-02
-8.992865701872802819e-02
-7.951947986449636741e-02
-6.444428739472149448e-02
-4.773541750177121012e-02
-3.202147275616812339e-02
-1.879685940139223105e-02
-1.017049811863413727e-02
-6.199505856313869759e-03
-4.664309794996491544e-03
-5.691005111588929785e-03
-7.815617805776824134e-03
-6.129158783405216568e-03
-3.135906409424500316e-05
5.872376082947865054e-03
7.392992462439473139e-03
7.176439948740698585e-04
-1.521617427725680156e-02
-3.625736544458987159e-02
-5.774364543608749567e-02
-7.518981633599784720e-02
-8.195896630026505703e-02
-7.419528542901743240e-02
-5.545229687447322808e-02
-3.071864208550251912e-02
-3.990877977262155193e-03
2.077247122810780416e-02
4.382051070721158098e-02
6.630573436689508882e-02
8.664068544023748042e-02
1.005579913387076862e-01
1.005651419721823869e-01
8.761942737069217113e-02
7.416918801015813523e-02
6.751557904992709636e-02
6.677552778207361539e-02
6.820941290957782677e-02
6.831310852024158331e-02
6.660021114462616465e-02
6.269548453453142878e-02
5.458317003254652133e-02
4.021790072269985222e-02
2.056125565080645090e-02
-1.806728516450048158e-03
-2.403104237388666020e-02
-4.258478054144246988e-02
-5.657902804824429394e-02
-6.858284936924248509e-02
-8.300492959247907088e-02
-1.022592444085935193e-01
-1.248442991273607666e-01
-1.473462373665941627e-01
-1.654383086687915838e-01
-1.712557117531600948e-01
-1.519682954461780144e-01
-9.678575898473935901e-02
-2.177450240185292013e-02
3.429066572064366769e-02
5.515038019237920863e-02
4.723033171947793596e-02
1.883448482223024426e-02
-2.163965098386302910e-02
-6.712506241303584087e-02
-1.086581197043346436e-01
-1.356301697812094531e-01
-1.381338128408342858e-01
-1.060913653043311783e-01
-2.823507197844252539e-02
7.666692780886782965e-02
1.589926685326772393e-01
2.013208140987074735e-01
2.164606776155368617e-01
2.126418566789032294e-01
1.960396771099552071e-01
1.715385018398374872e-01
1.415849706120602125e-01
1.088845981756169645e-01
7.582444401518623200e-02
4.268979188671972319e-02
9.692337848872047829e-03
-1.977262895233111023e-02
-4.074548804805723512e-02
-5.270810228415138965e-02
-5.888765011219683487e-02
-6.284280136678294104e-02
-6.737922905854164257e-02
-7.163294112735829611e-02
-7.233898097031260521e-02
-6.736319695612291714e-02
-5.492766192532326508e-02
-3.283873827496140013e-02
5.188661342301944396e-04
4.104659005402284955e-02
7.518454283789159642e-02
9.217971592170433326e-02
9.486140614261032167e-02
9.133512010066735520e-02
8.778863210084074387e-02
8.905643438918751931e-02
9.556453964215430585e-02
1.017838592124070823e-01
1.001989733640714919e-01
8.385084624486401073e-02
4.842150727644652791e-02
-4.315364237531026451e-03
-6.719877646861957543e-02
-1.351348161358708888e-01
-2.084093668399416566e-01
-2.882280783239949962e-01
-3.709459520369569607e-01
-4.453391778830218528e-01
-4.955242160388082517e-01
-5.046211836596075084e-01
-4.586365523942018130e-01
-3.449330565539756588e-01
-1.485373779978169939e-01
9.234018027146959073e-02
2.873761824851379654e-01
4.022884463118262532e-01
4.553962628967037629e-01
4.637425916254903635e-01
4.435056733939583551e-01
4.053809339030861048e-01
3.560751247792342533e-01
3.000324107550454422e-01
2.365683189394755248e-01
1.629784361900144807e-01
7.762171161828099186e-02
-9.931957308100366338e-03
-8.170033184888658706e-02
-1.301073811213344367e-01
-1.557944709027838104e-01
-1.615511449105920261e-01
-1.519972678680987233e-01
-1.322485322089529958e-01
-1.089821344536530678e-01
-8.832965328193943810e-02
-7.219751425722167881e-02
-5.865516663896586103e-02
-4.643150663638456743e-02
-3.467807855837141962e-02
-2.333338515496642326e-02
-1.390918003339733713e-02
-7.629322533427626736e-03
-5.590750918504989314e-03
-7.050006536366361203e-03
-1.007799307158171835e-02
-1.279553688431193242e-02
-1.406387345385379239e-02
-1.495557590793864487e-02
-1.688765526042124154e-02
-1.860795791279816827e-02
-1.685217943063990753e-02
-1.041391906345968607e-02
-1.395896021355905528e-03
7.320969765742257884e-03
1.361167995621818949e-02
1.764585258676396040e-02
2.350623373998211862e-02
3.367226894883197652e-02
4.554904444859456114e-02
5.518167265418307682e-02
5.881976805731480018e-02
5.593685375137887744e-02
4.997533568742792975e-02
4.346117845843113642e-02
3.648116201802629327e-02
3.001288420132384657e-02
2.545319220660901063e-02
2.221219948440432065e-02
2.136550883983041882e-02
2.565170452521006034e-02
3.541864395678001598e-02
4.899512532322287256e-02
6.571583593264899992e-02
8.640885525383067145e-02
1.048844819989488281e-01
1.085091481403678837e-01
9.303642720363536345e-02
6.135669987326684144e-02
1.587035053163562970e-02
-3.981811776364609090e-02
-1.028570523511705137e-01
-1.718774805126355443e-01
-2.448033126839257445e-01
-3.168429938755707442e-01
-3.783698856387289755e-01
-4.170968167234125334e-01
-4.180398936635000284e-01
-3.630150048678985608e-01
-2.318023691175124523e-01
-5.658866307157645048e-02
7.404191107813251627e-02
1.237163820824048188e-01
1.154803708634132703e-01
7.887011212774575064e-02
4.257911173636483304e-02
2.828816796398205685e-02
5.143986653854685370e-02
1.256131817211395552e-01
2.274100239962808523e-01
2.970196562806279306e-01
3.145442151486754212e-01
2.990783686110491946e-01
2.638056870691942168e-01
2.151374406125887428e-01
1.597536089177287455e-01
1.035433807219301033e-01
5.011368506150282176e-02
2.934015854138952162e-03
-3.378387736649070272e-02
-5.625913331702503406e-02
-6.493017158952918422e-02
-6.405915358868138898e-02
-5.719598484358577595e-02
-4.759654792613626784e-02
-3.729321901215858215e-02
-2.583222530755426710e-02
-1.512021193750357796e-02
-7.745667233321464062e-03
-3.572713022795692347e-03
-2.174450230217435040e-03
-4.018726103749698311e-03
-9.694853941340451572e-03
-1.503691722064278390e-02
-1.331734941096907043e-02
-4.206316768836074541e-03
9.987312024024547902e-03
2.636469545821448074e-02
4.076978851907665791e-02
5.130894204412051601e-02
5.715418383457158968e-02
5.775411910799747167e-02
5.300186899956919190e-02
4.329927694764031110e-02
2.902957950388173128e-02
7.322700607107388363e-03
-2.564515033836879676e-02
-7.165438825499167996e-02
-1.335092561778237208e-01
-2.094229718242681948e-01
-2.885701422000359617e-01
-3.580685622374158994e-01
-4.077503475545374845e-01
-4.281883566034749289e-01
-4.075505566617018682e-01
-3.312613810777934598e-01
-1.807720771165498841e-01
1.586218774413689775e-02
1.782162196581914826e-01
2.714632621817262281e-01
3.103809074052726324e-01
3.100611396536570030e-01
2.836624701930586800e-01
2.427710934542638976e-01
1.974002686252670780e-01
1.552189497301205701e-01
1.228701388462417610e-01
1.060058666831018015e-01
1.092606585469361735e-01
1.274739912850312573e-01
1.447466722305989217e-01
1.540054212806730161e-01
1.582340538274447372e-01
1.594340261058129204e-01
1.556831231608453436e-01
1.434354934051957076e-01
1.216859370761276260e-01
9.110965542650004134e-02
5.336742435141435259e-02
1.012159274548633109e-02
-4.053489942634074666e-02
-9.957173632849028455e-02
-1.625447675105867740e-01
-2.259310844573791111e-01
-2.883023405802337402e-01
-3.461244540686165272e-01
-3.932695131589263315e-01
-4.240181558093269465e-01
-4.333722639500542373e-01
-4.139186671349742719e-01
-3.558975314378533539e-01
-2.485374355510021060e-01
-7.843036585462065391e-02
1.253437937280077463e-01
2.868911909716687081e-01
3.728895670808074492e-01
3.981452275508028382e-01
3.807730451565656260e-01
3.345318734423465279e-01
2.696271458494027273e-01
1.981522828147135595e-01
1.320566267929988713e-01
7.762544615996586073e-02
3.472211295084687288e-02
1.577937328826812743e-03
-2.255561745242424046e-02
-3.993627909898093270e-02
-5.362992283795856019e-02
-6.407419637804431800e-02
-7.141594375918117188e-02
-7.516505780188863228e-02
-7.078752598385114336e-02
-5.668472090828545473e-02
-3.903121105568296834e-02
-2.383057276927672691e-02
-1.164059060666823402e-02
-7.816847462736031815e-04
9.199865806394792733e-03
1.653082768516367373e-02
1.780519635931384834e-02
1.311870750857448142e-02
6.375240968204805292e-03
-2.171210906918302416e-03
-1.409631105328770957e-02
-2.825736086798788863e-02
-4.482426372711689755e-02
-6.201345415474396328e-02
-7.286508229534675862e-02
-7.274596490410663308e-02
-6.219753350263057534e-02
-4.559229949713793084e-02
-2.895657858626386055e-02
-1.542535959425954742e-02
-4.281289133225208397e-03
7.860983704578477366e-03
2.323642529897389231e-02
3.880702872448021923e-02
4.962064563968543451e-02
5.455884611045942745e-02
5.580682223286990290e-02
5.519742556753319540e-02
5.428449587152681111e-02
5.198265319466378875e-02
4.315345161216213588e-02
2.573451059625320864e-02
5.855092721086035609e-03
-7.081271466489072290e-03
-9.132136895477597355e-03
-3.965561639132945612e-03
3.080975591267730643e-03
1.076701792113497584e-02
1.794230469767333497e-02
2.058065337930784638e-02
1.694581423862464437e-02
9.115445873337348417e-03
-1.301545499657608129e-03
-1.444930578214576565e-02
-2.782702226843537449e-02
-3.724778304628269948e-02
-4.147291294501706527e-02
-4.125820916679924510e-02
-3.796705925139137044e-02
-3.297377202004077995e-02
-2.764531113278817162e-02
-2.482466715263295307e-02
-2.536273964004848863e-02
-2.764007484849848734e-02
-3.122380248317072060e-02
-3.477289811977945372e-02
-3.559695897407130771e-02
-3.218581604443467026e-02
-2.420445247050276305e-02
-1.058175456253956578e-02
9.748758697030785250e-03
3.334538672009019350e-02
5.384207761358725253e-02
6.719860091776178046e-02
7.315456281026749830e-02
7.408488602508021825e-02
7.144476479059587437e-02
6.354582001339545427e-02
4.962940942017824569e-02
3.343378286265163285e-02
1.855427604884138035e-02
4.332675385449782576e-03
-1.107257511277913442e-02
-2.686225311471425459e-02
-4.145741835676531456e-02
-5.335845640947929625e-02
-5.874272164422558729e-02
-5.476202540046039291e-02
-4.338323251212453102e-02
-2.928010661810242360e-02
-1.613829842402284345e-02
-3.735962047510240757e-03
9.377663111492065204e-03
2.112368274514633826e-02
2.855899428057590700e-02
3.053709859098868717e-02
2.619219619451896436e-02
1.520623469765352252e-02
1.357714400329210203e-03
-1.005333732592883500e-02
-1.833420957631538145e-02
-2.539946325147302009e-02
-3.186962409015341863e-02
-3.560540923213420528e-02
-3.390831641449942868e-02
-2.689257826497782819e-02
-1.675285725627911199e-02
-4.646852551385661882e-03
8.358600004006429621e-03
1.880497542317585702e-02
2.595716747396832266e-02
3.306241378639378919e-02
3.975555796765737476e-02
4.256226018631056179e-02
4.015883720173538118e-02
3.336159287788666855e-02
2.521173187826917725e-02
1.888194046237302512e-02
1.390992992696542425e-02
8.633753011708716549e-03
2.253901326078963738e-03
-6.415216024001680478e-03
-1.537409587736570521e-02
-2.024763333976051238e-02
-2.139980673617354612e-02
-2.209146692991708488e-02
-2.400971694305745197e-02
-2.786805073237114821e-02
-3.374158531453379239e-02
-3.944651175557766648e-02
-4.182450611887451181e-02
-4.069797034095151700e-02
-3.764825372394810937e-02
-3.274828368268072748e-02
-2.590664134366119434e-02
-1.822102944549466863e-02
-8.437087426572363602e-03
4.832844939542762369e-03
1.915607714572873169e-02
3.263150508965887570e-02
4.482791762618268394e-02
5.332163813233892907e-02
5.460052970658352267e-02
4.823370372614876889e-02
3.707868598877792771e-02
2.489975739591733864e-02
1.443210342360227647e-02
6.122515509030096968e-03
9.807571837361337991e-04
1.688521261187923839e-03
8.139157354257176707e-03
1.661678542787265594e-02
2.442276906654942958e-02
3.050135712483599201e-02
3.352258285731380544e-02
3.271330258612062392e-02
2.993026158619698993e-02
2.725521152429961902e-02
2.629388119821150782e-02
3.042040691476566999e-02
3.951050688163537661e-02
5.022659235481536505e-02
6.040343276784319870e-02
6.633482481651474527e-02
6.426875815995840291e-02
5.484364057335862352e-02
3.905684547551720176e-02
1.608343971709481901e-02
-1.229361329328016762e-02
-4.217017452693558321e-02
-7.240268880493494486e-02
-1.059728282630870710e-01
-1.460977830554270884e-01
-1.935170974856713910e-01
-2.449582889024240206e-01
-2.947342754372677121e-01
-3.372312218622341429e-01
-3.658223232329649299e-01
-3.704217955861467959e-01
-3.356757906617621190e-01
-2.453343792879473517e-01
-8.567081619880263788e-02
1.112711054556260598e-01
2.687496837068330535e-01
3.561442822979568046e-01
3.886755237953748998e-01
3.810996842878997537e-01
3.467784577302133742e-01
2.972199767837456208e-01
2.423175796148703265e-01
1.881828241521791567e-01
1.369221452361300828e-01
9.001126818613600089e-02
4.958272266921009974e-02
1.918745285902999365e-02
-1.033251229391511650e-03
-1.695759739366887661e-02
-3.016676597032540846e-02
-3.661391837350802536e-02
-3.477086665822495815e-02
-2.625209658099258644e-02
-1.404551003732840836e-02
-3.755815608181240634e-03
-3.023968909801961341e-03
-1.619139601880353191e-02
-4.207685276838138422e-02
-7.260759367989226554e-02
-9.752051807902629987e-02
-1.138065426023869425e-01
-1.213394502581334189e-01
-1.198278191895268407e-01
-1.101143758517401511e-01
-9.245227385370712037e-02
-6.971050382907843790e-02
-4.705312362599515380e-02
-2.740138548070066710e-02
-8.447844658294477449e-03
1.495646654727222219e-02
4.135725831268938918e-02
6.258674497589622465e-02
7.279329605676503057e-02
7.051548454429774904e-02
5.885364551282387668e-02
4.259823276178801438e-02
2.508956342118164040e-02
9.068566926527910077e-03
-4.880522931418282764e-03
-1.765544564640190300e-02
-2.819043231134077745e-02
-3.200622876956050328e-02
-2.769650283275810337e-02
-2.067870646843765481e-02
-1.482095624411161258e-02
-1.045137356969285877e-02
-9.177892594804271803e-03
-1.103561141223644189e-02
-1.214378445702743448e-02
-9.610555750910201867e-03
-5.788209109379745601e-03
-5.880077523668629340e-03
-1.065112681212220316e-02
-1.470183176976959903e-02
-1.783785132862421297e-02
-2.437358302113829672e-02
-2.925865114227266944e-02
-2.438798445430159431e-02
-9.150112141673395413e-03
1.143114877996541205e-02
3.066027472642667007e-02
4.451403355567105924e-02
5.401459206529614365e-02
6.147363394612744697e-02
6.763562525464718311e-02
7.291799080533291344e-02
7.867970031314935886e-02
8.670601201927921609e-02
9.742687573973904391e-02
1.089201497840165678e-01
1.160542595122985715e-01
1.161017342696341048e-01
1.099131344414305128e-01
9.686401851241539795e-02
7.681924006741329414e-02
4.919621044197854814e-02
1.285751484463469249e-02
-3.092626177902755083e-02
-7.761051036955912696e-02
-1.221748693219512488e-01
-1.629557218481778036e-01
-1.975024975187626985e-01
-2.231671765579299749e-01
-2.417440839527833507e-01
-2.545995449216659767e-01
-2.569973623687286657e-01
-2.422041841411089469e-01
-2.046472721363329084e-01
-1.378978869263837170e-01
-3.445189632898142812e-02
8.442824054887851370e-02
1.693780663096486616e-01
2.022289920867234303e-01
1.938983443208668889e-01
1.541821991082167331e-01
9.402676541630247686e-02
2.533605694562551108e-02
-3.977102781876162840e-02
-8.915285480584696221e-02
-1.121737687344298295e-01
-9.735991342661109993e-02
-3.104460272114612299e-02
6.713833779187031170e-02
1.447571163938703720e-01
1.822897471185470630e-01
1.905670858860416816e-01
1.786402412597271616e-01
1.550606405286680256e-01
1.275141811278416304e-01
1.024761841762736464e-01
8.283038894044920941e-02
6.503512143117057276e-02
4.260956711767620309e-02
1.158215535745299105e-02
-2.507359757466162339e-02
-5.787381118849362072e-02
-8.057986023153428101e-02
-9.359153555589716511e-02
-9.889722928064630103e-02
-9.754200285251730940e-02
-9.049653872234063312e-02
-7.990505693172311741e-02
-6.786656408707350541e-02
-5.530856839148758086e-02
-4.215953144775609618e-02
-2.808554036845858567e-02
-1.714346147083367286e-02
-1.660281359687192093e-02
-2.667034041466648936e-02
-4.073235453538092549e-02
-5.358883307897466253e-02
-6.490196226801057955e-02
-7.379108741962314699e-02
-7.580933998649996841e-02
-7.023849806897677905e-02
-5.777890562001596758e-02
-3.348244137307816032e-02
1.175498769631295841e-02
7.413750288304463143e-02
1.343759035960178372e-01
1.827751965267546130e-01
2.190229707418135108e-01
2.424226828461639172e-01
2.532429122407029443e-01
2.505606567264146989e-01
2.352414592150321171e-01
2.101813389318812619e-01
1.755607106359752811e-01
1.305147961576503257e-01
7.699859162716383987e-02
1.875910624468027019e-02
-4.128537662091242427e-02
-1.021130077633531918e-01
-1.652396690776302968e-01
-2.334515994567980257e-01
-3.058777190061128248e-01
-3.756906034202949218e-01
-4.339668783592601775e-01
-4.722383294922223307e-01
-4.797914313184892254e-01
-4.405403452797378439e-01
-3.326569365734158845e-01
-1.811071740596292834e-01
-5.841778040978259229e-02
1.547662225865728547e-02
7.378600426023160241e-02
1.539091798548609114e-01
2.468441655343888153e-01
2.943313844414889857e-01
2.845061757927029866e-01
2.491377055279294372e-01
2.154183954786278166e-01
2.162416473294521690e-01
2.850127869047954232e-01
3.897167734419898499e-01
4.409676312795340891e-01
4.065743807576959190e-01
3.101734426284058488e-01
1.757141397037062513e-01
2.719147300999700395e-02
-1.156094737644332432e-01
-2.376000503678029618e-01
-3.201372233457547845e-01
-3.405171502535156436e-01
-2.762041817605325189e-01
-1.141756366692477098e-01
8.899864704244289659e-02
2.220178022505218118e-01
2.404388523203283279e-01
1.628387966203252990e-01
1.083701565765703145e-02
-1.912762661867525305e-01
-4.150600170753950824e-01
-6.282123679000229943e-01
-7.966644247682014290e-01
-8.875645932426444729e-01
-8.666849133556309148e-01
-7.002087507672422051e-01
-4.002118279214651464e-01
-6.253091887489138634e-02
2.240671408792845321e-01
4.598873357612064949e-01
6.809613100289597654e-01
8.725320218080101498e-01
9.748041202956952977e-01
9.739692260600183449e-01
8.952921451926758589e-01
7.626967259045980274e-01
6.038767141749195044e-01
4.373373438406178426e-01
2.698942705882603765e-01
1.019314498676489045e-01
-6.584669169659149168e-02
-2.261372036231882876e-01
-3.708047857686809223e-01
-4.962969130746730517e-01
-5.986029917032712477e-01
-6.655746852145216774e-01
-6.810812123737064461e-01
-6.332464773281492043e-01
-5.096307356009890377e-01
-3.274329125066990920e-01
-1.474792893017550233e-01
-7.494456855750569399e-03
1.011228000482436440e-01
1.734002978747193890e-01
1.822265747468661545e-01
1.310804679643778614e-01
4.932378030809501934e-02
-3.719448290433911147e-02
-1.078656352440138244e-01
-1.431456213705595282e-01
-1.215369623374509683e-01
-1.798718422320013874e-02
1.387126666933933272e-01
2.618901703908872447e-01
3.172870549020484487e-01
3.214037877488793993e-01
2.903778937766940960e-01
2.330180458980029012e-01
1.501434101858058756e-01
5.157319488196011881e-02
-4.796755880384215298e-02
-1.367490901919964918e-01
-1.966907018060185808e-01
-1.995239218213590848e-01
-1.313137362083762749e-01
-2.813357124390487157e-02
5.388357436780895349e-02
1.012953792656357960e-01
1.279475310740916805e-01
1.373902619309852469e-01
1.271114043499853019e-01
1.013747701596871414e-01
7.070761665297523035e-02
4.186745559592072730e-02
1.690767690392069866e-02
-3.089465636795164782e-03
-2.244949095753565396e-02
-5.026211050692355048e-02
-8.726447455467978287e-02
-1.269886263756960787e-01
-1.654510618042723813e-01
-2.021342699342071059e-01
-2.370427733580860730e-01
-2.648016597466808508e-01
-2.745676328319790471e-01
-2.501962842238967255e-01
-1.739700270537033466e-01
-3.659773650886274238e-02
1.321904812060659684e-01
2.709925562199554938e-01
3.527827340916236953e-01
3.862016939390846004e-01
3.825701920541798029e-01
3.523150036125401452e-01
3.031380887951373726e-01
2.419523167120854468e-01
1.742392283492264493e-01
1.006064199208746707e-01
1.978691822082544877e-02
-6.888153089655257855e-02
-1.662558624994714407e-01
-2.700676728356810608e-01
-3.761339195147416214e-01
-4.800767962421614299e-01
-5.703551645756497201e-01
-6.292020093990341456e-01
-6.410775774954005080e-01
-5.953091752810836246e-01
-4.812155288031851885e-01
-3.298116833788480862e-01
-2.136189515963139440e-01
-1.518465400019631262e-01
-1.172112056737723285e-01
