1.179259057434997246e-02
2.685743577143815536e-02
3.891838828942603690e-02
4.253111829525722809e-02
3.498645873610109480e-02
1.653823490136226149e-02
-1.015410460587090613e-02
-4.161380152194607551e-02
-7.539600448992003767e-02
-1.072830422730332300e-01
-1.323248641624127087e-01
-1.457590049972714574e-01
-1.471910663541646236e-01
-1.441608829290738913e-01
-1.427497484238059167e-01
-1.419861638093492529e-01
-1.360136590320275007e-01
-1.199354333538667911e-01
-9.794706405509123748e-02
-7.587823030639875843e-02
-5.098270209175490009e-02
-1.051817640465544344e-02
6.251548056770091233e-02
1.538037506109092289e-01
2.218530970588991347e-01
2.494506226811399330e-01
2.387829832261556817e-01
1.933417257155156110e-01
1.307411575191302078e-01
7.656021566217127705e-02
3.911285961079922352e-02
1.150618426935425161e-02
-9.277847203158936379e-03
-2.085554539433013069e-02
-1.942613155310837780e-02
1.305783883683853119e-03
3.787121364683760510e-02
7.258340978966761059e-02
9.468058126239750627e-02
1.028593715385230367e-01
9.938223593471978701e-02
8.717696555268461545e-02
6.499702945515280217e-02
3.218840290157380657e-02
-9.399429980862746004e-03
-5.619140940387705452e-02
-1.068470858635398590e-01
-1.710177601422387395e-01
-2.595613727167380147e-01
-3.679980433463457823e-01
-4.818427390525994447e-01
-5.849156669389411478e-01
-6.601526319585392377e-01
-7.005702571447781635e-01
-7.049618252008846842e-01
-6.524958508334030016e-01
-5.074989690370604878e-01
-2.348782847004052265e-01
1.467279271902552362e-01
5.220991310597281609e-01
7.783064198983096205e-01
8.898527025258617940e-01
8.828263306618842066e-01
7.972608163848067253e-01
6.728499205614951739e-01
5.451207346803038645e-01
4.311057281049879841e-01
3.176474090525674421e-01
1.989143705710391119e-01
8.860985004181323732e-02
-3.867917397913887834e-03
-7.628237459222189654e-02
-1.277493955516632862e-01
-1.549920414273049940e-01
-1.595154618553850101e-01
-1.513874524632274898e-01
-1.385508398662432805e-01
-1.269006450428492028e-01
-1.235210240617863886e-01
-1.274447549670705560e-01
-1.313509679576084221e-01
-1.304972811770342966e-01
-1.263600763234163926e-01
-1.252344168007152592e-01
-1.262920436951885939e-01
-1.263244630084368603e-01
-1.230605066785630253e-01
-1.087100415720457514e-01
-8.078427152376778386e-02
-4.854736480772691570e-02
-2.152154291639995706e-02
1.127700098168623113e-03
2.517215856675958721e-02
5.303045646839108646e-02
7.955362297787053893e-02
1.029388690846796406e-01
1.335557254447775621e-01
1.791809342874161604e-01
2.326107043447528944e-01
2.770405165884348708e-01
3.044813662746969074e-01
3.132637117724169640e-01
3.005401477761495133e-01
2.685633440538672256e-01
2.194918880699838759e-01
1.521850029098164303e-01
6.439880042280146655e-02
-3.912851523934415127e-02
-1.494007489218963924e-01
-2.669545636259225141e-01
-3.935485699604834298e-01
-5.232949824093640068e-01
-6.457400328916274024e-01
-7.478504835481946111e-01
-8.139472124757264337e-01
-8.221525790599049088e-01
-7.428524470625282872e-01
-5.428341580759453722e-01
-2.237289679851640622e-01
1.201665961737778121e-01
3.699503769422916033e-01
5.020705293499481137e-01
5.400660903690207570e-01
4.896890921000210950e-01
3.701818942370210808e-01
2.157866845007394840e-01
6.086003589194380337e-02
-6.103021157107267614e-02
-1.156963691852725823e-01
-6.499883865366262725e-02
8.080909225358964831e-02
2.371383984874667894e-01
3.378564485785776061e-01
3.828102843885340389e-01
3.870798881472560793e-01
3.564557607273248774e-01
2.999612288650251313e-01
2.325093927432806407e-01
1.650049457451506774e-01
9.971209523622268089e-02
4.173972865150112066e-02
2.498118243147925965e-03
-6.831907004552599527e-03
1.078845529417248039e-03
-1.113533778133164731e-02
-5.687913510825674812e-02
-1.229600589996870941e-01
-1.961723176532099155e-01
-2.645361254556873876e-01
-3.138800147129893747e-01
-3.345188801931773259e-01
-3.268085244331019878e-01
-2.908640652218268396e-01
-2.178488836930241590e-01
-9.628534315777145802e-02
4.812848071613855250e-02
1.554589915880383311e-01
2.006944229405233371e-01
1.977562158160850181e-01
1.656484897878320595e-01
1.207797504881891471e-01
7.461445189353488328e-02
3.402317838041152981e-02
1.096848690016885737e-03
-2.278041207324560044e-02
-3.115601794763792759e-02
-1.518632443171572324e-02
1.794890673467816264e-02
4.490375198536800116e-02
5.406270933586539151e-02
4.885275439869789238e-02
3.372395602338024850e-02
1.232511768317886940e-02
-1.101621808487411591e-02
-3.187438021354217776e-02
-4.628158828932538160e-02
-5.318113150939056399e-02
-5.336917984366961604e-02
-4.445091419576373271e-02
-3.402001579523845909e-02
-3.868655439904567644e-02
-5.931763516691605093e-02
-8.563400585086888839e-02
-1.104986607783175617e-01
-1.280902324952462867e-01
-1.347414033365092190e-01
-1.314870601110582071e-01
-1.192494212477294147e-01
-9.404069267499888529e-02
-4.852500264322994611e-02
2.600356243522059657e-02
1.193659167484172612e-01
1.971150692329445564e-01
2.412219119417324809e-01
2.584188355533361126e-01
2.576450312007921850e-01
2.455784669098966810e-01
2.268819633906662414e-01
2.035520183208378575e-01
1.745466319231444019e-01
1.373832883995790843e-01
9.114038457485465483e-02
3.900724080690304296e-02
-1.705403195005163186e-02
-8.075003243802486574e-02
-1.524977389032953212e-01
-2.293535346922344342e-01
-3.104948712658248122e-01
-3.921407509602193309e-01
-4.647378770334490983e-01
-5.134216229908911133e-01
-5.203872070694866014e-01
-4.663162404968826946e-01
-3.320431379727250554e-01
-1.015168616762809617e-01
1.787359135999994630e-01
4.009407638790181139e-01
5.206608637572396336e-01
5.593652991845043942e-01
5.411173641994844186e-01
4.860793229887176436e-01
4.066631625223112168e-01
3.120925796077942960e-01
2.128189888419583509e-01
1.168288827775023353e-01
2.822584654095312146e-02
-5.065290566895760266e-02
-1.140031673685133751e-01
-1.640528552958844255e-01
-2.162508871300170554e-01
-2.719473651093387012e-01
-3.278164877926820764e-01
-3.876183695208169633e-01
-4.443811580862986887e-01
-4.819544969262306577e-01
-4.805363820560848986e-01
-4.168728380414793988e-01
-2.660456326946810668e-01
-2.322928399906721425e-02
2.475785493065776333e-01
4.522851800625353746e-01
5.632936238862619183e-01
6.008064979568098485e-01
5.816580162109065144e-01
5.207294574612105764e-01
4.330405373490668897e-01
3.293629231273430547e-01
2.142017395332275753e-01
8.933996449813368101e-02
-3.896651302146229845e-02
-1.596461485139657466e-01
-2.660374379658908550e-01
-3.571179086107585388e-01
-4.310145905964415936e-01
-4.806448502478444240e-01
-4.959438966716621655e-01
-4.806490955135632737e-01
-4.487595293868883450e-01
-3.968256195050309798e-01
-3.097446412257073844e-01
-1.890491687821803657e-01
-4.640311041803872605e-02
1.239830329086829830e-01
3.015248719318491810e-01
4.262416634764691903e-01
4.793159201333841435e-01
4.805192572837458376e-01
4.462723362316520226e-01
3.913145058894214046e-01
3.266671510706237735e-01
2.571896628712198041e-01
1.868192640255585124e-01
1.208362712535056838e-01
6.142303996813686801e-02
7.100524374696059321e-03
-4.194318265089403558e-02
-8.221666991028775406e-02
-1.120023575329875398e-01
-1.352631528063604482e-01
-1.578228364960343744e-01
-1.804946586290402943e-01
-2.005844464445571407e-01
-2.148175995640375646e-01
-2.205500474257368893e-01
-2.152599201054783695e-01
-1.942810990634974144e-01
-1.545646999811793876e-01
-9.440514550202520894e-02
-2.578763263363460095e-02
2.508432948278550151e-02
4.565704724007300930e-02
3.948191918050874410e-02
1.666051273084585838e-02
-1.201448987233223048e-02
-3.964247599703161345e-02
-6.023462095678658312e-02
-6.449977978689017122e-02
-4.063184535389380292e-02
1.907403844454142947e-02
9.726639905308137601e-02
1.573524346739487711e-01
1.844413535955111427e-01
1.847040072755058160e-01
1.668662067995829168e-01
1.387516029521457805e-01
1.056885145175988777e-01
7.153257717016815731e-02
3.799442966762383439e-02
5.855630506538306648e-03
-2.323715924381547157e-02
-4.635698235308565590e-02
-5.915019964345041847e-02
-6.118131608334680116e-02
-5.658092896005990219e-02
-4.827385909295896227e-02
-3.770405478131377830e-02
-2.497645388577342945e-02
-9.790448380614991120e-03
6.441071508599684539e-03
2.249289967839505217e-02
3.675415892118170241e-02
4.607959373907376255e-02
4.894496854146839632e-02
4.659081477100592006e-02
4.342177536092321072e-02
4.467555021949225907e-02
5.108773885276206989e-02
5.757340934673380733e-02
5.866830003013003697e-02
5.292392592257288975e-02
4.235596685712013365e-02
2.965597376224734377e-02
1.260660262539446859e-02
-1.527669893335461236e-02
-5.748649517506140144e-02
-1.114085774556359820e-01
-1.699768547379219563e-01
-2.240401797399939610e-01
-2.668695789225060677e-01
-2.951396478654051969e-01
-3.098810079745634716e-01
-3.160421034300122112e-01
-3.113176668222956689e-01
-2.852892459142115644e-01
-2.260908330718919002e-01
-1.216487794017292318e-01
3.825146222611254532e-02
2.206480489158444691e-01
3.551074884815116350e-01
4.188071829929584933e-01
4.300615404623874261e-01
4.039372831207234671e-01
3.551961896524329365e-01
2.965779519814477627e-01
2.348448657016562469e-01
1.724516189078349193e-01
1.104368475896528035e-01
4.911350074342854533e-02
-1.006850867238762680e-02
-6.205367996879243564e-02
-1.008421066884602202e-01
-1.241618908511348679e-01
-1.333601862249926828e-01
-1.311678682729144063e-01
-1.220375394995225349e-01
-1.109084431760456457e-01
-1.008762619229386787e-01
-9.292666660166166992e-02
-8.623901862750553426e-02
-8.005910886657213732e-02
-7.357733272110834888e-02
-6.432391244205815095e-02
-5.027590053503032397e-02
-3.082757084101071104e-02
-7.206364407174207370e-03
1.665102417631705856e-02
3.776994245811191725e-02
5.372464448486308219e-02
6.246976926841459055e-02
6.373827543992566236e-02
5.736309265323801670e-02
4.456612985646468683e-02
2.766059677428055197e-02
1.170229135363609965e-02
2.020297956434892548e-03
-1.824212906320718964e-03
-1.706298373016586559e-03
2.066270842036698439e-03
7.623167281112647187e-03
1.071585283977695598e-02
6.863610472716984504e-03
-6.138391235582345284e-03
-2.338004162616396167e-02
-3.557318444259129769e-02
-3.837501736394443447e-02
-3.133072795641876629e-02
-1.705020967763670042e-02
-1.254308120724686310e-03
1.243558910620624208e-02
2.407393930598663440e-02
3.519698508188585928e-02
4.528358328358696172e-02
5.327239043988165473e-02
6.037647942365501064e-02
6.505208042535894075e-02
6.132437612962541446e-02
4.410303555736564546e-02
1.654321165390781889e-02
-1.061421995293965539e-02
-3.058284602777551486e-02
-4.386733108752990246e-02
-5.435901473107849352e-02
-6.586579499295618090e-02
-7.904080508302081809e-02
-9.092312587411351121e-02
-9.724900667643245067e-02
-9.451107463123843699e-02
-8.019036136011009619e-02
-5.576399238685871007e-02
-2.756593794133024161e-02
-2.857476058320202253e-03
1.365730897136051974e-02
2.325516259350786027e-02
2.942048168437876726e-02
3.361752686260088829e-02
3.847706684362368901e-02
4.604292012047185578e-02
5.527159180832796198e-02
6.270699325872558516e-02
6.617297296247930116e-02
6.764387384261873193e-02
6.674306004092500633e-02
5.940545722521164973e-02
4.473939238496860843e-02
2.427233534862812195e-02
-1.465622390278580912e-04
-2.494405732798334746e-02
-4.605465355052899140e-02
-6.014626450125821339e-02
-6.487668740047558558e-02
-5.870851314048029790e-02
-4.077690236900335247e-02
-1.209417111950521380e-02
1.922492849304571066e-02
4.145284890298658181e-02
5.175498393604723024e-02
5.342533553100616700e-02
4.856743594001513425e-02
3.876496586079090922e-02
2.525471609502175432e-02
8.725814495622170180e-03
-1.069859111279223771e-02
-3.251084967061675102e-02
-5.450895026407613642e-02
-7.497184604556444976e-02
-9.022815173102337327e-02
-9.468151637665050968e-02
-8.828565509695165958e-02
-7.439556427708650388e-02
-5.661234699065909037e-02
-3.881961751344786132e-02
-2.272181780817176394e-02
-9.127965349745458326e-03
2.270695353243982334e-03
1.498402068198607939e-02
3.438933035905272773e-02
6.488434146551964876e-02
1.015059777559718657e-01
1.308073496992913365e-01
1.470682894567145182e-01
1.537141045358266511e-01
1.549589626927904140e-01
1.546208867012415222e-01
1.521538676465170881e-01
1.432798307816141037e-01
1.265867609965307117e-01
1.028326176365429862e-01
7.272261953718812955e-02
3.627225861488937025e-02
-7.242493068009267509e-03
-5.757115913599236690e-02
-1.145932796855577973e-01
-1.783732482400843533e-01
-2.486409103203463256e-01
-3.241985683343688307e-01
-3.979093260016409728e-01
-4.556705570445068743e-01
-4.820731919242760011e-01
-4.638991723123230271e-01
-3.865495871875845868e-01
-2.309733722961221369e-01
-2.636835861774877027e-02
1.435555012075042935e-01
2.418069093671239012e-01
2.855702597555563327e-01
2.941715645670607837e-01
2.863702069475095313e-01
2.774315413476438064e-01
2.792955136706165020e-01
2.874810469080691933e-01
2.786593865194924025e-01
2.443104357152267592e-01
1.931409436378006828e-01
1.365065466197590005e-01
8.370847392633395945e-02
3.855508268826793317e-02
5.517484929229914820e-03
-1.424131711989133284e-02
-2.706032287763989255e-02
-3.944935753614323137e-02
-5.364366935985691309e-02
-6.767811765168665894e-02
-7.836508866472097212e-02
-8.029479867885666589e-02
-6.528583601093568278e-02
-3.707809184800600621e-02
-1.289817238741430144e-02
-1.440803334842859218e-03
-4.768297844133344288e-04
-7.781802675618973084e-03
-1.871446162664539350e-02
-2.665639628379534026e-02
-2.929494953358652981e-02
-2.839939522585034626e-02
-2.398754565843187747e-02
-1.226587053159483923e-02
1.154170620948308593e-02
3.621663349303215484e-02
3.613409661229832759e-02
4.004231922063006266e-03
-5.171608643943682165e-02
-1.228341649715915113e-01
-1.991107635210476456e-01
-2.700057042757296188e-01
-3.232644912801618808e-01
-3.419705142743267867e-01
-3.140358705292179975e-01
-2.337456505994833511e-01
-8.730537344173726344e-02
9.704386833121603217e-02
2.390996717570404440e-01
3.081408585761050145e-01
3.274673202627537694e-01
3.183828390293376720e-01
2.932578589038477013e-01
2.612049341322392193e-01
2.346606103623533057e-01
2.130306818958534465e-01
1.816223156153416451e-01
1.396537124896653770e-01
1.001941147599695048e-01
6.486226761877679492e-02
1.906623731114341982e-02
-3.915571859794891862e-02
-1.010629360987481129e-01
-1.709820398325335167e-01
-2.493150157368279329e-01
-3.231335268895701440e-01
-3.783086448110188904e-01
-4.001639488857718363e-01
-3.692245811205010497e-01
-2.666197005181369928e-01
-7.773680954853356972e-02
1.536310356007724032e-01
3.228899278939325046e-01
3.863315426812146125e-01
3.649605345006518009e-01
2.795891891432552567e-01
1.524489941942230309e-01
7.852479524607249017e-03
-1.295991720614853293e-01
-2.356532457738056419e-01
-2.879048403392988620e-01
-2.615988135018086913e-01
-1.426242079483210912e-01
2.515114032056670751e-02
1.616960961722346268e-01
2.370751911386954625e-01
2.569514570875599535e-01
2.210649002282316089e-01
1.409448734177209395e-01
3.575760178485667962e-02
-7.806745479902696405e-02
-1.782864272880947398e-01
-2.383452265482406962e-01
-2.363664888184573432e-01
-1.566184709453821988e-01
-3.108944076020057901e-02
6.419303914337724792e-02
9.943701992660068656e-02
8.955464659008963157e-02
4.822401025342167025e-02
-1.198695520678351792e-02
-7.758468146403636745e-02
-1.364110519307930591e-01
-1.774190001772112113e-01
-1.879728964382561818e-01
-1.559154318906254000e-01
-6.821105609651730017e-02
5.668483504832078773e-02
1.644202548623496241e-01
2.305111338537462196e-01
2.601216837160612028e-01
2.574084286784390496e-01
2.310516409057616904e-01
1.906455270011150616e-01
1.436611395366267363e-01
9.690836049411601094e-02
5.654176895869594821e-02
2.496433077479306983e-02
-2.432120165386034150e-03
-2.822731088286228179e-02
-4.851730157119304998e-02
-6.008485473405490718e-02
-6.551857037077313262e-02
-7.234915194365165725e-02
-8.353090915781435921e-02
-9.687320395935834771e-02
-1.081718769551919396e-01
-1.142173959992569265e-01
-1.158601167336944793e-01
-1.128485754836544008e-01
-1.029950597217658415e-01
-8.244411600697619524e-02
-4.571015230194644396e-02
1.052753099514271498e-02
7.570046663535380527e-02
1.291041624684003408e-01
1.611551944508742840e-01
1.719211346356086245e-01
1.641150068638966286e-01
1.406007925583240004e-01
1.017150903353293834e-01
4.906235734658721120e-02
-1.498322403986550658e-02
-8.141269439746692815e-02
-1.348514161193026251e-01
-1.692631788022850858e-01
-1.859496214802882352e-01
-1.868743480045798322e-01
-1.766343105178759254e-01
-1.563347407714494319e-01
-1.230696001813631896e-01
-7.757651593994516204e-02
-2.661948415443352728e-02
2.085414297483186019e-02
5.993337152586108302e-02
9.185123540249830187e-02
1.193796993087726660e-01
1.435005110093529601e-01
1.601815830608544211e-01
1.600649556106746862e-01
1.406527155565092946e-01
1.090028972208851310e-01
7.184254364492306810e-02
3.330261906903199398e-02
-1.130362585793365411e-03
-2.596649942924241644e-02
-3.888154001499546236e-02
-4.437277317337930127e-02
-5.271813499743020770e-02
-6.568699035659110452e-02
-7.744771660435080529e-02
-8.616247009936874035e-02
-9.509580363526030922e-02
-1.081182664033144558e-01
-1.220354155453476502e-01
-1.287779629489067545e-01
-1.234254157067201235e-01
-1.021813027634302096e-01
-5.791538186249373804e-02
6.206771369738310097e-03
6.597642216045317143e-02
1.019356280186717589e-01
1.178288897469727536e-01
1.254490416041421086e-01
1.318783952352622357e-01
1.390571928047964756e-01
1.454004341547499024e-01
1.443184387058195906e-01
1.293694173597382813e-01
1.021318961092613220e-01
6.702455514715900675e-02
2.667903664906939865e-02
-1.586292219117716590e-02
-5.753291245901187567e-02
-9.471365619724952944e-02
-1.240652882471673102e-01
-1.430090133373722594e-01
-1.471003878400366782e-01
-1.340010910888995155e-01
-1.069408663303243051e-01
-6.988506752251050225e-02
-2.629873449385491252e-02
1.936441082232845043e-02
5.884947446710445118e-02
8.148256956541477525e-02
8.502894775542459149e-02
7.402868192837752659e-02
5.339846218866123317e-02
2.910570275015299940e-02
6.492322041318291694e-03
-1.110119008030239357e-02
-2.247208348441825237e-02
-2.734502715689135499e-02
-2.562272896167901506e-02
-1.759330453444622744e-02
-3.016211778102733700e-03
1.470383321813992575e-02
2.878440426814072098e-02
3.688985211579809409e-02
4.009932953073961498e-02
4.100314090204248280e-02
4.305446866799622629e-02
4.611282018864587551e-02
4.684152154740402196e-02
4.248914103498305922e-02
3.046285716935537291e-02
5.204188737929209274e-03
-2.920143625374300306e-02
-5.773689699127983188e-02
-7.511397421609031233e-02
-8.275732062136266498e-02
-8.247369837416684835e-02
-7.900002497177341376e-02
-7.553187671722491614e-02
-7.036832694466418903e-02
-6.049019147268349522e-02
-4.608711330338123580e-02
-2.944748179796498680e-02
-1.440239501923799674e-02
-1.251821214663302942e-03
1.135435479279530389e-02
2.157327037858025598e-02
2.917396221229326403e-02
3.526459117701688517e-02
3.865339739921941353e-02
3.739122734469547960e-02
3.458060121905080775e-02
3.506373195443147905e-02
3.766517054544232107e-02
4.045834374780693521e-02
4.536793157392931403e-02
5.269241724098700647e-02
5.848340116079647766e-02
5.804666804280355502e-02
4.954286165411413145e-02
3.195086018098311498e-02
4.744475929310444304e-03
-2.802447966117223299e-02
-5.914923437294412889e-02
-8.320578407914902552e-02
-9.670072601932984402e-02
-9.653447443663568106e-02
-7.976022668008596328e-02
-5.297097736486792302e-02
-3.187645908242271037e-02
-2.070991225286503493e-02
-1.152468120162396768e-02
2.529703046914137405e-03
2.139605736565595648e-02
4.090597938146246781e-02
5.839021125984121541e-02
7.318279903939239883e-02
8.620872378138909331e-02
9.793085411194243917e-02
1.064234942499400899e-01
1.084809142753569433e-01
1.003301620058291294e-01
8.112856524416038606e-02
5.338914825966414868e-02
2.064726087880657673e-02
-1.274848613732083510e-02
-4.480319075853775312e-02
-7.368812707154751007e-02
-9.474405590341541950e-02
-1.051721180638704456e-01
-1.035888542413107571e-01
-8.734713438019564569e-02
-6.329063191914613418e-02
-4.584352381821484718e-02
-3.801125406405394397e-02
-3.404511527511582675e-02
-3.045699272322079793e-02
-2.484349392550199917e-02
-1.423204208760048446e-02
2.947362971944674729e-03
2.515740886947297542e-02
4.880878058289930821e-02
6.921254124727649337e-02
8.223780568670806257e-02
8.551478604061840683e-02
7.808284054809526420e-02
6.051139505553000675e-02
3.395938577864306140e-02
8.782222582809622730e-05
-3.778252522727224699e-02
-7.486804538823992050e-02
-1.078555336101274936e-01
-1.361516072864007165e-01
-1.585478998333277878e-01
-1.694250126975773152e-01
-1.616657089916256895e-01
-1.267189558616498846e-01
-7.037357058651363961e-02
-1.834494810798493331e-02
2.204751720263736781e-02
6.443204817968017917e-02
1.070717356230970752e-01
1.318417081715514694e-01
1.345338266832449836e-01
1.258038912010481791e-01
1.127986591594602739e-01
9.909886825314098702e-02
8.652192982874888638e-02
7.474503085742482955e-02
6.331418449417239303e-02
5.175316651664738782e-02
3.963745729338657292e-02
2.670549098753024347e-02
1.245326902010100711e-02
-2.664438686505633466e-03
-1.676435968462539061e-02
-2.781924677033636301e-02
-3.426011617839316847e-02
-3.441376237889229306e-02
-2.660528372309059475e-02
-1.294248017832919616e-02
9.635129266060728226e-05
8.710004088163261771e-03
1.217434961171982508e-02
1.031753931611510515e-02
5.203398595053963273e-03
-1.142972200798919938e-03
-9.574840441952205128e-03
-2.070506792399833332e-02
-3.161321979253375186e-02
-3.809468055444630713e-02
-3.965391756936025025e-02
-3.946026301079595677e-02
-3.990567492247234366e-02
-4.020205537917888317e-02
-3.878206681091882213e-02
-3.680760541225161497e-02
-3.530978085556523566e-02
-3.350329314944895664e-02
-2.982530786052240215e-02
-2.084632491821459405e-02
-5.646329969649521545e-03
1.030535619735496039e-02
2.137069494763776945e-02
2.666170069410341015e-02
2.718053382652856759e-02
2.617178257272003220e-02
2.672396077425883559e-02
2.695330964988202488e-02
2.469235849764002400e-02
1.922134757695346391e-02
1.047231212347127412e-02
-3.400196827341378861e-04
-1.003569407282323481e-02
-1.467379207682710344e-02
-1.603052509736972719e-02
-1.911053960553617606e-02
-2.424433577374745380e-02
-2.873351266878757318e-02
-3.101046274943746253e-02
-2.987394848564719346e-02
-2.385349942891451525e-02
-1.134607863008233603e-02
6.068243828263301769e-03
2.293678115331330980e-02
3.610067862580985248e-02
4.587840503499741873e-02
5.429419987394756841e-02
6.282388655230262964e-02
6.912559238191345878e-02
6.956422859054009478e-02
6.425828761975438397e-02
5.693157129470429595e-02
5.014096761660257612e-02
4.308472926513330636e-02
3.593209784234999149e-02
3.083368731939730226e-02
2.581347889076014701e-02
1.597764451305766498e-02
6.194976701374629857e-05
-2.034422922170400078e-02
-4.267072027809916401e-02
-6.352677766013312133e-02
-8.156105481038092297e-02
-9.716050174375023829e-02
-1.100918277825258113e-01
-1.196392581565073054e-01
-1.245360420203211332e-01
-1.205251886497953062e-01
-1.025635276814119978e-01
-7.272327528096891869e-02
-3.757083019931172635e-02
-7.540948373311067397e-03
8.616950384222433340e-03
1.578016412441265309e-02
1.605564279945812314e-02
3.860216612158195310e-03
-1.631759320222453749e-02
-3.271108661389044575e-02
-3.477791553920980827e-02
-1.082191565492923897e-02
3.168602182211241458e-02
6.437871911437167971e-02
8.173696665717171406e-02
1.028689452277728178e-01
1.328234463354864836e-01
1.552128434699334703e-01
1.595291792431915157e-01
1.487784363213072170e-01
1.276157276312377964e-01
9.769062236873649052e-02
6.146754182835185293e-02
2.359705933536098213e-02
-1.313245726594503004e-02
-4.522482220948219334e-02
-6.737622015286628963e-02
-7.460705079234469794e-02
-6.999608510148550011e-02
-6.247996178613764856e-02
-5.262921473678656981e-02
-3.792760674550831046e-02
-2.275973150596275613e-02
-1.334898337256308631e-02
-1.160335897780603344e-02
-1.566836893404701184e-02
-2.214491175198828737e-02
-2.696829099911694436e-02
-2.488020316138928739e-02
-1.566264460570248804e-02
-9.231591528956637968e-03
-1.274685396834363341e-02
-2.586073952651019719e-02
-4.737407509724968907e-02
-7.211402176787404250e-02
-9.318548294066975046e-02
-1.094765263636047342e-01
-1.219942611398066451e-01
-1.259066642565847549e-01
-1.124169288672926398e-01
-7.890862925833576347e-02
-2.727461816779491038e-02
3.105210410152922651e-02
7.455127504612923950e-02
9.556573138398158362e-02
1.020385059668781347e-01
1.048923298742976684e-01
1.089125341875730318e-01
1.102329063601169695e-01
1.054669781865262834e-01
9.527869147984234510e-02
8.224944875804357514e-02
6.686860740820624316e-02
5.049811776323366586e-02
3.739804139745798311e-02
2.853759023738837441e-02
2.473805331229712509e-02
2.866798962158476419e-02
3.991860028147860978e-02
5.559996789330326483e-02
7.299151002274312239e-02
9.032169281141860795e-02
1.048926383061085932e-01
1.100017306627469743e-01
9.767106298527576669e-02
6.840642596657933727e-02
2.809162095360654560e-02
-2.312871468809106490e-02
-8.694527386462082286e-02
-1.559633636464411721e-01
-2.174044803346240340e-01
-2.660859157359469762e-01
-3.022861833073800519e-01
-3.224608761153571757e-01
-3.186278524033508419e-01
-2.811933446382117174e-01
-1.981514247113131399e-01
-5.906454490978253757e-02
1.025891903747495199e-01
2.173338972702922867e-01
2.614489590563871535e-01
2.542500961249259395e-01
2.165822962266246710e-01
1.639888306738017665e-01
1.070514776258251199e-01
6.102448613383789494e-02
4.344975213421060217e-02
6.515260949440856986e-02
1.327748572948924677e-01
2.151516761434799918e-01
2.446613460399517104e-01
1.958303520729765823e-01
8.432507045585625749e-02
-6.835113072660270461e-02
-2.332805934409693249e-01
-3.824889505526616329e-01
-4.913179881376131264e-01
-5.329096647939558506e-01
-4.785435451225227843e-01
-3.025704140056859615e-01
-3.395814678286980526e-02
2.141779210068590067e-01
3.532011397506227279e-01
3.871658197813978575e-01
3.495309260374010463e-01
2.686766964560580728e-01
1.582049038535028318e-01
1.869218744644359637e-02
-1.266802943079537724e-01
-2.354807110231766643e-01
-2.656913407726159138e-01
-1.793942435622122300e-01
1.604023367378798470e-02
2.228162116369565016e-01
3.333271381797343058e-01
3.265595629206532458e-01
2.284029868957789811e-01
6.538417186151872229e-02
-1.322037261252372031e-01
-3.310048250702295469e-01
-4.998636270057154052e-01
-6.077294936563595318e-01
-6.206717011868602141e-01
-5.058087703299540827e-01
-2.614536169239490837e-01
3.186646848395092990e-02
2.727852652674841449e-01
4.450845536658592505e-01
5.569748413424642219e-01
5.852138379425811943e-01
5.308941116002364735e-01
4.238792377540496759e-01
2.971372396392157889e-01
1.784258582840364815e-01
8.405829074812970481e-02
2.384235924603133466e-02
8.264622927315092016e-03
2.428320909921744680e-02
2.862906978393257168e-02
-1.477527965421641248e-03
-6.118469550778256327e-02
-1.422822059069469847e-01
-2.331798870799619561e-01
-3.202217842081784838e-01
-3.911000597635146403e-01
-4.334426311849990943e-01
-4.299337744003796646e-01
-3.588714881414374891e-01
-2.015408750044675457e-01
4.887767204163069590e-03
1.718339370673277744e-01
2.629766062218053535e-01
2.941563360170948993e-01
2.814283058149960048e-01
2.406704005304966532e-01
1.855133886883333916e-01
1.241202233691013207e-01
6.310590272497451636e-02
9.706659808598000483e-03
-2.902408749652260478e-02
-4.142988497887287180e-02
-2.710885681319383234e-02
-8.998632160967003080e-03
-3.059237115190301115e-03
-6.469248944145127023e-03
-1.464131966781511557e-02
-2.554020563646448513e-02
-3.757512609960249328e-02
-4.796210411976906812e-02
-5.275052691331662963e-02
-4.937347155981100522e-02
-3.603602697506263358e-02
-1.268155114240534891e-02
1.650890057838841352e-02
4.312062283724447942e-02
5.863893040024428099e-02
6.050903810850850884e-02
5.073600002836553546e-02
3.315008241266224204e-02
1.222063269165061389e-02
-7.784261157638631967e-03
-2.503609110723637593e-02
-3.942944012987419783e-02
-5.106144110277652942e-02
-6.041017331036154653e-02
-6.618526006167956000e-02
-6.646799665722454009e-02
-5.922239020544264876e-02
-4.508065700070709031e-02
-2.541202586073759706e-02
2.508942375190337248e-04
2.805391513745173274e-02
5.024928807928832203e-02
6.166676478332863698e-02
6.398048707122154510e-02
6.058344857482786394e-02
5.084053265533970689e-02
3.606718951580799304e-02
1.789516421004214153e-02
-6.100804979200446891e-03
-3.585566451832890994e-02
-6.817788223184195751e-02
-9.849287719357940896e-02
-1.216038032683383896e-01
-1.324494416943760300e-01
-1.264110275552328688e-01
-1.036999945940388218e-01
-6.702225988018120639e-02
-1.717503369423032181e-02
3.904604638742285166e-02
8.537933111944367992e-02
1.119173784604410027e-01
1.207823321332602839e-01
1.167713766025492705e-01
1.052528100456091714e-01
9.199051247862567726e-02
8.113187321838273569e-02
7.423918977737048452e-02
7.195695616426706076e-02
7.222916394441748766e-02
6.976989086803912776e-02
6.122937999751617427e-02
4.322844702002199418e-02
1.240461514110272577e-02
-2.726131893925758803e-02
-6.817384003652392221e-02
-1.066471922165223851e-01
-1.405688066571481043e-01
-1.669161276968199048e-01
-1.817333709046773105e-01
-1.793882158720688236e-01
-1.524902854996935675e-01
-9.476562211274580649e-02
-1.999391223356201258e-02
3.999075884364185207e-02
7.247642807514531604e-02
8.308545810368979379e-02
7.650441561326562501e-02
5.793379032748670332e-02
3.331011004844677825e-02
9.455562129713108999e-03
-8.127770246253983658e-03
-1.768292279721327478e-02
-1.774757990951374848e-02
-5.147119232635288984e-03
1.645778105383703671e-02
3.655577415675216602e-02
5.402317684851446616e-02
7.240492376662181762e-02
8.781964619047724629e-02
9.669328240695236609e-02
9.950394636418921634e-02
9.744547220082519501e-02
9.235457193431979850e-02
8.511957289379841474e-02
7.416543330691807712e-02
5.689852296108741797e-02
3.407623845683110941e-02
1.027516387414096483e-02
-1.142542985603815092e-02
-2.865157142758175887e-02
-3.941890526414792983e-02
-4.482212139852281146e-02
-4.671255680576853753e-02
-4.649728299504104351e-02
-4.468407105307561911e-02
-4.096393625332793442e-02
-3.460521179089155741e-02
-2.741485977461776899e-02
-2.349225515193480857e-02
-2.492092112774862978e-02
-3.385619715683089309e-02
-4.871244778280100357e-02
-6.239534543529619975e-02
-6.968385777961155769e-02
-6.871141255705678907e-02
-6.134803907614536089e-02
-5.190836919340141575e-02
-3.886716325555378965e-02
-1.345761617982234662e-02
3.450969801740821213e-02
8.875490351731149530e-02
1.068905600954457302e-01
7.400868891943918060e-02
2.970794709203292139e-03
-9.394139070842578987e-02
-2.046048875022550007e-01
-3.128642820379279321e-01
-3.972424586927658097e-01
-4.361330588602327363e-01
-4.090221925801672542e-01
-3.021132580215200036e-01
-1.100311089280312238e-01
1.281231010388558522e-01
3.261049723186203453e-01
4.418623491789788749e-01
4.835717714222369512e-01
4.659714553986940011e-01
4.092098468831872338e-01
3.343317436425990441e-01
2.556943576771070203e-01
1.782192861722212140e-01
1.067584637871906578e-01
4.866090375890008007e-02
8.064503541815419563e-03
-1.832702283291613374e-02
-3.689833572655509125e-02
-4.947951060597179790e-02
-5.958018510394607475e-02
-7.281379629128503783e-02
-9.050900458364197210e-02
-1.124740642536333074e-01
-1.365019704294232472e-01
-1.583202501918001548e-01
-1.737042005426595870e-01
-1.761254620660281378e-01
-1.595613020535367743e-01
-1.241574058718288576e-01
-7.282395657108747811e-02
-9.193543909830315455e-03
5.387837643453066705e-02
9.763751352812802264e-02
1.160756887805395321e-01
1.149095109707115869e-01
9.862204544620037372e-02
7.004556346635219810e-02
3.517783897420730804e-02
6.165443287851853950e-03
-2.628373867891742668e-03
9.028297266840106666e-03
2.705013633497167086e-02
4.460086421480496943e-02
6.134942400862941625e-02
7.442742821392681063e-02
8.209936593140657046e-02
8.551006709032742126e-02
8.669416813910227337e-02
8.489065276779844682e-02
7.723964617379650011e-02
6.357940417288200641e-02
4.348474873571102350e-02
1.312566084638350748e-02
-3.492130239707122441e-02
-1.055827593136654252e-01
-1.920492849156080206e-01
-2.836150788522702193e-01
-3.716805040960354800e-01
-4.453789971740690357e-01
-4.924943995047470491e-01
-5.017892120364066955e-01
-4.597597863511095340e-01
-3.500817536009198649e-01
-1.554592957131368802e-01
8.554480655169219294e-02
2.782606747980163608e-01
3.875371503868302314e-01
4.375915692911777066e-01
4.485673748946752415e-01
4.330556849427464883e-01
3.991985206371656547e-01
3.522766733736165112e-01
2.983643190078115182e-01
2.429338319293376236e-01
1.859078808826892804e-01
1.279836755746446564e-01
7.290568110949491309e-02
2.011846388634336985e-02
-3.361649656493440053e-02
-8.630283101171493110e-02
-1.316974888488418038e-01
-1.674895273672335483e-01
-1.938503369481350547e-01
-2.086553606249915704e-01
-2.120452838450898048e-01
-2.041454685098204325e-01
-1.801991184103272636e-01
-1.345558394717983330e-01
-7.286071378626385320e-02
-1.517431948704050897e-02
2.389572307451025626e-02
4.395255461511269474e-02
4.940646240320116511e-02
4.495932862792462181e-02
3.655236177621722093e-02
2.845732883162787122e-02
2.039782777338067579e-02
9.378755975815345966e-03
-7.506752779484820656e-03
-2.758052808786535387e-02
-4.139210077133081284e-02
-4.135910162134521367e-02
-2.341957302101097330e-02
9.418182235284806164e-03
3.961824615182259202e-02
5.244084918437472848e-02
4.835443383703624809e-02
3.366818706260550631e-02
1.524542064471678948e-02
-7.187738662581249355e-04
-8.408656125308148002e-03
-1.289566546945527734e-03
1.984331864567817974e-02
4.402336130930716018e-02
6.409229396994786665e-02
8.022007666952930827e-02
9.164775569380688436e-02
9.580625008953566613e-02
9.133751585637209236e-02
8.022485075758618855e-02
6.447967345772737113e-02
4.440267356856179848e-02
2.147374686827128315e-02
-2.327599943669388799e-03
-2.738297773540050023e-02
-5.644582932868788538e-02
-8.953602808612869113e-02
-1.248908417039829022e-01
-1.634623412073993864e-01
-2.052386268118917556e-01
-2.457604247426199706e-01
-2.766908383257035697e-01
-2.866737987251906095e-01
-2.655047257355497292e-01
-2.063906903490135558e-01
-1.025830477412241204e-01
2.603766541240472646e-02
1.298413601367160441e-01
1.882067110203806681e-01
2.144650406568374412e-01
2.212103256363688042e-01
2.167123453143017797e-01
2.084443956375746643e-01
1.998152121913023826e-01
1.907935715959201417e-01
1.822846705819256841e-01
1.720945311483624285e-01
1.545922982300290682e-01
1.281482665479253824e-01
9.496550716417660742e-02
5.656067941046183378e-02
1.713943526743779214e-02
-1.708267254604862659e-02
-4.292777899944580366e-02
-5.903046533686095998e-02
-6.428658740369752600e-02
-6.006638838998059476e-02
-5.138723020500716998e-02
-4.339771181625452084e-02
-4.129413691263622566e-02
-5.337159630562360313e-02
-8.442710901423924885e-02
-1.316372687753416815e-01
-1.897724877601147664e-01
-2.520233736398962421e-01
-3.086329761722264586e-01
-3.445467697777017113e-01
-3.478141675044263970e-01
-3.153413419163739184e-01
-2.407655334144567227e-01
-1.107152029844670899e-01
5.183562313747402256e-02
1.860206497784851476e-01
2.632300207723232144e-01
2.871888612650108641e-01
2.678044133978524366e-01
2.219420624428073974e-01
1.669980637709247984e-01
1.152511730803992829e-01
7.304634284430841507e-02
4.367176584470472411e-02
3.146075788583338473e-02
4.499907243452448691e-02
9.111059281686036126e-02
1.536615338832791056e-01
1.976064926206639594e-01
2.088727925285764619e-01
1.949646277163340768e-01
1.634095355050375620e-01
1.206641707987260032e-01
7.365509179336693357e-02
2.929850209614130729e-02
-7.116867047795905066e-03
-3.448437193551396468e-02
-5.493563192347240137e-02
-6.686239278324965229e-02
-6.820070847702477956e-02
-6.602284927813037441e-02
-6.897610426302430708e-02
-8.131942518741759607e-02
-1.044437532858185358e-01
-1.363838062231068071e-01
-1.748244868754630921e-01
-2.130561366724126326e-01
-2.406300753970318784e-01
-2.518334797664811275e-01
-2.426376083529593053e-01
-2.059653419808762376e-01
-1.301296245733252199e-01
-3.180209997599860866e-02
3.855971227853530192e-02
6.022054923246605157e-02
4.381959269482271768e-02
-1.586383674986174830e-05
-5.755639966204010444e-02
-1.103337374798289833e-01
-1.391851595493758809e-01
-1.302803944996979713e-01
-7.533958710919930191e-02
3.485780537902499754e-02
1.731096014336650779e-01
2.744387860892764097e-01
3.149002951145310480e-01
3.121479141332103024e-01
2.847173730404131131e-01
2.441998172148274193e-01
1.933414936851894916e-01
1.349049780489297301e-01
7.930249265304345485e-02
3.487072876081205586e-02
-1.087709192287816817e-03
-2.939958223700640805e-02
-4.708765375109683071e-02
-5.898178834460811315e-02
-7.184080436972180295e-02
-8.573768230744870100e-02
-9.791979354958821324e-02
-1.045728119203419987e-01
-1.054241276409484257e-01
-1.034751612312244939e-01
-9.749178970242136644e-02
-8.488783344649886153e-02
-6.631336875315867185e-02
-4.417003603778772020e-02
-1.802905514107998666e-02
1.179736306839022399e-02
3.951045693441879864e-02
6.077057779299559898e-02
7.598937932780927551e-02
8.490902240089542863e-02
8.548371973796867196e-02
7.813882671753841214e-02
6.517963500522667986e-02
4.786611775026131110e-02
2.653092849536380082e-02
1.470116905333310750e-03
-2.260667745380793778e-02
-3.945517938408543701e-02
-5.148703263508635358e-02
-6.224153076065529200e-02
-6.899967673551468672e-02
-7.014470966400565555e-02
-6.671865742492963380e-02
-5.890816702060516774e-02
-4.643243865461494507e-02
-2.966713335538103541e-02
-8.787040263814237251e-03
1.622476068589874879e-02
4.567877114064472499e-02
7.739387340969845763e-02
1.067948705041898982e-01
1.260746058412922088e-01
1.227044907395531681e-01
9.189244536538980490e-02
4.404048162764779423e-02
-3.861671781504789382e-03
-4.037532424468419368e-02
-6.556705693177546090e-02
-8.420050210811458324e-02
-9.710664495471145463e-02
-1.031319242397884112e-01
-1.045991052189397807e-01
-1.054704578746538668e-01
-1.055139413820356947e-01
-1.016123181472922132e-01
-9.295924239841643621e-02
-8.243094296888375805e-02
-7.211729215250259339e-02
-6.026329445071541835e-02
-4.361495330656010860e-02
-1.836288438712424531e-02
1.907326238021874246e-02
6.754193847271711126e-02
1.173602733577866764e-01
1.595794697822280339e-01
1.904803627580193837e-01
2.056498482956546359e-01
2.046464442372320502e-01
1.889273989453987279e-01
1.601946352488299863e-01
1.237073483253879058e-01
8.118801455419200064e-02
3.082075552224546044e-02
-2.897831009841253525e-02
-8.995111027380799096e-02
-1.341804149709652227e-01
-1.545793165569600836e-01
-1.536599018235270675e-01
-1.348986807064769256e-01
-1.067146426898605560e-01
-7.824461962420113659e-02
-5.303401907454596831e-02
-3.228610251464680836e-02
-1.749399432982643235e-02
-7.909224145729937955e-03
1.076866476815864244e-03
1.473745277993322896e-02
3.272363242944279632e-02
5.165888209237067680e-02
7.100267992155376295e-02
9.072901675308646385e-02
1.083985157753637185e-01
1.211105861023902691e-01
1.262533614434928064e-01
1.203687668935160965e-01
1.002820609841687111e-01
6.597439594230007642e-02
2.128863159017640658e-02
-2.853674332936683572e-02
-7.822430510319069996e-02
-1.247816471409694677e-01
-1.698443437902340813e-01
-2.154700231555769507e-01
-2.584913315679029933e-01
-2.947118842008011330e-01
-3.189928701949816259e-01
-3.203361829424764551e-01
-2.852583941745791551e-01
-1.987817854755639102e-01
-4.561334451862629480e-02
1.417809326898925304e-01
2.848740172999125742e-01
3.551102325776956392e-01
3.726352551827012416e-01
3.547684998871404871e-01
3.149472204422328891e-01
2.616638269748677303e-01
1.999256540962302264e-01
1.310526446658308031e-01
5.532173126153374504e-02
-2.383613610792932949e-02
-1.029929630620801673e-01
-1.795590676316498602e-01
-2.481200168079364388e-01
-2.983909404674462973e-01
-3.171497038663934620e-01
-2.913370304356651674e-01
-2.119903997638397097e-01
-7.237312163420279998e-02
9.857648475682614930e-02
2.353350862575102065e-01
3.123704367597191500e-01
3.425681148329452474e-01
3.342380519424769658e-01
2.951891500772106380e-01
2.365426864015541530e-01
1.690579805468664931e-01
1.004312767745609292e-01
3.490563509864492292e-02
-2.407747100059119336e-02
-7.470589693159265798e-02
-1.207146035236071890e-01
-1.681017510847680196e-01
-2.181193344675294021e-01
-2.660340314975430664e-01
-3.037869043377539602e-01
-3.187271697546285032e-01
-2.982088944580144063e-01
-2.331687595487896281e-01
-1.414169590471039128e-01
-7.133723716128223535e-02
-4.421950797089815172e-02
-4.768812610757975495e-02
-6.523107377301790022e-02
-8.140908862570553350e-02
-8.129210209959485123e-02
-4.544648193725868424e-02
4.601808279318450601e-02
1.743660016543298330e-01
2.802292562661164443e-01
3.361834679897873213e-01
3.508409671103910887e-01
3.312269608287052858e-01
2.857554945572252647e-01
2.260773597115013911e-01
1.633539925744969257e-01
1.040650015421034358e-01
5.039557916566636542e-02
6.121827574887220985e-03
-2.705440858275540844e-02
-5.188830375764507535e-02
-7.180677968613939643e-02
-9.113347940659555224e-02
-1.139177521515297442e-01
-1.444703532000659041e-01
-1.840743244524985500e-01
-2.257255290266825809e-01
-2.572446241113574561e-01
-2.656942770967887779e-01
-2.383546830568289698e-01
-1.659952687248995862e-01
-6.327391012165023421e-02
3.108330679563392832e-02
9.423227865305976170e-02
1.303148184679472632e-01
1.504957449820344406e-01
1.632188314418559771e-01
1.723967316720132203e-01
1.775496523548945327e-01
1.754908462945880543e-01
1.637875704026136581e-01
1.413536663059614396e-01
1.080977651529778094e-01
6.455463817400164395e-02
1.362874311007280029e-02
-3.902830590699986335e-02
-8.757120322144601454e-02
-1.234715770656312078e-01
-1.409487324375594541e-01
-1.452329097588657691e-01
-1.448599725096934576e-01
-1.425239647865564341e-01
-1.374316159533472970e-01
-1.273507011699238078e-01
-1.069911784126682114e-01
-7.168130665727391604e-02
-2.973254485903920052e-02
3.008615938010649263e-03
2.319283476535138541e-02
3.597446525345186774e-02
4.410931848321883453e-02
4.850373898061178385e-02
5.091864799434712985e-02
5.417419125834301713e-02
5.992365059698193802e-02
6.823228454309686331e-02
7.790428170372482031e-02
8.655050273411248052e-02
9.425762850579791352e-02
1.015688221764231014e-01
1.045290296529563651e-01
9.953416429696355927e-02
8.674876313334178857e-02
6.590968984909856276e-02
3.699156373075223464e-02
4.398509388774785034e-03
-2.634766118330469573e-02
-5.246145874446410395e-02
-7.280928967422847786e-02
-8.613172107017663670e-02
-9.071531530900280027e-02
-8.526465387668438756e-02
-7.066993551633610204e-02
-5.190898160603579781e-02
-3.564774019146551426e-02
-2.649853421597688982e-02
-2.451690583988366118e-02
-2.596605083113775331e-02
-2.974078353625352403e-02
-3.644155986686403031e-02
-4.340180463550926543e-02
-4.673709904947419280e-02
-4.492330207461833064e-02
-4.045966246767138119e-02
-3.589530264284016003e-02
-2.815843512136794249e-02
-1.239750602538407590e-02
1.249699756883118629e-02
4.379819086570339165e-02
7.569079762436140002e-02
1.023784688152394040e-01
1.204425010387114442e-01
1.270712452260197578e-01
1.204888122032353043e-01
1.029481068177822839e-01
7.953727428518908571e-02
5.577164406379426370e-02
3.565516541822406904e-02
1.942960330861951551e-02
5.941265055166705666e-03
-6.372203126479469154e-03
-1.974015214073605862e-02
-3.447311404566427706e-02
-4.922802390695422969e-02
-6.175268174568477458e-02
-7.080572335130545791e-02
-7.376137913881118668e-02
-6.674144225943737241e-02
-5.261012301333672925e-02
-3.764579021345584864e-02
-2.390524874013034637e-02
-9.061644178301584210e-03
8.154689791166291890e-03
2.375703125913219277e-02
3.341089123443323483e-02
3.707210433292034563e-02
3.552459801109567050e-02
2.759386223213925599e-02
1.683775724871430096e-02
6.018292493297311592e-03
-1.269028253096448136e-02
-4.434977633869740393e-02
-8.674055926538275230e-02
-1.379073749339035093e-01
-1.939464741316534735e-01
-2.448552808193667218e-01
-2.773711419305912029e-01
-2.782818310404383544e-01
-2.331352745036483487e-01
-1.260804249703520175e-01
2.121393637740244878e-02
1.475564661971354719e-01
2.292269547747564085e-01
2.758689549750183434e-01
2.885378409339002248e-01
2.706041891201076965e-01
2.323233381098986361e-01
1.846397264754258694e-01
1.358067778868178310e-01
9.042684317293833707e-02
5.133686889611997761e-02
2.338402315824964980e-02
1.034795196433956933e-02
6.953413451380945076e-03
4.194612428823100633e-03
-8.217382702610555312e-04
-7.896018000654966840e-03
-1.590818784126480853e-02
-2.210008176380336836e-02
-2.593172420966680797e-02
-2.904646911745709104e-02
-3.154665180072658420e-02
-3.231268272611515641e-02
-3.167872713823489256e-02
-2.891650632232854734e-02
-2.431248902796975461e-02
-2.224834472842247488e-02
-2.441964921111543924e-02
-3.087294299681388882e-02
-4.242302957353725340e-02
-5.713224470119037529e-02
-7.059067772876025104e-02
-7.744778557223994109e-02
-7.417859853320095398e-02
-5.775856393220893392e-02
-2.562005893648794386e-02
1.264102051225127026e-02
3.936810241256931409e-02
4.972946444504258712e-02
5.026015570885466327e-02
4.613509553753328968e-02
4.036436871648492464e-02
3.544577699705308421e-02
3.156398777067946637e-02
2.698819938027764362e-02
2.111474944307169602e-02
1.504444556561717466e-02
9.214380037585520947e-03
2.559579601913299779e-03
-6.435863985600412049e-03
-1.785765206770730321e-02
-3.114570801643758158e-02
-4.725091499949367335e-02
-6.578800755112354515e-02
-8.385698540565744707e-02
-9.822313753892554511e-02
-1.060511781238791251e-01
-1.041303350470188932e-01
-8.912869075766755023e-02
-5.864913091434901388e-02
-1.773949371163165839e-02
2.076879079802260858e-02
4.986371286716710649e-02
6.959357508865988973e-02
8.130382064369301442e-02
8.665046711834120674e-02
8.617343465824242599e-02
8.082349945548668313e-02
7.203335808161698273e-02
6.161054601733831348e-02
5.153743970587433554e-02
3.904881244842405008e-02
2.752469547321602372e-02
3.209061701233235225e-02
5.881387083712261155e-02
1.002984701306024462e-01
1.439071570778887033e-01
1.796794521879186701e-01
2.043579272336616126e-01
2.167999381793350722e-01
2.159138532363648888e-01
1.989060535836848498e-01
1.636264490609128375e-01
1.101170478478765147e-01
4.394108096263144025e-02
