-1.843319459037793748e-02
-2.965629297127822181e-02
-4.080121170922022117e-02
-5.064239620823256238e-02
-5.809294867888218500e-02
-6.113599102335031538e-02
-5.697454952920878030e-02
-4.395125761923168034e-02
-2.165708031358662758e-02
8.608745408840500629e-03
4.203662214420901544e-02
7.090710299678786022e-02
8.945694286957918406e-02
9.768420449851059062e-02
9.868224664368863142e-02
9.437159470094104441e-02
8.601285092129351550e-02
7.562678081236116900e-02
6.422553931679841899e-02
5.047319130903316076e-02
3.376145477045470328e-02
1.554241995086143302e-02
-4.273153820844939783e-03
-2.433456281467939047e-02
-4.086409898967987425e-02
-5.404327811509410107e-02
-6.478291946871139739e-02
-7.259716839244646780e-02
-7.795095971127577461e-02
-8.084753496764811309e-02
-8.000784189649606803e-02
-7.363900030749384595e-02
-6.214903519111461550e-02
-4.753458143150372101e-02
-3.179527333639677045e-02
-1.659109640027778276e-02
-2.981782210277634376e-03
8.017876633396198507e-03
1.744795719102179912e-02
2.992224302829488147e-02
4.580575706985653972e-02
5.900922708036540620e-02
6.773899920779033468e-02
7.191400446899320897e-02
6.764391349183410118e-02
5.331436811778000884e-02
3.232468605879432189e-02
1.008034490885107923e-02
-7.859574603796201653e-03
-1.735260984431610809e-02
-1.875864281229815134e-02
-1.526412205090605864e-02
-9.732996309962479997e-03
-4.823504268387797389e-03
-2.576810863846865692e-03
-2.845617873353578631e-03
-3.979474965812907286e-03
-6.731235770938532974e-03
-1.490072571887803184e-02
-2.907337290393444476e-02
-4.368713163933808652e-02
-5.324805930423714279e-02
-5.531560050648962751e-02
-4.828876290945310207e-02
-3.269667927916186656e-02
-1.241236226049564038e-02
8.647159683341286082e-03
2.895410798678688113e-02
4.594258350192153423e-02
5.573445709050149632e-02
5.793097211881112485e-02
5.557761464632553217e-02
5.167063843867382433e-02
4.619147391283747600e-02
3.756838012234521573e-02
2.660119021234356312e-02
1.482110543469257642e-02
3.553235925016105454e-03
-5.084476304443524310e-03
-1.094559284392896022e-02
-1.592833080415477151e-02
-2.268962903343069853e-02
-3.524293491094405983e-02
-5.240012369998529873e-02
-6.586432472625915191e-02
-7.039461091698355488e-02
-6.586341279924169678e-02
-5.261644084728998166e-02
-3.191436683773823946e-02
-8.254627279947739094e-03
1.235773971738392436e-02
2.694960117154916041e-02
3.648562108185639252e-02
4.131511923838888239e-02
4.027922392511741612e-02
3.444766192632602031e-02
2.556199027906895516e-02
1.493861819026261889e-02
5.674822137183293744e-03
4.373383608243766769e-04
-1.001662067690714530e-03
8.822482379587251802e-04
7.115743637051211157e-03
1.763200848044142732e-02
2.910832735592798481e-02
3.696007578434122587e-02
3.685652191614739726e-02
2.775774017202364136e-02
1.397416261535867205e-02
-4.972461829850806630e-04
-1.536544204301972319e-02
-3.146202060480290941e-02
-4.663838807394059954e-02
-5.759338233180461702e-02
-6.406831513071920003e-02
-6.608359044000546023e-02
-6.182754152269121645e-02
-4.971738090355129480e-02
-3.011913266169574666e-02
-5.984892454108121235e-03
1.806830372022011355e-02
3.781992451473985967e-02
5.039063004648740296e-02
5.638794851503689531e-02
5.942168461000391089e-02
6.066774018863496654e-02
5.904622607223747321e-02
5.505376621086829902e-02
4.918488395454419237e-02
4.019911821730409729e-02
2.722982631928478475e-02
1.008096528267527804e-02
-1.091774010178034500e-02
-3.407632628814555309e-02
-5.824143012978964806e-02
-7.990262129680034131e-02
-9.132997018267263734e-02
-8.840657365663946721e-02
-7.321455944191448961e-02
-4.953988583174753768e-02
-2.292370518642557892e-02
-2.302256271570833992e-04
1.552392151526473495e-02
2.497286725804324925e-02
3.015599657575957285e-02
3.439091831066628385e-02
4.030024200933592093e-02
4.732452520646983352e-02
5.288681678098444694e-02
5.732683672574310357e-02
6.092129528380140630e-02
5.938088909077782890e-02
5.063093378137838163e-02
3.628497417526801994e-02
1.615708788105101740e-02
-8.502839963187664926e-03
-3.411339628118083972e-02
-5.748364050137547143e-02
-7.693038142274002955e-02
-9.328480689072554677e-02
-1.030102399897060150e-01
-9.799127734585065530e-02
-7.768614955926403387e-02
-4.953369416736131542e-02
-1.505185800842607363e-02
2.217464341585731469e-02
5.087271711679405145e-02
6.520854631955627645e-02
6.290879409586898341e-02
4.709140047002011165e-02
2.450070880739035201e-02
-6.911524603747595807e-04
-2.387424958197545063e-02
-3.982249187226930692e-02
-4.468712340124603166e-02
-3.819512124954604210e-02
-2.232742681037653415e-02
2.002445927190139169e-03
3.485563387625777859e-02
6.912316887441173618e-02
9.296027440024291766e-02
1.031555329006680066e-01
1.019110550307993635e-01
9.085632007342697714e-02
7.186694875790998471e-02
4.913220171222993510e-02
2.854698373908769182e-02
1.180283206570191187e-02
-2.077903169404668113e-03
-1.253837188333680429e-02
-2.040692037558738611e-02
-2.659179889571515812e-02
-2.860228580411992849e-02
-2.643025885226727920e-02
-2.480071701230762010e-02
-2.657753098653083471e-02
-3.086021967367129359e-02
-3.754661634364827444e-02
-4.814530295707322716e-02
-6.268247019640657558e-02
-8.077346242731249515e-02
-9.977297229405976409e-02
-1.128366553993238874e-01
-1.214235601449617508e-01
-1.343136091931254328e-01
-1.491844958439553503e-01
-1.549104435619799713e-01
-1.413018572948062102e-01
-9.854321553410722023e-02
-1.861359475697099003e-02
8.442819457624434198e-02
1.737528667488847378e-01
2.246120826110784841e-01
2.380552874152425669e-01
2.286587351627537568e-01
2.041940049354183384e-01
1.679435650248453094e-01
1.307010370645435016e-01
9.930750206946209468e-02
7.168449246016798948e-02
4.482200754002434867e-02
1.849009455084574954e-02
-7.615796058103823166e-03
-3.410176849130515386e-02
-5.942326099701196462e-02
-8.224480181570889559e-02
-1.022265239178806878e-01
-1.168991227769830832e-01
-1.227140383260957035e-01
-1.185180222637184089e-01
-1.054032667910511090e-01
-8.669437683632433278e-02
-6.694506184638503166e-02
-4.873585369622475405e-02
-3.275618378567182742e-02
-1.851463503535918584e-02
-4.470733474602284728e-03
1.168575822393884064e-02
3.183080424282994092e-02
5.199070935323046871e-02
6.426072982051284077e-02
6.669530966606720956e-02
6.252282627185554165e-02
5.409927343989640730e-02
4.244032216608032565e-02
2.861845532978225803e-02
1.494115011986200253e-02
4.304183519639646904e-03
-2.301511843086395843e-04
2.178895841894464870e-03
8.283137113190258694e-03
1.362865934381632914e-02
1.461528308780943135e-02
1.008799284117116793e-02
2.559252724014472648e-05
-1.526266790863360298e-02
-3.277781690195755160e-02
-4.744330275351624215e-02
-5.486280763700789737e-02
-5.345833113381716351e-02
-4.410837163652837900e-02
-2.853466146074945531e-02
-9.021430870101399338e-03
1.291396124966323090e-02
3.528493139308997578e-02
5.295753617666884572e-02
6.271839791044844792e-02
6.479960926584940606e-02
5.976392066945689086e-02
4.763188037691309940e-02
2.656782394260093216e-02
-2.406068152349783752e-03
-3.321097774216089787e-02
-5.920272290633986356e-02
-7.653662142617119468e-02
-8.434591590406866068e-02
-8.335991225455942344e-02
-7.896233021884818681e-02
-7.672647138933016975e-02
-7.519989253256391393e-02
-7.078545074750457189e-02
-6.078569483905706117e-02
-4.221882251206274944e-02
-1.456846887592525876e-02
1.742182242296914235e-02
4.668504997377817545e-02
6.920246477837577181e-02
8.542498851332401555e-02
1.001924200180886598e-01
1.173936686809232688e-01
1.352914821708607607e-01
1.538471566045689909e-01
1.718918800319511053e-01
1.808567151356144653e-01
1.724906171793374465e-01
1.408713399284765300e-01
8.247660156495019435e-02
5.800074604754439783e-03
-6.793386552423365254e-02
-1.195281679681665238e-01
-1.441180603103419666e-01
-1.491084845138706538e-01
-1.413210560591283693e-01
-1.235713410871325524e-01
-1.006652392774682186e-01
-8.085259037446830555e-02
-7.003049808406638932e-02
-6.419762751536405021e-02
-5.380602025600683680e-02
-3.445137991731746230e-02
-1.155500004745143444e-02
6.509975539136379080e-03
1.772898058283143424e-02
2.182362928926160489e-02
1.941631486643006360e-02
1.407899443095024863e-02
8.219850574632231455e-03
3.164804080358264542e-03
3.164035492878407296e-04
3.499575224095370727e-03
1.403381628700307165e-02
2.460498961201086632e-02
2.667951171761887702e-02
2.062037386912230624e-02
1.090486362825162162e-02
-2.645532218465149535e-03
-1.962296253560660841e-02
-3.850257469274095262e-02
-5.855259516949207904e-02
-7.647834754756731301e-02
-8.698812583892145955e-02
-8.397191768082182262e-02
-6.441422662061808968e-02
-3.055109634624251710e-02
9.578067428214522006e-03
4.399764705637842360e-02
6.675112868523459808e-02
8.203832989404163945e-02
9.455874801936459129e-02
1.036743987210881762e-01
1.081776815280681286e-01
1.070781650498418280e-01
9.710029606391437640e-02
7.348424394385043301e-02
3.403057091659295041e-02
-1.602502985443242378e-02
-6.575260553389894458e-02
-1.020437475340388728e-01
-1.154570029659403307e-01
-1.032097592993355684e-01
-6.314586164598703921e-02
-7.866862315984261833e-03
4.147872335988862791e-02
8.092129451041499277e-02
1.109125198902167070e-01
1.300868467653695237e-01
1.364405171633504554e-01
1.217540387418668685e-01
7.730585347447475886e-02
3.992129455891307854e-03
-7.770016958698267029e-02
-1.407657640690141987e-01
-1.755843690128673917e-01
-1.864773433899099553e-01
-1.775616550464114707e-01
-1.531904224997189812e-01
-1.202213599250297194e-01
-8.336500534103689908e-02
-4.521585984385483037e-02
-8.456215881816862151e-03
2.673306889710081249e-02
6.087541727256789298e-02
8.880133125303690811e-02
1.063463201395513230e-01
1.180843738032763268e-01
1.291849472494078777e-01
1.397077069604188149e-01
1.497925176769202837e-01
1.623979158106881315e-01
1.755527562669913499e-01
1.778580611467612538e-01
1.585576222039526140e-01
1.159345340098956456e-01
5.060097810552221381e-02
-3.219187579604910338e-02
-1.111888955315960548e-01
-1.629462450909172078e-01
-1.832593028010162661e-01
-1.846410194782192316e-01
-1.828534665203100373e-01
-1.867590496331338612e-01
-1.932553141563466970e-01
-1.904221653164958339e-01
-1.696857401549792810e-01
-1.331882616118522378e-01
-8.882412016992510817e-02
-4.526536997011370439e-02
-9.350682272360931468e-03
1.904579988459507295e-02
4.555749779448896308e-02
7.218444298884227339e-02
9.654433452887248301e-02
1.175231481344094775e-01
1.346268724628487123e-01
1.473548638002297462e-01
1.570400697091931530e-01
1.639269140920094070e-01
1.644685229928513071e-01
1.508124986902019682e-01
1.205135396588006697e-01
7.799705943653779949e-02
2.564214682911392790e-02
-2.892040403693600312e-02
-7.576959868068285087e-02
-1.105094107546199800e-01
-1.280974279459016207e-01
-1.255400152143074932e-01
-1.085740624697323076e-01
-8.828967693532467631e-02
-7.329866462099120239e-02
-6.324423384197248865e-02
-5.193547331054611249e-02
-3.735949510539956359e-02
-2.423245575833954391e-02
-1.617333949402909032e-02
-1.445542206648540821e-02
-2.051601521597746364e-02
-2.821429786659845548e-02
-2.834040283473580543e-02
-2.019391904501293203e-02
-8.153790373369173422e-03
2.318903883153439899e-03
8.457745766353864936e-03
1.285396298690866246e-02
1.724970414996018775e-02
2.238388988588110862e-02
2.894831146511932587e-02
3.707757891643743975e-02
5.051780130204132357e-02
7.308493930932913329e-02
1.005745118641481473e-01
1.231815034685491833e-01
1.364450598162790518e-01
1.422180181618920569e-01
1.399673346625822101e-01
1.260972403215998572e-01
9.833344509558629432e-02
5.543818354313727326e-02
-1.299552592734707062e-03
-6.045946828668086886e-02
-1.051114628079571067e-01
-1.277442616449208646e-01
-1.333188302548208304e-01
-1.322021482484760091e-01
-1.322189860745436873e-01
-1.330877061532901307e-01
-1.279059214456602089e-01
-1.134528970400113662e-01
-9.302054917617566532e-02
-7.046939472483609856e-02
-4.685375747314608069e-02
-2.139408822496838281e-02
6.367208948890701325e-03
3.647808392095567426e-02
6.618894010826671670e-02
9.211979415516867442e-02
1.132077923999456753e-01
1.267217986295544607e-01
1.300554190540157418e-01
1.212205425109606910e-01
9.664772022526499362e-02
6.113501244901453635e-02
2.540349287931574149e-02
-7.273815365649871807e-03
-3.662818377080012677e-02
-6.090782565565139306e-02
-7.803434068058889839e-02
-8.478869153292055427e-02
-7.770410480281206289e-02
-5.877955851686347127e-02
-3.695395976763088397e-02
-1.741163699059906228e-02
-6.950467828385985779e-04
1.181025982546362978e-02
1.918617135258817580e-02
2.058126933491407837e-02
1.594490648319347309e-02
6.548541496747131013e-03
-6.632547647478591497e-03
-2.159924728228204346e-02
-3.507113903195037408e-02
-4.280630511934893634e-02
-4.265450951197702345e-02
-3.795049338865762872e-02
-3.207046452864799335e-02
-2.533587856078265560e-02
-1.860335970846380138e-02
-1.368254783915713070e-02
-9.649484702867156677e-03
-1.194238306551040872e-03
1.391999268622449645e-02
3.398285509404498639e-02
5.862408497633257720e-02
8.101907064414511084e-02
9.193119548607642244e-02
9.102323460774294772e-02
8.190379552324913992e-02
6.788218877215136671e-02
5.277010537133016571e-02
3.963943929378492548e-02
2.863186982981898512e-02
1.808682308322380125e-02
6.630452667710578889e-03
-5.116843268638279416e-03
-1.651719292973587161e-02
-2.672482600538209768e-02
-3.481278453719351129e-02
-4.497861199198619625e-02
-5.799374216252341230e-02
-6.840443881781831104e-02
-7.348631884134139425e-02
-7.287363035419147650e-02
-6.750717214532128696e-02
-5.878331697745257239e-02
-4.639505943749068495e-02
-2.962816539213733794e-02
-7.942236122234453549e-03
1.665591004230591171e-02
3.906154807545161173e-02
5.659516350382813588e-02
7.045753989095643322e-02
8.184252164446059741e-02
8.799567444796367599e-02
8.468270623915818973e-02
7.080096241586317229e-02
4.948792075749202518e-02
2.225694043135656094e-02
-1.143330972456357494e-02
-4.740643103768140548e-02
-8.029228796889389952e-02
-1.059874959548695594e-01
-1.232258533369286896e-01
-1.323030416837704948e-01
-1.316028847285703185e-01
-1.214975839610737546e-01
-1.049588922676786273e-01
-8.114115756587128581e-02
-4.748562772038340124e-02
-6.003683203973458893e-03
4.196088561369237108e-02
9.671003294793432958e-02
1.457385256233808823e-01
1.701251644792314277e-01
1.667301905727218703e-01
1.429828636794872321e-01
1.057448462830229419e-01
5.690366306025370496e-02
3.452448950364922498e-03
-3.840396455071098253e-02
-6.162311501413580278e-02
-6.736172308020577093e-02
-5.856003426175372673e-02
-4.117910537253837572e-02
-2.579844499661946775e-02
-1.798899597777003229e-02
-1.047947955301100145e-02
-1.300946849262439326e-03
7.283405678588679780e-03
1.691284943936261290e-02
2.754742280047047312e-02
3.990586273264067063e-02
5.413812371735755163e-02
6.715765449277248667e-02
7.481288460009578867e-02
7.481795271932396851e-02
6.784708737731340311e-02
5.304783031030377988e-02
3.128723378836848618e-02
1.254349793528929634e-02
1.194568791224733320e-03
-1.139125160979133355e-02
-2.730709287151609696e-02
-4.035015065354655150e-02
-4.932881566830056574e-02
-5.607270982831784323e-02
-6.095438012908697967e-02
-6.260659773250407123e-02
-6.014473223915837302e-02
-5.533246510231899784e-02
-5.179342791325706324e-02
-5.246279230888558492e-02
-5.872694219883217021e-02
-7.171585284666689986e-02
-8.870603100754570480e-02
-1.020761904948618570e-01
-1.052178096191035278e-01
-9.778442902728438912e-02
-8.258138360313434234e-02
-6.092275540973447756e-02
-3.262210862661870520e-02
3.937317077169976212e-03
4.953823688634190203e-02
9.834723730521277574e-02
1.427435195802179702e-01
1.836749320322966783e-01
2.238675457003292124e-01
2.595160182414572025e-01
2.848617817293639942e-01
2.922703556883308740e-01
2.699006944038458977e-01
2.074181048986027676e-01
1.041005136401795400e-01
-2.351682798478001157e-02
-1.443740730297904395e-01
-2.351193418694921544e-01
-2.948720455445001942e-01
-3.312519157480199317e-01
-3.485099255895727222e-01
-3.493742980665413556e-01
-3.359532394956679657e-01
-3.010017883027125696e-01
-2.299909181838129535e-01
-1.198516213602759534e-01
4.780567202336211477e-03
1.009509464584640859e-01
1.486806099476434273e-01
1.588092612293519057e-01
1.496980769416609292e-01
1.351042609270037276e-01
1.209440056451005635e-01
1.085460227813362377e-01
9.821882201639287047e-02
9.070167997883418765e-02
8.652409047423635646e-02
8.693474719090550640e-02
9.396083484690820331e-02
1.082345057219663426e-01
1.283696874974795121e-01
1.477578957201191034e-01
1.549493092197934963e-01
1.417246555548519193e-01
1.095551526001914133e-01
7.132678333460774900e-02
3.880417567240950633e-02
1.308482387203492234e-02
-7.623130886031809217e-03
-2.532195693488768426e-02
-4.027452442123997944e-02
-4.973270351565014374e-02
-5.541321394721198529e-02
-6.460230912790786151e-02
-8.058537596948803228e-02
-9.898908429233815864e-02
-1.152272015338309807e-01
-1.256326044371412209e-01
-1.278261981630584021e-01
-1.242452070932924396e-01
-1.207055697882237488e-01
-1.223468209178175253e-01
-1.288964978227784275e-01
-1.373826888515917721e-01
-1.434984955591321054e-01
-1.412376501606897872e-01
-1.288214512446627935e-01
-1.076517475368163196e-01
-7.859283373952041796e-02
-4.219830932721717331e-02
6.585522222354797672e-04
4.722002193379762347e-02
9.425760081297139548e-02
1.370186599987593123e-01
1.662275191851268485e-01
1.754900836933153130e-01
1.678469703397475199e-01
1.513289985605189014e-01
1.330793666185602075e-01
1.144370983500209993e-01
9.321472533182190157e-02
7.023899227420636604e-02
4.638278458349806566e-02
2.071976703014526480e-02
-3.465827831899347903e-03
-1.764638391764733819e-02
-1.810387594201513795e-02
-1.288996552455846586e-02
-9.412686776422710816e-03
-5.942529231790856688e-03
-2.696063217767882131e-03
-2.145163541709581984e-03
3.511509410014206078e-04
1.126216460022068377e-02
2.990550168406759871e-02
5.055410634774361311e-02
6.948999682431887537e-02
8.614124659794110406e-02
9.575176375237499926e-02
8.846729625632034077e-02
5.986811449578646055e-02
1.683145420647218574e-02
-2.922412148494868411e-02
-7.363566508922085585e-02
-1.148401750893625617e-01
-1.447545916394503140e-01
-1.556244973043341973e-01
-1.474658298952661317e-01
-1.219277956069553526e-01
-8.296914504919103428e-02
-3.782325351812071412e-02
8.084705077134705931e-03
4.885151557136314937e-02
7.841004242680991998e-02
9.372610490245121551e-02
9.735344605882081948e-02
9.333126555060680674e-02
8.106192734598262339e-02
5.761788196877090651e-02
2.328722070716819290e-02
-2.021082268191317505e-02
-7.360757108305328311e-02
-1.377297628427556486e-01
-2.107890834547759273e-01
-2.868058824638640703e-01
-3.575376404950751374e-01
-4.111877675381435671e-01
-4.311167099249289536e-01
-3.893789541293080081e-01
-2.522336117207363837e-01
-3.429699126686541755e-02
1.839575133969117982e-01
3.375897163391484157e-01
4.242090348862522786e-01
4.602787905998664275e-01
4.550083788917132499e-01
4.171476476315443827e-01
3.566962270563045490e-01
2.851855853341446756e-01
2.095420805302576350e-01
1.330154319005475705e-01
6.238614152012177810e-02
3.081044025574027068e-03
-4.508868797748709356e-02
-8.436719021607552715e-02
-1.123802742848491049e-01
-1.264219387588978449e-01
-1.307583641802604890e-01
-1.293945072409019292e-01
-1.246849917298653299e-01
-1.201868707756354460e-01
-1.172568234730556186e-01
-1.157087405649801226e-01
-1.147395863708475794e-01
-1.107612992479812819e-01
-9.940665937133204288e-02
-7.819668850134581239e-02
-4.418979769970905053e-02
-2.186127923428496378e-03
3.508993877165578895e-02
6.554024048280951420e-02
9.261929806239396767e-02
1.136377808405663603e-01
1.223027881313705628e-01
1.129075522870791326e-01
8.754215779095893268e-02
5.603758776444694306e-02
2.823676889669925194e-02
7.099467885535173765e-03
-1.136008037070603688e-02
-2.740662573090244664e-02
-3.502322296320872774e-02
-3.276803029532450451e-02
-2.581335396428881615e-02
-1.938032157097915875e-02
-1.631149968259019284e-02
-1.794510650955938313e-02
-2.385094530806984581e-02
-3.182388034396742976e-02
-3.951908098644639489e-02
-4.530407635186606968e-02
-4.802192778479903723e-02
-4.707035461594730186e-02
-4.168303979737468523e-02
-3.128740572055544594e-02
-1.825569729262296881e-02
-5.453753195647831689e-03
4.714133952256666441e-03
9.177690257674975607e-03
8.521069382025941302e-03
4.992382804450780365e-03
-1.010113795393339717e-03
-9.901281965534797572e-03
-2.112787978962714364e-02
-3.120507120164421958e-02
-3.141934320867596081e-02
-1.112111906990869911e-02
2.535744163809932825e-02
6.130273001624325646e-02
8.876888435450119852e-02
1.056701209984207412e-01
1.095098659710335848e-01
1.016907643551951124e-01
8.635695716997267291e-02
6.670075294673741273e-02
4.244543061245837495e-02
1.502055277072526611e-02
-1.176692499000988636e-02
-3.869376788163837733e-02
-6.527827711918025855e-02
-8.645959152986329443e-02
-9.904691992103301090e-02
-1.020358762976408262e-01
-9.568064411176252504e-02
-8.220078390487843556e-02
-6.421416698751000740e-02
-4.255584156858561312e-02
-1.675052381200476878e-02
1.145486183009649869e-02
3.789834398154247330e-02
6.238890314973808554e-02
8.555972417742743752e-02
1.022494028600573757e-01
1.084402196625542797e-01
1.053546327602430110e-01
9.486176355199769927e-02
7.734589557053662967e-02
5.284537888042357273e-02
2.246966050420433347e-02
-9.844235544964843876e-03
-3.717802549358394798e-02
-5.399420900794028172e-02
-6.199768563754889938e-02
-6.702020455322980907e-02
-7.225152119101552195e-02
-7.716452144710927996e-02
-7.844184909884292789e-02
-7.370577230649896783e-02
-6.472724005383284629e-02
-5.113642800743709027e-02
-3.000963399220053784e-02
-3.690832132950908756e-03
1.978163342445220241e-02
2.929692091672870050e-02
1.999791297554441571e-02
-2.778984123529150418e-03
-3.300918080703243301e-02
-6.633014197565702263e-02
-9.609549266372600929e-02
-1.178625894268893332e-01
-1.289587671356157150e-01
-1.214268821172832941e-01
-8.574402687317229932e-02
-1.382630492838956074e-02
7.336308142325141668e-02
1.303738482849898517e-01
1.516799957667361864e-01
1.591055663083506544e-01
1.595323059482680605e-01
1.540352361349066057e-01
1.449787456447416689e-01
1.339146204421467479e-01
1.204922514434768055e-01
1.031769616130807227e-01
7.958593438984280788e-02
4.647275215218014954e-02
5.843037457972140823e-03
-3.494665263790806137e-02
-7.081177148303924307e-02
-1.003077417652037950e-01
-1.217260147309430912e-01
-1.311818202262449440e-01
-1.278379826526342966e-01
-1.127088201754198327e-01
-8.205203973556941810e-02
-3.516849442915594148e-02
2.263188185023913904e-02
8.413811643598351209e-02
1.347244480284740809e-01
1.643787423335849596e-01
1.744250639377793177e-01
1.638025694932737641e-01
1.283717870748888323e-01
6.588391578248486979e-02
-1.833308692114565125e-02
-1.100042148462308522e-01
-1.912035725259622065e-01
-2.468722049993453682e-01
-2.718358286059535112e-01
-2.681639755555267346e-01
-2.368431306178042095e-01
-1.807488012576342062e-01
-1.099464104910391343e-01
-3.520861823581193650e-02
3.553108401528683180e-02
9.387693947347611201e-02
1.328183081480729388e-01
1.511332735874738042e-01
1.554289631712553743e-01
1.496084496701328148e-01
1.267532052358267269e-01
8.720570796794563373e-02
4.722440526313814724e-02
2.164959462529870288e-02
1.190295893831111278e-02
1.347686603309094372e-02
2.368160763621021334e-02
3.683320663104519554e-02
4.202830641259765188e-02
3.157092513180233262e-02
1.044877754133249036e-02
-8.731260503775331583e-03
-2.033981793604573013e-02
-2.640950172369242732e-02
-2.933516060800264724e-02
-3.012821074713513403e-02
-2.797729033682969102e-02
-2.435801276190495412e-02
-2.154312328384528491e-02
-1.563670722146894010e-02
-5.121650078564183098e-03
4.660941364246469834e-03
1.099089966326343565e-02
1.511250238362374029e-02
1.789221101649498061e-02
1.804105023840061120e-02
1.218502176702232487e-02
-1.065819413433877379e-03
-1.732170735608553475e-02
-3.199694885182034071e-02
-4.390093971979227433e-02
-5.140091441732852484e-02
-5.371419710608417442e-02
-5.350164919257360818e-02
-5.264739826225927483e-02
-4.934168430076619344e-02
-4.293684588182580114e-02
-3.653967426824292902e-02
-3.001013058366969882e-02
-2.121092098520103997e-02
-1.349103402371918184e-02
-1.118205111598314511e-02
-1.672017291307871523e-02
-2.890986450177927825e-02
-4.241245399502464875e-02
-5.449794191567225443e-02
-6.160410935999288684e-02
-5.615443668045688730e-02
-3.601391462941999633e-02
-7.850133718421442586e-03
2.107654080965123966e-02
5.129072809685066014e-02
8.599210857794084562e-02
1.237365171867546437e-01
1.630064973619694546e-01
2.033825117611119671e-01
2.418206897464724170e-01
2.735997134816242071e-01
2.938485366351512584e-01
2.986904418876979994e-01
2.828341496844026248e-01
2.359206363430163544e-01
1.561407225258124587e-01
6.213692389829506002e-02
-2.670710913185592172e-02
-1.033941395547174624e-01
-1.674675487483774650e-01
-2.191566027539951222e-01
-2.514005992843800774e-01
-2.617513768400085428e-01
-2.621836731501054341e-01
-2.651814954583178729e-01
-2.727221390790559030e-01
-2.798316169680571397e-01
-2.813855029515145434e-01
-2.730281409931092362e-01
-2.497420819336049203e-01
-2.055660771648287755e-01
-1.405596492153959876e-01
-6.594965026391337581e-02
7.150536492901472113e-03
7.493530686331908997e-02
1.315034916696549705e-01
1.682562212291417725e-01
1.816213101866600843e-01
1.734679954483108466e-01
1.503557118387835734e-01
1.213208565033796205e-01
9.516886611055735967e-02
7.851000265568842951e-02
7.166689559753704197e-02
7.253606335164151930e-02
7.940575440488592540e-02
8.894286806722891126e-02
9.869789940266504580e-02
1.058640257492790837e-01
1.043704729068306303e-01
9.111027536308032027e-02
7.354672140247572876e-02
5.943968406318247966e-02
4.276016474727534905e-02
1.031247478591696028e-02
-4.069991308875547248e-02
-9.308260929564167452e-02
-1.214530460208932683e-01
-1.152186016018258707e-01
-8.294599276524372566e-02
-3.647097137766108776e-02
1.501881120970568681e-02
5.969009925291875879e-02
8.610214153289727501e-02
9.004463069430818090e-02
7.658511470528851783e-02
5.441791231990818906e-02
2.824570542504451290e-02
-9.202093429030704791e-04
-3.201929713780152231e-02
-6.318113580089375347e-02
-8.944219608816482425e-02
-1.043746876145620894e-01
-1.076800576382604402e-01
-1.031908211188872354e-01
-9.064729538147406340e-02
-6.860889278250888179e-02
-4.176448665549613304e-02
-1.739321307528512647e-02
2.227482620126028465e-03
1.861932449536187265e-02
3.306175614865349693e-02
4.561964276972331478e-02
5.376131574225260362e-02
5.279386548382593303e-02
3.962491011811352520e-02
1.640217037035091724e-02
-9.558223412754224269e-03
-3.102591085918885577e-02
-4.749214115058522645e-02
-6.365864519326716597e-02
-7.702477727840843780e-02
-7.521676962528307808e-02
-5.141084777401106615e-02
-1.353340499785838508e-02
2.561316324820726159e-02
5.824194723371169807e-02
7.624560051061442245e-02
7.198553644017098574e-02
4.918024622785319155e-02
2.111562337519765423e-02
-3.731445556574149516e-03
-2.510995230534178793e-02
-4.080781400381433555e-02
-4.588952985923298172e-02
-3.942041038377563228e-02
-2.420115744653835582e-02
-3.561094562021953607e-03
1.911936129683309421e-02
4.025584703441162371e-02
5.838100612168081044e-02
7.584874803926661135e-02
9.086317378070507544e-02
9.593905142915552797e-02
8.847876033144426444e-02
7.353945698694322464e-02
5.804646567631496085e-02
4.378068769260783089e-02
2.848284683599181660e-02
1.167751708412173225e-02
-6.577798803352560841e-03
-2.719227064305580407e-02
-5.004783243062527198e-02
-7.223767862390657879e-02
-8.955159076679414243e-02
-1.007380358530912956e-01
-1.059201029245137593e-01
-1.042300356309002057e-01
-9.660168667690616218e-02
-8.791159005512634572e-02
-8.398087495716553830e-02
-8.462709460955808449e-02
-8.415795445540825981e-02
-7.711290200770833103e-02
-6.067209032072611030e-02
-3.803580845439746838e-02
-1.584032334752456112e-02
3.674357783529456217e-03
2.280281558407177417e-02
4.477290058925660621e-02
7.256854433190008946e-02
1.078919082417664488e-01
1.475826355064940865e-01
1.847373764668678586e-01
2.156037038939135342e-01
2.361544170220527816e-01
2.383467667183672700e-01
2.145253367798118649e-01
1.625780739349259874e-01
9.311506422036645858e-02
2.161456252483658427e-02
-4.167877251649600157e-02
-9.065036325001085693e-02
-1.252849859914219044e-01
-1.501764557059797889e-01
-1.656198653572174273e-01
-1.675588412442876596e-01
-1.602241711713923711e-01
-1.537615661934393363e-01
-1.497116003013240770e-01
-1.405213417750610927e-01
-1.193444698572064255e-01
-8.747933619749334588e-02
-5.254905002011352189e-02
-1.977126286484070378e-02
9.446882434610816281e-03
3.490770543868344788e-02
5.869591836975959764e-02
8.121818327558344430e-02
1.016448131840350239e-01
1.188822796325235964e-01
1.254925288758389212e-01
1.162781935029869318e-01
9.622196575764309368e-02
7.087290781046007293e-02
4.222699067303022080e-02
1.023504680441057746e-02
-2.752335681701928091e-02
-7.073006384126481749e-02
-1.073139473843229275e-01
-1.199210122858992145e-01
-1.011525232531455681e-01
-5.169754999973122378e-02
1.481641212099409077e-02
7.185449585179161380e-02
1.037830183399582468e-01
1.100281044489310744e-01
9.328711676286073617e-02
6.267087296882800640e-02
3.241064352660676107e-02
1.028527281003049736e-02
-4.327249856943171831e-03
-1.605196844665953207e-02
-2.804203724914224385e-02
-4.269677790098649200e-02
-6.258928823475778946e-02
-8.464575778893831948e-02
-1.022075973705219437e-01
-1.124096926269129021e-01
-1.177108436427987542e-01
-1.192535684549756447e-01
-1.136602848632368018e-01
-9.720152404208563801e-02
-6.589900058619042877e-02
-2.141486478674170524e-02
2.557682749215427209e-02
6.481664767453623743e-02
9.014754117422954516e-02
1.019051263615608216e-01
1.067181955710520685e-01
1.080673682343542275e-01
1.061296707896675906e-01
1.036092800380209039e-01
1.005370865960549254e-01
9.486270205651060883e-02
8.966736267053640463e-02
8.904225814130023453e-02
9.247308264799967981e-02
9.387182744556032965e-02
8.717826103870703058e-02
7.171174242354921846e-02
5.030136540450382693e-02
2.909487937564585874e-02
1.498736794914869511e-02
8.342418215011797311e-03
2.411131291107964508e-03
-1.245567373225519095e-02
-4.478029459202371998e-02
-9.704856519632112932e-02
-1.661323388797796008e-01
-2.445701620054453462e-01
-3.185896490853329377e-01
-3.705694699174137963e-01
-3.863477579561703235e-01
-3.545967581639688504e-01
-2.608191184498329651e-01
-1.155037570323650398e-01
2.717850023861851511e-02
1.200702423246909623e-01
1.621636299573745721e-01
1.807015324017390567e-01
2.020470843080895418e-01
2.422195532538283236e-01
2.908696457143195579e-01
3.117359175929020343e-01
2.813110011795101895e-01
2.014808785089777510e-01
9.494014539825069987e-02
-8.817580768763901705e-03
-9.497902797987796408e-02
-1.606914467653573209e-01
-2.018058008066039855e-01
-2.126594987428739314e-01
-1.891135249153071685e-01
-1.308217636291335584e-01
-5.555130171141398066e-02
9.148920912362870639e-03
5.369957724245003061e-02
8.117499086582405377e-02
9.193247802669266000e-02
8.868085285355399583e-02
7.874712485881525670e-02
6.686952473758664417e-02
5.465738322843949337e-02
4.434060274593536188e-02
3.717842045340934154e-02
3.485773731611498810e-02
4.117308307831863551e-02
5.795911518720230082e-02
8.466683342507769217e-02
1.131495823059996408e-01
1.301352600791250980e-01
1.339285666907807648e-01
1.305915929942608467e-01
1.214532139754184309e-01
1.025170028314415921e-01
6.870751042073633408e-02
1.699195223649633407e-02
-4.898356182983704121e-02
-1.121360159766140729e-01
-1.631191051466993336e-01
-2.094957373829419156e-01
-2.487571588300257763e-01
-2.674585691500778739e-01
-2.596992751652462128e-01
-2.337342642352975286e-01
-2.006625831626685785e-01
-1.659747520029128953e-01
-1.351494540133955924e-01
-1.099388667523004126e-01
-8.400467424975621711e-02
-5.062115644165287448e-02
-1.199326848527523456e-02
2.433372615822058591e-02
5.429783860695000519e-02
7.731151598833374550e-02
9.417346732400641574e-02
1.049028889552044985e-01
1.117327528407969783e-01
1.220253101497300735e-01
1.361519738604492213e-01
1.450514910629759346e-01
1.421146018742729389e-01
1.278916174941985284e-01
1.093565352996898749e-01
9.178347074942222461e-02
7.683414606942771952e-02
6.879416610207296501e-02
6.671278415538489659e-02
5.937607297180311217e-02
3.962472075877150612e-02
1.087337596747301946e-02
-1.998069041454448441e-02
-4.814459262951991531e-02
-7.352911153183888660e-02
-9.300208447800273337e-02
-9.883744870461162735e-02
-9.090811088277243879e-02
-7.523185080952354831e-02
-5.690643911229861795e-02
-4.015260145641812162e-02
-2.670667364065073407e-02
-1.439201917178178740e-02
-2.044846390839563308e-04
1.647876203436032111e-02
3.315540857131132196e-02
4.617826044909296990e-02
5.339804181333535765e-02
5.318061474136352718e-02
4.529522218746821760e-02
3.302261222646620670e-02
1.992234672257025760e-02
6.563545632145361720e-03
-7.600317474324450907e-03
-2.299288152797972218e-02
-3.905682008145825584e-02
-5.313798069833727822e-02
-6.274670649009664314e-02
-6.779367394038256223e-02
-6.962183081396718098e-02
-6.919158614598533430e-02
-6.628353163906949841e-02
-5.805860470038157889e-02
-4.127742833302723569e-02
-1.858564752312895016e-02
3.099568871580394257e-03
1.939310394540673388e-02
2.992520747268136855e-02
3.783595756066254062e-02
4.629845995177915563e-02
5.275765702987297856e-02
5.466638467003985535e-02
5.517433871291059500e-02
5.520769508367301404e-02
5.208296926174442454e-02
4.531595503781825351e-02
3.742115092226017126e-02
2.996763440270690942e-02
2.312018045528526841e-02
1.791849807358915705e-02
1.332026009535578273e-02
7.311961388881352969e-03
2.106381563355001589e-03
1.206477469535713332e-03
3.970093573048711841e-03
5.716400447568258450e-03
1.891443107503649676e-03
-7.386026653087571399e-03
-2.059322221409427139e-02
-3.792501337594098715e-02
-5.529989783777435747e-02
-6.603221431363810734e-02
-6.936472733640575150e-02
-6.847459482764682581e-02
-6.459212458318025485e-02
-5.541234015828112175e-02
-4.140026826108804403e-02
-2.663815991992570312e-02
-1.231853229665914005e-02
1.331865044850169370e-03
1.258074232159147807e-02
1.881508355560355950e-02
1.920907034907228667e-02
1.533117475826728873e-02
8.723709199052827670e-03
2.158371496259059961e-03
-5.359235619007670162e-04
4.459477242573917435e-03
1.795691788096494268e-02
3.569880922357078490e-02
5.264624131360975956e-02
6.468154870573322723e-02
7.072447939281838181e-02
7.473663299664974613e-02
8.112450280105384937e-02
8.957571983127422810e-02
9.604817051520027349e-02
9.519372983134626043e-02
8.144209051200310134e-02
5.307981099639569322e-02
1.159009098244186478e-02
-3.661164355518229524e-02
-8.011635647494538826e-02
-1.112309915773769253e-01
-1.252564429264719503e-01
-1.225719556032089513e-01
-1.097752092842567695e-01
-9.395453982975690566e-02
-8.041789630601120509e-02
-6.829275216295246920e-02
-5.314605853484506010e-02
-3.390944204307171084e-02
-1.325100257720230115e-02
4.772982675979409867e-03
1.744095070723315766e-02
2.385342191886402619e-02
2.233503652412140161e-02
1.337737447077894104e-02
3.743452716267020065e-03
-8.523785378177078931e-04
-1.430861549762734754e-03
-4.370230150164498145e-04
1.275910170061232349e-03
4.707857299199049404e-03
1.249153821897167060e-02
2.468332639450562110e-02
3.873157115851473542e-02
5.138780740180506901e-02
5.869967316372633193e-02
5.949361826162816169e-02
5.573698019007975596e-02
4.815558529752759359e-02
3.730522600504115882e-02
2.504987016889591300e-02
1.151160327305808702e-02
-2.173374560012169502e-03
-1.285816731625048087e-02
-2.058159253048039497e-02
-2.678613797167289298e-02
-3.172482996337801231e-02
-3.542475293141900128e-02
-3.650990454955804071e-02
-3.427998628388577440e-02
-2.902970128915591946e-02
-1.896628044686549108e-02
-2.149260507597795453e-03
2.225074665332661683e-02
4.962965178077913264e-02
6.844687331431546784e-02
7.355616295318889719e-02
6.979952345840595429e-02
6.145515246507408935e-02
5.063957551086822190e-02
3.836220098770464632e-02
2.285746048860683860e-02
2.441289632474514734e-03
-2.356548727223637535e-02
-5.146391807253641870e-02
-7.728612345931687444e-02
-1.036218399258443390e-01
-1.309833175140059092e-01
-1.549385168347245656e-01
-1.693673672694194499e-01
-1.727861172396039369e-01
-1.674294555444116872e-01
-1.505313606517067471e-01
-1.173000937929568471e-01
-6.554460138444972994e-02
7.359294350409789458e-03
9.222822342396447270e-02
1.653226310413608013e-01
2.149303620858294128e-01
2.358531471433811810e-01
2.241356191563191325e-01
1.894893143144198988e-01
1.454769370436780618e-01
9.847118890665219892e-02
5.150538908727374243e-02
9.674852668119574700e-03
-2.509932192941322776e-02
-5.183085804061755147e-02
-6.938511439376343626e-02
-7.928177596963155438e-02
-8.194695407868607395e-02
-7.747533162512901250e-02
-6.746336985149610499e-02
-5.338871715253021288e-02
-3.497124265400045062e-02
-1.312055038213478381e-02
8.599890358587818084e-03
2.831028456717396904e-02
4.531325468874733420e-02
5.557200885399296575e-02
5.591445484382431830e-02
4.836767237075600967e-02
3.855963435560647717e-02
3.306680073038573142e-02
3.327932533545782667e-02
3.474138030723192966e-02
3.309150278250247434e-02
2.753358039455255923e-02
1.912832727919172235e-02
5.424430371726472570e-03
-1.681343829149107780e-02
-4.460037170903309589e-02
-7.405230210942509439e-02
-1.014985811433469776e-01
-1.183617505444026635e-01
-1.198750789705517183e-01
-1.107107289782574278e-01
-9.654671079213963947e-02
-7.647006730262567720e-02
-4.667381525941503156e-02
-7.449936950552023263e-03
3.768420843082812000e-02
8.811512717294345265e-02
1.379208085725278643e-01
1.672091222394521959e-01
1.621257590751588873e-01
1.294198339756783556e-01
8.444162054990880795e-02
3.635214167865958440e-02
-1.250924339565467544e-02
-5.952458850414631825e-02
-1.016806274779938346e-01
-1.379352778222240894e-01
-1.661645581104235214e-01
-1.817473205001300385e-01
-1.786927802569677759e-01
-1.502197167901004049e-01
-8.783756018482834216e-02
-5.317796965867606016e-03
6.048722172007065662e-02
9.599326442080391431e-02
1.090133205085819512e-01
1.072585567782432803e-01
9.651938101902271527e-02
8.054241961578240128e-02
6.446335208080801460e-02
4.954953012021590109e-02
3.456108508787198580e-02
2.286274758525283848e-02
1.755608496486208217e-02
1.792734056199699055e-02
2.155517544994318968e-02
2.614424167642632330e-02
3.134109728139120032e-02
3.809847380891004387e-02
4.445902151139654451e-02
4.443434244781967191e-02
3.358405220642182026e-02
1.181590038775514814e-02
-1.484215901752100088e-02
-3.841301993737609999e-02
-5.571848182961703505e-02
-6.737576342788945127e-02
-7.532015446701832706e-02
-7.954293678779407462e-02
-7.828693986468063248e-02
-6.944056987633741296e-02
-5.215290460889418500e-02
-2.984563817274471162e-02
-7.201528542606643220e-03
1.360091578499347635e-02
3.029924954487850722e-02
4.285550291935776024e-02
5.644019111824882806e-02
7.317887559706259815e-02
8.853469141699614464e-02
9.548592159589830430e-02
9.044225182720845579e-02
7.482621163000871545e-02
5.342131859256285531e-02
3.249437866609694581e-02
1.370037269395268584e-02
-5.842951549163592079e-03
-3.024414499594765132e-02
-5.655172799898472435e-02
-7.445001777789830855e-02
-8.277136437736991315e-02
-8.606913510170999260e-02
-8.363996656666539131e-02
-7.704219147173529958e-02
-7.017821126142785582e-02
-6.283706763151436503e-02
-5.350076482713633785e-02
-4.225296760623219877e-02
-3.126691774704191962e-02
-2.056829761213384983e-02
-6.305169315816851194e-03
1.465746232701990379e-02
3.933506244117453143e-02
5.873091123118229229e-02
6.684370111702088446e-02
6.376855472736185637e-02
5.347276831556005416e-02
4.110811339076485271e-02
2.954623437020841709e-02
1.924502815755809587e-02
1.016355531338188067e-02
3.533904061802035750e-03
-9.213537828060564937e-05
-2.212130878723218841e-03
-4.658048515967480249e-03
-8.012391749087932960e-03
-1.078069386997165813e-02
-1.129844960604499231e-02
-8.718706352928469114e-03
-2.532957409864632862e-03
7.095671870486411695e-03
1.385813779752743946e-02
8.417116663319051256e-03
-7.325901739860070025e-03
-2.384370349781428713e-02
-3.486140410789968780e-02
-3.982274179461649244e-02
-4.151287954510646944e-02
-3.915657806552284154e-02
-2.817189471382610874e-02
-7.483266468327158007e-03
1.955025530669956060e-02
4.982150894882045322e-02
7.777643804096286140e-02
9.566608773760765239e-02
1.002341307763141703e-01
9.095621134843499822e-02
6.892202878861668214e-02
3.980264665450319872e-02
9.597720853660365176e-03
-1.916842878971650177e-02
-4.584706054182723783e-02
-6.764721612834906361e-02
-8.090978712616499202e-02
-8.679386424314021464e-02
-8.668130041108365602e-02
-7.833708536826981816e-02
-6.184115912630675643e-02
-4.106221439869459783e-02
-1.915840654686841102e-02
2.530947702425634556e-03
2.126961611541843683e-02
3.285158277052627890e-02
3.721794993383888139e-02
3.749302459778462021e-02
3.530670045224988673e-02
3.104288490673169990e-02
2.339794414599860942e-02
1.132816339184135497e-02
-2.040434443611594331e-03
-1.199209342716184290e-02
-1.599363921379603690e-02
-1.447307865597758682e-02
-1.095481954178170389e-02
-8.187894798898462390e-03
-6.300295417740640717e-03
-5.064617611780291781e-03
-3.493372057616750143e-03
4.100397560496887926e-04
6.824359649761396925e-03
1.352024560437939046e-02
1.834325083027532957e-02
1.999110651682751635e-02
1.821282481746523685e-02
1.361345222168505384e-02
8.013121279472538647e-03
4.468583703433815467e-03
4.844047126266893405e-03
9.231632977036181159e-03
1.604366521200037768e-02
2.356267164868218120e-02
3.241099185287243944e-02
4.131565635530218272e-02
4.537454762811866243e-02
4.336921016385021643e-02
3.844758447892125675e-02
3.212109959332899722e-02
2.440166288403085651e-02
1.691215255287920396e-02
1.198598062062417556e-02
9.836790950203361944e-03
9.141005869202665363e-03
1.054678334241587051e-02
1.494402619049100926e-02
2.135494578340572241e-02
2.853875968131539681e-02
3.185662966873269164e-02
2.381024352890849863e-02
-5.224678338298449978e-04
-4.206285392488852415e-02
-9.812608056107142984e-02
-1.638809772805578102e-01
-2.314558302281122248e-01
-2.903721972173483046e-01
-3.315968214105829426e-01
-3.458523863025002032e-01
-3.250175948768744827e-01
-2.659736742963357825e-01
-1.638812231910136141e-01
-1.255902565736850135e-02
1.567190372182460933e-01
2.836904940665488373e-01
3.509166671375342217e-01
3.744536197109092357e-01
3.637229108344428585e-01
3.268973210831017662e-01
2.756874038129236704e-01
2.200966735896696114e-01
1.652997742898765776e-01
1.130089748726639809e-01
6.211760828830745207e-02
1.440378116485742203e-02
-2.785688338493861119e-02
-6.721925872130068980e-02
-1.051446588526282339e-01
-1.410345217652452798e-01
-1.741054735118165442e-01
-2.022714542259758663e-01
-2.228954991352162518e-01
-2.328395654465051090e-01
-2.269735702017641743e-01
-1.988469886530599695e-01
-1.434622526841514978e-01
-5.591962060203814477e-02
4.793669939375060085e-02
1.304109196877879517e-01
1.768273848966329109e-01
1.950060889906293227e-01
1.929894455990626978e-01
1.783197243918650254e-01
1.553048771174113107e-01
1.259959188033746014e-01
9.274781861339276290e-02
5.743480945318581860e-02
2.080723921338147042e-02
-1.526182188974265982e-02
-4.583810638657955655e-02
-6.680737288382695982e-02
-7.769461210578887389e-02
-7.867245091248646627e-02
-7.259591547182225879e-02
-6.480325669071461403e-02
-5.706310608308154397e-02
-4.796065709577195663e-02
-3.669539702962683336e-02
-2.282009217983698574e-02
-7.427411870603734152e-03
4.973010413363701705e-03
1.075885211142470557e-02
9.302753334510038136e-03
5.840675600764380984e-04
-1.263982461642718103e-02
-2.473497133127722930e-02
-3.180171532926318045e-02
-2.941477986106800016e-02
-1.734319251549482077e-02
-5.272696913808843158e-03
-1.166844314361981105e-04
1.363510221503608493e-03
1.984995062868083818e-03
-4.656507747270669656e-04
-3.946706423148004829e-03
-3.489948859044338363e-03
1.324547920099126801e-03
7.110485399103592778e-03
1.036228571099104268e-02
1.043023431834990550e-02
8.836763362558237855e-03
6.840736825080490947e-03
5.463635602058626584e-03
7.323127911866575759e-03
1.477301935725728980e-02
2.949869157549824331e-02
5.002496322601849427e-02
6.824915972778622386e-02
7.662359158334500209e-02
7.214283160224374547e-02
5.484952745992003470e-02
3.074999952473266018e-02
8.723720447576540846e-03
-5.750505612048950090e-03
-1.020240220608325393e-02
-3.785075938475445517e-03
1.307393036363254518e-02
3.679772283218843421e-02
6.196465149513434578e-02
8.554139463491033935e-02
1.061710028323403221e-01
1.216647967399783065e-01
1.290157111080553198e-01
1.268372618166249688e-01
1.150039807787410356e-01
9.176060936017707559e-02
5.368456321859917113e-02
-2.308188415421574824e-03
-7.699736291211962957e-02
-1.653602098698133405e-01
-2.597711474205758320e-01
-3.546209033814371470e-01
-4.430335318723349625e-01
-5.174713564982338365e-01
-5.721300062364219619e-01
-5.998807385919562307e-01
-5.865317804086976894e-01
-5.102062510630435144e-01
-3.459239138221704701e-01
-9.737501912479351596e-02
1.802926377714359207e-01
4.178789102074496054e-01
5.724585507930096684e-01
6.359299074851623157e-01
6.242160663633792295e-01
5.659364393805427218e-01
4.883317197816142152e-01
4.038971525162656784e-01
3.175877317300360159e-01
2.337702112716526226e-01
1.545150554713759783e-01
8.178785850950794079e-02
1.713290340449855065e-02
-3.935677828041701798e-02
-8.466503115894360998e-02
-1.139529938360334393e-01
-1.258581614391652836e-01
-1.228233192422358150e-01
-1.110343597411813099e-01
-9.840833694826472966e-02
-8.904487008724246144e-02
-8.225629016887522904e-02
-7.588473938416476217e-02
-6.975492716105549662e-02
-6.430144456366929107e-02
-5.739609642538344436e-02
-4.962386475824272225e-02
-4.355650235920753566e-02
-3.674436013700942139e-02
-2.649839532223337291e-02
-1.413598265168883664e-02
-4.588317883966929779e-03
-3.803107692291870547e-03
-1.410153975899880105e-02
-3.293702459015072914e-02
-5.482085638844659548e-02
-7.642101336244142007e-02
-9.729678234508604140e-02
-1.150049988883588836e-01
-1.229756669492674953e-01
-1.140059459679407111e-01
-8.181191267969185887e-02
-2.598259724647979801e-02
3.446943688732647532e-02
7.545637703280463904e-02
9.328135762662795316e-02
9.289825544825230930e-02
7.541826633650464129e-02
4.431061123550560782e-02
5.490008038827629694e-03
