3.144789130869644900e-02
1.215818205738303237e-02
-1.143328410473151702e-02
-4.430123124594824435e-02
-8.933317789641646856e-02
-1.462588726458919353e-01
-2.131165678427179300e-01
-2.881949186522670403e-01
-3.677143729646014103e-01
-4.408656609406546578e-01
-4.960429353368995264e-01
-5.219422300571214812e-01
-4.998957433488177560e-01
-4.336697079488124329e-01
-3.522100983630606086e-01
-2.776092210168258911e-01
-2.256453037890255864e-01
-2.061078927186514587e-01
-2.231853728401956838e-01
-2.634184631066798232e-01
-2.965002120221754689e-01
-2.833091785131909845e-01
-1.778589606724693961e-01
1.851947524313592164e-03
1.806177433701918467e-01
3.477197506172843289e-01
5.021321895725906481e-01
5.863442832228025203e-01
5.863986918766711520e-01
5.483730797294978920e-01
5.032279648739463873e-01
4.404269291181767132e-01
3.559056254151080623e-01
2.656318874150299103e-01
1.753057273244285619e-01
8.568352566236567269e-02
5.183696672059708022e-03
-5.540776184914802255e-02
-9.438912881375503827e-02
-1.171626375311161788e-01
-1.268609618417598783e-01
-1.232433489927728665e-01
-1.088388956444802658e-01
-9.389639129341470491e-02
-9.291355843724358188e-02
-1.068932075115056474e-01
-1.239672727678244879e-01
-1.396977204839732201e-01
-1.562945414299508617e-01
-1.711490695956244812e-01
-1.766839590336123089e-01
-1.666412099517590450e-01
-1.317203885064329172e-01
-5.561695610936757961e-02
4.833097664732678711e-02
1.357112301233856788e-01
1.877195181005099078e-01
2.111389175450449907e-01
2.158650546534665593e-01
2.017048504706492607e-01
1.557399171466994914e-01
7.721913764987933804e-02
-2.303690364288938502e-02
-1.361445287812222127e-01
-2.526598247961596155e-01
-3.586788757380984238e-01
-4.383091633519424768e-01
-4.785718075330335219e-01
-4.665304014499310759e-01
-3.918528382480380157e-01
-2.510104690425533081e-01
-6.888007679583225962e-02
1.060850082518839388e-01
2.674705973997996145e-01
4.491872315232645074e-01
6.297631251338495773e-01
7.324779518250884580e-01
7.359453428609488146e-01
6.724392003049266542e-01
5.676241773635168908e-01
4.348056377485905455e-01
2.841105092239457064e-01
1.299248973526506701e-01
-1.588311979058726342e-02
-1.472040164443867150e-01
-2.548610808757935109e-01
-3.444160852390743544e-01
-4.419323346334355085e-01
-5.494342457410684721e-01
-6.459884831598763366e-01
-7.140079222140445214e-01
-7.533982454089284131e-01
-7.765088210976296423e-01
-7.661878544240304789e-01
-6.962800701394846747e-01
-5.990409219375483207e-01
-5.208341226073245345e-01
-4.451786126032171165e-01
-3.173130421539926971e-01
-1.172608770039688664e-01
1.409329037023454856e-01
4.447846306146161499e-01
7.493122937160270336e-01
9.815994395953150375e-01
1.088895150899418018e+00
1.071731994899140394e+00
9.623464369727958712e-01
7.893505918136473065e-01
5.827632144832824990e-01
3.717445019386795835e-01
1.793547412893922721e-01
2.230482010403130044e-02
-8.876033030736485419e-02
-1.487047455755057812e-01
-1.546713216558636694e-01
-1.049256530085212885e-01
-2.206049156515479948e-02
4.818974408368595364e-02
8.643038178552414630e-02
9.993189807347527265e-02
9.521004832974014342e-02
7.440112017893998897e-02
3.908914367797473172e-02
-7.111381030177554852e-03
-5.933835441786933923e-02
-1.101205440411377329e-01
-1.537705170907697205e-01
-1.933989447163586284e-01
-2.342691050471253367e-01
-2.656591729856950801e-01
-2.693301217456225416e-01
-2.599917483326689149e-01
-2.717618559941974432e-01
-3.080411983986221514e-01
-3.525749547701263475e-01
-3.854754628920453174e-01
-3.777494791018329856e-01
-2.975150017992987395e-01
-1.620933676700797577e-01
-3.690666048282219280e-02
6.341675701601895421e-02
1.774654164198844475e-01
2.900976054961040829e-01
3.256674481001875510e-01
2.644839037482057398e-01
1.458295138766565469e-01
7.466672818010167134e-03
-1.405021551822877579e-01
-3.117249630537626826e-01
-4.871266982039207938e-01
-6.174061621739367345e-01
-6.575772578467563578e-01
-5.678789284315021169e-01
-3.637234059662630692e-01
-1.152215542994973058e-01
1.256988799122455980e-01
3.247680978406334296e-01
4.806764440570143182e-01
6.244079270578462015e-01
7.461391252956073306e-01
8.005398826280958335e-01
7.842059968686189153e-01
7.220644138724613414e-01
6.290583616521048249e-01
5.204104009594936464e-01
4.096994507283704956e-01
3.068354649027510428e-01
2.107323032864402423e-01
1.170787765692834492e-01
3.276072886751822677e-02
-3.886261466287350974e-02
-1.010708321243751484e-01
-1.523350380406965909e-01
-1.887898443264550974e-01
-2.099603774140552104e-01
-2.159405302012805672e-01
-2.162307093820044213e-01
-2.346300572106939097e-01
-2.851063857139778390e-01
-3.658948644730938282e-01
-4.683812363143676771e-01
-5.783778377114725533e-01
-6.769679479936581146e-01
-7.485524679146300375e-01
-7.834890046561125976e-01
-7.579427613578166856e-01
-6.335975125299183608e-01
-4.065444001118474482e-01
-1.339949051004543090e-01
1.091335151303384349e-01
2.717328920356040789e-01
3.444544128710292918e-01
3.562152820411186860e-01
3.502907069179708177e-01
3.709038164707557650e-01
4.193218957338744612e-01
4.559451432777403834e-01
4.885805060054790316e-01
5.296928085264899222e-01
5.339210308010853279e-01
4.785268660725332523e-01
3.816910743738674561e-01
2.628265907217395281e-01
1.355508364022454948e-01
1.122797915254373190e-02
-9.702993135800383473e-02
-1.793524421630049992e-01
-2.299605498595327369e-01
-2.456338091008848368e-01
-2.308760004729213111e-01
-1.960090742841334166e-01
-1.473821499842633276e-01
-9.292075967930751856e-02
-4.460140703394913086e-02
-1.006226550167572953e-02
8.884970576107521778e-03
1.631710407704723212e-02
2.087726143771015397e-02
2.657662292316638128e-02
3.069834489490491300e-02
3.246484372639421578e-02
3.448997189731805441e-02
4.045076549494917850e-02
5.322923576601577139e-02
7.417214308070352313e-02
1.010344253505527229e-01
1.284596264100743568e-01
1.502720292980593841e-01
1.586198127898078847e-01
1.494407746692180128e-01
1.239339935762526351e-01
8.245900269586441123e-02
2.571767768681089417e-02
-4.332451617004892674e-02
-1.230064318926638589e-01
-2.112779556454673080e-01
-2.998678172721801483e-01
-3.691542415309270742e-01
-3.935823032994115733e-01
-3.853767554676058027e-01
-3.901477036783617125e-01
-4.146535001176150370e-01
-4.322262467945097164e-01
-4.193005810014319157e-01
-3.496258944917876033e-01
-1.903003721156360795e-01
4.480700386779280786e-02
2.913118622515075695e-01
5.317642860726052856e-01
7.456310390600630056e-01
8.627599206812022192e-01
8.635630712489748007e-01
7.760484131519636009e-01
6.264655753976740016e-01
4.379583092137430134e-01
2.278800751857851248e-01
1.189366007801361674e-02
-1.940667776303217906e-01
-3.740521899494492208e-01
-5.203619978045161965e-01
-6.483576423777354103e-01
-7.762153406199230332e-01
-8.929310705830417749e-01
-9.645601381204673697e-01
-9.767283599900445923e-01
-9.375325117368599193e-01
-8.236356691815754916e-01
-5.800689698700791652e-01
-1.998047479885358413e-01
2.215237368650756766e-01
5.864266198170319244e-01
8.584821453319365636e-01
1.012558460081436351e+00
1.060799093173121488e+00
1.047611411128074987e+00
9.908550524091623846e-01
8.850187649482798014e-01
7.394600717344710361e-01
5.766082472801493664e-01
4.177823890350341185e-01
2.815725834372593828e-01
1.781094401656783122e-01
1.130454509611365232e-01
8.206931427510048838e-02
6.126670783979486223e-02
2.195929058588037830e-02
-4.729827142346020030e-02
-1.445431276476542015e-01
-2.673432730604047847e-01
-4.162399471677566409e-01
-5.891876631229839845e-01
-7.710374603750309586e-01
-9.398635994328048415e-01
-1.079690736270362494e+00
-1.173775214837061931e+00
-1.192439369230545054e+00
-1.091815166403223403e+00
-8.738329901689197987e-01
-5.868955196840948130e-01
-2.623911383683366627e-01
7.461350212952691519e-02
3.867527174214412389e-01
6.341030122785477063e-01
7.992023337396298999e-01
8.775519655969628019e-01
8.905535281715574181e-01
8.873523555843938482e-01
8.627868601910355650e-01
7.728182903983920049e-01
6.315944605286277769e-01
4.829421307519135009e-01
3.528637961098678999e-01
2.656784271571208667e-01
2.076642711498727922e-01
1.264543949068507034e-01
2.328240247970798926e-03
-1.541436997711941870e-01
-3.312941551958683561e-01
-5.098319667142612310e-01
-6.668439677353363848e-01
-7.787492522628064462e-01
-8.213049092355901859e-01
-7.687594358488548663e-01
-6.004086272855335693e-01
-3.600658790236657136e-01
-1.395362887644099048e-01
3.482949075096919422e-02
1.923523676910238456e-01
3.651015004097234451e-01
5.340909062567888999e-01
6.291767727928468945e-01
6.331418368929129237e-01
5.755954996534126122e-01
4.774873092409501196e-01
3.534869138575640335e-01
2.181358356016729061e-01
8.573030449223426053e-02
-3.212112776045945861e-02
-1.245319272463857596e-01
-1.925401456532703781e-01
-2.509208333719457062e-01
-3.037044634383115893e-01
-3.416000579919121760e-01
-3.499286464389451679e-01
-3.086884498712691993e-01
-2.382701766537001220e-01
-1.986546850278198273e-01
-2.036194755932888567e-01
-2.201527021801804873e-01
-2.231666417478019859e-01
-2.001131470227275611e-01
-1.346792189046813193e-01
-8.881020505989345795e-03
1.462280683190059771e-01
2.560488325668850429e-01
2.933083543003622840e-01
2.780710983303259498e-01
2.323330797651675939e-01
1.782893278128694914e-01
1.331690968304589107e-01
1.037190316192088402e-01
9.165368542237123384e-02
1.022607211242134023e-01
1.249164267888071139e-01
1.315934415766858157e-01
1.139865140359558465e-01
8.180360462031628643e-02
4.320279287836290699e-02
3.638026238355568723e-03
-3.595945683555550054e-02
-7.755455684311785003e-02
-1.205593299188093270e-01
-1.601029340226970965e-01
-1.905699675940311921e-01
-2.069801312717511610e-01
-2.025851510904100872e-01
-1.766720580312886035e-01
-1.383841603294509726e-01
-9.346803090328244246e-02
-3.994401640747544113e-02
2.330999944367459151e-02
8.259329373761482851e-02
1.159511853728564246e-01
1.173804119164934823e-01
9.546044675088949383e-02
5.958539414031410741e-02
1.850316910614795141e-02
-1.561617076206958839e-02
-3.031970422024581752e-02
-2.561845747231071557e-02
-1.283205664779005564e-02
3.460297445311911677e-03
2.898162272812811191e-02
6.568290410993254946e-02
1.057221588412263213e-01
1.370777195727545805e-01
1.485550276896992483e-01
1.382897469094906129e-01
1.143780538358365184e-01
8.893229677261164923e-02
7.061815354561305769e-02
5.868455574597050001e-02
5.170590180119816887e-02
5.098020452349806553e-02
5.443766554200234198e-02
5.819170307942217457e-02
6.139048043495042017e-02
6.305384478632049261e-02
6.007657391787775414e-02
4.825721125660493993e-02
2.151582434770330648e-02
-2.291886540753249393e-02
-8.218772720418325572e-02
-1.520555345743112574e-01
-2.274547733371741209e-01
-3.000471299709420170e-01
-3.564528962357717545e-01
-3.840580062524290850e-01
-3.766415358886947007e-01
-3.372897197291538918e-01
-2.724129535270803371e-01
-1.952532681311221763e-01
-1.271962203465333840e-01
-6.263791864716511393e-02
2.798849106079506072e-02
1.517872725552826541e-01
2.955447567106838092e-01
4.224930454364891341e-01
4.720643859800485176e-01
4.290419285538218386e-01
3.185514205202207294e-01
1.629013751201508764e-01
-1.214670982620522088e-02
-1.831918447635927927e-01
-3.274649071360570263e-01
-4.170469910009489412e-01
-4.244708963229217313e-01
-3.632737724963261972e-01
-2.923708854402083390e-01
-2.294383766301817118e-01
-1.631435118373582571e-01
-1.047770165857811880e-01
-4.747048993346407453e-02
3.942131688442136739e-02
1.893107921946648731e-01
3.768416097395255182e-01
5.126028488937308669e-01
5.614467035547566764e-01
5.457344562392977272e-01
4.817288715142407085e-01
3.816012422303996510e-01
2.629010416163856112e-01
1.467756304446667937e-01
4.770450269388498699e-02
-3.148044584494117532e-02
-9.238068376856849173e-02
-1.324460047145697150e-01
-1.514788207797123087e-01
-1.574074936058446339e-01
-1.568763663383616336e-01
-1.492018321926679714e-01
-1.310315299638481479e-01
-1.031976108710684070e-01
-7.032609943204229386e-02
-3.619721976732045987e-02
-7.057762725344123717e-03
8.614484611587217011e-03
9.177264482945387755e-03
-7.847346803999642739e-04
-1.763815417886111653e-02
-3.971611971929987078e-02
-6.195087421974924957e-02
-7.579002338027707175e-02
-7.662549249598675505e-02
-6.458034452792753288e-02
-4.097477184155473573e-02
-7.693355143294181020e-03
2.321918719067903730e-02
3.482571954619684967e-02
2.783179477784866046e-02
1.353096651746965584e-02
-1.951677141802082415e-04
-7.774821342156457149e-03
-4.759555241663898477e-03
1.163189619833530052e-02
3.312215485463815973e-02
4.222517524553095342e-02
3.485957325336377921e-02
2.337188696150196976e-02
9.885878587692803129e-03
-2.035940826482503935e-02
-7.230579469273738791e-02
-1.359031028834392640e-01
-1.998140743121974428e-01
-2.524867579938798734e-01
-2.838158008422344558e-01
-2.854008816068157040e-01
-2.459719388293009346e-01
-1.518502450953119476e-01
-3.040252576205591806e-02
5.050682782127656478e-02
7.044490103039172113e-02
5.634325289727132313e-02
3.451478395698931445e-02
3.008236968268179073e-02
6.341611751854053791e-02
1.475056049937559788e-01
2.573520223434191956e-01
3.353789673610007571e-01
3.609397481229144611e-01
3.476809106318955456e-01
3.094362486590185313e-01
2.570373918711481576e-01
1.990724103286774793e-01
1.427225958605985168e-01
9.277772904378528418e-02
5.379237315399907488e-02
2.666143456024025471e-02
7.510068372274740500e-03
-9.045647480195401213e-03
-2.703219475282290368e-02
-4.744022954356125893e-02
-7.160452555480580072e-02
-1.040157899079444115e-01
-1.479022787088601354e-01
-1.992049787510423442e-01
-2.496315550500364799e-01
-2.926529338663423352e-01
-3.230026755111673475e-01
-3.304084074559928141e-01
-3.171178530558868003e-01
-3.054377167457316133e-01
-3.021587993668010119e-01
-2.957596442305589490e-01
-2.725314051020971684e-01
-2.166032030780334072e-01
-1.100543270756484393e-01
5.459320258063100201e-02
2.401743773094402457e-01
3.859940048800488133e-01
4.683461474180583561e-01
4.957038042153464885e-01
4.792720737465934189e-01
4.277724766432152159e-01
3.491257508630560835e-01
2.533641117073847648e-01
1.523946689945935018e-01
5.780872801904410330e-02
-2.018285783774716180e-02
-7.271500645158542053e-02
-9.354688748610789917e-02
-8.068808832742579984e-02
-3.664355357113936035e-02
1.996649509156375041e-02
5.980216581045379870e-02
7.317353427641096197e-02
6.549777874429964231e-02
4.013156312991783548e-02
3.672602535230683196e-03
-3.167608235391819460e-02
-5.506916961573116859e-02
-6.169451481840163704e-02
-5.082869900022722598e-02
-3.873822426598780289e-02
-5.481252625209267343e-02
-1.084655908648383960e-01
-1.911911151567317890e-01
-2.893363789649013862e-01
-3.816534609667451283e-01
-4.482945327919682366e-01
-4.734252519911540946e-01
-4.546668509195206376e-01
-4.023663128556611568e-01
-3.070183071250150997e-01
-1.550290265614096552e-01
1.656559624539091433e-02
1.528422481162935442e-01
2.419681421278879752e-01
2.939512543125286648e-01
3.287255448166507832e-01
3.788808399065154986e-01
4.746566197452806168e-01
5.881229227280605487e-01
6.370878940268726032e-01
5.949332822396614651e-01
4.860657469147385834e-01
3.299526204229237258e-01
1.423223218537005841e-01
-6.359163208870094453e-02
-2.712954037872076229e-01
-4.591461166468664978e-01
-6.117896526109964928e-01
-7.192055264268600867e-01
-7.636150074502960905e-01
-7.200548401342358185e-01
-5.730528127838440122e-01
-3.143733266948967042e-01
3.240637949461959433e-02
3.646680730887196242e-01
5.839292592860243492e-01
6.798476473977056456e-01
6.800148802459118347e-01
6.082794229667762842e-01
4.865831076223425811e-01
3.337870972401140168e-01
1.622820919497239278e-01
-1.952793879725044784e-02
-1.999449590964371692e-01
-3.635058103251823658e-01
-4.913576149566362128e-01
-5.655879399835688215e-01
-5.752002360669944414e-01
-5.085483733261304540e-01
-3.488286983457964396e-01
-1.299195691037973999e-01
6.060836190400080425e-02
1.873635200372351095e-01
2.707773412965264748e-01
3.212630673803764658e-01
3.339770200457604088e-01
3.081325923539619538e-01
2.501297380966300832e-01
1.686356634534889876e-01
7.369611589777744221e-02
-2.462598434861045307e-02
-1.149650097524624187e-01
-1.836635481916618073e-01
-2.210669775701573914e-01
-2.242072193951153980e-01
-1.850570525908833974e-01
-9.149224247124343457e-02
3.333246704503722846e-02
1.356456243655288219e-01
1.963280578484523642e-01
2.255034979891041846e-01
2.294806061530156316e-01
2.142121719315723816e-01
1.865286475748539341e-01
1.523838745964792296e-01
1.182721693262710483e-01
9.068803276866946317e-02
7.243610745651338223e-02
6.211938539125441694e-02
5.519741235314286343e-02
4.704333030239013502e-02
3.656154636845577316e-02
2.496883942516766458e-02
1.013033207033225275e-02
-1.480040417692021076e-02
-5.545378215736513489e-02
-1.130987002075889425e-01
-1.849769701997144855e-01
-2.645582947316351685e-01
-3.436392944490375134e-01
-4.129974890668291487e-01
-4.613182117114440484e-01
-4.741331333232096656e-01
-4.337497679265259198e-01
-3.201507562541056062e-01
-1.629975515933714258e-01
-4.050279536516329659e-02
2.325775960483137533e-02
5.501051278016870494e-02
7.547929398283892422e-02
1.006294805627739736e-01
1.490702926641239434e-01
2.239325194152432530e-01
2.927440555498284080e-01
3.207171122986079981e-01
3.050695945954652877e-01
2.599370716188788011e-01
1.992876285663936486e-01
1.385694867398959695e-01
9.649117049783630107e-02
8.861133618729100103e-02
1.062434383534373583e-01
1.191164665227140151e-01
1.083745680518843763e-01
7.408859604658481202e-02
2.637741291167772228e-02
-2.309711549513202011e-02
-6.932980346043715603e-02
-1.090726317996079664e-01
-1.411864651930286041e-01
-1.674191049062073444e-01
-1.826080500829623254e-01
-1.789971881612727467e-01
-1.507749066038807650e-01
-8.788839631025835430e-02
4.580510481401837974e-04
7.957471356494456860e-02
1.326373269298929403e-01
1.639988965571856361e-01
1.792268025508330920e-01
1.829723006135962615e-01
1.739219868057643448e-01
1.511228936864463246e-01
1.203356514148028744e-01
8.620722842445761869e-02
4.989944053618129011e-02
1.287950219268065369e-02
-2.358319181068933151e-02
-6.011482646851164235e-02
-9.708272671951517774e-02
-1.270220605017881310e-01
-1.469659083058754701e-01
-1.703718290061642382e-01
-2.055761331555506777e-01
-2.432324020045719681e-01
-2.654965233026627680e-01
-2.535854416539589096e-01
-2.061683590287279877e-01
-1.370219432021142492e-01
-6.294608364524127697e-02
-9.477693468875270782e-03
1.558881904820789630e-02
3.188577223144432871e-02
6.793855113128910439e-02
1.532590924806447319e-01
2.643202729051469801e-01
3.269744994645220615e-01
3.171596056931617058e-01
2.587647223316038581e-01
1.676818824559121457e-01
5.643519831445382995e-02
-5.762194445283483346e-02
-1.572803457321646503e-01
-2.327819093732844957e-01
-2.780599268639255550e-01
-2.807485591375023515e-01
-2.259672627979601445e-01
-1.327937835884837880e-01
-4.251271373544940335e-02
2.637976404894119137e-02
6.411884023026473423e-02
7.725593990445599191e-02
9.348962733880405995e-02
1.229227785323904476e-01
1.593248997976206838e-01
1.857211171939956440e-01
1.700123478486215700e-01
1.043408478573235321e-01
9.297027355067086218e-03
-9.289634133483465339e-02
-1.816590790903600261e-01
-2.412233441723069527e-01
-2.586487449296936969e-01
-2.218870242615521848e-01
-1.182332667360891931e-01
2.363334854745886837e-02
1.331411218129680829e-01
1.851245136876089603e-01
1.981679570578016580e-01
1.900992039495311980e-01
1.788248758643677383e-01
1.675470152503370502e-01
1.428589557117585507e-01
1.029169998898160077e-01
5.728896445098233259e-02
1.236299399340813100e-02
-2.410384869731979629e-02
-5.155956998564593941e-02
-7.818190486932620475e-02
-9.800863817293639646e-02
-8.376148729811674909e-02
-2.940513291817097030e-02
2.757383737328578457e-02
6.128172156813009586e-02
7.459722127770901379e-02
6.800713051312262669e-02
3.751950904109466883e-02
-1.263800802436520522e-02
-7.311500373913390471e-02
-1.322189097531047408e-01
-1.738491714173298064e-01
-1.890354635465845146e-01
-1.744852083877501958e-01
-1.259496324093790920e-01
-4.110235441833896136e-02
6.272583226608488549e-02
1.497142718950166262e-01
2.039291743451767391e-01
2.343174765822856886e-01
2.516786875555105940e-01
2.580829743266510601e-01
2.508379501917941679e-01
2.299074614228590607e-01
1.976099002356478951e-01
1.531689473172090643e-01
9.318156713145367420e-02
1.832814380573876550e-02
-6.664433628979152258e-02
-1.558750604096672820e-01
-2.448651405169071094e-01
-3.265621622005212554e-01
-3.964945259687303603e-01
-4.561520981010425135e-01
-4.988326627271917335e-01
-5.112087985462107076e-01
-4.776975758212725909e-01
-3.778583633970453715e-01
-2.401247991706773055e-01
-1.393339031547249085e-01
-9.341968284619642238e-02
-7.393639606858405655e-02
-6.423465414541044971e-02
-4.725419600392899433e-02
4.387593415748160253e-03
1.232893218597833351e-01
2.927763765527561790e-01
4.451355796839762125e-01
5.419803624679851994e-01
5.748752690880198912e-01
5.486153150105874676e-01
4.822506677928352081e-01
3.943261889160821210e-01
2.986169001606606144e-01
2.029675121615742428e-01
1.146768005697533094e-01
4.434926045310248754e-02
1.761953739396852903e-03
-1.425841156637179530e-02
-1.645897978285155994e-02
-1.842179204430658551e-02
-2.975335512156751516e-02
-5.363275063981547824e-02
-8.890071446744071682e-02
-1.343027705670107597e-01
-1.878943685481049841e-01
-2.453197986975396705e-01
-2.954209077783304660e-01
-3.255167425618246679e-01
-3.275446545224501849e-01
-2.941911141920775519e-01
-2.175096400285297937e-01
-8.793938881854718170e-02
7.449806907412480361e-02
2.062503723378199261e-01
2.669518445080406588e-01
2.638193486013294953e-01
2.142766005113222738e-01
1.337142104312794288e-01
4.033087917289076424e-02
-4.645285128664761176e-02
-1.120232909153123929e-01
-1.475151635331706512e-01
-1.451751125655140195e-01
-9.522313884263847172e-02
1.360487062880361142e-02
1.530888722391017809e-01
2.522122004065598389e-01
2.774621429993380239e-01
2.363223048808533733e-01
1.412952902345975814e-01
9.470872654177151656e-03
-1.448288543395009342e-01
-3.069812166728352887e-01
-4.549730038003977350e-01
-5.622487935219183663e-01
-5.998336663740988506e-01
-5.431147310778277060e-01
-4.205339864916276538e-01
-2.989708800976870195e-01
-1.880392067411821855e-01
-6.795181373533945579e-02
5.772717426376400979e-02
2.041637770673585262e-01
3.834892720478204620e-01
5.752392637035491640e-01
7.362415904146997203e-01
8.070662104443073748e-01
7.748557740399042437e-01
6.730632795244265720e-01
5.265976157287592940e-01
3.510814186472265286e-01
1.630349095929538861e-01
-1.957096814023089049e-02
-1.902108204173316719e-01
-3.530097532028336205e-01
-5.017384819440163790e-01
-6.228616412913503542e-01
-7.016363061290185055e-01
-7.169792536520729342e-01
-6.492634768156054781e-01
-4.780128983946088095e-01
-2.346189170713630090e-01
-5.481044711881519899e-03
1.777971784432757774e-01
3.388283698622605034e-01
4.781330385288558582e-01
5.653724777196975637e-01
5.881462680222501183e-01
5.567079310643400225e-01
4.863702449299940334e-01
3.997121218517862840e-01
3.028195270344295476e-01
1.852912117416820603e-01
4.684647889277611388e-02
-1.038010854348919848e-01
-2.542480645429978647e-01
-3.889123875388403873e-01
-4.950185927472206537e-01
-5.597188081477513233e-01
-5.656474391986106021e-01
-4.966604829348808536e-01
-3.832302525606310351e-01
-2.899938396370686511e-01
-2.269898679440379985e-01
-1.567647421166315502e-01
-7.390651215840178534e-02
-6.034457545484081531e-03
5.721910081955967203e-02
1.627905770828002863e-01
3.058755060066772891e-01
4.254881241284966253e-01
5.057347177691633444e-01
5.795125305091940460e-01
6.274452060970943101e-01
5.843249170213186128e-01
4.360733398128075478e-01
2.138309734595105760e-01
-5.262998691487971725e-02
-3.341601031439825342e-01
-5.984192826359394646e-01
-8.095560706467305190e-01
-9.318232679336262425e-01
-9.274792293111162600e-01
-7.686873589431179044e-01
-4.982175049278725898e-01
-2.323138574493383013e-01
-4.113366737733554351e-02
9.546074786184620409e-02
2.248162166421519836e-01
3.554004181285200237e-01
4.510119221726016647e-01
5.051247387602624261e-01
5.588066694052156169e-01
6.223903909968417913e-01
6.608492472050849775e-01
6.518214920044225202e-01
5.867267931475190768e-01
4.705011702797857187e-01
3.224199926682417283e-01
1.570073209481455678e-01
-1.287961503522039308e-02
-1.774536138302608701e-01
-3.298110636775476445e-01
-4.574092969874687942e-01
-5.433077240156822807e-01
-5.720097548047682334e-01
-5.289013014291287229e-01
-4.184145328012973675e-01
-2.630675035491641389e-01
-1.002156737114782148e-01
1.579348453457199777e-02
6.604813180527949190e-02
7.112285062022460913e-02
5.714442485207745642e-02
5.207405790925102862e-02
7.822511570422990834e-02
1.541117077835597315e-01
2.597582935064813858e-01
3.354815138017244180e-01
3.570746237550233015e-01
3.301335583006068664e-01
2.594254913773385574e-01
1.592217400786053727e-01
4.599773263826082564e-02
-6.688229065209834456e-02
-1.736550075732206933e-01
-2.727769503329773304e-01
-3.486461077756656812e-01
-3.732549107834368662e-01
-3.454063431850928345e-01
-2.969275300671061490e-01
-2.398466406351188740e-01
-1.530971166614644718e-01
-3.516096159495677581e-02
8.232566214215263078e-02
1.646353334917387556e-01
1.811118679848962298e-01
1.279451561506121382e-01
2.898762018746013636e-02
-8.557244178667167134e-02
-1.916910739608909120e-01
-2.782269540347218073e-01
-3.259934688275881176e-01
-3.032460770624302304e-01
-1.878131022843562981e-01
-2.220071959285987301e-02
1.024243048659767563e-01
1.526342963912585282e-01
1.531093009198177257e-01
1.359771549103400701e-01
1.383961983863707945e-01
1.823085201961481272e-01
2.680740498650002746e-01
3.642033500157050296e-01
4.102459456188272680e-01
3.882338781003815131e-01
3.224122150975495815e-01
2.332940435655658507e-01
1.373568082977560945e-01
4.847712530125897895e-02
-2.404242750775205731e-02
-7.906091378683426096e-02
-1.179021269130293981e-01
-1.424163942065729271e-01
-1.559027012869721729e-01
-1.506301860605155085e-01
-1.283429058623852259e-01
-1.154690633698265412e-01
-1.237300294683917889e-01
-1.408491560914497398e-01
-1.523521541809828017e-01
-1.441967447069744113e-01
-9.889110596159583766e-02
-1.435747162879214694e-02
9.343388057190318841e-02
1.998928109587292112e-01
2.711288976834634878e-01
2.952850684547507210e-01
2.785556443705882179e-01
2.221798678474315170e-01
1.345532526867041223e-01
3.283883238871583565e-02
-6.750246354350371292e-02
-1.663963281415343221e-01
-2.721064614791000591e-01
-3.752333257802357713e-01
-4.509235507967357948e-01
-4.991458731955474293e-01
-5.473498491211543637e-01
-5.983303673106845633e-01
-6.218270173231033038e-01
-5.958268808867838162e-01
-5.191050273170872975e-01
-3.665738244437506399e-01
-1.317280385260014286e-01
1.381429190094624337e-01
4.327824627523755296e-01
7.396885915419653124e-01
9.820003516462874060e-01
1.105473843186473903e+00
1.119512673658501711e+00
1.052417110050276827e+00
9.269660025497756806e-01
7.628649821068365089e-01
5.775837329106440210e-01
3.857673455705911691e-01
1.962062067103472474e-01
1.044136207826081020e-02
-1.688886692923051158e-01
-3.358840848167741755e-01
-4.888847899727489787e-01
-6.281025646293658671e-01
-7.461637201861849311e-01
-8.319151352902597329e-01
-8.757119350535841340e-01
-8.671785154760648373e-01
-8.117024667185323006e-01
-7.237963710985300114e-01
-6.108820115665810624e-01
-4.922517920032937755e-01
-3.674197420440745154e-01
-1.975578272993883944e-01
3.771815363807509702e-03
1.529797364375959923e-01
2.116853060201147607e-01
2.207275462820456058e-01
2.360994485878701310e-01
2.669614807579738791e-01
2.872552275125638266e-01
3.093896023207399759e-01
3.799990350487287283e-01
4.898588620270149518e-01
5.707529152264527728e-01
6.048866464123052733e-01
6.284661171523726608e-01
6.354922575225161463e-01
5.756481429849453768e-01
4.398032491509114017e-01
2.600435787413322153e-01
6.090662297366797318e-02
-1.404225506604230844e-01
-3.279300581822848226e-01
-4.861478886585074433e-01
-6.005251284948898149e-01
-6.553369981793853993e-01
-6.325215610175668468e-01
-5.122279401435089197e-01
-3.302947454803687455e-01
-1.794767529367208292e-01
-9.637253240093422713e-02
-5.602856866908943745e-02
-2.776311168567207471e-02
3.054688106396695468e-02
1.367798866982335992e-01
2.592649511867057277e-01
3.637841894188579284e-01
4.285733940979379319e-01
4.512294602580959046e-01
4.391413932457420843e-01
3.904251798536975682e-01
3.124863536637130790e-01
2.187349403866278852e-01
1.205864782230330334e-01
2.675750675976534820e-02
-6.216506359876684817e-02
-1.483864466100545121e-01
-2.315428881931253791e-01
-3.089269535216894180e-01
-3.755997202008360403e-01
-4.259989915000922389e-01
-4.563988555562916716e-01
-4.612180171836511855e-01
-4.256204584294239757e-01
-3.320121050812920860e-01
-1.658393565395913372e-01
3.751111562566286639e-02
1.963927591036021547e-01
2.840705296550525838e-01
3.214575906571063291e-01
3.225991311523553895e-01
2.947548742565191393e-01
2.428416600897732869e-01
1.747732197327195036e-01
9.604082195184686366e-02
9.092601591987863746e-03
-8.042930464374067889e-02
-1.611052116717318627e-01
-2.130901906674051438e-01
-2.168054528085204824e-01
-1.785882492418394973e-01
-1.288336916575340552e-01
-8.006386902522337479e-02
-1.939058484381381633e-02
6.498032904437156532e-02
1.581844690338698456e-01
2.259520734577239731e-01
2.534993386115079184e-01
2.482730986577305898e-01
2.248039337643452373e-01
1.934536065401952776e-01
1.578644938697541245e-01
1.159198762692516121e-01
5.796394905554308474e-02
-1.840496941855227636e-02
-1.030229579190373862e-01
-1.825470901017658132e-01
-2.475392963208415953e-01
-2.923048934096307283e-01
-3.066450002830969357e-01
-2.974046893342202624e-01
-2.954188230109019986e-01
-3.095306834880981461e-01
-3.226918366500891033e-01
-3.156076313763430674e-01
-2.688762344458106024e-01
-1.656911196554304577e-01
1.000604727722757131e-02
2.255206281649477229e-01
3.974385260952637555e-01
4.921044238125920622e-01
5.255152585968219103e-01
5.108135040009667005e-01
4.588068793864888972e-01
3.771243872030050071e-01
2.738125955610593021e-01
1.666681039181198698e-01
7.142986437538115241e-02
-7.955005836595793745e-03
-6.978603590390888844e-02
-1.117222147665434123e-01
-1.354403593564525998e-01
-1.476109446587278995e-01
-1.542449186506389125e-01
-1.562480655689177378e-01
-1.512297981296958915e-01
-1.377463556275415335e-01
-1.131962500673159289e-01
-8.442524646182358872e-02
-6.909317666169106920e-02
-6.796604306395449824e-02
-6.441827835091777643e-02
-5.621356116725632901e-02
-5.964197990133812688e-02
-7.913474794301934845e-02
-1.053153602285921281e-01
-1.278450648523453692e-01
-1.353122317576409550e-01
-1.331384716690979797e-01
-1.417202863414601111e-01
-1.621398566303628164e-01
-1.764456077136107304e-01
-1.742037030790398733e-01
-1.517851260304589334e-01
-9.310897833074750773e-02
3.470978989741643761e-02
2.125015530628228400e-01
3.561525196056345988e-01
4.287510121551358355e-01
4.474291581689551767e-01
4.290699515244143503e-01
3.888262004070296429e-01
3.381210211555683021e-01
2.828780135996040723e-01
2.250288596525905349e-01
1.665667393591937495e-01
1.093733107060614607e-01
5.446382173753280820e-02
-6.325185158439911026e-04
-6.235884866209526201e-02
-1.323989038698376586e-01
-2.070056566939598719e-01
-2.835910840158353818e-01
-3.592391945133986964e-01
-4.256837945513767263e-01
-4.706952588895396139e-01
-4.909892444359377772e-01
-4.854044487004904873e-01
-4.318969544288792650e-01
-2.990144487820852737e-01
-1.020072764177495511e-01
9.908745434215031345e-02
2.772829327637654218e-01
4.149248535496863344e-01
4.765832002233197917e-01
4.665052172720424162e-01
4.221180178588040954e-01
3.802133203183695742e-01
3.396534319882406061e-01
2.621291799056382765e-01
1.370079432292060084e-01
-1.343809246831789012e-02
-1.626510706409021179e-01
-2.863995627273598910e-01
-3.735081392916083098e-01
-4.174964780075990367e-01
-4.065512477398914304e-01
-3.321304377587760426e-01
-2.162575671953158585e-01
-1.148538649692471963e-01
-5.134736133089182891e-02
-5.464831230662568762e-03
5.106451418538886233e-02
1.167473531512453477e-01
1.572389702052869043e-01
1.716840915088163610e-01
1.701804524757325465e-01
1.421297707319466308e-01
9.317055071234622843e-02
3.430345004956305427e-02
-2.832681011503647428e-02
-7.501604547422671687e-02
-8.231640120292027518e-02
-3.051529657608893081e-02
5.390798191595061462e-02
9.239809231389897737e-02
5.702150157521725105e-02
-2.118297726288977112e-02
-1.064650841708351392e-01
-1.633216401914268645e-01
-1.609570823117876526e-01
-7.312212828118157260e-02
7.131014421759482302e-02
1.872076754002090504e-01
2.356708175418890661e-01
2.319174723206782751e-01
1.929279588911088084e-01
1.257564348367894158e-01
4.458385706383337366e-02
-2.514155608463288297e-02
-7.028108028359351944e-02
-8.561967195927006058e-02
-5.708246951685763682e-02
3.014130800664074905e-02
1.452734462469843502e-01
2.214344755773468287e-01
2.346724276803986708e-01
2.017288154882643514e-01
1.417428705161415114e-01
6.803202741212181770e-02
-1.163902779533781788e-02
-9.127231227715171258e-02
-1.695611807532539372e-01
-2.440458552170154949e-01
-3.119095818865187386e-01
-3.713287319736894299e-01
-4.163843026474108866e-01
-4.409212696025230915e-01
-4.364689421041437201e-01
-3.976382891490766736e-01
-3.263554330378052870e-01
-2.159311115529729819e-01
-4.810889942658465313e-02
1.497036391652832588e-01
2.979815189887477511e-01
3.662318015777912272e-01
3.812807906507845734e-01
3.679522313183627436e-01
3.392110697268728714e-01
3.037170446638073895e-01
2.713036100251494664e-01
2.445019805524638601e-01
2.159524066995265335e-01
1.812531843753771021e-01
1.421263881971427945e-01
1.013401171514687615e-01
5.945766936134976033e-02
1.350101784287756346e-02
-3.750740246730131788e-02
-8.935811225291095949e-02
-1.394009203507674266e-01
-1.862580277873159829e-01
-2.221019804960367439e-01
-2.375917129308440234e-01
-2.292537147905841510e-01
-1.990280642691858726e-01
-1.539435322039131027e-01
-1.036040923337551989e-01
-5.316471118036829313e-02
-2.620315791272248042e-03
5.129031571596772560e-02
1.046233266439812876e-01
1.428254214092853080e-01
1.577825037328529079e-01
1.485478954312580424e-01
1.191759131082686385e-01
8.311437784860939426e-02
5.297046811825337209e-02
2.889270047616494808e-02
5.126910600272626024e-03
-1.815719586330645507e-02
-3.886249758815997490e-02
-6.028319805642285562e-02
-8.714351179056681329e-02
-1.192718111772697598e-01
-1.513413363212583185e-01
-1.745980380089268702e-01
-1.801238636768731360e-01
-1.697991481713689577e-01
-1.561974961836499476e-01
-1.449259733173217934e-01
-1.292435253954684338e-01
-9.461981179259369712e-02
-2.460146707150853707e-02
7.007854712853803236e-02
1.494440985331877692e-01
1.893510193273469366e-01
1.913261402255229948e-01
1.688258838569091091e-01
1.354506736979269599e-01
9.640029942770673987e-02
5.668178201977253083e-02
2.371711984495867426e-02
2.996586066949902087e-03
-7.624069088082144688e-03
-1.449339019013698264e-02
-1.522082452863080318e-02
-1.184364834449535761e-03
2.385048176029301581e-02
4.456220744903094388e-02
5.171435377082148760e-02
4.428869251832413811e-02
2.564937817645651652e-02
2.255533994307573446e-03
-1.623072945039499143e-02
-2.530022677081184695e-02
-2.745727964025912460e-02
-2.027187933945863441e-02
-1.320670802851550349e-03
2.460444818347945484e-02
5.086192258564845720e-02
7.438095843253395012e-02
9.556377637874607922e-02
1.128696890940793229e-01
1.210863676367683051e-01
1.161774030357194398e-01
9.690332777311189139e-02
6.349055239897674618e-02
1.987600657255948755e-02
-2.748155708502837344e-02
-7.576444604445059516e-02
-1.250997031775260282e-01
-1.726395753183416204e-01
-2.070303493587861698e-01
-2.270753224441768303e-01
-2.482746976729757749e-01
-2.721752026581687467e-01
-2.887724476424179398e-01
-2.863179616651281845e-01
-2.476443354825689780e-01
-1.678142417801918029e-01
-5.251953999823701785e-02
1.002173311938587968e-01
2.631756303959588705e-01
3.805531959091853489e-01
4.367014861646671409e-01
4.476935805046538541e-01
4.242166775171718474e-01
3.765008783273854354e-01
3.174557075913972404e-01
2.568502894081122756e-01
2.027254362059260628e-01
1.510682242737832470e-01
8.188734099313567383e-02
-1.303364867682088243e-02
-1.260612771952928923e-01
-2.480751526123322337e-01
-3.713140768528767066e-01
-4.844778500423456702e-01
-5.657065241415776269e-01
-5.994424105134705805e-01
-5.821916154519066744e-01
-5.036880522463904608e-01
-3.444016102376446509e-01
-1.354487910426624975e-01
4.077037637140035198e-02
1.698759967359729783e-01
2.646992748994032585e-01
2.916596310256385216e-01
2.454243579503340156e-01
1.550211647516752944e-01
4.837333601238687913e-02
-4.886604336345859445e-02
-1.105207602095223118e-01
-1.058064615369292277e-01
-5.463791975959739200e-03
1.586397491588888986e-01
2.947977206857210764e-01
3.644762848832990842e-01
3.801008375179791843e-01
3.509322783993896744e-01
2.885106726834277269e-01
2.080108330227263824e-01
1.273160918554485654e-01
5.965222756282861222e-02
7.515965301279046301e-03
-3.322520581897724090e-02
-6.440763545888569808e-02
-8.382294223776130815e-02
-9.183813465667677034e-02
-9.590583254419007830e-02
-1.036307230535579715e-01
-1.169257572987058014e-01
-1.361673946959749693e-01
-1.551812318948433966e-01
-1.634297067601649389e-01
-1.573879628401154696e-01
-1.332054818202582924e-01
-8.917633383198428354e-02
-3.258950028458255238e-02
2.411682293164950364e-02
6.770338813578222203e-02
9.356091964159342356e-02
1.036060695849469193e-01
1.008486368051041970e-01
8.669804664076261047e-02
6.623204044679817382e-02
5.063404567375941884e-02
4.452862561153172333e-02
4.382583961180347432e-02
4.199678629092951782e-02
3.491595400039515518e-02
2.066016506160716498e-02
-1.102763065017367886e-03
-2.756313988073700108e-02
-5.468583124583435012e-02
-7.968671426310475203e-02
-1.025701162615833134e-01
-1.204327693385913584e-01
-1.257459912328027785e-01
-1.195972053274677177e-01
-1.107551688050074368e-01
-1.016891660809265130e-01
-8.955798342463458517e-02
-7.373512803002871263e-02
-5.694029965513357217e-02
-3.989502487203051839e-02
-2.023899845736986183e-02
1.908735832282808589e-03
2.317862742905102760e-02
4.078833024081915393e-02
5.466117385260854666e-02
6.535844157250417230e-02
7.394789896265661910e-02
8.231388006870873908e-02
9.230612674461781408e-02
1.084409388960218407e-01
1.314916618061112707e-01
1.547758513094522337e-01
1.741692589800657165e-01
1.871803892976606765e-01
1.885487422879203456e-01
1.727673206331459266e-01
1.353083074424854537e-01
7.426605345637299349e-02
-1.270075161848926645e-02
-1.137790179012735520e-01
-1.995179960763458493e-01
-2.542699324239892089e-01
-2.791292945975070161e-01
-2.767354275512945994e-01
-2.491258047597026959e-01
-1.992162254637901142e-01
-1.393122690687605969e-01
-8.731871323961409859e-02
-4.336727575728505091e-02
3.678177971264315858e-03
5.632823395918581250e-02
1.105777966841736126e-01
1.605018082310984140e-01
2.052405827164102969e-01
2.461478755328677659e-01
2.771680530069884352e-01
2.878701132325166001e-01
2.732150715332959945e-01
2.348157150118157510e-01
1.750865542179354251e-01
9.716364926181307593e-02
7.293842825561814257e-03
-8.629865892498819746e-02
-1.762568138846078714e-01
-2.585316099817792646e-01
-3.317931682196125220e-01
-3.901861698844953374e-01
-4.197497590002883250e-01
-4.026977254509628290e-01
-3.318156491679344899e-01
-2.144990819488054867e-01
-8.010390449139344338e-02
2.429694873638225949e-02
8.855856442732128186e-02
1.248729522774507800e-01
1.259352580727996496e-01
9.560424819556154197e-02
5.675213313047375308e-02
3.497489258997898282e-02
3.238642881360748876e-02
2.279410597309445424e-02
3.035321435744288421e-03
-1.918325260130668980e-03
2.672273060240953207e-02
9.756939221882410251e-02
1.873347864939051144e-01
2.483712988900106111e-01
2.687566471305692928e-01
2.631324447520156373e-01
2.388384203185117960e-01
2.018576792244852480e-01
1.581776492835169634e-01
1.122642515691846671e-01
6.778646912509488087e-02
2.479469175970288111e-02
-1.909240827086415918e-02
-6.024104317464411273e-02
-9.065193977672945935e-02
-1.089154329018321987e-01
-1.238242759057533171e-01
-1.454562222170357744e-01
-1.730126895574968238e-01
-2.001386823249730884e-01
-2.235641724909228356e-01
-2.402958826817384597e-01
-2.435762841747826923e-01
-2.226953442791975712e-01
-1.685565173979017839e-01
-7.483899498883853085e-02
3.791200551029319521e-02
1.226042778247774800e-01
1.604476501940612088e-01
1.616757931697382078e-01
1.385430917864713396e-01
1.029119692765935179e-01
6.291613225748575455e-02
2.391009268594303239e-02
-7.486036265232164089e-03
-2.359800737628508366e-02
-2.197310851779446170e-02
-7.996409785344263041e-03
7.501093670394528429e-03
1.477524500449912612e-02
1.422077030866186580e-02
1.421774687048463909e-02
2.070697624634692396e-02
3.323696697798821098e-02
4.665125680691212945e-02
5.552653427842561829e-02
5.756233829155600612e-02
5.317511167577292780e-02
4.382108725589965031e-02
3.169871346872859402e-02
2.114135222007789902e-02
1.467211821766337826e-02
1.179272806217709392e-02
1.387750324202804975e-02
2.235748384596428218e-02
3.459122943954707347e-02
4.607925866084421063e-02
5.374126013305747379e-02
5.735539940513149221e-02
5.905701688581108805e-02
5.869297308607639152e-02
5.365487425226014156e-02
4.319726836014373128e-02
2.912309088990783223e-02
1.515772059972049501e-02
5.116731120759963891e-03
1.092532570682543114e-03
3.033696796623366887e-03
7.590719952445236507e-03
8.436832216970328868e-03
-3.398320930551878422e-03
-3.646608996982585171e-02
-9.332341184340639528e-02
-1.707856508137933216e-01
-2.597420391738223255e-01
-3.474634479524887909e-01
-4.228487999796172736e-01
-4.739766884776788758e-01
-4.887183760339634531e-01
-4.522299263883144960e-01
-3.457642001605200077e-01
-1.538094350810521316e-01
8.420497076722373297e-02
2.740086015812507325e-01
3.743951566170971024e-01
4.023944189821948569e-01
3.778213424278845656e-01
3.192805299095863858e-01
2.440093098971742591e-01
1.684494959334859598e-01
1.051303634637133638e-01
6.040252552715757312e-02
3.726992455887143119e-02
4.133140176637570273e-02
6.928027692451250996e-02
1.032481108417984128e-01
1.300858702281739721e-01
1.439809002930942383e-01
1.427523247208374313e-01
1.299258908035962612e-01
1.091851675197943877e-01
8.320315099712941032e-02
5.393494360391171139e-02
1.961626891126333483e-02
-2.037261161100606399e-02
-6.182534779249164447e-02
-9.899340187334876306e-02
-1.248965055715358374e-01
-1.367594995691437665e-01
-1.365760147479331277e-01
-1.247644229317090847e-01
-1.040016784016075113e-01
-7.832383366293574345e-02
-4.775160296058892501e-02
-1.201267411010733394e-02
2.186873759864554900e-02
4.201053913433366177e-02
4.408752791425762235e-02
3.332560236618245519e-02
1.495349458837702886e-02
-8.487512660004532805e-03
-3.290446389936969168e-02
-5.252879789119566101e-02
-6.431729147244745481e-02
-7.071757755676325030e-02
-7.599371983463730496e-02
-8.104897608674549447e-02
-8.422354443796331580e-02
-8.437884306702191084e-02
-8.021513694032050834e-02
-7.046991239765292014e-02
-5.291663603936708898e-02
-2.782707063794745417e-02
-1.480520601852034282e-03
2.000054034541431935e-02
3.225714137202344983e-02
3.160954827359043623e-02
1.722821425875355542e-02
-2.346853351689714984e-03
-1.529754108901226414e-02
-1.923081143790216635e-02
-1.380129375661674242e-02
-7.373218920099320478e-04
1.241595068648016637e-02
2.400244830481938763e-02
4.045732133346854192e-02
6.567997924070333171e-02
9.524138796263009743e-02
1.243070819871083948e-01
1.511783141402085751e-01
1.732934998662755410e-01
1.893688137521288284e-01
2.001180681145270646e-01
2.046982151163638797e-01
1.999155742287782866e-01
1.851579251489116618e-01
1.626447674589157344e-01
1.362133389828752428e-01
1.117853120159750246e-01
8.997793905305692674e-02
6.319863924718038817e-02
2.393211335707404186e-02
-2.981635961992513267e-02
-9.597266530355014202e-02
-1.667416394154669912e-01
-2.291447813699924174e-01
-2.750920264811289595e-01
-3.150095492873574710e-01
-3.690461099174988102e-01
-4.387544858466348452e-01
-5.022545286294480826e-01
-5.423814633687575881e-01
-5.581359142223841774e-01
-5.372356188962411627e-01
-4.525856638845061064e-01
-2.786765287139407743e-01
-3.709793861140969762e-02
2.079638332660323496e-01
4.178632473006869685e-01
5.747233812592685842e-01
6.682514358020311684e-01
6.971424204256244650e-01
6.704513170327339733e-01
5.992624379130212509e-01
4.848394857523802282e-01
3.355836602351557896e-01
1.692382096593099128e-01
4.360283747057044218e-03
-1.466480740360082968e-01
-2.761661358309207559e-01
-3.733466382491621438e-01
-4.285438684655733521e-01
-4.388667429668711706e-01
-4.020295002833347286e-01
-3.040709452518631783e-01
-1.661917239580885941e-01
-5.513831241195036453e-02
5.997997744944291720e-03
3.929437953926466498e-02
5.686927223161673817e-02
5.867808137866142165e-02
5.265075660189491580e-02
4.939501912826677055e-02
5.212035673517394219e-02
7.118678325004093588e-02
1.233495886036763967e-01
1.964971669156499179e-01
2.506387272269117727e-01
2.766548684401178848e-01
2.922838119517511268e-01
2.929652635706301300e-01
2.615955681975262181e-01
2.014305487942089079e-01
1.257842916243811782e-01
4.290839166959829754e-02
-3.942851088843553342e-02
-1.167470756653321284e-01
-1.884416222486133274e-01
-2.549514911761553981e-01
-3.171501971200372805e-01
-3.718785758078083092e-01
-4.109033899295923553e-01
-4.246778880847706938e-01
-4.028512835387981217e-01
-3.314995819567408408e-01
-1.966903161243135911e-01
-3.066804800519762689e-02
9.398842541151093688e-02
1.527392144153793541e-01
1.653393929850761335e-01
1.512773668090033885e-01
1.353848902826529921e-01
1.389875221057180754e-01
1.721472343233668156e-01
2.191111573402465262e-01
2.416214498217960083e-01
2.312866018667842083e-01
2.046929487483485910e-01
1.689553920494565042e-01
1.284720398585215417e-01
8.942751966329627600e-02
5.258004802763014546e-02
1.435622798325668012e-02
-2.498878852947023985e-02
-6.288483442492531772e-02
-9.839198160057210929e-02
-1.282066202232306773e-01
-1.459333922741080092e-01
-1.523822556700920594e-01
-1.536149877565885780e-01
-1.458626751965233503e-01
-1.204153086042624721e-01
-9.015234519863793428e-02
-7.533705342506116787e-02
-6.676590830073046712e-02
-4.790053503001561602e-02
-1.954943512978415954e-02
