-3.241792321205139160e-01
-2.165957689285278320e-01
-2.997312545776367188e-01
-2.925862669944763184e-01
-1.055723428726196289e-01
-2.292615175247192383e-02
-3.995640873908996582e-01
3.692689836025238037e-01
-4.611958861351013184e-01
-3.549854755401611328e-01
-3.259142041206359863e-01
-1.371891796588897705e-01
-3.042308092117309570e-01
-2.810595631599426270e-01
-2.444602847099304199e-01
-1.139205396175384521e-01
-3.221063613891601562e-01
-2.618288993835449219e-01
-3.786402940750122070e-01
-3.066892623901367188e-01
-2.741020917892456055e-02
-1.612336635589599609e-01
-3.825242519378662109e-01
-1.992872953414916992e-01
-2.686853408813476562e-01
-2.527199387550354004e-01
-2.737571597099304199e-01
-3.132317662239074707e-01
-4.662277102470397949e-01
-3.300238251686096191e-01
-2.556934356689453125e-01
1.350101679563522339e-01
-4.259424805641174316e-01
-7.653631567955017090e-01
-4.278817176818847656e-01
-1.988038420677185059e-02
-3.029497861862182617e-01
-2.603139877319335938e-01
-3.629083037376403809e-01
-1.555306315422058105e-01
-3.378672599792480469e-01
-1.811031699180603027e-01
-3.211811184883117676e-01
-3.561754822731018066e-01
-2.533953189849853516e-01
7.607573866844177246e-01
-4.043623805046081543e-01
3.715749382972717285e-01
-3.302564024925231934e-01
5.944940447807312012e-02
-2.058893442153930664e-01
-3.097133636474609375e-01
-2.882972359657287598e-01
-2.486590147018432617e-01
1.502915918827056885e-01
-2.855139970779418945e-02
-4.055771827697753906e-01
-3.885686993598937988e-01
-3.481408357620239258e-01
-2.276265025138854980e-01
-2.122113108634948730e-01
-2.217897772789001465e-01
-2.092225551605224609e-01
4.816458225250244141e-01
-2.946327924728393555e-01
1.111526727676391602e+00
-3.836930394172668457e-01
-3.030821681022644043e-02
-3.003791570663452148e-01
-2.863419651985168457e-01
-3.189103007316589355e-01
-3.987966179847717285e-01
-3.530526757240295410e-01
-3.447571992874145508e-01
-2.300326228141784668e-01
1.960778236389160156e-02
-2.814343571662902832e-01
-2.496082782745361328e-01
-2.524381875991821289e-01
-4.626703262329101562e-02
-3.286569714546203613e-01
-3.405303955078125000e-01
-2.578913569450378418e-01
-9.326982498168945312e-02
1.198974370956420898e+00
1.123174786567687988e+00
-5.541033148765563965e-01
-2.622928619384765625e-01
-4.001412987709045410e-01
4.305011332035064697e-01
-3.431385755538940430e-01
-1.256120204925537109e-02
-3.667549490928649902e-01
-2.120684385299682617e-01
-3.162899613380432129e-01
-2.089223265647888184e-01
-3.353081941604614258e-01
-3.031300306320190430e-01
-2.879817485809326172e-01
-2.685619592666625977e-01
-4.024341702461242676e-01
-3.287511467933654785e-01
-3.783385157585144043e-01
-3.349907398223876953e-01
-2.682569026947021484e-01
-3.099066615104675293e-01
-2.668944001197814941e-01
9.504595398902893066e-02
-3.427146673202514648e-01
-2.874121665954589844e-01
-3.920968174934387207e-01
-4.491623044013977051e-01
-2.565070390701293945e-01
8.546322584152221680e-03
-3.651382327079772949e-01
-1.826396584510803223e-01
-3.470640778541564941e-01
-3.474073410034179688e-01
-3.493477106094360352e-01
-3.864123821258544922e-01
-2.881352305412292480e-01
-2.909154891967773438e-01
-2.952163815498352051e-01
1.012345075607299805e+00
-3.023742437362670898e-01
-3.118238449096679688e-01
-3.307591676712036133e-01
-2.715424895286560059e-01
-3.485622406005859375e-01
-3.985557556152343750e-01
7.913809418678283691e-01
1.809937804937362671e-01
2.510470449924468994e-01
-3.531566262245178223e-01
-1.250543594360351562e-01
2.217062711715698242e-01
-3.210305571556091309e-01
8.230489492416381836e-02
-3.807541728019714355e-01
9.971931576728820801e-02
-2.719848155975341797e-01
-3.243079185485839844e-01
-5.789633989334106445e-01
-1.640326976776123047e-01
-3.246887326240539551e-01
-2.250866293907165527e-01
-3.117357492446899414e-01
2.425345182418823242e-01
-3.038156628608703613e-01
-3.259056806564331055e-01
2.825744450092315674e-01
8.265149593353271484e-01
-3.229104280471801758e-01
-2.585209608078002930e-01
-1.329600214958190918e-01
8.131474256515502930e-03
3.504035472869873047e-01
-3.387688398361206055e-01
-2.314521074295043945e-01
-3.415647149085998535e-01
-3.232382535934448242e-01
-4.035387039184570312e-01
-3.843764066696166992e-01
-2.609546184539794922e-01
-4.536605477333068848e-01
6.369620561599731445e-01
-1.884111762046813965e-01
-2.888286113739013672e-01
-1.754270792007446289e-01
-2.662431597709655762e-01
2.550713419914245605e-01
-3.587586283683776855e-01
-3.118769526481628418e-01
-4.623571038246154785e-01
-3.483332395553588867e-01
-6.336888670921325684e-02
-3.104677200317382812e-01
-3.284454345703125000e-01
-2.307769060134887695e-01
9.535792469978332520e-02
-4.210568070411682129e-01
-3.864196538925170898e-01
-1.702865958213806152e-01
9.656447172164916992e-02
-4.889106154441833496e-01
-2.529783248901367188e-01
-2.854411602020263672e-01
-2.163777351379394531e-01
-4.013904929161071777e-01
-3.478491902351379395e-01
-4.772702455520629883e-01
-2.730031609535217285e-01
-3.399656414985656738e-01
-3.887619376182556152e-01
-2.678183317184448242e-01
-2.655424475669860840e-01
-3.145062327384948730e-01
2.336092293262481689e-01
-4.436636567115783691e-01
-2.070912122726440430e-01
-3.284654021263122559e-01
-3.374639153480529785e-01
-3.409084081649780273e-01
-3.086152672767639160e-01
-3.477783799171447754e-01
-1.830232143402099609e-01
-2.828254699707031250e-01
-2.943838238716125488e-01
-3.027622699737548828e-01
-2.243600487709045410e-01
-3.002292513847351074e-01
1.351221680641174316e+00
-2.915602326393127441e-01
-2.664550542831420898e-01
-3.412336707115173340e-01
-5.226613879203796387e-01
-2.839834094047546387e-01
1.435319662094116211e+00
-2.496715784072875977e-01
-1.172556877136230469e-01
-3.346084356307983398e-01
-2.949476838111877441e-01
-2.609139084815979004e-01
-9.632995724678039551e-02
-3.080747723579406738e-01
-2.898127436637878418e-01
-2.668175101280212402e-01
-3.121398091316223145e-01
-3.543362021446228027e-01
-2.484984993934631348e-01
-3.005127310752868652e-01
2.598189115524291992e-01
-2.800330519676208496e-01
-3.358132839202880859e-01
-3.021061420440673828e-01
-3.638992905616760254e-01
-3.181725144386291504e-01
-2.758991122245788574e-01
-2.283933758735656738e-01
-1.021963655948638916e-01
-1.310425400733947754e-01
1.155340671539306641e+00
2.260255366563796997e-01
-1.059595346450805664e-01
-2.154924869537353516e-01
-2.225288152694702148e-01
-1.858655810356140137e-01
-6.390331387519836426e-01
-3.104260563850402832e-01
5.777686834335327148e-02
-2.446799278259277344e-01
4.354471266269683838e-01
-2.545623779296875000e-01
4.158026576042175293e-01
-3.300164341926574707e-01
-6.699800491333007812e-02
-4.562197923660278320e-01
7.272520661354064941e-02
-3.600374460220336914e-01
-2.771918177604675293e-01
-3.583629727363586426e-01
6.592283248901367188e-01
-3.357521295547485352e-01
-2.681209444999694824e-01
-2.730656266212463379e-01
7.436578273773193359e-01
-2.959018349647521973e-01
-2.991613149642944336e-01
-2.465271353721618652e-01
1.823122948408126831e-01
-2.288379073143005371e-01
1.292998790740966797e+00
-3.162375688552856445e-01
-1.709482669830322266e-01
-2.208397984504699707e-01
2.329812943935394287e-01
-3.797457814216613770e-01
-3.825848698616027832e-01
2.340741753578186035e-01
1.005868196487426758e+00
-3.074427247047424316e-01
-3.006734251976013184e-01
-1.600145101547241211e-01
-2.920112013816833496e-02
-1.099417209625244141e-01
1.136477231979370117e+00
-3.019562959671020508e-01
-3.810793757438659668e-01
-4.500860571861267090e-01
-4.091981053352355957e-01
-3.113415837287902832e-01
-1.961915493011474609e-01
-2.858002185821533203e-01
-3.553417921066284180e-01
-2.284321188926696777e-01
-2.870785593986511230e-01
-3.515498638153076172e-01
-5.528301596641540527e-01
-1.959996819496154785e-01
-7.643434405326843262e-02
2.619664072990417480e-01
1.118591189384460449e+00
-2.591825723648071289e-01
-2.739740610122680664e-01
-3.227285146713256836e-01
-3.527362346649169922e-01
-4.318798780441284180e-01
-8.159831166267395020e-02
-1.212599873542785645e-01
2.139371484518051147e-01
-3.996840715408325195e-01
-2.984277009963989258e-01
-2.946134805679321289e-01
1.114245206117630005e-01
-2.398400306701660156e-01
1.004768490791320801e+00
-1.155138015747070312e-03
-1.831605434417724609e-01
-2.080377936363220215e-01
-3.637286424636840820e-01
1.367834061384201050e-01
-1.383814811706542969e-01
-2.458344697952270508e-01
-3.424647450447082520e-01
-2.163576483726501465e-01
1.275855302810668945e-02
-3.235584497451782227e-01
-1.856794357299804688e-01
-2.960912585258483887e-01
-3.519546985626220703e-01
2.182892858982086182e-01
-2.818248867988586426e-01
-3.052579760551452637e-01
2.654170989990234375e-01
-2.821798920631408691e-01
4.087092876434326172e-01
-3.736147880554199219e-01
-1.958812475204467773e-01
-3.149366974830627441e-01
5.045422911643981934e-02
-3.500733971595764160e-01
-3.550620079040527344e-01
-2.839581370353698730e-01
-3.240503072738647461e-01
-2.342127561569213867e-01
-4.188343882560729980e-01
-2.894452810287475586e-01
-3.321235179901123047e-01
-2.389669418334960938e-01
-3.524384498596191406e-01
-2.561756968498229980e-01
-1.712487339973449707e-01
-2.702839970588684082e-01
-3.464645147323608398e-01
-3.409988880157470703e-01
-2.811110615730285645e-01
-4.407701492309570312e-01
-3.606365919113159180e-01
-4.530711174011230469e-01
6.871195435523986816e-01
-2.634211182594299316e-01
-2.836173176765441895e-01
-2.662519216537475586e-01
-1.459234952926635742e-01
-2.398521900177001953e-01
-3.486346602439880371e-01
-2.891294956207275391e-01
-2.850933670997619629e-01
-3.151402473449707031e-01
-1.847666501998901367e-01
-3.509867191314697266e-01
-2.172230482101440430e-01
-3.409389257431030273e-01
5.548259615898132324e-01
-2.746903300285339355e-01
-3.410846590995788574e-01
-2.938624024391174316e-01
6.369136571884155273e-01
-2.997064590454101562e-01
-3.405177593231201172e-01
-3.024600744247436523e-01
-3.166587352752685547e-01
-3.282294273376464844e-01
-3.424280285835266113e-01
-2.069278955459594727e-01
-2.953920960426330566e-01
-3.041031360626220703e-01
-3.511768579483032227e-01
-2.780611515045166016e-01
4.103803634643554688e-02
-2.991301417350769043e-01
-2.684407234191894531e-01
-2.355256080627441406e-01
-3.588431477546691895e-01
2.233071625232696533e-01
-3.770107626914978027e-01
-1.536060571670532227e-01
-3.498322963714599609e-01
-3.243882656097412109e-01
-3.388020396232604980e-01
-3.483140468597412109e-01
-3.890921473503112793e-01
-3.641062974929809570e-01
-1.893537640571594238e-01
-1.880033016204833984e-01
5.643310546875000000e-01
-1.850098967552185059e-01
-2.328264713287353516e-02
-3.628699183464050293e-01
2.201444208621978760e-01
-2.840412855148315430e-01
-1.948841214179992676e-01
-6.417283415794372559e-02
7.137715816497802734e-01
1.605202555656433105e-01
-2.791631221771240234e-01
1.027712345123291016e+00
-2.313395738601684570e-01
-3.406838774681091309e-01
-2.842938899993896484e-01
-4.363583922386169434e-01
-3.338949680328369141e-01
-3.671963810920715332e-01
-3.020152449607849121e-01
-3.867840170860290527e-01
3.122908174991607666e-01
-3.190306425094604492e-01
1.042604446411132812e-03
-2.554293870925903320e-01
-2.740266919136047363e-01
-3.122720122337341309e-01
-2.107562422752380371e-01
-2.392269372940063477e-01
-4.111311435699462891e-01
-3.982579708099365234e-01
-4.584305286407470703e-01
-3.868240714073181152e-01
-3.178894519805908203e-01
-2.555896639823913574e-01
-2.748489379882812500e-01
-3.182108998298645020e-01
1.328938156366348267e-01
-2.651189565658569336e-01
-2.084775567054748535e-01
-3.493366837501525879e-01
-1.541248559951782227e-01
-3.370880484580993652e-01
-4.108350872993469238e-01
-2.730976939201354980e-01
4.266717433929443359e-01
-2.597866654396057129e-01
-3.471511602401733398e-01
-2.839484214782714844e-01
-3.078429698944091797e-01
-3.816164135932922363e-01
-3.651977777481079102e-01
2.478285729885101318e-01
-2.173399925231933594e-02
-2.726166248321533203e-01
-5.178954601287841797e-01
-2.836523056030273438e-01
2.626948654651641846e-01
-4.487137794494628906e-01
-2.716413736343383789e-01
-3.749244809150695801e-01
2.967084348201751709e-01
-3.716981410980224609e-01
-2.915764451026916504e-01
-3.948075175285339355e-01
-2.466648817062377930e-01
-3.452265858650207520e-01
4.961448013782501221e-01
-2.992906570434570312e-01
-1.507381200790405273e-01
-3.139731287956237793e-01
-3.838513493537902832e-01
-3.240033388137817383e-01
-1.731811165809631348e-01
-2.688212394714355469e-01
-2.805350422859191895e-01
-3.176553845405578613e-01
-2.500941157341003418e-01
-3.052875995635986328e-01
-4.128685593605041504e-01
-2.857531905174255371e-01
-1.249952018260955811e-01
-3.230615854263305664e-01
-3.151272535324096680e-01
-3.775203824043273926e-01
-4.455972909927368164e-01
-3.041076660156250000e-01
-1.638092398643493652e-01
-3.015824556350708008e-01
4.148755371570587158e-01
3.481925427913665771e-01
-4.023624062538146973e-01
-9.893545508384704590e-02
-2.365275621414184570e-01
-2.934602499008178711e-01
1.154585123062133789e+00
-2.884857058525085449e-01
-2.865372896194458008e-01
-2.855327129364013672e-01
-4.219198226928710938e-02
-3.762912154197692871e-01
-3.395971655845642090e-01
-2.601029872894287109e-01
2.533594071865081787e-01
-3.440297842025756836e-01
8.742573857307434082e-02
-3.834377527236938477e-01
2.247498184442520142e-01
-2.909095287322998047e-01
-2.826113700866699219e-01
-2.712475657463073730e-01
-2.994734048843383789e-01
-3.825481534004211426e-01
-2.442660927772521973e-01
-3.115371465682983398e-01
5.974081754684448242e-01
-3.202838897705078125e-01
-3.006720542907714844e-01
-3.474437594413757324e-01
-1.929048895835876465e-01
-3.187436461448669434e-01
-3.560129404067993164e-01
-2.716898918151855469e-03
-4.857647418975830078e-02
-1.564703583717346191e-01
-1.188898384571075439e-01
-2.621836066246032715e-01
-4.816092848777770996e-01
-4.710328578948974609e-02
-1.445967257022857666e-01
-2.983407974243164062e-01
3.602096438407897949e-02
-1.796736121177673340e-01
-3.163748979568481445e-01
-4.005681276321411133e-01
-1.886174678802490234e-01
-2.862553000450134277e-01
6.849828958511352539e-01
-1.656433939933776855e-01
3.076395392417907715e-02
-3.168111443519592285e-01
-8.642598986625671387e-02
1.043409407138824463e-01
-2.349461317062377930e-01
-1.617372632026672363e-01
1.171342432498931885e-01
-2.524691820144653320e-01
-2.144541740417480469e-01
-3.441427350044250488e-01
-2.593378424644470215e-01
-3.135200738906860352e-01
4.212247431278228760e-01
-2.703538537025451660e-01
-3.818659186363220215e-01
-2.872715592384338379e-01
-2.914150953292846680e-01
-2.634177803993225098e-01
-2.651901841163635254e-01
-2.846623063087463379e-01
-1.799768805503845215e-01
-2.598360776901245117e-01
-2.733039259910583496e-01
-2.603527307510375977e-01
-8.929184079170227051e-02
-2.700139284133911133e-01
-5.302814841270446777e-01
-2.390283346176147461e-01
-5.427238345146179199e-02
-2.869883179664611816e-01
-3.802335262298583984e-01
-2.863408923149108887e-01
-1.718536615371704102e-01
-5.140584111213684082e-01
-3.402663469314575195e-01
-3.009207248687744141e-01
-3.954544067382812500e-01
-3.833214044570922852e-01
-2.062996029853820801e-01
-3.466819524765014648e-01
-1.252729296684265137e-01
-3.270888328552246094e-01
-1.395954489707946777e-01
-2.597956061363220215e-01
-4.915357828140258789e-01
-1.268793046474456787e-01
-3.930135965347290039e-01
-3.565379381179809570e-01
-2.887129187583923340e-01
-3.011041879653930664e-01
-3.946876525878906250e-01
-4.118616580963134766e-01
-1.683028340339660645e-01
5.592901706695556641e-01
1.105514287948608398e+00
1.077754735946655273e+00
1.175868988037109375e+00
-3.466933369636535645e-01
-3.639042377471923828e-01
-2.803518176078796387e-01
-1.971693038940429688e-01
-2.811581492424011230e-01
-3.410390019416809082e-01
-3.592734932899475098e-01
-6.128820776939392090e-01
9.638583660125732422e-02
-1.448816657066345215e-01
-3.385384678840637207e-01
-2.625934481620788574e-01
-2.750592827796936035e-01
-3.440256714820861816e-01
-2.504384517669677734e-01
-1.732342839241027832e-01
-3.831568360328674316e-01
-3.244140744209289551e-01
-1.431280076503753662e-01
-2.613988518714904785e-01
-2.396574616432189941e-01
9.874838590621948242e-02
-2.843424677848815918e-01
-4.881991147994995117e-01
-2.050557732582092285e-01
-1.080412566661834717e-01
-2.154821753501892090e-01
-3.734429478645324707e-01
-2.540204524993896484e-01
2.490576207637786865e-01
7.509518861770629883e-01
4.452369809150695801e-01
-3.569446206092834473e-01
-3.987857103347778320e-01
-1.490416526794433594e-01
-5.144059062004089355e-01
-3.493442535400390625e-01
-3.309361934661865234e-01
-3.089398145675659180e-01
-4.100073575973510742e-01
9.586483240127563477e-02
2.077379822731018066e-02
-3.213380575180053711e-01
-2.784734368324279785e-01
-9.181830286979675293e-02
-3.804197311401367188e-01
-3.119819760322570801e-01
-2.865922451019287109e-01
-2.537525296211242676e-01
-7.424286007881164551e-02
-2.690109014511108398e-01
-3.484588861465454102e-01
-2.007202506065368652e-01
-4.015489220619201660e-01
-3.133671879768371582e-01
-4.057361483573913574e-01
-3.131732940673828125e-01
-2.539570331573486328e-01
-2.284937500953674316e-01
-4.150217771530151367e-01
9.552884101867675781e-01
1.363872587680816650e-01
-1.820029616355895996e-01
-1.682939529418945312e-01
-3.118948936462402344e-01
-2.516572475433349609e-01
-3.737475275993347168e-01
-5.003825426101684570e-01
-2.383918166160583496e-01
1.128290295600891113e-01
-1.010945737361907959e-01
1.015814542770385742e-01
-2.859442830085754395e-01
-3.951755166053771973e-01
-3.083051443099975586e-01
5.568965673446655273e-01
-3.811302781105041504e-01
-2.574215531349182129e-01
-3.094010949134826660e-01
-2.438860535621643066e-01
-2.684314250946044922e-01
-3.751094937324523926e-01
-2.846707105636596680e-01
-3.521524667739868164e-01
-3.135122656822204590e-01
-2.883177995681762695e-01
4.732579588890075684e-01
-5.244643688201904297e-01
-4.393005371093750000e-01
-3.244695067405700684e-01
-2.281072735786437988e-01
-4.806550741195678711e-01
-2.766147255897521973e-01
-2.051499485969543457e-01
-4.071345329284667969e-01
1.008751392364501953e+00
-3.056531548500061035e-01
-1.925796270370483398e-01
-2.780253291130065918e-01
-2.768643498420715332e-01
-2.740761041641235352e-01
-1.638321876525878906e-01
-2.709864974021911621e-01
-4.237025380134582520e-01
-3.855170011520385742e-01
9.770956039428710938e-01
-4.835725426673889160e-01
3.845248520374298096e-01
-5.638790130615234375e-02
-4.916688799858093262e-01
-3.187966942787170410e-01
-2.111074328422546387e-01
-3.200852274894714355e-01
-4.195726513862609863e-01
-2.438402175903320312e-01
-3.775033950805664062e-01
-2.823334932327270508e-01
-3.224260210990905762e-01
-2.278515100479125977e-01
-4.001289606094360352e-02
-1.006115078926086426e-01
-5.050603747367858887e-01
1.114241600036621094e+00
-3.395429849624633789e-01
-3.144310116767883301e-01
1.137705802917480469e+00
-3.355187773704528809e-01
-3.432837128639221191e-02
-3.040151000022888184e-01
-2.939038276672363281e-01
-3.758769035339355469e-01
4.679861962795257568e-01
-3.419938683509826660e-01
-2.440689802169799805e-01
-3.087470531463623047e-01
-1.002383232116699219e-01
-2.689455151557922363e-01
-1.605843901634216309e-01
-2.940840125083923340e-01
-3.585491180419921875e-01
-3.665121793746948242e-01
-2.515240907669067383e-01
-2.711775302886962891e-01
-1.933290958404541016e-01
-3.221253752708435059e-01
-3.425791263580322266e-01
-3.431107401847839355e-01
-2.891680002212524414e-01
-2.460955977439880371e-01
6.791020631790161133e-01
-3.701624870300292969e-01
-2.967118620872497559e-01
-3.194777369499206543e-01
-2.192066907882690430e-01
-3.700836300849914551e-01
-2.667282819747924805e-01
-2.559711933135986328e-01
-1.801997423171997070e-01
3.713296949863433838e-01
2.520139217376708984e-01
-3.315072059631347656e-01
-1.818886995315551758e-01
-2.672752737998962402e-01
-1.531590819358825684e-01
-3.274649977684020996e-01
-7.254821062088012695e-02
-3.122442960739135742e-01
-4.424687027931213379e-01
-2.566830515861511230e-01
3.701010048389434814e-01
-3.906686305999755859e-01
7.080877423286437988e-01
-2.891278862953186035e-01
4.470205008983612061e-01
-3.414678573608398438e-01
3.961223959922790527e-01
-3.290796875953674316e-01
1.052435159683227539e+00
-3.171592354774475098e-01
-3.629355430603027344e-01
-3.452098369598388672e-01
-2.020944356918334961e-01
-3.003682494163513184e-01
-5.791202187538146973e-02
-4.016531109809875488e-01
-3.242603540420532227e-01
-3.758448958396911621e-01
-3.933048844337463379e-01
-3.216541409492492676e-01
-2.484505176544189453e-01
-2.643916010856628418e-01
-2.873568534851074219e-01
-3.740034103393554688e-01
-3.313473463058471680e-01
-2.945677638053894043e-01
-1.658008098602294922e-01
-4.088681340217590332e-01
-2.539869546890258789e-01
-3.331588506698608398e-01
-2.207477092742919922e-01
-2.699052095413208008e-01
4.598811864852905273e-01
-3.179763555526733398e-01
-5.199400782585144043e-01
-2.929254770278930664e-01
7.920354604721069336e-03
-3.358678221702575684e-01
-2.630692720413208008e-01
-3.887714743614196777e-01
-4.563139677047729492e-01
-2.792697548866271973e-01
-2.329757809638977051e-01
-3.245491981506347656e-01
-2.910398840904235840e-01
-3.449767827987670898e-01
-2.307704687118530273e-01
-2.906661033630371094e-01
-4.846329092979431152e-01
-2.552599906921386719e-01
-1.265375912189483643e-01
-1.892670989036560059e-01
1.184365749359130859e-01
5.846114754676818848e-01
8.357251286506652832e-01
-2.930825948715209961e-01
-1.501492261886596680e-01
-3.655074834823608398e-01
3.787257373332977295e-01
-2.546139359474182129e-01
5.714492201805114746e-01
-2.576188445091247559e-01
-1.005709171295166016e-01
-3.123246431350708008e-01
-4.208223819732666016e-01
-1.303061246871948242e-01
6.081210374832153320e-01
-4.056265950202941895e-01
-3.918926715850830078e-01
-1.144672632217407227e-01
-2.744320034980773926e-01
-2.595643997192382812e-01
-3.568571209907531738e-01
-2.368502020835876465e-01
-4.477890133857727051e-01
-2.282640933990478516e-01
-3.206326961517333984e-01
-3.575140237808227539e-01
-1.906419396400451660e-01
-1.875321269035339355e-01
-2.038156390190124512e-01
-3.298921585083007812e-01
-1.836157441139221191e-01
-2.897801995277404785e-01
-1.557747125625610352e-01
-2.764166593551635742e-01
-4.746858477592468262e-01
-3.788607716560363770e-01
-3.727235198020935059e-01
-2.909747958183288574e-01
-3.476815819740295410e-01
-4.376761317253112793e-01
-2.532992959022521973e-01
-2.753615379333496094e-01
-2.497854828834533691e-01
-3.056556582450866699e-01
1.802515983581542969e-01
-2.468540072441101074e-01
-4.238001704216003418e-01
-3.315993547439575195e-01
-3.960298299789428711e-01
-3.281010985374450684e-01
-4.663181304931640625e-01
-2.695966362953186035e-01
-4.310007691383361816e-01
-3.849344849586486816e-01
2.036294639110565186e-01
-1.978019475936889648e-01
-1.333850622177124023e-01
-2.932431101799011230e-01
2.393700480461120605e-01
-2.936541438102722168e-01
-3.574154973030090332e-01
-3.033816814422607422e-01
-3.609455227851867676e-01
-2.734956741333007812e-01
2.183033227920532227e-01
-3.402408361434936523e-01
-2.210865020751953125e-01
-3.221586346626281738e-01
7.861796617507934570e-01
4.998186230659484863e-01
5.170610547065734863e-01
-3.298820257186889648e-01
-4.524756669998168945e-01
-1.508144140243530273e-01
-4.218081235885620117e-01
-1.237966716289520264e-01
-1.488381028175354004e-01
-3.050125241279602051e-01
-3.123328089714050293e-01
