-1.237052167220446947e-01
-2.215616789150932353e-01
-3.195487875397289290e-01
-4.126823981370919547e-01
-4.936510824711384249e-01
-5.541478616840126437e-01
-5.879162673599296340e-01
-5.873061202940521586e-01
-5.374192760292095805e-01
-4.198881594420640906e-01
-2.141756600463453064e-01
5.715812268704516252e-02
3.114781231760322955e-01
4.982921122135750003e-01
6.107289797265206266e-01
6.376317686823547159e-01
5.809242876176107240e-01
4.640018226561745118e-01
3.198746226763434231e-01
1.744247121791065724e-01
4.046802167635855235e-02
-7.404100573332622615e-02
-1.618179708591155896e-01
-2.120372767997530383e-01
-2.363270905880450190e-01
-2.717589466163256029e-01
-3.331094376403908597e-01
-4.132443848954458487e-01
-5.052532567172549616e-01
-5.996603791665394700e-01
-6.792610935429834740e-01
-7.182224122478789718e-01
-6.870129773955895303e-01
-5.537402152625949814e-01
-2.884752786803508884e-01
8.766326967780148360e-02
4.597031247495030337e-01
7.117571390309763713e-01
8.264720852317557487e-01
8.384743886926983025e-01
7.781285177618976201e-01
6.700786194062646750e-01
5.364965803963130941e-01
3.979734847744516024e-01
2.678243033076248003e-01
1.511906055042087915e-01
5.009537011027252046e-02
-3.196596136609946431e-02
-9.527740823624461508e-02
-1.484936393560146173e-01
-1.970769611635940777e-01
-2.422823353533442581e-01
-2.839818434629092780e-01
-3.187139752266778814e-01
-3.432638465133980854e-01
-3.517593145992828352e-01
-3.348480706194055800e-01
-2.837743397819235125e-01
-1.927095205427281077e-01
-8.799255024259317048e-02
-2.183909193719924674e-02
-7.849482533138239793e-03
-2.291698108960073255e-02
-4.537272339471192656e-02
-5.839198662976757825e-02
-4.537159302739476180e-02
6.953638938872596688e-03
1.093124775785507818e-01
2.391062008822874840e-01
3.360401480384570538e-01
3.762877830655523281e-01
3.769724004702536546e-01
3.515869656237747831e-01
3.025789168230801351e-01
2.274182609635905794e-01
1.296201267280496783e-01
2.809963944202800712e-02
-5.292542832056364166e-02
-1.094533119920446940e-01
-1.573281373767870250e-01
-2.044004365676062862e-01
-2.366923414541969584e-01
-2.346269684816021384e-01
-1.992491525038395661e-01
-1.592836747070860426e-01
-1.427460247988284192e-01
-1.518121312586672988e-01
-1.736453045172000054e-01
-2.017671656594843821e-01
-2.349173457490297545e-01
-2.614379255924619838e-01
-2.648122714803592959e-01
-2.361280714123895619e-01
-1.697780826169524027e-01
-5.477236334307001436e-02
9.201626957275899077e-02
2.162591832383304324e-01
2.905097927923563916e-01
3.239603449171013505e-01
3.291646944472392811e-01
3.142360945629640856e-01
2.852189207353452716e-01
2.491095336046220410e-01
2.089896652780502129e-01
1.669378221259542605e-01
1.284148744016267440e-01
9.552479816640792321e-02
6.650856682731451364e-02
4.005975432856589968e-02
1.637441302940030943e-02
-3.521186090109321848e-03
-1.984538398900472650e-02
-3.410304490283243978e-02
-4.667943143731998618e-02
-5.542751357400987205e-02
-5.949421823374653057e-02
-6.310102363235517431e-02
-6.776021218100514165e-02
-7.036140546087130132e-02
-7.505511035109296847e-02
-8.760001778551751439e-02
-1.062160008802346400e-01
-1.302705993586711908e-01
-1.631074694454600627e-01
-2.048192777465840386e-01
-2.487613890576567677e-01
-2.820311988789078184e-01
-2.931176837627091913e-01
-2.759955973353223624e-01
-2.216565044460191980e-01
-1.151131536330476657e-01
3.423424952834306506e-02
1.764827323808524362e-01
2.726928921453390386e-01
3.214135848757790903e-01
3.320686813125422465e-01
3.142008391419811031e-01
2.799650649783138601e-01
2.414662375556594076e-01
2.039869778016838719e-01
1.676211063961098036e-01
1.352695406044783499e-01
1.112238430185667898e-01
9.738340076806110968e-02
8.917811800929752175e-02
7.889360423774365028e-02
6.441205923318174542e-02
4.505873508419659668e-02
1.782144340056404305e-02
-1.832343641798004491e-02
-6.040036922232208672e-02
-1.049114716882035142e-01
-1.490709872463041319e-01
-1.884746137485271145e-01
-2.182241265417489973e-01
-2.320512191100786159e-01
-2.377758109109164852e-01
-2.597401771112825553e-01
-3.063019533953312279e-01
-3.650040938175836969e-01
-4.160804178817067989e-01
-4.404123928562506118e-01
-4.231622288493422923e-01
-3.483205498010627510e-01
-1.973492135704931205e-01
8.110232802685361092e-03
1.932518945534751620e-01
3.246053459388072993e-01
4.163000438985139384e-01
4.654317655231968165e-01
4.675540014550979007e-01
4.232925762549988868e-01
3.366894185606927326e-01
2.319563083017993632e-01
1.437279651693623705e-01
9.017926328171101125e-02
6.688468174477998907e-02
6.159424524747385277e-02
6.709552048970894578e-02
7.622707854274778094e-02
7.636038613394371954e-02
5.760758113296479688e-02
1.776756952133630441e-02
-3.494275066718515593e-02
-8.460455069377798010e-02
-1.190731211139796769e-01
-1.353418115435697788e-01
-1.333965011990440874e-01
-1.150665218133909151e-01
-8.898243950696282933e-02
-6.614676991464511768e-02
-5.045522486834053827e-02
-3.653091296092000895e-02
-1.618337228180737053e-02
7.859406518062782981e-03
2.478284027226356975e-02
2.953552915730876458e-02
2.166720041383726758e-02
6.433403652504890262e-03
-6.536919428414333932e-03
-1.174823222813585824e-02
-1.167839580150637629e-02
-1.420589157132211636e-02
-1.957108161986569755e-02
-2.126945068014110540e-02
-2.021532233082267219e-02
-1.915930282523642392e-02
-1.634108940408400892e-02
-1.298644084344875022e-02
-1.496521634062107642e-02
-2.464312240729263706e-02
-3.783482187392637336e-02
-4.755554705493351964e-02
-4.711326947653674685e-02
-3.435528915803440914e-02
-1.487557469037032419e-02
3.174564346521047478e-03
1.846033479550452522e-02
3.371420921935928267e-02
4.805829398209029296e-02
5.738823927481970233e-02
5.942876974061128692e-02
5.340046195606232282e-02
3.798461544053088196e-02
1.510873249355769790e-02
-1.028385588168135092e-02
-3.479378095172568075e-02
-5.248493087124110612e-02
-5.530030328054220956e-02
-4.329719740224516333e-02
-2.000472632699943146e-02
1.430225173628503141e-02
5.809977659956336304e-02
1.069141078850063820e-01
1.563314383611656699e-01
2.035870182321496136e-01
2.370007737321498942e-01
2.364904892809159553e-01
1.922561682364890834e-01
1.109669842694961661e-01
1.221836631336019156e-02
-8.924919174980057435e-02
-1.919434418327162772e-01
-2.943449525006046619e-01
-3.893956524213409431e-01
-4.671379339782056883e-01
-5.177787576253028989e-01
-5.300224474582917455e-01
-4.909971752138253542e-01
-3.895770585039312617e-01
-2.154959396713884423e-01
1.981883452101531815e-03
1.892979613240998171e-01
3.120805033457715316e-01
3.822074879772784373e-01
4.135750376917896043e-01
4.153568903411970492e-01
3.921692857811675537e-01
3.532373422676970409e-01
3.120862176448404024e-01
2.765783777673471167e-01
2.475726693599389072e-01
2.254198905649074103e-01
2.096388167333438080e-01
1.951761820583440554e-01
1.769010068402590008e-01
1.516741924429838295e-01
1.177155975781574437e-01
7.376971829665601721e-02
2.071401216680798796e-02
-3.452436198053649569e-02
-8.414507045844210609e-02
-1.273772400182198727e-01
-1.689496378466661952e-01
-2.139703608799730650e-01
-2.635591370163689051e-01
-3.185127428246786740e-01
-3.839715807905988987e-01
-4.602208235638309830e-01
-5.399170111473092781e-01
-6.130729142239879081e-01
-6.673392933773990565e-01
-6.856233929092476753e-01
-6.458334551731315099e-01
-5.257305528717390875e-01
-3.027466144229191691e-01
2.141583530578683447e-02
3.640215921817859801e-01
6.141654756068497534e-01
7.417564457393615029e-01
7.728065070687709648e-01
7.341357771200658355e-01
6.496391530242062728e-01
5.396017290134940136e-01
4.210125032746536711e-01
3.053351147914116770e-01
1.967810245220944776e-01
9.571097105899946389e-02
3.120004929240902114e-05
-8.627034760195587126e-02
-1.507918886979067730e-01
-1.870925445243343810e-01
-2.001841868922851764e-01
-1.982696766668310684e-01
-1.843145648473616394e-01
-1.603236987004328928e-01
-1.303900623831164562e-01
-9.536437988924711950e-02
-5.577266733202868032e-02
-1.648668575179757304e-02
1.867249440850280925e-02
4.830015416957925134e-02
6.722561429075893380e-02
7.037057818646941243e-02
6.048512678865026332e-02
4.414560553811294058e-02
2.465612905082530462e-02
2.842080656965694820e-03
-1.915553384660828237e-02
-3.864090287772378729e-02
-5.320339698373219295e-02
-6.097446276066044446e-02
-6.318287498711093464e-02
-6.064520656077969363e-02
-5.421275212762477480e-02
-4.721881850298771666e-02
-3.967740194851181179e-02
-2.949471060045171650e-02
-1.506943037485274084e-02
5.201650105476847245e-03
2.798816262025431365e-02
4.600049004354776760e-02
5.536528922410632880e-02
5.603636684292302023e-02
4.936821637007279828e-02
3.755843329538650910e-02
2.198947401840388102e-02
4.368321317362824918e-03
-1.145221714956214977e-02
-2.257537766640202795e-02
-3.078786409147987735e-02
-4.073969566488101074e-02
-5.351534764250512333e-02
-6.543348364840421982e-02
-7.075249734745271690e-02
-6.514456048512014263e-02
-4.769803143662286471e-02
-2.249544373009238624e-02
-2.034972332093151932e-03
3.239984488489966799e-03
-6.669685983885342839e-03
-2.772523475293098977e-02
-5.486814681909370911e-02
-8.330884876648339543e-02
-1.080605077510918000e-01
-1.219806346499636984e-01
-1.159877234652428035e-01
-7.987430114129269454e-02
-3.591832760731444515e-03
9.732222740399491812e-02
1.768775624118208434e-01
2.108082137476711415e-01
2.074623539299456643e-01
1.802195325701920203e-01
1.405410766378902276e-01
9.817697565976238328e-02
6.014988326812360786e-02
2.849714706495027824e-02
2.370100538238434276e-03
-1.869177063839631142e-02
-3.427354978353072679e-02
-4.239811754163398672e-02
-4.475054622678292793e-02
-4.819222264948075374e-02
-5.477060414467168487e-02
-6.138429507675304680e-02
-6.563120964355592668e-02
-6.689753251519076072e-02
-6.464780677356923855e-02
-5.666046964849365264e-02
-3.855372213629670863e-02
-7.623422821662752952e-03
2.826524209003642568e-02
5.786371128172463491e-02
7.915733206833620861e-02
9.462181838581833204e-02
1.042158418742542697e-01
1.069093268189906104e-01
1.038186597352637880e-01
9.475324272752695676e-02
7.810100025452891559e-02
5.633056079552763162e-02
3.206354314053517368e-02
4.460832429107672650e-03
-2.900034567114879655e-02
-6.490035488097595229e-02
-9.295475521779600347e-02
-1.101794213724313215e-01
-1.178350779004318505e-01
-1.157505371669426825e-01
-1.065832981365822524e-01
-9.347887034052368427e-02
-7.774379024078871547e-02
-5.939997021938921151e-02
-3.929398950109497246e-02
-2.057343094233713907e-02
-8.284991121391263591e-03
-8.909528663180593666e-05
1.128263598477073464e-02
2.404249284207050225e-02
3.356150166701209192e-02
3.852157014148858971e-02
3.883751650934776090e-02
3.471841738475102412e-02
2.628382183388858206e-02
1.637844711862251196e-02
9.068100757409351328e-03
6.116099552363992060e-03
8.173279422478071932e-03
1.536913322534960193e-02
2.295612390296165525e-02
2.492785657527095411e-02
2.244620501415576022e-02
1.960846167469347881e-02
1.715626758214970626e-02
1.413370174725380596e-02
1.024699990971204844e-02
6.196936047533930028e-03
2.993841135611879489e-03
1.324858602590376841e-03
1.748368524351830763e-03
5.928371318751386385e-03
1.275112604772348814e-02
1.607260531908322188e-02
1.244798208435483541e-02
2.400179363188429966e-03
-1.189651901400157370e-02
-2.602767081913238967e-02
-3.719414983217480403e-02
-4.548231882337752663e-02
-5.169569891698743563e-02
-5.590131716591216493e-02
-5.538833595777667429e-02
-4.753036794260932785e-02
-3.312597754695133928e-02
-1.347032093867478290e-02
9.710278130632001015e-03
3.197447030047700922e-02
4.785232305034187172e-02
5.492136333949337174e-02
5.411916623132266568e-02
4.618804623726799341e-02
3.172474611928483013e-02
1.433233414106460657e-02
-2.305709411469646086e-03
-1.579657092203155117e-02
-2.297699654377695702e-02
-2.516619355479290249e-02
-2.415554314628235236e-02
-1.684954488290469135e-02
-4.515438894863140276e-03
5.766385865311269426e-03
1.077891817565965887e-02
1.269058594653743599e-02
1.394035783280989094e-02
1.495186563311496665e-02
1.448150657028213738e-02
1.150244225388023789e-02
7.472936919284032913e-03
6.786210915084877650e-03
1.104311531044367516e-02
1.651105960568271039e-02
2.181828454877943885e-02
2.644652603804429139e-02
2.754112983512586529e-02
2.492181667337729084e-02
1.916136523387159535e-02
1.000032713296511097e-02
-1.145651231370652806e-04
-4.804044424604323425e-03
-2.005563734545868712e-03
3.866104900931470467e-03
1.164244803463250662e-02
2.192341796500257844e-02
3.371645227993286253e-02
4.496337828249163254e-02
5.154807701302770162e-02
5.124821593837505795e-02
4.349678173098908002e-02
2.641791295346613416e-02
-1.858300355539055024e-03
-3.738655505431145998e-02
-7.177408136295972130e-02
-1.020967452275118037e-01
-1.298731388928540120e-01
-1.557007897841292676e-01
-1.775731309741446495e-01
-1.935305491052741189e-01
-2.041755113475074990e-01
-2.061256642240800185e-01
-1.878421831497556482e-01
-1.368581155851137932e-01
-4.453125883357206272e-02
7.263132010410956740e-02
1.720650453579517514e-01
2.319858689515795769e-01
2.571560365263839687e-01
2.556173069241318707e-01
2.332218461862035075e-01
1.945476776129908547e-01
1.466345615374273770e-01
9.755263821464998930e-02
5.186029394396197284e-02
1.157865037083637486e-02
-2.062599911124392976e-02
-4.230042611108559419e-02
-5.443626198731335575e-02
-6.233264580027872426e-02
-6.990055012240120602e-02
-7.706338073052849957e-02
-8.208378504255620101e-02
-8.286111761327408232e-02
-7.952213446095691973e-02
-7.357175830085055379e-02
-6.443225489208902201e-02
-5.032882734312218304e-02
-2.932454691318482284e-02
-2.235004670740036500e-03
2.338431568536171803e-02
3.952506869059582706e-02
4.480041622405010748e-02
4.173039420888403905e-02
3.330297328388356209e-02
2.201272405831599180e-02
1.196263302597392469e-02
9.153799913518199244e-03
1.500980659145095125e-02
2.570524666995954721e-02
3.771413780620273132e-02
5.014476249032293054e-02
5.968500790853682736e-02
5.884306280715663473e-02
4.593257165657891467e-02
2.569724734801814153e-02
1.487054370667316525e-03
-2.467358964923299647e-02
-4.956335090971859814e-02
-6.985968045071787313e-02
-8.218093061150109901e-02
-8.268572566904494603e-02
-6.858753458134092540e-02
-4.074825995548379820e-02
-8.035976895756937605e-03
1.827295069976620986e-02
3.355174557264621604e-02
3.762712715575453060e-02
3.133547146918345960e-02
1.716857366970459681e-02
-2.031922184809898529e-04
-1.693449040406359851e-02
-3.154832789929542386e-02
-4.124489070904260174e-02
-4.176771164181854179e-02
-3.196322858189754729e-02
-1.646979645687387389e-02
-7.170939090887665322e-05
1.679195199714918554e-02
3.369394282678330604e-02
4.906477245722057345e-02
5.892643371726435930e-02
5.841573599647374715e-02
4.822268613844854501e-02
3.253505199283473343e-02
1.458793007441411098e-02
-4.002039723840966970e-03
-2.020488896581940433e-02
-3.088256608623995633e-02
-3.707793254743153855e-02
-3.870008103893095297e-02
-3.379480387871421770e-02
-2.384675549659809324e-02
-1.329423619392809328e-02
-6.343022283414187328e-03
-4.530060756507775510e-03
-5.687709357299602225e-03
-6.977238989534232522e-03
-8.344326417348418845e-03
-8.159646335121315680e-03
-3.752968813401839129e-03
3.373612378219529272e-03
1.112085646253694812e-02
1.824700487551211489e-02
2.336403599315656221e-02
2.664063363296203038e-02
2.886591170887700328e-02
2.947487869559679147e-02
2.696252252138030617e-02
2.215413121284834710e-02
1.811919690428170915e-02
1.835599953989938346e-02
2.128345671266627590e-02
1.831478100341920462e-02
7.568368868504900607e-03
-4.792464885382121537e-03
-1.570567059096627041e-02
-2.575375762034356683e-02
-3.443592353964586295e-02
-3.998401651868910278e-02
-4.230158203756272800e-02
-4.087838517734176946e-02
-3.549991157842997264e-02
-2.615103016990275031e-02
-1.383988021451264608e-02
-2.827489173800848150e-03
5.610115583887321025e-03
1.218171976791924786e-02
1.641072809305781435e-02
1.769991909252908308e-02
1.658130676102393189e-02
1.451819775715016553e-02
1.145425057989558904e-02
7.827601509900883672e-03
5.479867144975811982e-03
5.814830486474485693e-03
6.903282425722280513e-03
6.063898536141711614e-03
3.991686284262704019e-03
5.998310736160012042e-04
-3.705688383496165330e-03
-4.732076059606496812e-03
-3.782432451630611883e-04
6.261335967799092420e-03
1.155026473090130235e-02
1.350861772519310923e-02
1.101291174765109231e-02
6.484874456065715422e-03
3.131967527479446664e-03
4.390357782245858480e-04
-2.180296111537109380e-03
-5.604602812297188041e-03
-1.056818533876591540e-02
-1.521159175076116678e-02
-1.756871224021369290e-02
-1.614343859286209923e-02
-1.076627048231429060e-02
-3.504696915513393247e-03
4.145632637148271432e-03
1.170217464231013485e-02
1.573931711557769245e-02
1.155001604822194702e-02
-3.726509299952305426e-04
-1.419050969385193817e-02
-2.609691991792799023e-02
-3.544627829697821753e-02
-4.087737023889254084e-02
-4.048556610657551985e-02
-3.397406387436077702e-02
-2.351324180383256371e-02
-8.503963123888347297e-03
1.246426157844196698e-02
3.533769628725526996e-02
5.583790762408456787e-02
7.039158652364711777e-02
7.415012886188286634e-02
6.724652407070452753e-02
5.407125663663434750e-02
3.907512252985303330e-02
2.601238503882007461e-02
1.474273407290830132e-02
3.597713657099919395e-03
-8.310604631369986756e-03
-2.306203790445970903e-02
-3.997123921228275950e-02
-5.495135911217666896e-02
-6.639333728614481289e-02
-7.667137910926477562e-02
-8.616088681638843505e-02
-8.937044610891679841e-02
-8.134407227598111634e-02
-6.360413478521173558e-02
-4.188055310463303926e-02
-2.119815078443125847e-02
-1.324253558588434250e-03
1.910085332585098605e-02
3.680774789534459190e-02
5.055801128618843399e-02
6.454161898385464557e-02
8.149459400348321725e-02
1.003124674162532287e-01
1.172405109404556084e-01
1.270059932289896720e-01
1.245875490290851706e-01
1.068485545047846152e-01
7.483809900314168650e-02
3.167795215867974523e-02
-1.582476421687419726e-02
-5.774544017689966363e-02
-9.097108237190704161e-02
-1.167580470098145695e-01
-1.332570614750069604e-01
-1.383093476499172303e-01
-1.323990937614536179e-01
-1.189001543268756178e-01
-1.018024202188261840e-01
-8.139450037412565564e-02
-5.404893939384244894e-02
-1.552718964540585923e-02
3.295387954893445187e-02
8.088516015014485250e-02
1.194461721522507430e-01
1.455758235989100535e-01
1.543341220604645125e-01
1.440913341334198461e-01
1.216912831224428448e-01
9.882898578044450877e-02
8.401966968315199846e-02
7.567814040529848019e-02
6.546901389058515375e-02
4.611434315703620557e-02
1.849457765379364238e-02
-1.237139909802540370e-02
-4.587219140973098491e-02
-8.178180858491472527e-02
-1.194975579781671349e-01
-1.586349375806643813e-01
-1.951808605599658353e-01
-2.239165419043710747e-01
-2.410957472298305149e-01
-2.405310110807610813e-01
-2.122068041330016919e-01
-1.468935205568564495e-01
-5.052266816526850696e-02
4.446590362836323751e-02
1.084769389063995060e-01
1.409504618624972117e-01
1.529736404064910571e-01
1.523411825523892094e-01
1.441995912154055981e-01
1.324205580385681702e-01
1.200105019818873686e-01
1.090126267975466828e-01
1.003579748392201543e-01
9.324222601874801453e-02
8.455905383139486475e-02
7.133560618822003263e-02
5.494535831976245233e-02
3.912601072716848094e-02
2.481640722512385225e-02
8.420026853604458544e-03
-9.779597320884425918e-03
-2.179254686747433487e-02
-2.493741785113519349e-02
-2.584819580031376754e-02
-3.211286233521439687e-02
-4.910731957395095271e-02
-7.149902292679839733e-02
-8.399077984190450596e-02
-8.162178808665777885e-02
-6.860154610713464773e-02
-4.853361309911008448e-02
-2.637937428022170752e-02
-6.718485466298360770e-03
7.187200117997579948e-03
1.320091148853904002e-02
1.172307592722584765e-02
5.036403914800448127e-03
-5.837008887139641562e-03
-1.709144495889342030e-02
-2.366297435038573413e-02
-2.766805540734752766e-02
-3.140307150795725727e-02
-3.426761180003904533e-02
-3.557634948634489508e-02
-3.517818625930765192e-02
-3.439473360281631448e-02
-3.298409647480697593e-02
-2.985036272347700581e-02
-2.358595177290723210e-02
-1.146073604758500800e-02
1.232955884726849409e-02
4.346642637941322551e-02
6.434687448434738000e-02
6.982505375660677527e-02
6.513777474249127231e-02
5.305561448882797210e-02
3.704539072054818805e-02
2.087945173388311079e-02
7.328199722765811261e-03
-1.984329622923058575e-03
-5.430388672010657593e-03
-1.769192384687491224e-03
6.346057794345849948e-03
1.225273866901194220e-02
1.159682821591406093e-02
5.284028005574301079e-03
-3.292935452879258706e-03
-1.018675562790997795e-02
-1.261155773939367716e-02
-1.004791174245098576e-02
-2.851822913875189450e-03
6.952481162162798753e-03
1.574413973038175235e-02
2.160432546761472533e-02
2.817126081515437461e-02
3.818521872817616514e-02
4.443250400676449635e-02
4.042236067510618369e-02
2.764255987703378298e-02
9.709381442017739686e-03
-1.100896503441624145e-02
-3.380846508750965512e-02
-5.692987112487968987e-02
-7.573713453394645412e-02
-8.581259531092357007e-02
-8.377697174932309532e-02
-6.616466445962065901e-02
-3.644292531186439643e-02
-5.233549417673727736e-03
1.994661603293232735e-02
3.689799047818660693e-02
4.597286235127218817e-02
4.772000645614703912e-02
4.536280886613799218e-02
4.421780080312449207e-02
4.537568416698557761e-02
4.680337279787231269e-02
4.448024139940640054e-02
3.762893693030986558e-02
2.944690001472228397e-02
1.806388334778108451e-02
-1.573758667001157619e-03
-3.266944700540718588e-02
-7.210215291538311921e-02
-1.100730536996860909e-01
-1.385194549700499989e-01
-1.536578903009184482e-01
-1.522794255960223386e-01
-1.293531139287146803e-01
-7.833874728440075319e-02
-6.574016537992397394e-03
6.042583661504400544e-02
1.069087990235448038e-01
1.345446812306160256e-01
1.493830195521535231e-01
1.553132387082813703e-01
1.503206878960082205e-01
1.320290932198140421e-01
1.014871809602044817e-01
6.055828769352915308e-02
1.428534485845804614e-02
-3.045525526113645673e-02
-6.337115075156461719e-02
-7.784675278468274062e-02
-8.449709039980189684e-02
-9.368192677501772925e-02
-1.047092988298985450e-01
-1.134308508551627043e-01
-1.134516662865628356e-01
-1.025175277413308134e-01
-8.435893949155559568e-02
-6.145673817649189435e-02
-3.396085777571333092e-02
-1.935540282130164200e-03
3.532066077523073055e-02
7.398762937624446534e-02
1.040835995574855843e-01
1.196830405952877957e-01
1.210383099105958177e-01
1.115774124121425848e-01
9.561143453142045834e-02
7.626836903008005208e-02
5.707122323025830279e-02
3.949723308778124026e-02
2.140871198416359825e-02
8.995725263163875662e-04
-1.574854408206510792e-02
-2.239240892668079713e-02
-2.494206578013334619e-02
-2.819468087298243608e-02
-3.069457696592850504e-02
-3.206320984127181140e-02
-3.368763433048459904e-02
-3.619290583614523382e-02
-3.874862711271982035e-02
-3.925040995373649255e-02
-3.372644483625224232e-02
-2.019650773964404636e-02
3.677860297645416804e-04
2.271209200343696569e-02
3.714497830868388611e-02
4.049021807731977007e-02
3.743143772149727655e-02
3.174350073890548629e-02
2.433353641574997894e-02
1.364397910457062872e-02
-1.274348123584471883e-03
-1.717437294967315287e-02
-2.929183047564680453e-02
-3.331464293766518009e-02
-2.436590722697347042e-02
-7.965885870115173295e-03
1.242207702465593887e-03
-1.452700738020117370e-03
-1.344442216131517404e-02
-3.275527732403429176e-02
-5.623332107385948381e-02
-7.779563255106956843e-02
-9.183286778136864892e-02
-9.562389949361907449e-02
-8.668133082419392232e-02
-6.487611136841624215e-02
-3.001216937893108963e-02
1.183796672770702496e-02
4.558511946106101609e-02
6.479848547244126955e-02
7.206525201053212704e-02
7.104042027498205791e-02
6.511267678526241887e-02
5.508826860967794281e-02
4.240072286435863508e-02
3.128203152047046021e-02
2.490489927257751382e-02
2.347567668567845239e-02
2.589030796609933724e-02
2.763993264775282954e-02
2.241094073450308061e-02
9.821807138956301433e-03
-6.142692508726378675e-03
-2.233689926155261671e-02
-3.780304006916652970e-02
-5.078462303615639134e-02
-5.783016707530656830e-02
-5.765390390086243266e-02
-4.905645531989841213e-02
-3.275192212620604837e-02
-1.340757127766421634e-02
2.848311514438131055e-03
1.140956771773046427e-02
1.397484246410697108e-02
1.516636953937359339e-02
1.760598395134478980e-02
2.204032905667195272e-02
2.697168638278462510e-02
3.078355071384927463e-02
3.494161409465120632e-02
4.112894704849824612e-02
4.735944022646756957e-02
5.113004232789029879e-02
5.201427808841148359e-02
4.916599972456899698e-02
4.224003411700657379e-02
3.222228184152507030e-02
1.909505062096659989e-02
3.111490526109357644e-03
-1.393135932433568931e-02
-2.986685516924918182e-02
-4.267055139600232222e-02
-5.056776191778847990e-02
-5.119589225570573415e-02
-3.994430690849551380e-02
-1.933695085703500058e-02
-8.725619815353399811e-04
1.031306702175727869e-02
1.347239097068785897e-02
7.466992602760310835e-03
-6.723060568609119311e-03
-2.709484109364548865e-02
-5.098943904053387932e-02
-7.380192863889308008e-02
-8.599782964473977331e-02
-7.859178014968586090e-02
-4.360870407386803482e-02
1.160936463244643425e-02
6.121014622451752957e-02
9.578034264016888066e-02
1.212111044874133181e-01
1.402791555499183773e-01
1.520318081087781714e-01
1.533558944267231772e-01
1.431085003224117913e-01
1.222968555744428365e-01
9.307298506946874717e-02
5.760075771043558779e-02
1.790970597195677000e-02
-2.737854369384838324e-02
-8.324652901765186575e-02
-1.489527732739165944e-01
-2.182031010702541463e-01
-2.819206656841781178e-01
-3.290263332284695252e-01
-3.529082645196460755e-01
-3.501726927947910184e-01
-3.152461379868270464e-01
-2.375113374182354908e-01
-1.017345802052350145e-01
7.536324745274604331e-02
2.277367009728216707e-01
3.068723480133293546e-01
3.136299091494876290e-01
2.663698361309075890e-01
1.862453701687510343e-01
9.280107403247986331e-02
3.595196446768096632e-03
-6.587451043691826269e-02
-1.043065716693456768e-01
-1.018680533344513833e-01
-4.867582435347178604e-02
3.828447638877141568e-02
1.122439933093078990e-01
1.489410972174790571e-01
1.528148928741424051e-01
1.344297725965955259e-01
1.030303164757105511e-01
6.345032646782354513e-02
2.257812685767237801e-02
-1.131603871241246978e-02
-3.250217606716893776e-02
-3.795931362295670158e-02
-2.582147816354465539e-02
-2.995130744101001663e-03
1.333223608710685723e-02
1.401839144704376122e-02
2.186062425286736718e-03
-1.635222431784125185e-02
-3.681255605219240640e-02
-5.528072030898135980e-02
-6.785884451499846204e-02
-7.253297001143996225e-02
-6.971588988599385084e-02
-5.998557592072821520e-02
-4.366806162329773394e-02
-2.179666798282647519e-02
1.661089568853443658e-03
2.161952125130687380e-02
3.790906101408147988e-02
5.315367887689254750e-02
6.701666018984575590e-02
7.611433005701760679e-02
7.971065375470484660e-02
8.023828728746579264e-02
7.840777628896730689e-02
7.354760404180844813e-02
6.304875473113756568e-02
4.673905009888004031e-02
2.984030357337241757e-02
1.362085511333204803e-02
-5.013431678009752993e-03
-2.716666087229119633e-02
-5.355560227735957357e-02
-8.536119977549634641e-02
-1.200261516147372032e-01
-1.471415335521532586e-01
-1.548036816559280604e-01
-1.431554859476091290e-01
-1.210830356546374331e-01
-9.082659411970139818e-02
-5.659266718367987614e-02
-3.184871638945035999e-02
-1.926549379712177296e-02
-1.413436638777061313e-02
-1.684680939684814541e-02
-2.404796289318740163e-02
-2.863472911126671919e-02
-2.757347704758855364e-02
-1.945700978686875499e-02
-4.393462067270818144e-04
3.408293586222627125e-02
8.220410039953576775e-02
1.268366713254311662e-01
1.497676557342757508e-01
1.506389334190018636e-01
1.379539578973630887e-01
1.166853989543830405e-01
9.068558926608805137e-02
6.500692119016548975e-02
4.377030913483994506e-02
2.801867626392672700e-02
1.547113593833515134e-02
3.211857061179816675e-03
-8.218696581665041814e-03
-1.889694115916891459e-02
-3.177692737127121164e-02
-4.615700238276561340e-02
-5.998025902366773549e-02
-7.121349387729014602e-02
-7.730940114688850118e-02
-7.852935463231183744e-02
-7.586432396201188422e-02
-6.853194490795735949e-02
-5.400682835933155040e-02
-2.921995469960103967e-02
2.335518201542720849e-03
2.829952991945408614e-02
3.956656476779691484e-02
3.755323457732115400e-02
2.707437184797213681e-02
1.044896371066258468e-02
-1.042724932053566873e-02
-3.182858647972956062e-02
-4.813682229470870461e-02
-5.439382079667431230e-02
-4.871339136793362973e-02
-2.808730255859809982e-02
8.246943424749887674e-03
4.586022219972857306e-02
6.796164605300908379e-02
7.455141487358238339e-02
7.145533811975357530e-02
6.060368600133185513e-02
4.435080242368898140e-02
2.782707443910596365e-02
1.578649188247334412e-02
9.657575164235984028e-03
7.562489685425924715e-03
7.007985344433633954e-03
7.256182415609312500e-03
6.475352281086900474e-03
1.989943210412196007e-03
-7.814693435218594830e-03
-2.379213545261150975e-02
-4.474460936553332352e-02
-6.758191849144952468e-02
-8.848532433478256687e-02
-1.026257425119631306e-01
-1.057285178105235313e-01
-9.553977221200361802e-02
-7.022334479031874799e-02
-3.365218333720364219e-02
2.315507449961447511e-03
3.046266983878372428e-02
5.131166133301172383e-02
6.539779103613714561e-02
7.182783324874497666e-02
7.021081540060855608e-02
6.254241570971286190e-02
5.226685679433711040e-02
4.251146071872975718e-02
3.680732531795572610e-02
3.595663985748359659e-02
4.060508672797875918e-02
5.020657664429372530e-02
5.714946401512758373e-02
5.759466764667934419e-02
5.461470790671419523e-02
5.052988239421108557e-02
4.586300493656116084e-02
3.980203117566787074e-02
3.090267536658349370e-02
1.772540102263804249e-02
-1.903119408890827438e-03
-2.994834688688055579e-02
-5.858950837417314927e-02
-7.622990937277085433e-02
-8.497439408549699313e-02
-9.035824514440779498e-02
-9.157979656087777975e-02
-8.779196988432920457e-02
-7.817812636728883879e-02
-6.314286685783908337e-02
-4.850980318291470833e-02
-4.002163919843385043e-02
-3.793725275149448239e-02
-4.015037060841418481e-02
-4.097587479870429261e-02
-3.572245741473547426e-02
-2.655079466610961794e-02
-1.400467717799796022e-02
2.808189517778042661e-03
2.061925789466388659e-02
3.557622159661243122e-02
4.799104508030294786e-02
6.096452163495969662e-02
7.517323798972251614e-02
8.919305995008301735e-02
1.027896885261490034e-01
1.134713748368349484e-01
1.127327533307772162e-01
9.641305891825392715e-02
6.947211784878165597e-02
3.658263557541178296e-02
-3.261617581698467248e-04
-3.769708426163431714e-02
-7.018171165650016752e-02
-9.327296015921837657e-02
-1.036753423285907971e-01
-9.919231017494763158e-02
-7.872004653097222637e-02
-4.846258838160272947e-02
-2.181831498422660484e-02
-4.094752913340985422e-03
6.607195819203506848e-03
9.630939215789922209e-03
3.979589638008689673e-03
-1.005269268636454008e-02
-2.783445469522627738e-02
-3.976542337723900505e-02
-4.020853738445152176e-02
-3.133255154277417298e-02
-1.569162154391666453e-02
4.231702889707109581e-03
2.087690033789471600e-02
3.039113304522420705e-02
3.449156300817644155e-02
3.143232305593084835e-02
1.857437713843155744e-02
-2.035822488859065707e-03
-2.359801309929116658e-02
-3.778466613187430462e-02
-3.842265611983117918e-02
-2.173512353789701715e-02
1.561868010834915714e-02
6.514387095406842798e-02
1.045291067583558609e-01
1.235087154553272948e-01
1.288575505943207467e-01
1.267742902777073688e-01
1.180983875386005522e-01
1.033491974852114859e-01
8.519924089003057255e-02
6.524616616030814997e-02
4.136762263436072340e-02
1.146730427626913712e-02
-2.508636622938675842e-02
-6.615635299956103277e-02
-1.065351172873268554e-01
-1.413071295724331877e-01
-1.649808657965180503e-01
-1.726463083913465646e-01
-1.623533169794503794e-01
-1.360756099845538691e-01
-1.023731987463995796e-01
-7.158808790927101429e-02
-4.787322905305246151e-02
-3.149339876834330448e-02
-1.943417335211238689e-02
-5.659579251513823309e-03
8.385376189956069912e-03
1.760728824039522675e-02
2.474715257534854454e-02
3.378303632782345134e-02
4.447757330394822711e-02
5.563000772128279259e-02
6.549468072608508051e-02
7.017805705880761358e-02
6.725437428000155538e-02
5.743390011566820719e-02
4.413062584052820925e-02
3.703355637996179339e-02
4.007460120812736393e-02
4.572560366437355278e-02
4.944881320161136073e-02
5.028853105558717812e-02
4.730821305388819425e-02
3.979757346526636291e-02
2.668109492989962500e-02
8.451210683815083349e-03
-1.136825719369344637e-02
-2.831932573857433300e-02
-4.078942812971762116e-02
-4.759772764095331066e-02
-4.716515143363822493e-02
-4.099727692239681087e-02
-3.200196825291984348e-02
-2.190467751371612259e-02
-1.394979871141482225e-02
-1.186144107096877461e-02
-1.552090543624803920e-02
-2.298151757289055089e-02
-3.025700373206560365e-02
-3.169884981012743158e-02
-2.469194949200293962e-02
-3.695762713852029577e-03
2.766246229517926175e-02
4.874399856286257965e-02
4.920906548245614076e-02
3.335529541785693664e-02
8.497271871248443867e-03
-1.900785995666706696e-02
-4.585729768664616873e-02
-6.863203706067377841e-02
-8.141200978227555729e-02
-7.739221206928116603e-02
-5.042142549714767608e-02
-4.432838178110661345e-03
3.996307849797707534e-02
6.735087237691934903e-02
7.747432751582351840e-02
7.371275813626340656e-02
6.155852457562080438e-02
4.719867278406229133e-02
3.340688710681370688e-02
2.093456649023632196e-02
9.775284306178546462e-03
-1.367579310604535208e-03
-1.374495601890768359e-02
-2.433636738203530034e-02
-2.969763925103304641e-02
-3.128049259420202094e-02
-2.993911789507078952e-02
-2.642670977732963083e-02
-2.316316913015371848e-02
-1.985198498001675138e-02
-1.423244040859129866e-02
-6.097762685058788837e-03
3.047801769342669154e-03
1.311514553891019938e-02
2.407059937613860792e-02
3.281268910967680141e-02
3.583899105180202160e-02
3.332894818634196676e-02
2.774133229585528521e-02
2.154772034025096220e-02
1.609500748967611014e-02
1.042000306291936129e-02
2.591681039726708227e-03
-9.073524404570910973e-03
-2.423573987331624144e-02
-3.960634769540820332e-02
-5.169898902073624680e-02
-5.826943140951522382e-02
-5.835402682535227592e-02
-5.053311601258911323e-02
-3.486299137049597707e-02
-1.583310553021067407e-02
2.532531986346337263e-03
1.710043885173106668e-02
2.368347342685673748e-02
2.113237519229539674e-02
1.218469276806834374e-02
9.735658021539864843e-04
-8.214714573945951226e-03
-1.032666621535550250e-02
-5.240664460207392940e-03
-1.075966312318670307e-03
-1.174850367444925034e-03
-1.554237933262168914e-03
-4.025011409409242832e-04
1.913110343601490994e-03
5.753384915886177071e-03
1.124498510203156970e-02
1.791013710857052368e-02
2.575780749217781301e-02
3.452670962569333313e-02
4.393967492654692747e-02
5.392073814870883275e-02
6.553169781072085143e-02
8.024708504198395376e-02
9.556811306874368750e-02
1.075770006337636031e-01
1.139535404176550276e-01
1.136876308296606158e-01
1.076962907039899359e-01
9.647506084746848565e-02
7.849642779950416482e-02
5.182154393305440920e-02
1.930071195707874082e-02
-1.499426637231035184e-02
-5.358947640993957234e-02
-9.939105420876125085e-02
-1.510320345004842191e-01
-2.052289873091961425e-01
-2.581975655980081052e-01
-3.055575810689493688e-01
-3.410856249975389165e-01
-3.572758202473383937e-01
-3.462292796181947185e-01
-3.005007700529002679e-01
-2.097614479579128222e-01
-8.599965018017444174e-02
3.025873937312325429e-02
1.248212439322793910e-01
2.143656404952996031e-01
2.933466221844696076e-01
3.324905956867486023e-01
3.251456647457803273e-01
2.863883324506322214e-01
2.312734296567791059e-01
1.703119669402989311e-01
1.091932834756196707e-01
5.753916325618138594e-02
2.143617912342915890e-02
-2.099871722039452215e-03
-1.621431363469112361e-02
-2.301761399104183467e-02
-2.666741743030178260e-02
-3.140724147964800428e-02
-3.735489459396056089e-02
-4.161583881468415569e-02
-4.109662957843403241e-02
-3.321525794602117609e-02
-1.593894364335798203e-02
9.624017583792169456e-03
3.407421320402261727e-02
4.658883960583409811e-02
4.547165532748635719e-02
3.463507074144685921e-02
1.816900441403374034e-02
-6.168589677848822575e-04
-2.016713884987257274e-02
-4.086802677003562034e-02
-6.099503334560685275e-02
-7.599445072699884118e-02
-8.201218680350486068e-02
-7.500869380751065685e-02
-5.656451222387146038e-02
-3.332301959205222208e-02
-1.170791397282320428e-02
1.937309034890633257e-04
-5.020880634415553212e-04
-1.215807682744094245e-02
-3.336616112640796578e-02
-5.849945695003743590e-02
-7.833924869437068617e-02
-8.355520289936338441e-02
-6.733301287859679018e-02
-3.271928606630467029e-02
5.695735521946741417e-03
3.527490947454221815e-02
5.425960642099986186e-02
6.686785093722823203e-02
7.665308892563726939e-02
8.510564520538452249e-02
9.132045992699140691e-02
9.333158733964455611e-02
9.022401468093757537e-02
8.141974819094122129e-02
6.711467589921278620e-02
4.898818075851155140e-02
3.151096890889581309e-02
1.880324282925855545e-02
1.008255106760608255e-02
1.793731391385238252e-03
-8.862129254933289596e-03
-2.271612173719218114e-02
-3.973614743715896125e-02
-5.907422596274915227e-02
-7.846050823508608774e-02
-9.519102489606806605e-02
-1.069102879868596423e-01
-1.102848565951790594e-01
-1.045946860762591996e-01
-9.020356093995254843e-02
-6.753230711426182198e-02
-4.205909894122220744e-02
-1.648525779759841062e-02
9.997117098022508322e-03
3.584002689714849837e-02
5.676986384244914197e-02
6.770221658504546602e-02
6.675839137460498618e-02
5.814445847442845094e-02
5.020095391588485362e-02
4.436791324293124644e-02
3.640452006305756188e-02
2.648420106172515512e-02
1.584136997324190818e-02
5.753043650378009480e-03
-8.440615917656938555e-04
-1.242467987795506552e-03
6.083033167646336760e-03
1.909212384504476584e-02
3.409319309205099263e-02
4.926132268963482469e-02
6.499316787622955172e-02
8.214041052928930386e-02
9.994682719519841496e-02
1.146887811662839485e-01
1.208243478465056558e-01
1.157679837722014049e-01
1.008876834411242124e-01
7.937409174479256868e-02
5.364573235509596805e-02
2.432294767797851462e-02
-7.436310989045305520e-03
-3.993883487294325185e-02
-7.512710084177828818e-02
-1.229640832224735136e-01
-1.920011393545832112e-01
-2.758743263220859721e-01
-3.619323032428537479e-01
-4.388526025114479756e-01
-4.895847728420825162e-01
-5.042581730275326191e-01
-4.831473661886010462e-01
-4.144285193898921693e-01
-2.773116205279230750e-01
-5.993258277690913238e-02
1.958282145207670966e-01
4.046161353307856645e-01
5.326576113851466676e-01
5.962742088474781710e-01
6.077397417361903864e-01
5.776752936115017167e-01
5.206497719751286279e-01
4.463896041609276000e-01
3.595657851054266385e-01
2.617277791152435862e-01
1.499482982716176249e-01
2.083023726828017036e-02
-1.114044998066660852e-01
-2.219908731162578142e-01
-3.092660593386924450e-01
-3.796374874382292819e-01
-4.282813864702826878e-01
-4.484984393522311596e-01
-4.342281185962398316e-01
-3.778211960664127900e-01
-2.690263674741818489e-01
-1.282399894605819324e-01
-4.704492878717454057e-03
8.276956472072369286e-02
1.441435456819514793e-01
1.867001751935839227e-01
2.097636646272515448e-01
2.095852591091158790e-01
1.858466553961124756e-01
1.442726028924397053e-01
9.266166766676106614e-02
3.937139054932847770e-02
-5.260238150052996484e-03
-3.343681180709150852e-02
-3.907803791764291601e-02
-1.512860278929212265e-02
3.587146963210843809e-02
9.183949234828066299e-02
1.320915937969179832e-01
1.531357993214217394e-01
1.575629538969366417e-01
1.484930525299268111e-01
1.277803673423079378e-01
9.664290077137677182e-02
5.819258042119526686e-02
1.527059611011634399e-02
-2.635696783861691400e-02
-6.000605186158736171e-02
-8.498052167730618667e-02
-1.016312660136213519e-01
-1.088279715703140138e-01
-1.083990495059978659e-01
-1.043954332210032254e-01
-1.020166439633980460e-01
-1.063078791918006666e-01
-1.165448127475864071e-01
-1.287002389068019614e-01
-1.385243073293570548e-01
-1.386846358336287499e-01
-1.205920138091032545e-01
-7.859606222078843740e-02
-3.007320924812723756e-02
-9.418778464509607040e-03
-2.644382147184497558e-02
-6.739833168545639186e-02
-1.194676106024294693e-01
-1.741853500635248964e-01
-2.202703484465770023e-01
-2.445648545182545486e-01
-2.335969675995948069e-01
-1.690372079151956919e-01
-4.093075457235906961e-02
1.167297491036427409e-01
2.439864859150533416e-01
3.187571067539826664e-01
3.514968584843524146e-01
3.547181572098093150e-01
3.362478402261581678e-01
2.982045941593395866e-01
2.474023679765731953e-01
1.951318103341659338e-01
1.470557375198049410e-01
1.028065226333408633e-01
6.281477062909970877e-02
3.121914467208682445e-02
1.180743890915459185e-02
3.857308536700777835e-03
1.996272022172548843e-03
-2.446373053834712680e-03
-1.676762731819312485e-02
-4.104004494232874056e-02
-6.821091115312841180e-02
-9.584687231158622867e-02
-1.279181090436438406e-01
-1.532750490835706192e-01
-1.502329009466285559e-01
-1.183337172548205307e-01
-7.804408984002189631e-02
-4.692267983220310690e-02
-2.917470303390121145e-02
-2.263991191092745020e-02
-2.694762470685226063e-02
-4.034041232841070745e-02
-5.688513145782963382e-02
-6.966927486659842128e-02
-7.381252490077316875e-02
-6.868956165060860486e-02
-5.732556031358978371e-02
-4.220562341970073017e-02
-2.529385483901974013e-02
-1.059345369100870432e-02
1.469312552162659741e-04
7.682056538124223607e-03
1.078172860855307162e-02
8.458574841381022100e-03
3.141244987111078274e-03
-1.456054279433981191e-03
-3.452735866544466570e-03
-9.069464032378099505e-04
1.032718827559749031e-02
3.209625616810463100e-02
5.906678107110249765e-02
8.385881064465385004e-02
1.037058650144257466e-01
1.184944341287739455e-01
1.280528921294902533e-01
1.318312743604424242e-01
1.266596007933780965e-01
1.071822970014955634e-01
7.435029125717315668e-02
3.417568774107746649e-02
-1.174249453000127466e-02
-5.509867608709929226e-02
-8.281806769560898229e-02
-9.669591711676576995e-02
-1.027312418394349114e-01
-1.000721535739260426e-01
-9.030857185872674664e-02
-7.992300086938242121e-02
-7.305583484212271883e-02
-6.943418740991059990e-02
-6.759527616922667015e-02
-6.500982427258522600e-02
-5.934397791903937153e-02
-4.788427679184356633e-02
-2.875102934098016164e-02
-3.886574398720892085e-03
2.132082378397350680e-02
3.980064397959812150e-02
5.009717165545880813e-02
5.602880927807733780e-02
5.888317881107618668e-02
5.718459623313428691e-02
5.111244860663056999e-02
4.326536065806009523e-02
3.498808424903439990e-02
2.677582260939558728e-02
1.897214556071866870e-02
9.397632567253373995e-03
-1.794308657529715672e-03
-1.035561545830037539e-02
-1.368730223272398433e-02
-1.210130184088505263e-02
-6.507619267814631660e-03
2.655013398154484547e-03
1.472999390490133120e-02
2.840481734089381899e-02
4.162178498619988065e-02
5.296755025392277383e-02
6.142767414615004501e-02
6.615712691625368069e-02
6.648895517297560842e-02
6.219656705491551085e-02
5.493596472475690412e-02
4.467253455255522365e-02
2.881382398911495890e-02
6.230335821401439961e-03
-2.156812899754387974e-02
-5.102155114418350373e-02
-7.960655210462477815e-02
-1.046815626972909113e-01
-1.230748355335648664e-01
-1.342894960783913016e-01
-1.354070554692085593e-01
-1.204674473236508614e-01
-9.040790089419917241e-02
-5.459829495999605348e-02
-2.131551249497892764e-02
6.369602547468762414e-03
2.816109067842438585e-02
4.402713659090020520e-02
5.452537818708061423e-02
6.259944224414953906e-02
6.723801067974843892e-02
6.412408146059153657e-02
5.283215911750581417e-02
3.354664273557045329e-02
6.332781980922838616e-03
-2.569887290703001120e-02
-5.596239854288764803e-02
-7.800989337510100263e-02
-8.790318417729688083e-02
-8.208767809462072518e-02
-5.527823316931107511e-02
-2.418714286876176220e-03
6.052105220394417978e-02
1.010754360864564300e-01
1.087569210163702726e-01
9.166994736422640067e-02
5.743620620088357720e-02
1.349125046444378528e-02
-3.173954241700064488e-02
-6.888973952048113580e-02
-9.186213146862835799e-02
-9.714568041853696712e-02
-7.763804908361371382e-02
-2.798921675315134763e-02
3.520216290158471872e-02
8.495769149333590176e-02
1.127822019735820885e-01
1.201389709559825131e-01
1.112007263390192846e-01
9.457843312499021604e-02
7.537598556837436792e-02
5.395664815089828981e-02
3.075360622994286960e-02
7.206547009154915320e-03
-1.643736996472361725e-02
-3.385375559921232486e-02
-3.923575326502268257e-02
-3.962656086373649023e-02
-3.938676839475660496e-02
-3.574940446880720685e-02
-2.769504845997011397e-02
-1.642434307552753311e-02
-4.328271430452888466e-03
7.205595409804496296e-03
1.595356679841535702e-02
1.870823664004096082e-02
1.392955294391360309e-02
6.642756801549644027e-03
3.626628982821900049e-03
2.706147927888241829e-03
-1.363307375268102417e-03
-1.122824646548061835e-02
-2.744561667420887530e-02
-4.647115010929635248e-02
-6.221636048371324834e-02
-7.083892490960061461e-02
-7.119789007385268764e-02
-6.251558900125298024e-02
-4.668860740761933414e-02
-2.529601284497058275e-02
-7.525305756021938991e-04
2.080233564251324566e-02
3.587153595202739048e-02
4.104661639205535451e-02
3.523932294520055325e-02
2.294837073031177899e-02
6.525033461868005175e-03
-1.470711596239330024e-02
-3.838177988159630072e-02
-5.071137689116342329e-02
-2.961537884234947612e-02
1.816097905158237102e-02
5.506702525847210344e-02
6.470198371184066044e-02
5.508612705795107312e-02
3.313839666700574282e-02
4.425269450801587803e-03
-2.473581198412868123e-02
-4.972116127236354127e-02
-6.783788192007915441e-02
-7.687883856249037862e-02
-7.128132567107091366e-02
-4.044068747394085478e-02
9.346705185439252786e-03
5.089057550450862971e-02
7.147455306523808893e-02
7.369861542634084661e-02
5.982522231000606677e-02
3.318497433253386752e-02
-2.477706261316310263e-03
-4.218586933672571759e-02
-7.898022936530889326e-02
-1.023705119506325145e-01
-9.959637987752412158e-02
-5.954017831019062928e-02
8.385706329916784579e-03
7.084270313830681731e-02
1.078514712274021847e-01
1.216577640121417059e-01
1.174965067265590635e-01
1.008779009297163659e-01
7.841361551605686986e-02
5.398335976451956730e-02
2.847284771799906897e-02
4.089818321814917869e-03
-1.692736476088283967e-02
-3.161748760894658727e-02
-2.983767629022480300e-02
-6.674404327671742271e-03
2.727876611189428493e-02
6.023219075232106451e-02
8.785107377388633176e-02
1.101616442977257360e-01
1.265376379332830425e-01
1.340002472280507895e-01
1.304261849872386525e-01
1.169277909746606892e-01
9.549644113468752638e-02
6.556518350054565958e-02
2.855037649757966728e-02
