-5.453186505280201851e-03
4.819927137992414956e-02
1.123507316605828199e-01
1.839476455613450190e-01
2.362476775758818315e-01
2.545864804848981811e-01
2.422386488268181426e-01
2.045925712405507746e-01
1.557112938864049778e-01
1.137166772459271558e-01
8.305606780725297011e-02
5.497510598142770627e-02
2.424702041714846962e-02
-4.721880175104833759e-03
-2.927970278988459990e-02
-5.314617790116551999e-02
-7.580590614098113578e-02
-9.062412366181475665e-02
-9.532055328300759189e-02
-9.410783923966008213e-02
-9.006508411831416760e-02
-8.235850527622870509e-02
-6.915765372480542350e-02
-5.186853868683305446e-02
-3.319130933639360959e-02
-1.245869054505609717e-02
8.936181572143774704e-03
2.510279525056304667e-02
3.349137833665234709e-02
3.695703247014710258e-02
3.629095436281827569e-02
2.862529106232495485e-02
1.641107311809232583e-02
8.526962730520084438e-03
1.363392060744670134e-02
3.397128285543308396e-02
5.968322260548086788e-02
7.811887436919755234e-02
8.274335507671379264e-02
7.122468959967688529e-02
4.666701325396961642e-02
1.436383106125027100e-02
-2.342920149645194572e-02
-6.307188696497392777e-02
-9.589066369266663337e-02
-1.153172483333519682e-01
-1.199690953885475808e-01
-1.117086941976821041e-01
-9.316481782466071171e-02
-6.357096036738112133e-02
-1.999034650962597595e-02
3.828646939297840335e-02
1.002157123818832457e-01
1.445195402178012789e-01
1.588506103140838732e-01
1.446046455887821103e-01
1.095592677852443436e-01
6.495765387404003888e-02
2.206378005341548543e-02
-1.091098315962746833e-02
-3.112829823130147319e-02
-4.082977517359834274e-02
-4.181587997282271152e-02
-3.451241246328980161e-02
-1.874520782900571461e-02
2.063346001041745439e-03
1.918737593780556888e-02
2.623317982881386012e-02
2.319546612232986291e-02
1.556481608668930025e-02
8.058045481528405482e-03
2.938896760560752268e-03
1.612073631084282380e-03
5.684865549752922756e-03
1.965092789920976427e-02
4.114186979658483734e-02
5.925651604815408702e-02
6.784883300209347545e-02
6.491180300174055617e-02
4.996880875297102925e-02
2.543029469807583931e-02
-4.042566908390271899e-03
-3.207218654125387758e-02
-6.274937562417898240e-02
-1.095360320452499758e-01
-1.742934634574159758e-01
-2.475395606884289446e-01
-3.181408438290695417e-01
-3.723816794746417358e-01
-4.014600348047438483e-01
-4.008701183039038995e-01
-3.655951562693901535e-01
-2.941571148612380782e-01
-1.795970292187400175e-01
-6.184055753442505368e-03
1.962255357785852583e-01
3.516983300391628431e-01
4.329417595503390892e-01
4.564589836911246423e-01
4.358861236539762207e-01
3.863105183106304574e-01
3.218754526102316493e-01
2.526588901601493631e-01
1.855876166100724756e-01
1.253567602301578487e-01
7.502450023650653055e-02
3.720853830185498479e-02
1.167949053121117298e-02
-5.936390752290243711e-03
-1.822614580326929398e-02
-2.330188144567030273e-02
-2.297558638165318745e-02
-2.313151327567273402e-02
-2.351645101067453836e-02
-1.942294096982337404e-02
-1.195350616677672700e-02
-6.945637180772550739e-03
-6.460789908873110221e-03
-1.026942940863155226e-02
-2.016513811227170841e-02
-3.446541869556423582e-02
-5.026113466738582614e-02
-6.982835012946550513e-02
-9.613821384850479435e-02
-1.282263378729739389e-01
-1.602864273730664202e-01
-1.842678199189356214e-01
-1.966656030663221366e-01
-1.994951971123942736e-01
-1.939096201379129636e-01
-1.777383082702174433e-01
-1.559976843494769727e-01
-1.403254113711303319e-01
-1.327048309716156449e-01
-1.268951512382611169e-01
-1.144029698948690749e-01
-8.404977790248671643e-02
-2.187046052650873373e-02
8.466681658218383477e-02
2.101389034679873036e-01
2.981690981001889340e-01
3.329327397144209444e-01
3.367163664836516079e-01
3.232242989875169226e-01
2.940641185434360594e-01
2.513999446831378659e-01
1.968367932867587933e-01
1.340196508227317340e-01
7.666827749705516781e-02
3.612364701296784386e-02
1.179788895883715494e-02
-4.594397959015242283e-04
-2.945943825856479903e-03
2.137230022106403893e-03
1.010234564857998701e-02
1.478550075292939942e-02
1.478576397381450164e-02
1.342655177846391323e-02
1.275008029975715357e-02
1.304381163233456903e-02
1.561428922384001938e-02
1.731339775064454772e-02
1.014577825901354785e-02
-9.762711409170114762e-03
-4.320555171553118468e-02
-9.087967444734379452e-02
-1.508950781872134550e-01
-2.195368614894662174e-01
-2.912499503644500609e-01
-3.553073972678158499e-01
-3.955226679288870173e-01
-4.007574763994005140e-01
-3.655186500583597065e-01
-2.906357249763331096e-01
-1.869203807534070283e-01
-8.662309351799273027e-02
-3.728677308731376955e-02
-4.475103812134667569e-02
-7.798818272575813726e-02
-1.179054722455836896e-01
-1.505291416857717501e-01
-1.396678228710563630e-01
-3.869503727079431910e-02
1.332298320866978636e-01
2.984120745677518727e-01
4.160394672379009173e-01
4.808421596591218039e-01
4.987120591858477114e-01
4.828015946552378090e-01
4.438783465221451952e-01
3.923276984522094946e-01
3.279971580397080255e-01
2.448044004525680994e-01
1.492269567775267869e-01
5.256345896504978354e-02
-3.806960619346404923e-02
-1.145988058802014098e-01
-1.706813185523014531e-01
-2.043390321800803711e-01
-2.155200092473401052e-01
-2.010220771321324096e-01
-1.637625832259577141e-01
-1.168093201285121674e-01
-7.534562365298963504e-02
-5.387154109668192137e-02
-5.117191035995972970e-02
-5.411731499969248127e-02
-5.575761566177397932e-02
-5.187999042735404881e-02
-4.263984183825368646e-02
-3.172773913561306725e-02
-2.157416445793972765e-02
-1.566400918833449341e-02
-1.293676479646384790e-02
-1.053499040981938258e-02
-9.440322228149014561e-03
-9.144945313612323420e-03
-8.622454700958433541e-03
-7.692534674505395985e-03
-4.770230899943789932e-03
-3.571130507519457500e-03
-9.457497837417746731e-03
-1.770519512189209013e-02
-2.258424912537736889e-02
-2.483378200853465084e-02
-2.231311163179421422e-02
-8.420483602651292893e-03
1.437770911594025633e-02
3.692997030198323649e-02
5.611555536224085983e-02
6.994916132892210758e-02
7.779711705729232263e-02
8.118369558952134857e-02
7.917500286699147294e-02
7.215164474749691248e-02
6.049592635955152592e-02
4.405578543329793234e-02
2.518748942768931492e-02
4.661295903808343466e-03
-1.971312345641287878e-02
-4.413074496206279701e-02
-5.827181575085256526e-02
-5.819273047512667912e-02
-4.787126966710917447e-02
-3.031897233182346413e-02
-7.552315595443606297e-03
1.546539507323161158e-02
3.378822540544725722e-02
4.358892345284856584e-02
4.442591948898404891e-02
3.998185067531031395e-02
3.255437522345660389e-02
2.234621237509294700e-02
1.048242680448866967e-02
-1.747462552536521718e-03
-1.579944651912806863e-02
-3.331906651915793327e-02
-5.421974021602171678e-02
-7.749265458239104620e-02
-1.021833821968169409e-01
-1.280410065679228049e-01
-1.517073781937751664e-01
-1.652793877506947839e-01
-1.655848577487396001e-01
-1.537648348993923275e-01
-1.323652496251991328e-01
-1.075894393986162462e-01
-7.960129216238658045e-02
-4.244440923503431384e-02
-1.455880326164296634e-03
2.992840562504259921e-02
5.414576013310835184e-02
8.790259359980048814e-02
1.333985021464103304e-01
1.726700231555105269e-01
1.986605358473661487e-01
2.173806170252250702e-01
2.298226829408323568e-01
2.352741637911418549e-01
2.335743861341567362e-01
2.227289567209533583e-01
2.000179246881126638e-01
1.678531557122512341e-01
1.317504199073053495e-01
9.336203520794857103e-02
5.274790404203948124e-02
9.685806120824543008e-03
-3.728894292104455166e-02
-9.003001059483663193e-02
-1.491205918969708000e-01
-2.099004580848547463e-01
-2.648436520818686635e-01
-3.069580551503580113e-01
-3.274458369610532271e-01
-3.166174519381038110e-01
-2.677542805924810199e-01
-1.755811301099842736e-01
-5.864849179687625647e-02
3.744140731552656615e-02
9.094149825346925509e-02
1.087784915398938290e-01
1.008510580611667734e-01
8.081840667699866088e-02
5.964777337729475215e-02
3.927506331098836595e-02
1.567254404257426015e-02
-1.466735513406565439e-02
-4.179542147993101087e-02
-4.994745975721783665e-02
-4.228101977505250436e-02
-3.291976607418045653e-02
-1.600686426256185679e-02
3.006012283008751423e-02
9.567284919777530039e-02
1.388298919503038742e-01
1.434091063907444452e-01
1.210903180045509314e-01
8.198046464507163789e-02
3.457338195294173272e-02
-1.173969083041383199e-02
-4.681386892593027843e-02
-6.747655552843478954e-02
-7.929768794041161528e-02
-8.631983439645221634e-02
-8.954555871206089368e-02
-8.885990889589760744e-02
-8.022911350773903605e-02
-5.631413646901970577e-02
-1.093002999959409582e-02
4.508922016770499502e-02
8.853154688899271541e-02
1.134561346338818777e-01
1.238684305504471617e-01
1.207530269477653517e-01
1.079517654977824037e-01
8.990928225687672137e-02
7.150816689912209423e-02
5.575510166684523317e-02
4.226384304321467722e-02
3.148347100057496961e-02
2.272034204760354018e-02
1.489634076205089211e-02
8.327354683912033262e-03
2.122436817273677667e-03
-4.185582776247516110e-03
-1.056902611331383621e-02
-1.752117722204666814e-02
-2.536144945330002370e-02
-3.431669807083373436e-02
-4.408631529580380598e-02
-5.319189292347619585e-02
-6.022237675160112269e-02
-6.524396578125475632e-02
-6.826032786932820229e-02
-6.812302767507950885e-02
-6.599436328248385608e-02
-6.439870504812543472e-02
-6.342457347495399078e-02
-6.320360074696775021e-02
-6.348651645082289963e-02
-6.060962090439129396e-02
-4.972609708347477953e-02
-2.796615052521329164e-02
2.912461644499313163e-03
3.779261382323416407e-02
7.011426729607631025e-02
9.419316946854777717e-02
1.100301482105096734e-01
1.191090136460019044e-01
1.205873826632527096e-01
1.147553172977815311e-01
1.033442988399924656e-01
8.768920856079946702e-02
6.986811838218832948e-02
5.222520919969914077e-02
3.482874194133839252e-02
1.885018609772970422e-02
1.332403090671421125e-03
-2.743707713603298418e-02
-6.591676898792772632e-02
-1.036955490654341283e-01
-1.413283497081209983e-01
-1.831843673370674719e-01
-2.233006098209031343e-01
-2.504929509275412580e-01
-2.558086076302785172e-01
-2.321456899868530876e-01
-1.699688863278945306e-01
-5.706215272739784128e-02
7.947229600537204786e-02
1.755523541657896813e-01
2.121759037594000141e-01
2.105023704719092281e-01
1.859776316658243167e-01
1.490256334491296131e-01
1.078436266537848021e-01
7.116006924655106369e-02
3.928887681657662612e-02
2.653292827803455795e-03
-3.721952467787684182e-02
-6.840286381419771744e-02
-8.805070113780336105e-02
-9.924227697914515811e-02
-9.590195309909724242e-02
-6.575443917815884665e-02
-1.746754589171439775e-02
1.926054614116281399e-02
3.156702213332550355e-02
2.684467972619603710e-02
1.639303111568819749e-02
1.514817333870148788e-02
3.110761686436854662e-02
5.860118968564488606e-02
8.865887167305232242e-02
1.119501644097449095e-01
1.201159336747776307e-01
1.094339612447915028e-01
8.118144239741806323e-02
4.434234207218966384e-02
1.245000156302285103e-02
-6.936259371283535341e-03
-1.349234148755246686e-02
-8.834605488125315056e-03
2.613607115469991637e-03
1.394267204021570547e-02
1.926903591487737211e-02
1.738044082774346105e-02
1.286851601048533654e-02
9.189890850836990310e-03
2.711285941017247542e-03
-1.137470944759780105e-02
-3.387800895249565292e-02
-6.444291557187085961e-02
-1.021831183301783741e-01
-1.437707804573972736e-01
-1.821599626743408973e-01
-2.105155060174351278e-01
-2.240894995873299322e-01
-2.171734852506440050e-01
-1.841963281381907014e-01
-1.190799099975697883e-01
-3.180680160528479711e-02
4.650368475058457018e-02
9.947796236325673336e-02
1.315208951782446123e-01
1.464983236657931565e-01
1.473968379181649357e-01
1.398060907933244557e-01
1.286658660411096333e-01
1.162624601507403072e-01
1.037357951878407902e-01
9.279127668639715332e-02
8.400569187871652355e-02
7.615203402913298114e-02
6.973799646412229269e-02
6.602095707563905569e-02
6.107599686872129674e-02
4.863545467230721842e-02
2.904857809295796969e-02
7.966601385020638873e-03
-1.104437567562544485e-02
-2.574865673386475193e-02
-3.336471586715672455e-02
-3.271896264635884566e-02
-2.384056803140031933e-02
-7.489389464730163148e-03
1.414771222967186465e-02
3.696155006337055460e-02
5.623214502092085953e-02
6.789211377583832807e-02
6.887972738619480007e-02
5.988385886634199629e-02
4.266839296986465330e-02
1.078337568329263557e-02
-4.295444685819845010e-02
-1.101363194632150044e-01
-1.745581706170031000e-01
-2.279968913141918185e-01
-2.681814995457027506e-01
-2.915002822282153905e-01
-2.937362942345263517e-01
-2.738723829975918678e-01
-2.291203936522833995e-01
-1.476282562821324418e-01
-1.177049316274678820e-02
1.515146746951640533e-01
2.699321345789097992e-01
3.148926295973899503e-01
3.003785759590064108e-01
2.413575337420453826e-01
1.517053943575204511e-01
4.211926198168059604e-02
-7.447873570934318566e-02
-1.847613167761063546e-01
-2.737290420854632256e-01
-3.245795548118803886e-01
-3.242049749708655892e-01
-2.592411101781059157e-01
-1.149258566045843755e-01
7.305513860206028220e-02
2.207196282464660431e-01
2.977923951671330172e-01
3.250808896121575309e-01
3.184834283154223122e-01
2.883698377835484661e-01
2.432266624303960345e-01
1.907856826731939015e-01
1.366943045459428629e-01
8.445709236150412969e-02
3.630067743420813120e-02
-5.824545949298796238e-03
-4.075506435342408917e-02
-6.767834466676969640e-02
-8.445422393238194436e-02
-8.970803193031312572e-02
-8.492171001564860489e-02
-7.344123169690153219e-02
-5.952134164527759369e-02
-4.711057548680343265e-02
-3.875568531550416251e-02
-3.391229147588079029e-02
-2.938171430075034798e-02
-2.427851736157135565e-02
-2.160720691418161615e-02
-2.296976772986929205e-02
-2.627064911742194725e-02
-3.031394494616702212e-02
-3.515783038862009546e-02
-3.966363335962602710e-02
-4.214942160778047120e-02
-4.133285355229811275e-02
-3.726620925817945851e-02
-3.073253062460115648e-02
-2.253898624816088811e-02
-1.402946436595250285e-02
-7.800281831763032636e-03
-5.533553184370923125e-03
-5.528118771155098379e-03
-5.581004910622437351e-03
-4.440619068780882715e-03
-1.039842930285877001e-03
5.625876069581516904e-03
1.598750125609840061e-02
2.652303435976611709e-02
3.170702027902261994e-02
3.074628851068393620e-02
2.668129945828228919e-02
2.188327092289452103e-02
1.710519143806811526e-02
1.389090071280420224e-02
1.501165562244555218e-02
2.013049074654081269e-02
2.539269143048010144e-02
2.821834229089908649e-02
2.889074191307233058e-02
2.835785792788165713e-02
2.636928552576936133e-02
2.322734181124957997e-02
2.078567485575912033e-02
1.906105357269833461e-02
1.826536076350830651e-02
2.082673585298131652e-02
2.839434670337078609e-02
4.063838835150568318e-02
5.498803412689943354e-02
6.858991692901182657e-02
7.863933422707079790e-02
8.061717473165756764e-02
7.100203166268848065e-02
5.075680731974246962e-02
2.248290269500124311e-02
-1.289387994281279183e-02
-5.557271440684313779e-02
-1.066083793460256973e-01
-1.657125725029148511e-01
-2.296876049322449376e-01
-2.937898594544255948e-01
-3.518441925261194814e-01
-3.950814494480456296e-01
-4.106816021958709095e-01
-3.811659709831373144e-01
-2.869886450329457439e-01
-1.091099810000612930e-01
1.164770100416936544e-01
2.992737250326498177e-01
4.041058959352301638e-01
4.488317437525287668e-01
4.485020786150655803e-01
4.188208920513629696e-01
3.749371709661164509e-01
3.281037598565167968e-01
2.833926763056862086e-01
2.401689807827442902e-01
1.964058316590604758e-01
1.500203168682894550e-01
9.909386661088916137e-02
4.126729258972483549e-02
-2.408607750056186714e-02
-9.523688469356067499e-02
-1.718732114387741816e-01
-2.503653371880945055e-01
-3.227820304107283933e-01
-3.841743560308976124e-01
-4.312019847425916930e-01
-4.572843104259664004e-01
-4.544783447469525894e-01
-4.142539581782102021e-01
-3.403757346836107645e-01
-2.511139386048929500e-01
-1.478559779921846951e-01
-1.291108786831488692e-02
1.334679065123534902e-01
2.341854490948203638e-01
2.740123844833953215e-01
2.763511311634174739e-01
2.594620550570270190e-01
2.330663526932352791e-01
2.053680944899815841e-01
1.870658723288461112e-01
1.747311550139447611e-01
1.533177214091185347e-01
1.223956459417549492e-01
9.134181429933864449e-02
6.458265376475824660e-02
4.292163887463100458e-02
2.682478550035424791e-02
1.811409619991471293e-02
1.573015395262731056e-02
1.367010352140251260e-02
7.542251704590743205e-03
-3.711646853646808492e-03
-1.939850951596484158e-02
-3.760656417900291870e-02
-5.620210931190777748e-02
-7.047834532111180161e-02
-7.606853386209397327e-02
-7.186386391671706342e-02
-5.835229483301821590e-02
-3.678853243852959337e-02
-1.088160150453011329e-02
1.253507609023305977e-02
2.985287907372748822e-02
4.359084376366420543e-02
5.451324454068474240e-02
5.851174385607211398e-02
5.398243811976508044e-02
4.293765303627555124e-02
2.810118404952299809e-02
1.172713501363026670e-02
-4.761230120992075709e-03
-1.956956548273918600e-02
-3.130758336529570335e-02
-3.942409905870586373e-02
-4.422314904766985744e-02
-4.629124048249257106e-02
-4.686252825128840033e-02
-4.843925331842405951e-02
-5.345999260280350635e-02
-6.402821095588601130e-02
-8.232847638570868487e-02
-1.075124695762710580e-01
-1.343722695328996575e-01
-1.571198687909695635e-01
-1.712182351200104979e-01
-1.708484473718854535e-01
-1.447799874461040415e-01
-7.810074158253500765e-02
1.664057266044499314e-02
9.920384711657719012e-02
1.500343714331979772e-01
1.714562541765205228e-01
1.684572209921776920e-01
1.441596259641352296e-01
1.059269975411253617e-01
6.987721759161290291e-02
4.445983197597304371e-02
2.876676869035207917e-02
1.931939264487683716e-02
9.916574358165513789e-03
-6.927255594849926479e-03
-3.616125886548059165e-02
-7.249476730915141443e-02
-1.047479370039799407e-01
-1.236254334982756775e-01
-1.181675418364220020e-01
-7.433226981442200842e-02
1.855606513495317370e-02
1.368992324202022715e-01
2.265972658982443322e-01
2.630279068927864894e-01
2.533732463928383138e-01
2.071140320973635374e-01
1.386870074995354973e-01
6.567252076144111661e-02
-1.936169793171637482e-03
-5.996329784471850222e-02
-1.029805507231796591e-01
-1.266023504245338271e-01
-1.299247214259898753e-01
-1.168214393246577720e-01
-9.546556981809400932e-02
-7.176873340271998358e-02
-4.751300091532550951e-02
-2.622567234849351031e-02
-1.310662254269534532e-02
-8.759906965822506636e-03
-8.781375180225524726e-03
-9.276662115109586548e-03
-9.391104902262307347e-03
-8.159959108295419122e-03
-2.988409199839632720e-03
8.221938191183350217e-03
2.637878839994835245e-02
4.975625992175248397e-02
7.324858238304333968e-02
9.082122175039789025e-02
9.768892454700719985e-02
9.027416875483629255e-02
6.516032453114783962e-02
1.990193535655426782e-02
-4.302268499985887479e-02
-1.136667074986659615e-01
-1.804615534066133786e-01
-2.343935947740400372e-01
-2.675007899078800655e-01
-2.738473718706901927e-01
-2.473783901586642520e-01
-1.821699471238721890e-01
-7.536019236383437181e-02
5.196744302246231184e-02
1.576056208026832828e-01
2.231380775813673056e-01
2.513636374493383729e-01
2.466662404780811391e-01
2.164674842239106556e-01
1.693326079706551079e-01
1.137824848980193704e-01
5.608899951928582317e-02
6.719194668493282813e-04
-4.859073070994222171e-02
-8.818511811581902782e-02
-1.146075457734839764e-01
-1.256817727671876439e-01
-1.256350433899605656e-01
-1.214776105271273415e-01
-1.121319764389352575e-01
-9.149617503541138119e-02
-5.550986939312527874e-02
-1.391595925802315697e-03
6.013416801748516088e-02
1.063617016342225940e-01
1.310090908323913172e-01
1.416563313213902719e-01
1.396268860710428994e-01
1.237630996728726201e-01
9.945399445349953349e-02
7.237739132465398351e-02
4.558121081902377636e-02
2.497192493650494255e-02
1.711864974489161681e-02
2.574214708177989877e-02
4.464222173404515381e-02
6.057186419496592145e-02
7.061147935508424456e-02
7.947222216786288540e-02
8.571705831247933283e-02
8.432216517430131397e-02
7.415459108432535806e-02
5.619737613242201113e-02
2.899501068592886741e-02
-9.498528297880774740e-03
-5.811410481525959570e-02
-1.128410107657926847e-01
-1.679855987909169013e-01
-2.153204201176213695e-01
-2.430923348217218227e-01
-2.377914276790221715e-01
-2.073207725734453888e-01
-1.827510708532167905e-01
-1.732318526391054547e-01
-1.612361141797689912e-01
-1.422150003166147703e-01
-1.232694250319822660e-01
-9.153105662503549511e-02
-2.058409608597423085e-02
6.913244971002532879e-02
1.142085252406746521e-01
9.635646975071851528e-02
3.936472521071748137e-02
-3.424949496417078326e-02
-9.824786405703832270e-02
-1.206040686341300627e-01
-6.662951092933018515e-02
4.524679596890448380e-02
1.404218398256620037e-01
1.908365014412563565e-01
2.167445948138677081e-01
2.303890150932226544e-01
2.370478389631420491e-01
2.501282213629661411e-01
2.883814372056122677e-01
3.405229140420044653e-01
3.692648054473099961e-01
3.578346780333764854e-01
3.059241434276869787e-01
2.171508695629249530e-01
1.041238653170631634e-01
-1.656843909423660541e-02
-1.281324972613125668e-01
-2.263140207368208867e-01
-3.161274207139036507e-01
-3.848230247284313288e-01
-4.065886800563455195e-01
-3.965275805395884201e-01
-4.021423249453303095e-01
-4.311157981416793294e-01
-4.585471251252752345e-01
-4.654838579262833842e-01
-4.333436699943337134e-01
-3.601220074845539743e-01
-2.640127038356282485e-01
-1.600996608723093961e-01
-6.088582566861923395e-02
4.652753143087919041e-02
2.030779364521806962e-01
3.896178115253319252e-01
5.212649497274089994e-01
5.751437129696133077e-01
5.684765795292097135e-01
4.934774611940360711e-01
3.659659961232047953e-01
2.236609486389196100e-01
9.970993258155368133e-02
6.016395200440831370e-03
-6.270136658213867897e-02
-9.867375313866565134e-02
-8.361955638407606028e-02
-3.079593522752520005e-02
1.581486237050929930e-02
4.006759902377458188e-02
5.226879485725977742e-02
5.124980615285754104e-02
2.667905411412400604e-02
-1.330801994968578220e-02
-4.475511193954719025e-02
-6.022692003069704536e-02
-6.369371102395829376e-02
-3.977702766731745082e-02
4.004446319707764823e-02
1.539487486906885860e-01
2.353411763458816974e-01
2.613669929553075200e-01
2.519097028245617653e-01
2.160506759497744234e-01
1.500395041680255004e-01
6.079884343738133079e-02
-3.390913494572610209e-02
-1.189739677775054627e-01
-1.821607296642862861e-01
-2.097302763636807454e-01
-1.825537547590835308e-01
-1.279340234904643991e-01
-1.184293664144877301e-01
-1.691872925154238316e-01
-2.407709150165163181e-01
-2.905385226421466349e-01
-2.794838961071968164e-01
-2.050302156567149758e-01
-1.347742780777298199e-01
-1.395220313451447092e-01
-2.073832449630627905e-01
-2.807486355723690652e-01
-3.440984732342520225e-01
-4.252624024303541805e-01
-5.105807904111089313e-01
-5.475596101642801194e-01
-4.863146541210704998e-01
-3.194384733274759913e-01
-8.814558254476076438e-02
1.777890534316452220e-01
4.234136678919098173e-01
5.764279755730434829e-01
6.293106311699517841e-01
6.161542352125699562e-01
5.669529776782704644e-01
4.984699648639637770e-01
4.182579935148170724e-01
3.255582966739303252e-01
2.073001590537134620e-01
6.831137867735702363e-02
-5.991811608718725091e-02
-1.371833822367444222e-01
-1.250493390178579745e-01
-2.328104835741137690e-02
1.358813575974336940e-01
3.037559782001226782e-01
4.107961037748056876e-01
4.297004655601690537e-01
3.888722494913197658e-01
3.164874318065923342e-01
2.209046200276706950e-01
1.071302149132769138e-01
-1.180020230315238783e-02
-1.260655342091451525e-01
-2.321124896559010331e-01
-3.329375239333576819e-01
-4.326086698108390638e-01
-5.245994855006738122e-01
-5.982825914030268644e-01
-6.456926407286118774e-01
-6.540123533116926069e-01
-6.133795197003992783e-01
-5.222505362248557326e-01
-3.742452200709559529e-01
-1.517006403021687599e-01
1.166060074890176990e-01
3.447790113388319866e-01
4.805758489618812690e-01
5.228292588594141144e-01
4.999583598081782654e-01
4.439742535655468725e-01
3.661908704277005433e-01
2.759655089792575899e-01
1.883634735338570176e-01
1.146942648005031540e-01
5.684320924714253431e-02
1.110617321623372407e-02
-2.130108644016786082e-02
-3.613626269049924344e-02
-3.353655065038406435e-02
-1.968254660435452344e-02
-2.346498779310278449e-03
1.585994647711165551e-02
3.159767577069883676e-02
4.146537715353835335e-02
4.663917554406519367e-02
4.875248240191845661e-02
4.520194785906375690e-02
3.168186102937822768e-02
7.067666756879555784e-03
-2.853955005079411925e-02
-7.359701377019806090e-02
-1.223895911320063840e-01
-1.732997536064551647e-01
-2.326284323543017507e-01
-3.030579857646704123e-01
-3.783212993217751619e-01
-4.437095494487328096e-01
-4.795868463690856620e-01
-4.784161089669582423e-01
-4.454376268703134634e-01
-3.712137516349613975e-01
-2.303686315972077736e-01
-3.843677614079629712e-02
1.486514472035262435e-01
3.054414915369744743e-01
4.366662745070233331e-01
5.307662954724980953e-01
5.631916225076196714e-01
5.394341509770257392e-01
4.823650627712890437e-01
4.050310450499104986e-01
3.191865460954175227e-01
2.347308917180784271e-01
1.551502262500762674e-01
8.063043835851353702e-02
1.417140146762409930e-02
-3.962524102030422907e-02
-7.926296683967920531e-02
-1.085309836058826194e-01
-1.323159135462360081e-01
-1.529640076326747034e-01
-1.722104414180504195e-01
-1.934980292801550816e-01
-2.190117140944714269e-01
-2.461017559753016504e-01
-2.685044724174289743e-01
-2.796714197845806549e-01
-2.773593456470868635e-01
-2.608797397406474317e-01
-2.244711720356208362e-01
-1.618483874506567721e-01
-8.106933760436510483e-02
6.315427090099079432e-03
1.068997283387403546e-01
2.139982515216086179e-01
2.980002313854793194e-01
3.477327816178296116e-01
3.685598592586611932e-01
3.627028794314230420e-01
3.336418026086344080e-01
2.871322322488595868e-01
2.252551396806758421e-01
1.438777674098466741e-01
4.806376141875397245e-02
-4.252245245769471077e-02
-1.121932550834157938e-01
-1.549247816741283201e-01
-1.749936130539435086e-01
-1.790638198515588364e-01
-1.679882433478643300e-01
-1.439913573141514691e-01
-1.115798117013540314e-01
-7.489091547402926263e-02
-3.756916131304448986e-02
-3.401554911459575559e-03
2.243230429067374215e-02
3.588170021372021068e-02
3.870154953725947478e-02
3.635115273217853077e-02
3.339820543704082045e-02
3.195079667106877352e-02
2.980347165741416282e-02
2.352353321291806784e-02
1.085642009410917735e-02
-1.192349463748080401e-02
-4.723208984480609801e-02
-9.342394912801245399e-02
-1.489491472591430443e-01
-2.104354928915301570e-01
-2.677637531726596021e-01
-3.104405527055435488e-01
-3.300572298351927003e-01
-3.187898883898039881e-01
-2.714674724379473880e-01
-1.796536813407132172e-01
-3.065253369588166049e-02
1.485365184549379547e-01
2.930656239712526312e-01
3.782130822164651573e-01
4.166395677472753967e-01
4.169455737974126497e-01
3.831701727745252528e-01
3.236770107404614016e-01
2.507168538154516124e-01
1.662148337026997102e-01
7.233680994306847245e-02
-1.535532403858554107e-02
-8.480042150523237066e-02
-1.343816749216730777e-01
-1.641050845490598653e-01
-1.746891228885957548e-01
-1.680754739545133880e-01
-1.474910377563927733e-01
-1.203981625709095726e-01
-9.364027769409319357e-02
-6.716862242774643277e-02
-3.903722742006177082e-02
-1.092353133887065918e-02
1.527231996161671976e-02
4.120634644408657093e-02
6.563492023250973306e-02
8.377897451178482890e-02
9.499874985432457675e-02
1.003023443860160679e-01
9.844752620788312092e-02
9.007303656412998794e-02
7.821540872475124528e-02
6.456480768910768941e-02
5.012196731803135463e-02
3.763531304799487553e-02
3.004456100563458743e-02
2.643691361536021703e-02
2.399220333846750416e-02
2.299953315006177459e-02
2.531529933076251751e-02
3.010677493865722074e-02
3.348354339590962903e-02
3.210127625625596587e-02
2.417829130906397686e-02
6.840519802063356469e-03
-2.417878320975033746e-02
-6.866555038666634359e-02
-1.204992085045361733e-01
-1.745706262543667564e-01
-2.327138866423921759e-01
-2.996737187214928433e-01
-3.730624651391238333e-01
-4.440330980739705669e-01
-4.987295885929298178e-01
-5.173405551210228381e-01
-4.731169077566177439e-01
-3.348953532288886370e-01
-1.264546652559879469e-01
7.688782181826615825e-02
2.536512795747809523e-01
4.294774113245555247e-01
5.916275924635974182e-01
6.903727813889868337e-01
7.096298842645647476e-01
6.695719689692215537e-01
5.869338201784903841e-01
4.735597091378663803e-01
3.401266634174597847e-01
1.956473280539431370e-01
4.752981808771637728e-02
-9.709035316727217257e-02
-2.311824859925476483e-01
-3.473190163122295004e-01
-4.383253358445312053e-01
-4.942283324267344180e-01
-5.041142570240393361e-01
-4.643514677390365719e-01
-3.851087924236654692e-01
-2.798484808860742801e-01
-1.470308378252686010e-01
2.323514335010147536e-02
1.977403480025733684e-01
3.070289005646869018e-01
3.356618144434719841e-01
3.118743383640617539e-01
2.550241952707889004e-01
1.794887834622095890e-01
9.916720059235979712e-02
2.356398613749090959e-02
-4.430269245021938029e-02
-9.967022741493057614e-02
-1.345435336885954514e-01
-1.433814245084466810e-01
-1.415547590548572598e-01
-1.547958748617661029e-01
-1.804873066348753052e-01
-2.027726922259997233e-01
-2.098710400366729234e-01
-1.858826447015174133e-01
-1.197848661359940253e-01
-1.115053446299460807e-02
1.119076572357852045e-01
2.044783368862331807e-01
2.560240037733507723e-01
2.778145545072453482e-01
2.760104578644414497e-01
2.548934758032996295e-01
2.194119614041018240e-01
1.761525528519032324e-01
1.289534431834309380e-01
7.910137427348191974e-02
2.816286762566297397e-02
-2.317722104891142137e-02
-7.640071415685580070e-02
-1.284622820890073680e-01
-1.703770119976312225e-01
-1.957188998127755430e-01
-2.028519924496396398e-01
-1.911005138667541681e-01
-1.613845950291546150e-01
-1.172471773728822331e-01
-6.504678241023996443e-02
-1.283907193335225190e-02
3.210037619503881834e-02
6.386620209314153307e-02
8.065328570250018814e-02
8.576000554118837216e-02
8.424462532543196269e-02
7.956587737228160151e-02
7.289553650873444035e-02
6.276355431718065592e-02
4.783953622592781313e-02
2.889349369321641062e-02
4.882707544076955383e-03
-2.654046541824200967e-02
-6.397844127192803265e-02
-1.020570312696348486e-01
-1.328868203389292624e-01
-1.466653439249399615e-01
-1.355068601944164897e-01
-9.438952956545711148e-02
-3.239123800816093302e-02
3.220762360160910054e-02
1.009927729170904398e-01
1.864231203481862276e-01
2.725934438920114000e-01
3.269394176284413644e-01
3.451811550075598589e-01
3.383748904171799965e-01
3.081691404560604197e-01
2.503265235607847194e-01
1.660448739975458610e-01
6.596076945668558067e-02
-4.001556723440295726e-02
-1.433468593655352064e-01
-2.362475268884524082e-01
-3.139065802835223629e-01
-3.748397868780827258e-01
-4.174938945779412269e-01
-4.352606925341585553e-01
-4.177406401327237728e-01
-3.791226558506473610e-01
-3.571657933051923806e-01
-3.594235309106453835e-01
-3.639964811476031903e-01
-3.495271173738971893e-01
-2.952631834129943456e-01
-1.820989068357378449e-01
9.579358755815840093e-03
2.454224111498256589e-01
4.318424922735652483e-01
5.307373396040483415e-01
5.588682827186310931e-01
5.299904808871277462e-01
4.530635728065534051e-01
3.392259424649209376e-01
2.087713772945440360e-01
7.634564854178454985e-02
-4.629787382218718272e-02
-1.309336578500357451e-01
-1.440163047128437124e-01
-9.765478232845534179e-02
-4.458110062687586223e-02
-8.592459277188839797e-03
1.491662979372549921e-02
2.551029013209260218e-02
2.204151258313214248e-02
1.260954397923588419e-02
9.824655656145941246e-03
1.573520599608613582e-02
2.151317479216743878e-02
2.293945372176181899e-02
2.085031202471454917e-02
1.119442776626343623e-02
-9.505267590392062899e-03
-3.497166961917650557e-02
-5.424122167672465467e-02
-6.154728034471824982e-02
-5.723787081523306480e-02
-4.359506314266713839e-02
-2.289264705325699117e-02
-4.843286023692942172e-04
1.808307753742669291e-02
3.248054460541258126e-02
4.296936473379614485e-02
4.720605536455340506e-02
4.333980301748225489e-02
3.277895232853974411e-02
1.872083383150029146e-02
1.342291856520090110e-03
-1.931800284491642233e-02
-3.567613044764984115e-02
-3.809599691969303009e-02
-3.007897454763256567e-02
-2.499722273809020651e-02
-2.691335055908600574e-02
-3.131709990476774785e-02
-3.590318270145548274e-02
-3.549343789375251218e-02
-1.868874009535261699e-02
2.535443447960254726e-02
1.052042232490777302e-01
2.292593285809743919e-01
3.715883149626200144e-01
4.721987304768391347e-01
5.069510297815268407e-01
4.866600193609150748e-01
4.204205779564103573e-01
3.153849188572561690e-01
1.766273144056619282e-01
9.224178317510073333e-03
-1.797737631347958720e-01
-3.797674657978690194e-01
-5.735479332754190862e-01
-7.381072870856288937e-01
-8.468869809611698773e-01
-8.696184182695416709e-01
-8.000877024385494307e-01
-6.555070787256489506e-01
-4.666828551244583401e-01
-2.751312993309607546e-01
-1.005199101047739435e-01
5.442336451552930165e-02
1.765674536952587248e-01
2.401516763277168898e-01
2.616602748607728124e-01
2.803685826842182705e-01
2.742322124562034391e-01
2.044938651486029046e-01
9.453908022395286770e-02
5.618341127483758579e-03
-4.505665609986481135e-02
-8.516086628748634202e-02
-1.146612289577045307e-01
-1.025598970190634562e-01
-4.761117528518972464e-02
1.829832482340133792e-02
9.603515576671373122e-02
2.000442652468723825e-01
2.946790708476945131e-01
3.358082586150337168e-01
3.376339810700771382e-01
3.483268613891528087e-01
3.538146294514741275e-01
2.829248224699779657e-01
1.295396325889472955e-01
-5.155849099446159489e-02
-2.096917163938336326e-01
-2.939241431054884779e-01
-2.641016267745279200e-01
-1.205458742450658260e-01
9.769618807630449375e-02
3.141417696591385922e-01
4.434019772825077976e-01
4.635754435052672484e-01
3.987752877468107582e-01
2.758550228806911919e-01
1.233694167858752633e-01
-3.459145016962210384e-02
-1.806906432273743257e-01
-2.998824716268003732e-01
-3.716824956774985034e-01
-3.693726910061448931e-01
-2.982541361463683094e-01
-1.973437972198450185e-01
-8.279954356048466191e-02
5.192352904063973762e-02
1.844541264668494995e-01
2.588935614146721242e-01
2.506509892101735359e-01
1.737723370482831819e-01
4.592251845870994054e-02
-1.108775021278375350e-01
-2.689921087316104464e-01
-4.020247125397165000e-01
-4.903986909405154693e-01
-5.151271518557687390e-01
-4.528731355019428584e-01
-2.808106162996993893e-01
-4.068364318422653531e-02
1.694448453687461276e-01
3.055950508909344721e-01
3.677748713164362693e-01
3.638423943095456248e-01
3.126464825776702483e-01
2.317647369788441991e-01
1.392499339798438096e-01
5.008961999726145586e-02
-2.573858833567578205e-02
-7.729711503542854856e-02
-9.230683929985869507e-02
-8.309877510097876674e-02
-8.401237796253922807e-02
-9.611965637536303009e-02
-8.223462970987643894e-02
-4.751410182778270652e-02
-5.153956802993910069e-02
-1.108639730186094519e-01
-1.955846230437610633e-01
-2.798076643783433681e-01
-3.338999741463439808e-01
-3.250881178225278889e-01
-2.262960574254598567e-01
-3.989604229330463714e-02
1.666714988675059572e-01
3.154102651620220854e-01
3.912298757684179451e-01
4.101715560245909886e-01
3.856102708002374646e-01
3.325886476343494769e-01
2.629838575625749741e-01
1.843990697846560889e-01
1.048737300945482565e-01
3.265534344695667640e-02
-2.772011968311060073e-02
-7.571662711045001881e-02
-1.103367969710186414e-01
-1.248129108081063310e-01
-1.139971737467340568e-01
-8.953569663457530692e-02
-6.893065632654399311e-02
-5.634719472869263723e-02
-4.666240688144304705e-02
-3.657939486961710174e-02
-2.808271831803209329e-02
-2.456337186259740374e-02
-2.754880429553114088e-02
-3.703150379799339392e-02
-4.925965144184431960e-02
-5.714827342641302932e-02
-5.350943712419385656e-02
-3.634598700089471807e-02
-1.141265534453087677e-02
1.537087977323990315e-02
4.014596271401069810e-02
5.814500871670578303e-02
6.455262908410899780e-02
5.906175594417140129e-02
4.598385207874571001e-02
2.825672401018349336e-02
9.071258957121925565e-03
-7.827692624039633146e-03
-2.155141650504798986e-02
-3.443528934751882709e-02
-5.093886846396092349e-02
-7.089083032018785036e-02
-9.083299306947820173e-02
-1.071447532980164125e-01
-1.110060269980689962e-01
-9.378448047024141865e-02
-5.421138166133877140e-02
-2.730611436294075496e-03
4.524612340207131989e-02
8.481904835486332728e-02
1.152320691033763833e-01
1.331940291842103330e-01
1.372733718293720484e-01
1.297597451604270702e-01
1.167873701361227673e-01
1.029734493281116298e-01
8.911710971612549215e-02
7.554855219820486023e-02
6.267136696014566355e-02
4.705467066430336909e-02
2.465367436171467252e-02
-3.298881815499548134e-03
-3.596788286115864403e-02
-7.372387627523385722e-02
-1.145165356540278623e-01
-1.554710849901939085e-01
-1.918670271317384768e-01
-2.187863555091865142e-01
-2.318060589102537150e-01
-2.238116431572894360e-01
-1.867127162004560414e-01
-1.247026226161348506e-01
-5.416349543498656660e-02
1.376784965571090612e-02
7.572457661073202229e-02
1.229498470777281860e-01
1.404536738902764925e-01
1.285691255488043971e-01
1.011768618062166281e-01
6.872072421542635423e-02
3.883434352458628447e-02
2.030741206243317359e-02
2.168051077820928874e-02
4.104511482111102005e-02
6.789799919541282536e-02
9.987206035442143526e-02
1.425960617201541547e-01
1.910835629142258463e-01
2.300730254746437553e-01
2.542144611550132272e-01
2.658948579650894928e-01
2.610162150926135238e-01
2.322565306710851207e-01
1.787656757334880053e-01
1.045276531217658733e-01
1.198446898143972969e-02
-9.723571423324572915e-02
-2.170919821197695165e-01
-3.382369781347143167e-01
-4.530802703375560458e-01
-5.532040650495952949e-01
-6.235489420359461299e-01
-6.442530072808831942e-01
-6.170990001117964141e-01
-5.624629415717250502e-01
-4.709157242317545400e-01
-3.054252351592088299e-01
-8.118346975952676903e-02
1.334710333996521614e-01
3.028267920231198507e-01
4.219275346399858906e-01
4.874220725737418158e-01
4.989126813005977379e-01
4.699367481550636994e-01
4.277042149995322617e-01
3.824819880098090930e-01
3.265362984514321720e-01
2.639214904439428633e-01
2.088393878144022553e-01
1.683416058778196278e-01
1.463229409206739384e-01
1.453411117263793129e-01
1.648749913396473088e-01
1.918990690591508286e-01
2.006808601217621169e-01
1.788997628906505433e-01
1.278703959766672449e-01
4.640654593418611779e-02
-6.702521946755975180e-02
-2.045373969537019332e-01
-3.481343929620974165e-01
-4.741151540325194702e-01
-5.523784514596989936e-01
-5.534720006409439286e-01
-4.523866623842930923e-01
-2.814375856782784791e-01
-1.237585422688367853e-01
-1.002789672742200600e-02
7.438328245763339841e-02
1.243326354921236582e-01
1.199571551444868489e-01
6.852149416127420456e-02
-2.663731121640124100e-03
-7.241803512839661838e-02
-1.238049857355855154e-01
-1.444136226264221556e-01
-1.207304538758921519e-01
-4.720298419847382410e-02
6.816576653529704544e-02
1.839405326323289847e-01
2.290086474160715480e-01
1.859178630457152814e-01
8.803058238675962044e-02
-3.451911694453125429e-02
-1.528745527472344101e-01
-2.355686597687671746e-01
-2.647055169636686189e-01
-2.553106272169059499e-01
-2.248225002500207903e-01
-1.552033275239524945e-01
-8.145411464174020372e-03
1.887178559180446857e-01
3.412384924069910008e-01
4.132792687652768748e-01
4.260196897775934133e-01
3.976006192285352903e-01
3.435275967847866152e-01
2.764927537659799817e-01
2.046269577391591210e-01
1.340721349538096796e-01
7.069755826783599706e-02
1.833792597781341155e-02
-2.161534694039957127e-02
-5.074826527050318309e-02
-7.029828422627723561e-02
-8.051920866874116844e-02
-8.334750812906283057e-02
-7.975297843995987623e-02
-6.977041803307285073e-02
-5.377980528752476092e-02
-3.177868349675577742e-02
-6.718867241343740027e-03
1.536483250236865550e-02
3.050120914336877653e-02
3.695853561994492248e-02
3.379878006694116838e-02
2.041370834210888899e-02
-2.544611465047346560e-03
-3.224059602990232698e-02
-6.736198630581613500e-02
-1.100733242704399067e-01
-1.620162558705052214e-01
-2.214567036734403915e-01
-2.852202247942672297e-01
-3.488448984409875941e-01
-4.046239526637397388e-01
-4.416844143340339923e-01
-4.477876183740157057e-01
-4.134818783447429813e-01
-3.371363428177365784e-01
-2.205711975418372106e-01
-7.475716632447967913e-02
8.120473836749936281e-02
2.470756851434357526e-01
4.064614471301356557e-01
5.102768635524049801e-01
5.428714612075877799e-01
5.256249786998894447e-01
4.795583537368476867e-01
4.169098211377782470e-01
3.441638864515684793e-01
2.675480049202153543e-01
1.924755956520499411e-01
1.197009665634125586e-01
5.002225074945208794e-02
-9.780478014517632324e-03
-5.383296326816726374e-02
-8.312137209193447285e-02
-9.882910736045263933e-02
-9.868190455910649805e-02
-8.143278936415594693e-02
-5.370703322080237763e-02
-2.835057451887357249e-02
-1.046374586310136467e-02
6.180198573466494372e-04
2.162101168111069810e-03
-8.859679375553104752e-03
-2.944311064327250968e-02
-5.026883982571944687e-02
-6.661040916828850356e-02
-8.124167663306111620e-02
-8.947085083823048957e-02
-9.129256061254226173e-02
-1.035139339281083426e-01
-1.373848124491810208e-01
-1.920794858060145549e-01
-2.626708036114008271e-01
-3.448593059708208175e-01
-4.263886435602605718e-01
-4.900854507552710460e-01
-5.227916939184661382e-01
-4.968693725086992807e-01
-3.696571405301107838e-01
-1.273876468761184488e-01
1.655588912987503991e-01
4.048091117784253790e-01
5.416768085246815856e-01
5.918321895477339778e-01
5.755209661100568752e-01
5.019846852170662954e-01
3.917987389110947349e-01
2.707966174402380855e-01
1.573670564638099401e-01
6.334739231757020861e-02
-7.979038921056601577e-03
-6.399588145472033529e-02
-1.153781299501832336e-01
-1.622417551076393571e-01
-1.971558464096687946e-01
-2.103755215362392850e-01
-1.877722088284494439e-01
-1.140838608720163572e-01
-3.181747550620311893e-03
9.639105588144125658e-02
1.557678334322283586e-01
1.788339824226110597e-01
1.769099356936532086e-01
1.593609311073571344e-01
1.309934689268977548e-01
9.551676417017609944e-02
6.158151395679093559e-02
3.593512440456316653e-02
1.666208867026253496e-02
4.074841217238778235e-03
8.347008217770186811e-04
5.542432780578244317e-03
1.493047125130265995e-02
2.625715337786667727e-02
3.652518840703494751e-02
4.270746166642625657e-02
4.350044134404330853e-02
3.573874092388938661e-02
1.602835844959926703e-02
-1.399833618289865120e-02
-5.195083411013942665e-02
-9.749676710522220402e-02
-1.497655969237843554e-01
-2.084104708709178244e-01
-2.718864303833234963e-01
-3.321724493929111288e-01
-3.782147917483386634e-01
-4.046272774209757617e-01
-4.093701692509749690e-01
-3.849942243651987561e-01
-3.192999238684523511e-01
-2.036565731596520767e-01
-2.981631439371511608e-02
1.750336547088308936e-01
3.368761507384642195e-01
4.200939119729308890e-01
4.411440989780590627e-01
4.202785398562500774e-01
3.728331563744785582e-01
3.099705057192525537e-01
2.399244301324133521e-01
1.683981967441269267e-01
1.006730128661461887e-01
4.117189598045897792e-02
-9.313102663110013266e-03
-5.508475547017702145e-02
-9.690093139394902189e-02
-1.271650289884427576e-01
-1.412972812912755005e-01
-1.384954669005023231e-01
-1.172004511796505000e-01
-7.733599574385907616e-02
-1.570424324492920160e-02
5.650306882954601873e-02
1.098199650297962959e-01
1.348553271716168844e-01
1.383136541452184842e-01
1.247872702305964365e-01
9.796419580241530478e-02
6.058584063393625263e-02
1.880991834699992024e-02
-2.028455339851777117e-02
-5.093281049186955400e-02
-7.226035505438528628e-02
-8.732263865393417868e-02
-9.873485935171778805e-02
-1.093335746391856100e-01
-1.162874842720742485e-01
-1.103989170424509864e-01
-9.149363697612236668e-02
-6.885065666325559941e-02
-3.854738993283884224e-02
1.703260422303856311e-02
8.239578812802852981e-02
1.084908379031113423e-01
8.021798679855249303e-02
1.583928518337087213e-02
-7.106488165338914476e-02
-1.722559455815220186e-01
-2.760863584400356507e-01
-3.651434253482350734e-01
-4.256844540653604847e-01
-4.480083016917631444e-01
-4.143702158919311818e-01
-2.964438499259353654e-01
-1.101263247288710445e-01
7.810217683139328293e-02
2.295898615486610395e-01
3.362419718510937794e-01
3.941392046787426384e-01
4.060668448943953734e-01
3.889206507324154405e-01
3.663849757081257819e-01
3.519057137960933113e-01
3.511149072216677158e-01
3.561986088762734703e-01
3.496115248475342718e-01
3.270758163644194028e-01
2.939841356129467842e-01
2.539258365467031986e-01
2.092494378857485404e-01
1.589456421740905179e-01
1.017318293920097677e-01
3.918212191525456689e-02
-2.769836905310806008e-02
-9.995488806203429999e-02
-1.789366061385311568e-01
-2.660652853052075106e-01
-3.604103490572443391e-01
-4.600468911714819531e-01
-5.639923578071945887e-01
-6.640824740790156611e-01
-7.413157723830431367e-01
-7.717390183878466425e-01
-7.295970846798014442e-01
-6.035667899424064231e-01
-4.046795972240558870e-01
-1.540987775022877593e-01
1.319443152001703867e-01
4.079210196386469089e-01
5.924729439997394875e-01
6.614100533296676243e-01
6.442884453249664301e-01
5.685394092219039353e-01
4.621095196012194872e-01
3.438966173233726220e-01
2.220706125036642220e-01
1.095362986094710472e-01
2.528960657671953938e-02
-2.252534945356109847e-02
-4.776806906043697121e-02
-6.456288683509678328e-02
-6.438254166544268853e-02
-2.460230188215450225e-02
7.629111905714340558e-02
2.091619078648963292e-01
2.977973975023354147e-01
3.129799515291681322e-01
2.719986798785359872e-01
1.908176029394935691e-01
8.577191598399738770e-02
-2.663753138054730449e-02
-1.323294849677929541e-01
-2.274615633954676086e-01
-3.165203148717760095e-01
-3.941728974736931623e-01
-4.474167510077434184e-01
-4.756139379721912031e-01
-4.857257698760046871e-01
-4.657157968380462587e-01
-3.865075871461740586e-01
-2.679953630692379907e-01
-1.792148665347456926e-01
-1.304675727300130261e-01
-7.522904343058559040e-02
2.034176866412166357e-02
1.563647432576859009e-01
2.773400322553259967e-01
3.197188798577381141e-01
2.908169726112483366e-01
2.428079290633950726e-01
2.191208187714519529e-01
2.452952100324916895e-01
2.934393961965351960e-01
2.954220838560340234e-01
2.386389276801147152e-01
1.615244068556345725e-01
8.004713023390658266e-02
-1.463533681271381170e-02
-1.150047768448922286e-01
-1.913501120892301677e-01
-2.312074249570919282e-01
-2.435789973510703588e-01
-2.158092188020610536e-01
-1.127391631531680094e-01
4.861722912427070276e-02
2.029249184745626766e-01
3.452611776077166295e-01
5.152091775983171917e-01
6.797792914172641199e-01
7.572658280461835867e-01
7.311340053862565025e-01
6.317972375775472438e-01
4.813881750763986389e-01
3.037503777019665563e-01
1.211834439491342452e-01
