-6.520186908259265057e-02
-1.204744552576820227e-01
-1.682425160072520132e-01
-2.035725192527638727e-01
-2.301860656375420977e-01
-2.537230018150805622e-01
-2.777639775272399691e-01
-3.029951961223517065e-01
-3.191872886924145836e-01
-2.990344911520316229e-01
-2.248221155914554292e-01
-1.194604191693964812e-01
-1.979387930128904266e-02
6.524360382848458373e-02
1.450285696968556803e-01
2.213952925891951307e-01
2.824230674402285479e-01
3.197054414646591236e-01
3.310364932276919636e-01
3.074066467245557543e-01
2.407052374254761151e-01
1.497887756668365156e-01
7.351475943738321195e-02
2.371372766999819623e-02
-1.554680231362044404e-02
-5.717254779110381158e-02
-1.113530834670482805e-01
-1.794992442842892888e-01
-2.397889228364341596e-01
-2.594814312560540515e-01
-2.165858042116202142e-01
-1.248208765170587542e-01
-2.214867152036043355e-02
7.902491635721800578e-02
1.893907628136017596e-01
2.922850814958051213e-01
3.454879715914255245e-01
3.409366494448980434e-01
3.052210987270596587e-01
2.571506493826991036e-01
2.008231565485248393e-01
1.392865468833681952e-01
7.796137096341082540e-02
1.669816602116751605e-02
-4.242048232774001809e-02
-8.991050009058063064e-02
-1.199524404545952161e-01
-1.443603666009690145e-01
-1.831039365931858010e-01
-2.409008814153165146e-01
-3.069815139850713415e-01
-3.679939532833493843e-01
-4.168002736603521052e-01
-4.465654185085324857e-01
-4.440757213490114097e-01
-3.944169382405181001e-01
-2.832955585930271303e-01
-1.000909868168116668e-01
1.165921291079839439e-01
2.850379807607396621e-01
3.747613360733016430e-01
4.069830578252394138e-01
4.076808941282678012e-01
3.947315610399570462e-01
3.711652731097118130e-01
3.376107642808336973e-01
2.940241758522295079e-01
2.354037458136004901e-01
1.575744812096351866e-01
6.277259214116276409e-02
-3.801699028911578737e-02
-1.310849554379263093e-01
-2.116887282569189233e-01
-2.810677531593187561e-01
-3.340060957801435637e-01
-3.689533213776893805e-01
-3.960008460754039228e-01
-4.132731931218267540e-01
-4.042141792524064359e-01
-3.554813268930070991e-01
-2.536686260337512322e-01
-1.053383645854020223e-01
5.910174962291728923e-02
2.112578592089947027e-01
3.213831244887031535e-01
3.755586064602921548e-01
3.806974657249297400e-01
3.468088071096271374e-01
2.880308844637579635e-01
2.203715717803123586e-01
1.544090983780500859e-01
9.547721524665178650e-02
4.900075302037725650e-02
1.577728453070412207e-02
-8.826417769196685109e-03
-2.882297181210038972e-02
-4.468210423910767837e-02
-5.244992005396935386e-02
-5.152211268951571721e-02
-4.895522696616343844e-02
-5.084572477149185143e-02
-5.667902256436838787e-02
-5.942517993108639707e-02
-4.199960277176299772e-02
1.284724969195331218e-02
8.536905462853228155e-02
1.311266164978480142e-01
1.325449030786134685e-01
9.914046215951501095e-02
5.256149964346504971e-02
1.178822023303547836e-02
-1.973378339185801952e-02
-4.585998111559166923e-02
-6.796519222913281755e-02
-8.435119077810952770e-02
-9.966329121958292236e-02
-1.211733360765125667e-01
-1.482643008170696775e-01
-1.776699988397218433e-01
-2.049314974552918223e-01
-2.223991505964319770e-01
-2.331259841940988009e-01
-2.485281478419607559e-01
-2.595376730611979599e-01
-2.320741472178101117e-01
-1.263265506266811056e-01
3.359152226634761623e-02
1.574175250757144928e-01
2.110932706589787322e-01
2.189738392309874548e-01
2.014731895921212934e-01
1.741200841410217581e-01
1.484599020796020519e-01
1.372207022486578443e-01
1.419655030726132694e-01
1.449283295400248806e-01
1.328142466585304771e-01
1.049716251587459737e-01
7.223574342545784066e-02
5.476672624303721704e-02
5.591481750386011196e-02
5.974889552078611887e-02
5.752457567337104782e-02
5.072144373609969309e-02
3.956876488643946282e-02
2.366979677073492716e-02
6.001629174608419381e-03
-1.416492620358893867e-02
-4.230341804893034130e-02
-7.501180920661000562e-02
-1.018484494892176184e-01
-1.185840597599176482e-01
-1.258811574908646203e-01
-1.250415276600662928e-01
-1.175037560913140822e-01
-1.039789528597373641e-01
-8.600682383444394064e-02
-6.534842151060996085e-02
-4.415162871760412028e-02
-2.602052000758693640e-02
-1.370633346639567665e-02
-5.521707463321715026e-03
5.237620154283065613e-03
2.469357450876823526e-02
5.256360150810245047e-02
8.188625494369052016e-02
1.049155749543114469e-01
1.168987440271738315e-01
1.166327280486100237e-01
1.069057058034787733e-01
9.025937551303028772e-02
6.685235912698701821e-02
3.895227437373805640e-02
1.065594661244950378e-02
-1.737928545885457712e-02
-4.331279764059356441e-02
-5.914408437502427507e-02
-5.991567067713837041e-02
-5.085670924582486735e-02
-3.951185605333160794e-02
-2.823185397201326274e-02
-1.713686263862042314e-02
-5.805810064711740097e-03
6.901635059541636960e-03
2.101181645996520048e-02
3.509903351126687082e-02
4.566876847441165427e-02
4.889465935120661244e-02
4.392974685520046468e-02
3.103083597203415769e-02
9.309835573959146515e-03
-2.141048220029224611e-02
-6.083776467893305812e-02
-1.068494982096581114e-01
-1.489887600692247627e-01
-1.747063257543947090e-01
-1.792141312574849210e-01
-1.569308580198120751e-01
-1.147098702554905092e-01
-7.656145743490208599e-02
-4.697369609748390518e-02
-8.551827884411469100e-03
5.814364880121527385e-02
1.442144482759637192e-01
2.146907429474332607e-01
2.539045041537548175e-01
2.571341906086961338e-01
2.196378843094270172e-01
1.485867609628274411e-01
5.761921814869667979e-02
-4.171685204742673486e-02
-1.409687309105436548e-01
-2.302192146884627921e-01
-2.955757734428476891e-01
-3.310825355703332362e-01
-3.424803603280417441e-01
-3.242087167821104954e-01
-2.577666023006388030e-01
-1.257865194421116661e-01
4.349529286523931559e-02
1.779212394547567966e-01
2.511330164440109813e-01
2.815462944860266381e-01
2.824572247766720667e-01
2.646549128688744368e-01
2.380201456424973216e-01
2.055296216482845328e-01
1.687974773935345951e-01
1.309154079056164544e-01
9.465418420572559166e-02
6.476322480106563861e-02
4.316687722443492137e-02
2.780075416338052136e-02
1.512267826159921502e-02
3.128962408718266586e-03
-5.736906366774902066e-03
-1.012692775905245715e-02
-1.312462110759261141e-02
-1.835603461483853449e-02
-2.521525843041824005e-02
-2.882480958487488795e-02
-2.572546851711829050e-02
-1.857517821898602844e-02
-1.325106452076400820e-02
-1.427069316770117335e-02
-2.350486176417798320e-02
-3.995473846614312069e-02
-6.008323671696150226e-02
-7.912814411757689015e-02
-9.560344278416026131e-02
-1.106040865196096235e-01
-1.215237388156165110e-01
-1.213390211656788231e-01
-1.003473563883211378e-01
-4.552550594838770254e-02
3.185063322145548215e-02
9.061832752843977656e-02
1.101677095141191387e-01
9.421775201967381996e-02
4.577750831755430377e-02
-3.167752545296109723e-02
-1.269648083136069305e-01
-2.246507567403296934e-01
-3.157506957782915125e-01
-3.923830676811201901e-01
-4.396874038540098950e-01
-4.403779882988749228e-01
-3.791295339463304215e-01
-2.378561980137802179e-01
-4.313920409889254737e-02
1.289082579275211138e-01
2.519112666748735685e-01
3.533331596313540324e-01
4.364351158689870891e-01
4.747249258201563515e-01
4.630655673619206159e-01
4.200500195174450835e-01
3.581035885355363102e-01
2.834883085116557955e-01
2.050751320138974043e-01
1.313038740883761268e-01
6.512263028675280285e-02
8.926327073233732839e-03
-3.447594068083431607e-02
-6.544341372300757631e-02
-8.905662928856614147e-02
-1.110242679560335538e-01
-1.255466112385424937e-01
-1.218955830806404961e-01
-1.025994280938090086e-01
-7.513314247912376842e-02
-4.353734321342917629e-02
-1.299858566959984779e-02
9.248543762511621247e-03
1.803073222235392070e-02
1.652774949200733895e-02
9.125053158820183724e-03
-7.237438401728384617e-03
-3.495257776702206248e-02
-6.941221779965585370e-02
-1.009019213370027368e-01
-1.187185184395525422e-01
-1.188677983071037558e-01
-1.003007392831220396e-01
-6.133753147540552120e-02
-1.047927713832406613e-02
3.796620907568258596e-02
7.693508101020342382e-02
1.048660120193001533e-01
1.202274900305069227e-01
1.232139946096012795e-01
1.177190244744366204e-01
1.060811868610203740e-01
8.721100722704595853e-02
6.037830795211068108e-02
2.664849421597607210e-02
-1.264079308129977680e-02
-5.549208222930369916e-02
-9.844215365021981301e-02
-1.406481134489489804e-01
-1.826989368561796889e-01
-2.269405209904688525e-01
-2.780158303212443838e-01
-3.321517832442059115e-01
-3.767804523311343856e-01
-3.946395155302328539e-01
-3.649103243830420507e-01
-2.722838880762885605e-01
-1.040314350580238412e-01
1.027006512807416005e-01
2.571517282350160860e-01
3.285195789063382055e-01
3.457463458041249993e-01
3.306899499580865376e-01
2.992709767252894060e-01
2.703951099940845593e-01
2.654580328340275241e-01
2.802206487112132716e-01
2.839714373495182409e-01
2.662187496407781850e-01
2.327012923204491990e-01
1.830519992545357466e-01
1.188556742579317121e-01
4.561154689004918994e-02
-2.924721394544880365e-02
-9.855282644621908561e-02
-1.577669721426458727e-01
-1.995309149345609601e-01
-2.140491844520849563e-01
-2.041856694237652314e-01
-1.844612380499533189e-01
-1.625253643027494699e-01
-1.389687928685158225e-01
-1.166865633772782157e-01
-9.638172535431924204e-02
-7.190565038125096287e-02
-4.132423642045047335e-02
-1.111753417506762022e-02
1.550703452563851129e-02
3.672475662373381189e-02
4.606963090474505002e-02
4.006962095868188412e-02
2.296474037826218631e-02
3.490837923215833749e-04
-2.535843381328458518e-02
-5.254911897512798413e-02
-7.887470642153054934e-02
-1.018239511862037427e-01
-1.154313028922557272e-01
-1.078947484153635478e-01
-6.922050425411446772e-02
-1.033433718187965963e-02
4.211921552420238440e-02
7.766625691676358467e-02
1.000421776531332241e-01
1.100576050055712546e-01
1.088639790924083167e-01
9.998931766800769894e-02
8.727296165471344624e-02
7.451858664905315621e-02
6.238124473315256185e-02
5.085545971092650386e-02
4.055826443334235171e-02
3.179841394170587754e-02
2.642423307742275754e-02
2.512985071115207691e-02
2.686572204187821430e-02
2.874671238807653684e-02
2.619337658855138903e-02
1.540311688316154705e-02
-2.905084356500043079e-03
-2.058106287283768127e-02
-3.059514929029096691e-02
-3.324279465080483276e-02
-3.026816693958009341e-02
-2.286882505774281982e-02
-1.405219832800937499e-02
-7.945585776147366663e-03
-7.450444724763930805e-03
-1.579282584995828076e-02
-3.400863467881607566e-02
-5.432578255914839727e-02
-6.403933562903317556e-02
-6.031420636621251385e-02
-5.182225879102574095e-02
-4.463859431106546177e-02
-3.665800205418012075e-02
-2.252910385344282507e-02
-2.056574840998180199e-03
1.870431992449517189e-02
3.381837950494290951e-02
4.259665665350978458e-02
4.813762528670013918e-02
5.258252672969222080e-02
5.721868290412297775e-02
6.400377763627007610e-02
7.474638330162339250e-02
8.785785970796225475e-02
1.001780663427542378e-01
1.116352608278042141e-01
1.223036851364505129e-01
1.321627885649646894e-01
1.401182747027664433e-01
1.417365038908399988e-01
1.337008142090005958e-01
1.131745275718267496e-01
7.889054069738575536e-02
3.293095403094246920e-02
-2.507711745703042339e-02
-9.782879578492827133e-02
-1.860747101448692875e-01
-2.861732859348168345e-01
-3.894087874906544400e-01
-4.858471275526535793e-01
-5.622029481766152026e-01
-5.994353995390191425e-01
-5.892891363622853040e-01
-5.458745690805301143e-01
-4.790667178647604052e-01
-3.713700540089148738e-01
-1.911791199719251322e-01
3.591631895565985944e-02
2.269374527221541538e-01
3.615651049879237133e-01
4.822134874206827626e-01
5.897833464767149314e-01
6.409412588213780904e-01
6.252814767609338187e-01
5.663937740358174766e-01
4.843957150946207602e-01
3.932639932281980499e-01
3.020296513076960454e-01
2.140264879759337657e-01
1.309601237972942422e-01
5.833483610595070756e-02
2.466478442500891211e-04
-4.132714938172118296e-02
-6.724456375542486875e-02
-8.111277769203167898e-02
-8.395613563043176353e-02
-7.903205124430597028e-02
-7.271035507814660459e-02
-6.611936699186832245e-02
-5.717177462621289563e-02
-4.605151894020588499e-02
-3.574894789687574348e-02
-3.100481408500779107e-02
-3.711622316756808815e-02
-5.902777106125547957e-02
-9.724847628331645399e-02
-1.461492923337785743e-01
-1.990526410967196902e-01
-2.519531844308060542e-01
-3.021943176146086318e-01
-3.425203614556244780e-01
-3.592920525204102988e-01
-3.383300049201003468e-01
-2.690026904823555887e-01
-1.461977819869537121e-01
4.647925511228926179e-03
1.347158169931311766e-01
2.211911054197737148e-01
2.646054989932714041e-01
2.765784768697352458e-01
2.714732331527839326e-01
2.465227639028186313e-01
1.926853857948348236e-01
1.158175388478327322e-01
4.461847153699564916e-02
-3.059487123316544099e-03
-4.694212444653545618e-02
-1.070882442704833432e-01
-1.820101492178228531e-01
-2.588641265197310637e-01
-3.204539322281350078e-01
-3.454665271088885325e-01
-3.100779023571715309e-01
-2.074743685254801517e-01
-4.657757461071891647e-02
1.350944730863203047e-01
2.732948138772240965e-01
3.434551874420486151e-01
3.613106379879545416e-01
3.453537253122972439e-01
3.135516851047499554e-01
2.735698447266963762e-01
2.249816811428221874e-01
1.729134049701333831e-01
1.220980646986629808e-01
7.265766611914090123e-02
2.453242383994871587e-02
-2.119895956334808679e-02
-5.814746347644637187e-02
-8.056137326868761939e-02
-8.962734953404977167e-02
-8.778953807051628755e-02
-7.926840094625464683e-02
-7.229245173377474298e-02
-7.218427033424063000e-02
-8.002612764951007318e-02
-9.184716665888090215e-02
-9.824698385233932019e-02
-9.464928998195623611e-02
-8.361856100121076163e-02
-6.920976589462018991e-02
-5.392578983706094314e-02
-3.738406244944707940e-02
-2.064603310382739226e-02
-7.204202768455424989e-03
2.675035899430379220e-03
1.332301458318749243e-02
2.588101128495579745e-02
3.562730893973630603e-02
4.105331979831772227e-02
4.458301962806837659e-02
4.592020338175363536e-02
4.480026979890180949e-02
4.446040462898771112e-02
4.720304689598490283e-02
5.197821223167846394e-02
5.637417868818134919e-02
5.970032158129108535e-02
6.218789216854756635e-02
6.091512261305119524e-02
5.159065183684515693e-02
3.114100046492878152e-02
-2.258471944592556693e-03
-4.797290945356782327e-02
-1.048929448718736168e-01
-1.700337624659148117e-01
-2.351272233198085093e-01
-2.931087125652074299e-01
-3.375381200047326002e-01
-3.454631424437398235e-01
-2.791558843025454539e-01
-1.523067137701853979e-01
-3.831200945285937604e-02
2.926027874498218773e-02
6.946599573064525524e-02
9.297493087899014186e-02
9.472304534446512880e-02
8.203433526666478737e-02
7.933442993659331477e-02
9.598743409450730124e-02
1.216980517573759690e-01
1.559131228229540256e-01
2.041179567906213077e-01
2.460015424460343658e-01
2.435720580091145782e-01
1.944204617868694474e-01
1.301334089982138786e-01
7.121953860699611893e-02
2.430027321778546051e-02
-6.571511381740186702e-03
-2.155760042862574222e-02
-2.636511936082270788e-02
-2.697393346260626434e-02
-2.448601578135085541e-02
-1.631340749006561508e-02
-3.737888814972351731e-03
5.820337133293074575e-03
8.638488497497577578e-03
5.304887136856952304e-03
-5.453457844701170218e-03
-2.160969362663155841e-02
-3.561168632891897196e-02
-4.260096004551019999e-02
-4.385444783873590491e-02
-4.286640591268003897e-02
-4.213884836487578889e-02
-4.251818726677073640e-02
-4.273892670819696288e-02
-3.950081650023315460e-02
-3.184365931970593866e-02
-2.347971941542133234e-02
-1.782300359554991886e-02
-1.494285337651306625e-02
-1.343246915400705954e-02
-9.501505566885042747e-03
-1.147355796885424044e-03
7.828138946460257500e-03
1.649115094946104407e-02
2.751838303398021143e-02
3.961499750888002047e-02
4.819846793963081244e-02
5.295108303735705790e-02
5.723374282589913098e-02
5.985347236943787397e-02
5.664652849448661986e-02
4.786342737675834680e-02
3.619174798951568101e-02
2.109666550234447907e-02
3.750611097183696035e-03
-9.819275601650644808e-03
-1.688973396874180605e-02
-2.109793614307538256e-02
-2.549633282119995875e-02
-2.945954470898025715e-02
-3.057141526901105757e-02
-2.867164077777781955e-02
-2.948456509381325308e-02
-3.752734899051651807e-02
-4.873281658947948430e-02
-6.675141949606600011e-02
-1.064429217041208131e-01
-1.655039619147111452e-01
-2.246414982329633381e-01
-2.691028957697174651e-01
-2.900947425826809201e-01
-2.771329444387748420e-01
-2.163498834232804591e-01
-1.195481573045091978e-01
-1.533318524641536472e-02
9.087332488872618130e-02
1.858303658607940168e-01
2.435395033699024880e-01
2.656583999831600984e-01
2.742957658813972577e-01
2.797304408951235555e-01
2.723063643682314128e-01
2.415677448867864507e-01
1.921129605023192133e-01
1.339219111336874268e-01
7.462638739992527581e-02
2.310313544283907478e-02
-1.455046530794004700e-02
-4.016525449876237608e-02
-6.108617139081352898e-02
-8.093478904526460460e-02
-9.803348125462862939e-02
-1.066622678994632173e-01
-1.027555875821461046e-01
-8.886439559966669011e-02
-6.881999360022580947e-02
-4.438348979851581416e-02
-1.555840815791385313e-02
1.436296555077028712e-02
4.233406876381304307e-02
6.583744915735878500e-02
7.621525255853198177e-02
6.975535926583295576e-02
5.284828318099983602e-02
3.291127561994908884e-02
1.215001301292970362e-02
-6.380731672218189696e-03
-1.580021193169557636e-02
-1.651626426692911348e-02
-1.605858717764761454e-02
-1.864783996721136594e-02
-2.358493084216275321e-02
-3.108403719581878666e-02
-4.437649520081399235e-02
-6.578998130080783435e-02
-8.759908509325557702e-02
-9.499930376971724155e-02
-8.585090275997409037e-02
-6.921915929651885346e-02
-4.932040820540958825e-02
-2.658780323421847808e-02
-2.830629304550086843e-03
1.826796266352025133e-02
3.297513364065975117e-02
3.969774559156075133e-02
3.641104864393326923e-02
2.434093831491634247e-02
1.077651251403644733e-02
1.633394963553226609e-03
1.573432737935224687e-04
7.736817662266898439e-03
2.069381818861911262e-02
3.085630331333377371e-02
3.242443634259994240e-02
2.736037821233500145e-02
2.204429783839666895e-02
2.122090087400907085e-02
2.362341825854426605e-02
2.473972991261529433e-02
2.401152281703497482e-02
2.195626217629578422e-02
1.779323658997301882e-02
1.360471341704776529e-02
1.235928079180543745e-02
1.364486963563812244e-02
1.367282157928660299e-02
1.167808118660697281e-02
1.307831330935169470e-02
2.195472946421845109e-02
3.838140477522684196e-02
6.066041766205518271e-02
8.447350003303870369e-02
1.042918759608522233e-01
1.157143162655958485e-01
1.157004952411384013e-01
1.015812113231164410e-01
7.202351258969694192e-02
3.075798675797648124e-02
-1.579781428866059573e-02
-6.379890468058599384e-02
-1.113717913754542488e-01
-1.598027251597612386e-01
-2.111886321785884091e-01
-2.618557004548516254e-01
-3.047644319247311273e-01
-3.293338807748525943e-01
-3.161304144324180720e-01
-2.421883282031120910e-01
-9.142301880817106652e-02
9.817014704411754222e-02
2.425050325466804879e-01
3.030337596517178600e-01
2.854833662839459940e-01
2.082052772934084861e-01
1.011507695351132330e-01
-9.113228994422496732e-03
-1.048692099487429641e-01
-1.744337479698581106e-01
-2.036958537698062011e-01
-1.756151664637489451e-01
-7.132144265528408966e-02
7.207529703394416343e-02
1.583458934586683131e-01
1.512456030536547258e-01
7.883779914196009653e-02
-2.645231195438940697e-02
-1.310482032666792918e-01
-2.066043063014252612e-01
-2.350118744008027338e-01
-2.018856500933391696e-01
-9.048738936401005961e-02
6.909189570368277911e-02
1.992459652119561997e-01
2.690206214008556973e-01
2.951370303403991757e-01
2.886195211905744906e-01
2.521927227122198190e-01
1.932648219927033673e-01
1.234555333945637906e-01
5.522253084772361931e-02
3.994529312886071354e-03
-1.662759346359105050e-02
-4.243361690868252545e-04
4.080414702702116203e-02
8.008711016916336689e-02
1.000273318114991566e-01
1.015586693947645724e-01
9.182260915642821708e-02
7.369842854166995527e-02
4.676987610066768442e-02
1.363253000074199014e-02
-2.495935265892306951e-02
-7.436967898755938999e-02
-1.332553378626784024e-01
-1.906826655245302815e-01
-2.404454182142440333e-01
-2.807253046818600772e-01
-3.061334129889470845e-01
-3.101500643335618479e-01
-2.877396434290258043e-01
-2.361279823452185900e-01
-1.521970229477333791e-01
-4.844433727140336210e-02
3.588278803309569165e-02
7.710140741613996651e-02
8.334640414306276890e-02
6.606315371545062876e-02
3.767469713555442190e-02
1.619820647503195793e-02
1.723123752322828009e-02
5.428437820222516835e-02
1.146123832879112209e-01
1.583331295132227867e-01
1.726496049503937480e-01
1.687312591583766674e-01
1.529169604030212459e-01
1.274630035251918536e-01
9.457365573806431058e-02
6.013317690972756757e-02
2.654557012148966305e-02
-6.793340431873628148e-03
-3.291199986461946364e-02
-4.366035168489251772e-02
-3.860312248057030937e-02
-1.943543618100489895e-02
7.020045004386864934e-03
2.813704081263373319e-02
3.870221233776202641e-02
4.192136473286556253e-02
4.182760770141711465e-02
4.038839918750862512e-02
3.731448277290208559e-02
3.321433210818216381e-02
3.053423791671305842e-02
3.134531084188013628e-02
3.592003084438086247e-02
4.236572075677698390e-02
4.980049895018551220e-02
5.830780840413465199e-02
6.755913668775413716e-02
7.492788543385209277e-02
7.305613870213752137e-02
5.768070883872034038e-02
2.792338409433387306e-02
-2.055416456125649938e-02
-8.764499012495535757e-02
-1.653170147328330286e-01
-2.475121819126025746e-01
-3.330229896636376918e-01
-4.165405708290612630e-01
-4.861461460648963118e-01
-5.323450858524443330e-01
-5.456870610101700603e-01
-5.045984818306680220e-01
-3.741425781124543826e-01
-1.612490739231440817e-01
7.332426786056850387e-02
2.851631263296495189e-01
4.579217172014443671e-01
5.752169434415406180e-01
6.173236116474887236e-01
5.915682078463825322e-01
5.269645420760215027e-01
4.428472303795793485e-01
3.508275119007334131e-01
2.612689298036964258e-01
1.840463847997416691e-01
1.145843942760447348e-01
3.045443547369344750e-02
-7.934834805673064706e-02
-1.945086317831582479e-01
-2.925752057966469200e-01
-3.816585534489495557e-01
-4.694290091908726037e-01
-5.314302876507994711e-01
-5.353002027014462927e-01
-4.585674191285628032e-01
-2.792226537615750681e-01
-1.682962514445324187e-02
2.363423955690563405e-01
4.086918149128941913e-01
5.014969415918041351e-01
5.328698779938836338e-01
5.103371929499610493e-01
4.373194113586729714e-01
3.278548108588079657e-01
2.083879444609785803e-01
9.759260321954864315e-02
3.231565205561288956e-03
-7.696743121392493614e-02
-1.516252875775044584e-01
-2.221113654710792917e-01
-2.881171301539985907e-01
-3.583972768662274100e-01
-4.353735734780476152e-01
-5.021831612227208863e-01
-5.388345469140322086e-01
-5.334650601868730080e-01
-4.770358834928923875e-01
-3.572520885549432812e-01
-1.618616605596127911e-01
7.200422387920654699e-02
2.623674153485888727e-01
3.777984194824908770e-01
4.327588154088983785e-01
4.378239828496535146e-01
4.071064433024812468e-01
3.566434690812644304e-01
2.986942724121163240e-01
2.459340966227649417e-01
2.067734427282006127e-01
1.705162581736305027e-01
1.166576173593434768e-01
4.572600040321447845e-02
-1.994720187652079813e-02
-6.248297750274352247e-02
-8.153839305202438548e-02
-8.517884100962984373e-02
-8.046172777723642477e-02
-7.463000233729494282e-02
-7.466389789721464276e-02
-8.525720088096651328e-02
-1.040494989162349670e-01
-1.233450697174968136e-01
-1.389858190041814157e-01
-1.486393447542229129e-01
-1.478791148332390393e-01
-1.323202636727949522e-01
-9.901369143674564055e-02
-4.733720160982651110e-02
1.682683929979134074e-02
8.383225517732237342e-02
1.502015329535955623e-01
2.108795146168731816e-01
2.533256877449445166e-01
2.657526106432603896e-01
2.408662542601063272e-01
1.845528351124783306e-01
1.123554881873165545e-01
3.263823974081598439e-02
-4.807183220706467974e-02
-1.161319963778237457e-01
-1.633115722850843887e-01
-1.916433736773888452e-01
-2.021020903573795824e-01
-1.901549497455340687e-01
-1.604447673272261510e-01
-1.311763462617974163e-01
-1.128247682996374873e-01
-1.057316033309966541e-01
-1.097381177921341183e-01
-1.193824452529086005e-01
-1.246407744589285715e-01
-1.170135068748061613e-01
-8.479725625197374883e-02
-2.328865461004718182e-02
6.462726353186690198e-02
1.563807775223244045e-01
2.052413029953099044e-01
2.002832709804747147e-01
1.616142352269963889e-01
1.073241952113167252e-01
4.732905043540874129e-02
-2.308277164171512394e-02
-1.015125247499505806e-01
-1.750173670356286459e-01
-2.304328281781096444e-01
-2.547632712541620936e-01
-2.339128186935476583e-01
-1.578238812298918547e-01
-2.093271708959493216e-02
1.472140644835862600e-01
2.776273194191303251e-01
3.394214004049729838e-01
3.509500225540099216e-01
3.334856001979050188e-01
2.976606396672898391e-01
2.505838389835761126e-01
2.000107758644368294e-01
1.496221491442083218e-01
9.824268408673011987e-02
4.193144228238139537e-02
-1.989621925301485877e-02
-8.194025209942826238e-02
-1.352246383105971672e-01
-1.664664404171455336e-01
-1.614087307600131638e-01
-1.311714878188628974e-01
-1.106418300787239406e-01
-1.117446914035379879e-01
-1.213635273241385898e-01
-1.308762945197791128e-01
-1.378221343871098292e-01
-1.420888865394812905e-01
-1.531929687929293460e-01
-1.763940930230121773e-01
-1.984100385405380418e-01
-2.058475365351868369e-01
-1.868713132481948647e-01
-1.240157253575429053e-01
-6.336470456477980712e-03
1.569464969122132403e-01
3.301811707030329335e-01
4.680923829250350776e-01
5.443036610504765616e-01
5.546955186534828774e-01
5.004469206907498080e-01
3.905984288083557687e-01
2.447196675541748467e-01
7.636920485387671542e-02
-1.016151287861589980e-01
-2.685320269396562209e-01
-4.105261243616274980e-01
-5.216558142465270720e-01
-5.926053078973052557e-01
-6.205225824941509316e-01
-6.117655409807550848e-01
-5.676517733111506869e-01
-4.863203572857393575e-01
-3.593637414043389100e-01
-1.675070105229691242e-01
5.989361015048198789e-02
2.449426652484284483e-01
3.616347208644519751e-01
4.335786923323464159e-01
4.702828609415736771e-01
4.655903835179951988e-01
4.282833981059777639e-01
3.799278180948353345e-01
3.283932003283715484e-01
2.690666102983760855e-01
2.025589513443817324e-01
1.359943180466457735e-01
7.249510777069369249e-02
1.503980638426762745e-02
-2.937570349746422560e-02
-5.621076462275576696e-02
-6.921545702440248804e-02
-7.967922312530884010e-02
-9.780877055809122922e-02
-1.250697181729242269e-01
-1.589085568753837996e-01
-1.984194767750221688e-01
-2.359760351073453277e-01
-2.594231993585023877e-01
-2.655017073537521144e-01
-2.534897296641688835e-01
-2.151527119576336355e-01
-1.407323466958741998e-01
-4.566629293949371615e-02
3.383981573747323751e-02
8.590298100641291512e-02
1.187468630103951095e-01
1.358205490860598386e-01
1.393650485713603393e-01
1.331710486997999821e-01
1.216831352119203957e-01
1.087171727546248634e-01
9.584244922842735659e-02
8.428025564282007331e-02
7.552272974441269493e-02
7.023299499502873300e-02
6.995066096542870704e-02
7.549990923015749422e-02
8.355649731466026353e-02
8.831116107872792609e-02
8.427747287510280183e-02
6.851004518380236774e-02
3.851231396376299937e-02
-5.044297346862854949e-03
-5.053962261846996207e-02
-8.205493068143776547e-02
-9.113110989587239197e-02
-7.692649688844202527e-02
-4.147729567366244957e-02
6.311864035846929954e-03
5.231007736947361486e-02
8.873488479261404382e-02
1.134938288259406125e-01
1.262663051358954847e-01
1.286272828226537324e-01
1.203857558379342885e-01
1.036341075860515021e-01
8.583055804183062354e-02
6.760595585306868049e-02
4.118748482593700966e-02
1.271757908107032375e-03
-5.338064044364572436e-02
-1.210337244174534005e-01
-1.966140497705153034e-01
-2.719554981230861146e-01
-3.433941550215343641e-01
-4.110492406987366620e-01
-4.684099504333726349e-01
-5.061971598783673310e-01
-5.113101094879514141e-01
-4.757430731366644183e-01
-4.240018952888627290e-01
-3.858112644971889438e-01
-3.353050146100504669e-01
-2.043258114833187700e-01
2.515540074474433702e-03
1.946381325864249279e-01
3.295461285132573748e-01
4.271794686940326713e-01
5.082370206132962309e-01
5.718317728090027696e-01
5.977845781317455698e-01
5.739965224794688625e-01
5.055252785193586895e-01
4.079316196427988928e-01
2.981302043571611438e-01
1.921527326761676147e-01
1.054417837478416053e-01
4.460691012714057546e-02
3.590175264217058959e-03
-2.742093843705530748e-02
-5.373503323328172876e-02
-7.592832456805198582e-02
-9.218656748577694349e-02
-1.030304790966233563e-01
-1.117041625434871538e-01
-1.171532165962702876e-01
-1.122760871731126320e-01
-9.392090929622191886e-02
-6.686673319374716873e-02
-3.730855855165839813e-02
-1.312849715500963993e-02
-1.116928636063083818e-03
-2.143578433713167961e-03
-1.298238838478177858e-02
-2.562907541273636708e-02
-3.210529793375722918e-02
-3.026770763524543745e-02
-2.236248561453985095e-02
-1.154675843377147605e-02
2.078621369436421673e-03
1.887657799371290565e-02
3.858124454193261749e-02
6.380941565829650886e-02
9.584846470483317227e-02
1.279730516969283249e-01
1.499924088374673115e-01
1.587863135405432335e-01
1.543113757325710877e-01
1.308089469931138504e-01
8.173481886782993366e-02
7.880081947636228754e-03
-8.436772119334223774e-02
-1.882494054530608474e-01
-2.957561321045812375e-01
-4.000677150594339482e-01
-4.968929293906747535e-01
-5.785824510016523980e-01
-6.333442685222906432e-01
-6.455908162097913072e-01
-5.981411909312718267e-01
-4.915861559840918327e-01
-3.367353039463157893e-01
-1.306758632587282642e-01
1.337864670689861701e-01
4.116087804585172316e-01
6.106043134963159424e-01
6.997951403049953445e-01
7.066760600847736828e-01
6.555353425861216721e-01
5.642054473061418607e-01
4.466155235880109320e-01
3.188977828724148256e-01
1.974281217313598735e-01
9.104452364381115936e-02
8.411103192221269786e-05
-7.482802978175590036e-02
-1.296242062015701135e-01
-1.620369479764975917e-01
-1.713376839957816145e-01
-1.573430123584400597e-01
-1.291327699016386610e-01
-1.021594569229735683e-01
-7.969140053376995436e-02
-5.340861581864046054e-02
-2.066535037502751498e-02
9.944744058013522958e-03
2.926829350080087377e-02
3.569929380035738453e-02
3.291919464219204144e-02
2.390223934868971820e-02
9.831233317100153413e-03
-6.476881751526210491e-03
-2.588945333663433476e-02
-4.957261380384288957e-02
-6.673281383333053152e-02
-6.402268602039833112e-02
-4.441011832231746281e-02
-2.317691858245733705e-02
-8.953093829699733039e-03
-2.306059581519318436e-03
-3.281044072003430883e-03
-9.758223907538577171e-03
-1.828942714990146323e-02
-2.801888451446578332e-02
-3.602311744098568580e-02
-3.476333263999151907e-02
-2.290014024938536938e-02
-8.374136349529987325e-03
1.355257539680178270e-03
3.452753366769109253e-03
1.735505476864240837e-03
2.375714264763310792e-03
4.266385714234766091e-03
7.787659337351239552e-03
1.699408458938355890e-02
2.711623713690834367e-02
3.058687780649428992e-02
2.785421788774350427e-02
2.368819911857930616e-02
2.141092360702637892e-02
2.059274831696214503e-02
1.835539372681142811e-02
1.389802694343713306e-02
8.838125032851393975e-03
5.225854612622567522e-03
2.290370902316482288e-03
-4.493290628268132442e-03
-1.936053780192282039e-02
-4.197046585408904795e-02
-6.760685444502094466e-02
-8.975215037617770286e-02
-1.018589235311615909e-01
-9.938049413191374359e-02
-8.326603622409275984e-02
-6.129991868663870608e-02
-4.003581475080023044e-02
-2.048994105084078754e-02
-2.710695951367664280e-03
1.485014936973373320e-02
3.736178225892965166e-02
6.347885156276363017e-02
8.294072237934917158e-02
9.199475745741071686e-02
9.766898334109887225e-02
1.041456957099480413e-01
1.056251909053474991e-01
9.789125778510511522e-02
8.460698850851459951e-02
7.050381051854369419e-02
5.783168377415458250e-02
4.780726170099606348e-02
4.147312452605153577e-02
3.763513091199351818e-02
3.580659273255762387e-02
3.682882590122546485e-02
3.620090452629008693e-02
2.737738910866566525e-02
9.651509699728865951e-03
-1.336003699530395952e-02
-4.068404879231468652e-02
-7.263712350978540622e-02
-1.069751850740119081e-01
-1.428185359452231462e-01
-1.790702646501923512e-01
-2.108898675137087231e-01
-2.337980580375486062e-01
-2.426887476042202396e-01
-2.349526539929509272e-01
-2.120128872824156296e-01
-1.682844730391160615e-01
-9.261231509111578220e-02
2.867450328433590948e-02
1.748674717989633365e-01
2.848112548466424920e-01
3.337801452346904618e-01
3.354976863074273785e-01
3.009226532453131986e-01
2.403198643282123959e-01
1.670519573743071140e-01
9.529303527606658442e-02
3.165277008743608983e-02
-2.339865021258531047e-02
-6.959115533775321605e-02
-1.033172711379301834e-01
-1.142666260128609723e-01
-9.388892286996733394e-02
-5.639948907034270098e-02
-3.212417577822521131e-02
-2.968049764777892438e-02
-4.025871074599814831e-02
-6.038560778521548378e-02
-8.999644093736987316e-02
-1.263197417460937833e-01
-1.617144961303472461e-01
-1.871788919438978627e-01
-1.936538907512525276e-01
-1.740404052027060278e-01
-1.274966160193877207e-01
-6.197326050352679194e-02
1.281858063358163984e-02
8.400198942254188950e-02
1.327547728678697414e-01
1.516726656718642430e-01
1.458363559433879797e-01
1.274547045549699886e-01
1.243065428935848371e-01
1.467657495696829684e-01
1.655807308428771385e-01
1.635041234295873114e-01
1.470729054357270416e-01
1.179334642944363520e-01
7.869713256149400704e-02
4.120546795634134896e-02
1.398486615136375691e-02
-4.135371022736502450e-03
-1.457025306402977283e-02
-1.919250965308205367e-02
-2.342440528451146184e-02
-3.084617836573086760e-02
-4.065208614341599830e-02
-4.737787359334632437e-02
-4.567648930340241498e-02
-3.610982046918680133e-02
-2.086817465588289289e-02
2.258052218350875551e-04
2.646598361396499538e-02
5.245135423580428446e-02
7.098952186488803606e-02
7.806039149269708433e-02
7.127093939397410871e-02
4.888258562429671078e-02
1.088459914487223922e-02
-4.323119919237324027e-02
-1.096056322621013351e-01
-1.783335206490524738e-01
-2.429647366724398128e-01
-3.038107183002660694e-01
-3.632522185790165170e-01
-4.134005974999750421e-01
-4.288136174035143688e-01
-3.807722017952621107e-01
-2.484054733548900495e-01
-5.401404253912417408e-02
1.399103677088031350e-01
2.943905955110653894e-01
3.931572518287450579e-01
4.342528143275433683e-01
4.290158106859046083e-01
3.881410175515951355e-01
3.238798081456544242e-01
2.443865138109690693e-01
1.580301495793227651e-01
7.818771767827287222e-02
1.330517902184153237e-02
-3.625402586271338212e-02
-7.045897312239812749e-02
-8.850872989857719308e-02
-9.250670385898937531e-02
-8.637956457672199551e-02
-7.361473412111527170e-02
-5.556263494134180275e-02
-3.556488174843837335e-02
-2.141773063044419279e-02
-1.500321333628355271e-02
-1.241064171423328193e-02
-1.457733795941388612e-02
-2.203480434012020789e-02
-3.211044062673409222e-02
-4.501246106447456818e-02
-6.297049117314849898e-02
-8.649361101295816034e-02
-1.111422758900588864e-01
-1.289407978658943799e-01
-1.323111191584978308e-01
-1.148417847388251839e-01
-7.268352026585678249e-02
-1.299604647422368184e-02
5.150562472479827680e-02
1.125669406459145205e-01
1.596934375357198233e-01
1.845475322203142809e-01
1.858990412026380323e-01
1.684029469211191787e-01
1.429562171498893752e-01
1.183747196059708046e-01
8.985170802943015511e-02
4.307292389869501331e-02
-2.463697720450460857e-02
-9.936095997510210887e-02
-1.680626148801221964e-01
-2.264939081295306300e-01
-2.725770295432582424e-01
-3.050580051216296162e-01
-3.143535108331343420e-01
-2.832730794305406974e-01
-2.100748247234921484e-01
-1.058982219543786324e-01
1.893648985789660871e-02
1.395135717636659667e-01
2.307876022592098564e-01
2.969641357754884137e-01
3.407846918045743245e-01
3.536083639869619377e-01
3.399950822917195414e-01
3.107250006579055923e-01
2.724187972443197214e-01
2.290800716456198316e-01
1.795367898621054725e-01
1.194557378471775289e-01
5.059267763796503753e-02
-2.042933929055764167e-02
-9.020165278110561791e-02
-1.566603364503817430e-01
-2.173654256323511169e-01
-2.726286367796908472e-01
-3.232957751767583376e-01
-3.656996309111313903e-01
-3.895227381844409975e-01
-3.828844462308464425e-01
-3.354284121857490364e-01
-2.458920152778092394e-01
-1.281482486936720566e-01
-9.564477765308413912e-03
8.351262460069047711e-02
1.546223762192531770e-01
2.210648031861994489e-01
2.706917455441814058e-01
2.801027384327697822e-01
2.651095357153382404e-01
2.563727236775096285e-01
2.508546995624861831e-01
2.346934995768384657e-01
2.156409417429457631e-01
2.201420536287437280e-01
2.373869046496775992e-01
2.088569356494743567e-01
1.141540966841612798e-01
-2.504712599508730417e-02
-1.894452730193076362e-01
-3.619630755268983258e-01
-5.205091289352808959e-01
-6.364029230665353420e-01
-6.814172174369159674e-01
-6.287212581409314938e-01
-4.507366453384173965e-01
-1.540354691434293044e-01
1.754511748828112561e-01
4.353002287642102619e-01
5.966647080022957628e-01
6.839778392087452197e-01
7.044158465035902372e-01
6.376722456531895844e-01
4.860124684357965963e-01
2.777391620492442592e-01
4.309078267972651921e-02
-1.890697981142167583e-01
-3.917260992429153488e-01
-5.554911209019578466e-01
-6.936608377373917333e-01
-8.051728086580771659e-01
-8.616284289306157529e-01
-8.254618405908074052e-01
-6.980485175369683937e-01
-5.232072010131453288e-01
-3.205091254881654583e-01
-7.903104504553376541e-02
1.789500748289315768e-01
3.941252244218984568e-01
5.520730379580076619e-01
6.822315046147190420e-01
7.827707225032086713e-01
8.169080419676103544e-01
7.743641464845503197e-01
6.769368705852678580e-01
5.471652679041474343e-01
4.067053799429534156e-01
2.723792193745694368e-01
1.538328838372729768e-01
5.405819443381015832e-02
-2.862623124074593212e-02
-9.451756568360457356e-02
-1.427958874206177453e-01
-1.752642786821276277e-01
-1.951578436492726887e-01
-2.069109829903709730e-01
-2.146239200054981811e-01
-2.188958670267253659e-01
-2.167786756815940352e-01
-2.057870064490425477e-01
-1.881175725594316506e-01
-1.673189393195655961e-01
-1.401144034598043042e-01
-1.005237474260277097e-01
-5.387236640042042390e-02
-1.475419259138556309e-02
7.631867694252251685e-03
1.678315465078409133e-02
2.318151971790213123e-02
3.714687406648584794e-02
6.946767074494010485e-02
1.135361587837663416e-01
1.414558855629987344e-01
1.386999730369325445e-01
1.096341301189088374e-01
6.534550870982563930e-02
1.985199664674443254e-02
-2.201944282653224561e-02
-6.357903689690426463e-02
-1.132810857224472584e-01
-1.824402280119166164e-01
-2.648342587681027926e-01
-3.351803628802981216e-01
-3.724453742761427155e-01
-3.637538913171253774e-01
-3.128325464081760932e-01
-2.379829202705791291e-01
-1.585135910234567180e-01
-9.635488710685835567e-02
-5.546226412686929702e-02
-2.225697083747235627e-02
3.118567796889235716e-02
1.260217640216925172e-01
2.252082230484782066e-01
2.758618214259764279e-01
2.751164164512619470e-01
2.443872011436246938e-01
1.907748383571761797e-01
1.162292808621861462e-01
4.124416309696843363e-02
-2.758262690970299247e-03
8.618948229522029394e-03
9.520977204102240576e-02
2.228484803834864802e-01
3.101572849739819837e-01
3.351614135463604760e-01
3.250603927925870273e-01
3.010954983568679966e-01
2.809126033684724022e-01
2.662394312368636662e-01
2.389436912795902535e-01
1.842228149115514024e-01
1.012236334946813865e-01
-3.678266497035259652e-03
-1.230557878978217057e-01
-2.528639426919961908e-01
-3.899989529701611835e-01
-5.260796584544447096e-01
-6.445928694871790876e-01
-7.229778413338618925e-01
-7.362936291749264672e-01
-6.597629444600267012e-01
-4.735623939995361464e-01
-2.040335957082027030e-01
8.690958630623475678e-02
3.567571062273919846e-01
5.565154022932683464e-01
6.433151691829924745e-01
6.200056009963073045e-01
5.118974933739584010e-01
3.443802486413869435e-01
1.425213821693663285e-01
-6.361748020707978790e-02
-2.422999590096920342e-01
-3.717660096838316663e-01
-4.412803333423549468e-01
-4.356713059673774091e-01
-3.369160890093142458e-01
-1.779634124884888202e-01
-3.795735443557400612e-02
5.021204057309498758e-02
1.016775877948283141e-01
1.394625694551350215e-01
1.775070178478514171e-01
2.093704616786982997e-01
2.389189780384978756e-01
2.672533725114671910e-01
2.716157561565777923e-01
2.453371116316479805e-01
2.025194883698835935e-01
1.541246396448682776e-01
1.051871770299153547e-01
5.779380367364488069e-02
1.391262263480735548e-02
-2.400230724197077378e-02
-5.596155727271578950e-02
-8.346899033618022934e-02
-1.036549919666340941e-01
-1.136954300771414461e-01
-1.168503194206863272e-01
-1.170667973980695498e-01
-1.137460469653214928e-01
-1.045372759248114902e-01
-9.026524006513604592e-02
-7.418812435780317016e-02
-5.850756991774808125e-02
-4.453606186708661957e-02
-3.270486805681478704e-02
-2.177762915698237822e-02
-9.398445765240284397e-03
5.406131997356252057e-03
2.061100856700225775e-02
3.288812565298876445e-02
3.998492720371243231e-02
4.283682975766415352e-02
4.316350111528972217e-02
4.088876631252520710e-02
3.788697763414486386e-02
3.623502106760540659e-02
3.176136861962266383e-02
1.935233047678451557e-02
2.550671309577887645e-03
-1.037767069773030612e-02
-1.498749777860412802e-02
-1.318199886451617599e-02
-1.305400165177286395e-02
-2.122705739904354877e-02
-3.692591645031598202e-02
-5.494420176106956655e-02
-6.952633642659672430e-02
-7.938668588016804806e-02
-8.541875029490521298e-02
-8.517864720467040185e-02
-7.438042287610449610e-02
-4.932862574051577464e-02
-1.231015148395136691e-02
3.075945404026360006e-02
7.220087169122216264e-02
9.994424199872661840e-02
1.087187174880714924e-01
1.028732014202541484e-01
8.870931520125148462e-02
7.009061592106285987e-02
4.948622822391601783e-02
3.031808035194862375e-02
1.420941761039886189e-02
2.326684460377008521e-03
-4.419257756680781621e-03
-7.605652443157361574e-03
-8.816477945682847650e-03
-9.086154189664991110e-03
-1.161166982460809342e-02
-1.743236110113714765e-02
-2.360191463469284157e-02
-3.117570378361305197e-02
-4.262245107659810850e-02
-5.483373625714811628e-02
-6.222748254396748280e-02
-6.248332298907550292e-02
-5.615640130523739948e-02
-4.490879329373272111e-02
-2.963979187188039641e-02
-9.807537196896438242e-03
8.982175055239757441e-03
1.940724185769238802e-02
2.227444927533454161e-02
2.152820694966092047e-02
1.838808409343372155e-02
1.170149517927241561e-02
2.468163219737014823e-03
-5.153201420666061496e-03
-8.604460631802982734e-03
-6.569789147366436252e-03
5.389064099820851939e-05
7.284431158574447909e-03
1.341152312978332282e-02
1.834790234240591539e-02
2.282991998707991840e-02
2.801014069938378981e-02
3.330231525236460738e-02
3.899838232162081836e-02
4.598401247434093925e-02
5.392016464545538318e-02
5.957811708309207477e-02
5.700239060604549851e-02
4.526814342021367316e-02
3.021912286582876042e-02
1.678709027122083849e-02
6.541764098981183752e-03
-1.052522143725529921e-03
-7.964617216148604448e-03
-1.634230815652419622e-02
-2.289001242657364571e-02
-1.806919380763130981e-02
-2.472378514061217974e-03
1.066111706438166960e-02
1.341795551227503019e-02
6.483060698644324375e-03
-7.926460184757035815e-03
-2.558200098298683486e-02
-4.156402741720936073e-02
-5.454412320020117499e-02
-6.600165395562021531e-02
-7.849340260442227990e-02
-9.239456399910191131e-02
-1.045542114620890833e-01
-1.120668637034157589e-01
-1.132415345360321540e-01
-1.056112574949600730e-01
-8.431022513732731871e-02
-4.217242512929474801e-02
9.798667743563641702e-03
4.347254269923450654e-02
5.487291171656423494e-02
6.158931280588467172e-02
6.875474754187425874e-02
6.731226724896703650e-02
5.546509937689751008e-02
4.248454071838728141e-02
3.625984177642023465e-02
3.728582391989964523e-02
3.976855654653964345e-02
4.069864864837537816e-02
4.202572214866096695e-02
4.539157637492867436e-02
5.118435411941207186e-02
5.802983209979808987e-02
5.908308622767299151e-02
4.851935407784507825e-02
3.109168916268741437e-02
1.338755513781316603e-02
-2.859192530891291849e-03
-1.527903756511818888e-02
-1.879927368359696899e-02
-8.795539690267105415e-03
1.725737746843635304e-02
6.030108509086625629e-02
1.198780649640176083e-01
1.866613874805450601e-01
2.427037349861384530e-01
2.788455935659259199e-01
2.957142214543098668e-01
2.939969109941572012e-01
2.720042181240023837e-01
2.266284674737826521e-01
1.574367873183083466e-01
6.830449288153875309e-02
-3.460819999599751284e-02
-1.473095690229855315e-01
-2.685567417119597011e-01
-3.941348339141390045e-01
-5.172499307743350094e-01
-6.288877279089495342e-01
-7.104901865669902561e-01
-7.309302438705475025e-01
-6.857748881756999815e-01
-6.045832086310524156e-01
-4.780560609119730020e-01
-3.112330925020693195e-01
-1.799256485473907097e-01
-1.211708940051243744e-01
-1.010186368396332468e-01
-6.489817955907881131e-02
1.542452442905935250e-02
1.332769488043322459e-01
3.038656506133795565e-01
5.324175870037597402e-01
7.473083359010530557e-01
8.707776478855930868e-01
8.879404619963376932e-01
8.105622899978823792e-01
6.640557708889290867e-01
4.845964144639077764e-01
2.934697031630671415e-01
1.091512461984213977e-01
-5.036088765848678594e-02
-1.852764605050258861e-01
-3.020451492215098233e-01
-3.952490283838734353e-01
-4.549753608884222755e-01
-4.808099678725961668e-01
-4.674442788598621723e-01
-4.010188601719549828e-01
-2.850867621695664100e-01
-1.372860761333475899e-01
1.141417747435778327e-02
1.159407040580570786e-01
1.630803785953910401e-01
1.707960073257398514e-01
1.581169652219158173e-01
1.409096486176280305e-01
1.206995618422141148e-01
9.737587449886059288e-02
8.398204567472643267e-02
9.016118959056675097e-02
1.158105199166225563e-01
1.507411409288454684e-01
1.751177829447323475e-01
1.765349323900738954e-01
1.511296959022170316e-01
9.881752459874017236e-02
2.937257802346749519e-02
-4.066582774488588375e-02
-1.002129078305830645e-01
-1.466926379551871940e-01
-1.792705270491752045e-01
-1.967001624221777489e-01
-1.980804704047434694e-01
-1.808695576340047517e-01
-1.500594057763687816e-01
-1.198802085226542968e-01
-9.519736769724726488e-02
-7.288821868259556802e-02
-5.337221136295762502e-02
-3.620207242943970782e-02
-1.872037646244012823e-02
-3.318517600445840612e-03
6.091865423500280111e-03
1.071487491783808775e-02
1.099970907741264908e-02
4.753528086323292184e-03
-6.871033977830700440e-03
-1.621884847170344812e-02
-1.518588640041475951e-02
-3.065207030431287179e-03
1.919413475727855048e-02
5.270696244146578363e-02
9.154013633511809411e-02
1.245299308138030914e-01
1.458868928834974599e-01
1.559469376838829302e-01
1.563050398341594982e-01
1.454020594465966765e-01
1.197815341998089700e-01
8.023897247576235181e-02
3.467556228619887021e-02
