1.762598230264095234e-02
-1.139476079137924369e-01
-2.389999694722974577e-01
-3.484227126189095580e-01
-4.402524103029575864e-01
-5.221685662870944045e-01
-5.977785157705943764e-01
-6.632735041265258591e-01
-7.140144175451033082e-01
-7.434889228235016523e-01
-7.552030777173003306e-01
-7.733488954729401677e-01
-8.050007875927804868e-01
-8.181504881384543681e-01
-7.895784377776311480e-01
-7.200411819162418903e-01
-5.849902611149143672e-01
-3.331828374010017413e-01
3.854456869335726177e-02
4.511392347688307769e-01
8.092792351084965308e-01
1.072900523853947741e+00
1.221432082135317732e+00
1.203097020486592728e+00
1.005563053161706799e+00
6.822454305011866893e-01
2.934723502213049118e-01
-1.150008227911070713e-01
-5.049127681500182874e-01
-8.345884969264506514e-01
-1.058668485659732594e+00
-1.134080187796074890e+00
-1.036554818139506340e+00
-7.794463742924464533e-01
-4.188472927726513140e-01
-6.201647161453204687e-02
1.907101388448744494e-01
3.405658338821629938e-01
4.434732728143546687e-01
5.348988097066826874e-01
6.022185567907685222e-01
5.943782820956726720e-01
5.021671039896248301e-01
3.644753912837115362e-01
2.251187949907360597e-01
1.174816378415933504e-01
5.429517576588853423e-02
3.959511790818322219e-02
5.446830796586180079e-02
5.540293959992709238e-02
3.260526719521561478e-02
5.734976649149077510e-03
-1.772532633815007350e-02
-3.961150553364881782e-02
-6.042091505641758453e-02
-7.930741053772083493e-02
-9.556730300190549587e-02
-1.061436018518404495e-01
-1.068486772743151847e-01
-1.012137586993584748e-01
-9.939504429109816130e-02
-1.018329373139677113e-01
-1.012833472174665961e-01
-9.207382141479644733e-02
-7.163769071812947642e-02
-4.203860404263018435e-02
-7.903170524008762757e-03
2.654328251933104482e-02
5.723926019598978704e-02
8.053701973218571619e-02
9.456012522251197594e-02
9.826589088965394236e-02
9.162800542343285670e-02
7.639953302452281991e-02
5.837802002215809749e-02
4.633169754531483997e-02
4.144346163403925948e-02
3.774232888528026436e-02
3.342955298743981868e-02
2.993487101514702084e-02
2.886643701559356637e-02
2.920558763914228584e-02
2.328071814397860914e-02
-1.105272309156590110e-03
-5.014062779731175840e-02
-1.158672431723674345e-01
-1.871158580858709453e-01
-2.537616757615986929e-01
-3.074705942606843490e-01
-3.434970950238673826e-01
-3.587920748703466445e-01
-3.548160855437033079e-01
-3.243468713995451558e-01
-2.458835263923300207e-01
-9.824672415257604263e-02
8.313892573400456787e-02
2.171839840662807553e-01
2.794157574862314308e-01
2.875931038428338749e-01
2.520299891519508506e-01
1.867866478718871459e-01
1.100897603053012513e-01
3.865068339193439284e-02
-1.473403165747765725e-02
-4.109755373911343906e-02
-3.335882170458198681e-02
1.632318166893374778e-02
9.176296847679395186e-02
1.494143539613872196e-01
1.684768432659042858e-01
1.571707373791205453e-01
1.294628157902639187e-01
9.951642143622081715e-02
7.483083188019085119e-02
5.511569641302748596e-02
3.743556072754389979e-02
1.996213023415894378e-02
1.947469800204711804e-03
-1.882862904931116577e-02
-4.081798686113055630e-02
-5.559229471169536974e-02
-5.947591882229477656e-02
-5.678459572425460788e-02
-5.081058612996192103e-02
-4.095625559878032784e-02
-2.677192751444092481e-02
-1.070923331366617319e-02
1.879857004870045742e-03
6.224397828840573001e-03
2.645014372447018758e-03
-6.216493608235252114e-03
-1.797301277190747198e-02
-2.865672606076402618e-02
-3.473937857450284938e-02
-3.471034185890411322e-02
-2.989300003688983437e-02
-2.210981276308265214e-02
-1.040254739869956799e-02
3.972444682771480301e-03
1.698626425845712815e-02
2.610701636768046272e-02
2.831414214867982934e-02
1.865228222135575931e-02
-1.848119081048385515e-03
-2.296542800833634504e-02
-3.816092220924453132e-02
-4.722127060146544958e-02
-4.890467896863231329e-02
-4.331763221323837315e-02
-3.345601383596515099e-02
-2.244012826573049679e-02
-1.082566498621273868e-02
1.238014843746734544e-03
1.055499446987910768e-02
1.270420839865646009e-02
6.485875219105140602e-03
-3.140035078241747504e-03
-9.988244760136121003e-03
-1.118240399740498200e-02
-6.955272423389594408e-03
3.569030310179139263e-04
8.539038412976856368e-03
1.656195378515760291e-02
2.398148919018943531e-02
3.066820932630350688e-02
3.657269619396831539e-02
4.081452967069858218e-02
4.365018959357344630e-02
4.647743372972108766e-02
4.841763321853993773e-02
4.758244696164017074e-02
4.444728975158078466e-02
4.068911828029596334e-02
3.754435717476925505e-02
3.546037008490547648e-02
3.212678544970638123e-02
2.408467772054416478e-02
9.234167395032568879e-03
-1.427020764150222637e-02
-4.101490161828894032e-02
-6.019500063234339143e-02
-7.069697699491321596e-02
-7.719577411742986617e-02
-8.109139579416085875e-02
-8.168565412336944997e-02
-7.769081430617255646e-02
-6.934718790246893749e-02
-5.729457853396544703e-02
-4.012792631544088995e-02
-1.768840143601995221e-02
7.678057299309699706e-03
2.936258563797790322e-02
3.807060761370183871e-02
3.290275662244318555e-02
2.076949435306930242e-02
9.081011214200029186e-03
3.854307469348919497e-03
6.874252312130017112e-03
1.531044454225388013e-02
2.627580260617044458e-02
3.762733374456217472e-02
4.624598573013063985e-02
4.695977182168874914e-02
3.682835568947605276e-02
2.150109649098649878e-02
6.018855314282986826e-03
-8.504254255784019986e-03
-2.001430652146303849e-02
-2.812755175846132563e-02
-3.340919821027892728e-02
-3.470097658852228789e-02
-3.170124988271524891e-02
-2.726938458599144355e-02
-2.385705652482078207e-02
-2.056351451313415124e-02
-1.421626678938689783e-02
-3.910068487066391610e-03
7.683625518866680874e-03
1.808343089453597063e-02
2.768792902735252651e-02
3.838223794409086065e-02
5.040834261955979417e-02
6.206303549553430360e-02
6.954487422557280307e-02
6.850886218531901384e-02
5.701804620078083224e-02
3.422710279833116043e-02
5.019143680262766472e-03
-2.049955147691618490e-02
-3.847042303638934652e-02
-4.868313024625356422e-02
-4.877489935430893292e-02
-4.181654961726575387e-02
-3.559833754843336195e-02
-3.214360522096153944e-02
-2.980632310238073152e-02
-2.724869786868465774e-02
-2.374726861764920802e-02
-2.050810451932580381e-02
-1.734767830901532901e-02
-1.099561792313829764e-02
2.537875442410403651e-04
1.372626154470282106e-02
2.480202001228154485e-02
3.069558330203066981e-02
3.146572067993667898e-02
2.779225649569284570e-02
1.951756577744201068e-02
5.847547955436660158e-03
-1.120488855344565354e-02
-2.661654102359158405e-02
-3.602200546125133157e-02
-3.820550128605934570e-02
-3.558464848671739900e-02
-2.996793022695113176e-02
-2.204035045577853666e-02
-1.342864561816125082e-02
-4.739026563427123015e-03
5.068112445702032190e-03
1.635794195069430190e-02
2.816729915006402352e-02
4.008822692825599054e-02
5.224723110222465744e-02
6.331057926759521559e-02
6.970363001522791868e-02
6.827675439925136314e-02
5.949949748735765265e-02
4.564540361657771356e-02
2.827946683645247983e-02
8.604676539692813347e-03
-1.117567918106775193e-02
-2.716095130199989646e-02
-3.655502484684924891e-02
-3.880498567014982469e-02
-3.302441236444796785e-02
-2.152332672674255390e-02
-1.373700422632381443e-02
-1.548923963124168579e-02
-1.906931424096466182e-02
-7.801576665134670602e-03
2.342060989626820744e-02
5.570969736815950535e-02
6.954599010530154723e-02
6.227225184734817842e-02
4.069527354120855422e-02
1.467978381119310755e-02
-3.707679069722387769e-03
-1.508000237922863494e-02
-3.863217378604078683e-02
-8.440846424761551392e-02
-1.451125427344669427e-01
-2.094406782264839895e-01
-2.666442472448081191e-01
-3.080924190566721177e-01
-3.259156108787634176e-01
-3.073598170618060399e-01
-2.344405429188180512e-01
-8.670792870888334447e-02
1.162453416960351066e-01
3.001617865665843765e-01
4.185673813105229568e-01
4.736662541720503272e-01
4.764075502198856227e-01
4.392997247806531003e-01
3.740856390245059782e-01
2.916047628568800842e-01
2.043083737130728106e-01
1.250222595675271053e-01
6.497241293202103696e-02
3.132981334940475315e-02
2.133461338682875880e-02
1.642202462884022329e-02
-5.958816487539674023e-03
-5.229494930815722920e-02
-1.199494064854432773e-01
-2.033628824747162889e-01
-2.870991505411374378e-01
-3.528453933587230029e-01
-3.987617568969981097e-01
-4.372235853635559888e-01
-4.618801992899544406e-01
-4.444311525129475693e-01
-3.814272605671981120e-01
-2.960570798265717563e-01
-2.105853330186210071e-01
-1.439378207220279871e-01
-8.009730261186751021e-02
2.241553027951685706e-02
1.464250789789557916e-01
2.214667070163504892e-01
2.309609798241623602e-01
2.095601461117877484e-01
1.843561667977410556e-01
1.729787086554999131e-01
1.910625799306831518e-01
2.323869352868159488e-01
2.611013045078677264e-01
2.586649214460043922e-01
2.278807198097188569e-01
1.748177736991349540e-01
1.108345929575183381e-01
4.716275144969496458e-02
-9.962596142268916044e-03
-5.631047008071290993e-02
-8.462908324264088733e-02
-8.863621115033311348e-02
-6.418407183395855031e-02
-1.937028852185514530e-02
2.520168450831873977e-02
5.953638737252651969e-02
8.435416480441812470e-02
1.000644229364216070e-01
1.082824806087981789e-01
1.131216899531870823e-01
1.162556733183564006e-01
1.129066649565898806e-01
9.794134666970055747e-02
7.112044230521291643e-02
3.279278072812875228e-02
-1.371216818949315755e-02
-5.816242619938801622e-02
-9.172466859231478975e-02
-1.135497348512434501e-01
-1.274696716302644028e-01
-1.278358781468056926e-01
-1.045268147528872482e-01
-5.995133651354464521e-02
1.790863244593834946e-03
7.063758005984288602e-02
1.228805717592246910e-01
1.433715271020703785e-01
1.298330744000930348e-01
8.470077776287603111e-02
1.037698450543115061e-02
-9.157351830353920030e-02
-2.076679661725637227e-01
-3.170102532280080765e-01
-4.071106138955896125e-01
-4.668326980937722581e-01
-4.797411197270747829e-01
-4.367661346918919607e-01
-3.399023718195718913e-01
-1.822189974862443163e-01
1.137662225984200845e-02
1.692962352349179911e-01
2.603577520047882232e-01
2.946703611157522329e-01
2.798215688504465670e-01
2.269881296135749793e-01
1.512790884979711425e-01
6.798132975311753368e-02
-6.496250781183841860e-03
-5.453712521089278120e-02
-5.937513604518573213e-02
-4.303687361498496552e-03
9.298575927652166784e-02
1.776900151215838886e-01
2.266323158745493505e-01
2.491996790983252996e-01
2.510031962783003667e-01
2.342691733218731642e-01
2.021252299524959328e-01
1.584432262876170339e-01
1.075296110762929136e-01
5.551124227201578720e-02
6.448181516224019139e-03
-3.871073094596364644e-02
-7.839516205351694522e-02
-1.111587792871170238e-01
-1.373489559090209089e-01
-1.574452899528477612e-01
-1.722868335958527286e-01
-1.836623151191914272e-01
-1.921794620065071513e-01
-1.950498627611862434e-01
-1.857453436712102335e-01
-1.579585682036114824e-01
-1.082117117718188332e-01
-3.519183222614050144e-02
4.497195690568369514e-02
1.016509264211130498e-01
1.232496905274665655e-01
1.165414144642263894e-01
8.929344408949368983e-02
5.142973628796772279e-02
1.456219882677260713e-02
-1.390573948867137276e-02
-3.026228703300851836e-02
-3.185113719045092051e-02
-1.838370457678325728e-02
9.545154789928613978e-03
4.129924377229842597e-02
5.879281060863097291e-02
5.915655751313454724e-02
4.970957800837649820e-02
3.512045389486260355e-02
1.785525768590193185e-02
-9.625167298356078135e-04
-1.879863513202916989e-02
-3.123954734364994476e-02
-3.488564638741380175e-02
-2.973475196460100001e-02
-1.612666803040440494e-02
3.674380136879019064e-03
2.284834449858309802e-02
3.732784487986405553e-02
4.709365232739990553e-02
5.258964838236723088e-02
5.549368198518716405e-02
5.748069543590940411e-02
5.763971361432017326e-02
5.382894956234370726e-02
4.504736986660833747e-02
3.150631169284013461e-02
1.433705379368544267e-02
-6.705803462066570533e-03
-3.181188896526931931e-02
-5.738529220508598039e-02
-7.973722118639775536e-02
-9.752449884404415514e-02
-1.114543379669663548e-01
-1.240006964960230634e-01
-1.358035133243463977e-01
-1.431151949938581081e-01
-1.380280755074495547e-01
-1.133537258022395411e-01
-6.508458288987989393e-02
-2.781824380518491298e-03
4.949721089661421325e-02
8.076808385868598783e-02
9.592159884253748103e-02
9.948367682799461043e-02
9.461122059756935099e-02
8.573107658165733669e-02
7.585043556824030975e-02
6.473914283680426429e-02
5.340486603056499026e-02
4.417259599591825958e-02
3.898998063026694327e-02
4.090568854841768881e-02
4.918790449760147843e-02
5.961799095097462808e-02
7.154884184306974093e-02
8.473217756517485710e-02
9.736614853311571782e-02
1.061964299970525050e-01
1.065137044894518686e-01
9.612580375282692158e-02
7.517327742042871630e-02
4.465239384913162468e-02
5.026513565892714447e-03
-4.297378350843866768e-02
-9.747116315474804726e-02
-1.574046389638492915e-01
-2.216154025672401051e-01
-2.887970838717061617e-01
-3.558069044284014049e-01
-4.147105639542599254e-01
-4.554733534612032675e-01
-4.642052167949191066e-01
-4.221779309241971423e-01
-3.129429471681725028e-01
-1.208338008029872374e-01
1.191211009935841253e-01
3.174685230429248883e-01
4.368599839581358002e-01
4.933569530837847994e-01
5.005596162481844580e-01
4.695107323820649214e-01
4.112724216476942862e-01
3.381023532282256827e-01
2.626699145814297420e-01
1.950803950878980675e-01
1.380187931393414835e-01
8.910330177258764250e-02
4.730177444357888672e-02
7.350856974833952506e-03
-3.889777396903056073e-02
-9.023679507075529904e-02
-1.383724222258203851e-01
-1.788632774551391358e-01
-2.097673400459288406e-01
-2.276768219032189455e-01
-2.328999703516163033e-01
-2.256073603418995155e-01
-2.003547129401570814e-01
-1.515536629365050736e-01
-8.919270141516517925e-02
-3.854560831935645998e-02
-1.125540393227410750e-02
-6.827298318618970491e-04
3.847972083335539709e-03
7.875204671299334061e-03
9.759912655877014953e-03
8.892645696652776502e-03
8.407424037469583139e-03
1.322410928624251705e-02
2.586050742834151636e-02
4.731357839346634481e-02
7.274550266978740964e-02
8.884429897885250116e-02
8.859553481808424280e-02
7.186589877025430229e-02
3.809494983190914175e-02
-9.140881185712237261e-03
-6.099782402616238386e-02
-1.071320680539396691e-01
-1.361644055463938352e-01
-1.368611860731469565e-01
-1.016642159097692205e-01
-2.507862267936876444e-02
7.355035315467761681e-02
1.505598664542472653e-01
1.890576380640489329e-01
1.962103679269260326e-01
1.784587159668711842e-01
1.445919955915348498e-01
1.029810108925383327e-01
6.162890210406161279e-02
2.742178311728047518e-02
2.090874983784513433e-03
-1.386452848369095978e-02
-2.032914727595895935e-02
-2.586688515972252952e-02
-4.295422669050425607e-02
-7.221483185019894613e-02
-1.100750464781423826e-01
-1.578496622421793616e-01
-2.112792406202487205e-01
-2.587408866524515960e-01
-2.884909271040664303e-01
-2.939444201578231830e-01
-2.707545721851034592e-01
-2.101206670737180426e-01
-9.746041397438447162e-02
4.672061001542037600e-02
1.652108129740824383e-01
2.407318380512265266e-01
2.872775503645161876e-01
3.082818147716110402e-01
3.043289303151689995e-01
2.771369917055143128e-01
2.344757891644507208e-01
1.858640475183453711e-01
1.354176030590296953e-01
8.405424054706935044e-02
3.115863453739815825e-02
-1.748298971992210543e-02
-5.079266730891801584e-02
-6.430835487593704325e-02
-6.105213856255953947e-02
-4.613868852911303525e-02
-2.560187040968521510e-02
-8.622170810963572518e-03
-8.830001271563359122e-05
1.631801970981307942e-03
-3.953273500573332988e-03
-1.732172094199509182e-02
-3.582249748578378995e-02
-5.786666639746065183e-02
-8.419295394193535009e-02
-1.139220562995047065e-01
-1.421784868523840450e-01
-1.645851101619981716e-01
-1.794770637804732061e-01
-1.835109014681965689e-01
-1.751205882115121348e-01
-1.571313642408822264e-01
-1.390290256933670587e-01
-1.324228175325912749e-01
-1.332282524384767464e-01
-1.269993977264420870e-01
-9.910564894623687116e-02
-3.289183491043654040e-02
7.594800600601539498e-02
1.949699042677729977e-01
2.783508633742161620e-01
3.121753176743357616e-01
3.082431789677499423e-01
2.831201929492263014e-01
2.501312317723000112e-01
2.169633448468485382e-01
1.883139012615535068e-01
1.661158364277049715e-01
1.464980237807120556e-01
1.237779798943195037e-01
9.788786269519382521e-02
6.969651356140299514e-02
3.793495108736257004e-02
2.181566955901513560e-03
-3.780715302960233754e-02
-8.137590725607204978e-02
-1.257484638597997639e-01
-1.673747679229800611e-01
-2.030405636888189258e-01
-2.247201469195930779e-01
-2.323905090891236203e-01
-2.430742051766714984e-01
-2.642252169215971169e-01
-2.905915202209541914e-01
-3.173655458420949760e-01
-3.376549166792434664e-01
-3.410961316693775780e-01
-3.136781047186976701e-01
-2.482901871472966981e-01
-1.398817846733111103e-01
3.205954467278984699e-02
2.410623568244928405e-01
4.049245577439234411e-01
4.893389660700575572e-01
5.099418964331048354e-01
4.837627845211928124e-01
4.254825951831341380e-01
3.462184921812302418e-01
2.541353756950063825e-01
1.567752577419048998e-01
6.487623162657661646e-02
-1.215042291983337713e-02
-7.405954337617431937e-02
-1.116558776146390763e-01
-1.145845545100250829e-01
-9.886490223269051025e-02
-8.098696626927590070e-02
-6.459420999039999778e-02
-5.171299640538436909e-02
-4.117328953325334606e-02
-3.069546717541690034e-02
-1.992851411637514350e-02
-1.124345008429865345e-02
-6.247216069583859388e-03
-4.059628204947115723e-03
-6.526171968172359006e-03
-2.077147210538521707e-02
-5.238980074227180678e-02
-1.001876103455574818e-01
-1.584974989541384216e-01
-2.200145469777422258e-01
-2.774905801619401702e-01
-3.226387666039477464e-01
-3.460555298618331332e-01
-3.350512802143627566e-01
-2.704764082998191710e-01
-1.337837830565859754e-01
4.276066242976837850e-02
1.813476958489092516e-01
2.548262345779178650e-01
2.823293125407447257e-01
2.795332431109164295e-01
2.594381359632743633e-01
2.304348456245442767e-01
1.990931367130393537e-01
1.720923947714122215e-01
1.520431160199036125e-01
1.388198648000082691e-01
1.305098720225031095e-01
1.191574074692491186e-01
9.701443614231886059e-02
6.429848596644327507e-02
2.526617990234632932e-02
-1.596375609415138716e-02
-5.658686407533751461e-02
-9.303403856183424525e-02
-1.192307560972578478e-01
-1.299495310791644598e-01
-1.241197481004181480e-01
-1.037933001337349448e-01
-7.201938223361573077e-02
-3.545874599386619058e-02
-2.185073858892508381e-03
2.447044327712553577e-02
4.257143458482914866e-02
5.076600998724686148e-02
5.180079160671150623e-02
5.010220116438425519e-02
4.827368671057406802e-02
4.580264619404086912e-02
4.314473792396623236e-02
4.490903886954741159e-02
4.441450736571116165e-02
2.386162275495328638e-02
-1.845092874122443438e-02
-7.358919599789824628e-02
-1.395770360852857661e-01
-2.144350573303863416e-01
-2.902711412699273685e-01
-3.555521567966127283e-01
-3.977127932042263114e-01
-4.053164108460566850e-01
-3.679797712939402166e-01
-2.752905891270258643e-01
-1.152348167728123041e-01
8.146325328722930914e-02
2.401139359210157642e-01
3.325300577454169404e-01
3.762595435643552588e-01
3.872467955167075981e-01
3.763296849156159141e-01
3.471241014571362360e-01
3.025084119461892151e-01
2.488791186074693629e-01
1.914854357894719694e-01
1.329163002465970078e-01
7.415837445063211408e-02
1.879832602234727396e-02
-2.523212873735068695e-02
-5.407601616162452385e-02
-6.903059080418762206e-02
-7.129977074072811616e-02
-6.287962748518718947e-02
-4.953543571554613889e-02
-3.862658615345660601e-02
-3.527625810881029889e-02
-4.308626202180043663e-02
-6.382602770104837953e-02
-9.912931275373404461e-02
-1.408499107558323360e-01
-1.683461943281586159e-01
-1.715626187367063904e-01
-1.555727686657621678e-01
-1.277953958984099081e-01
-9.207390286076595765e-02
-5.183401014567377146e-02
-1.270051178630102022e-02
2.259249897552888242e-02
5.307013115923540220e-02
7.536075190010123326e-02
8.447995258688192899e-02
7.984068229041083042e-02
6.946758436478782384e-02
6.009548463665265183e-02
4.859662417975746385e-02
2.926740323530698309e-02
1.921773028416409734e-03
-3.015148470312697254e-02
-6.300007263463536233e-02
-8.951754251147259200e-02
-9.988663560202941383e-02
-8.645314481802790496e-02
-4.678477036088912744e-02
6.721423298793614658e-03
5.264927437196332410e-02
8.299411083470632777e-02
1.007706129666194605e-01
1.094459164965924658e-01
1.106474597831316742e-01
1.061354755450031467e-01
9.889931987888918308e-02
9.025202942072312051e-02
7.953740203002465647e-02
6.290625756975562477e-02
3.531332541512562095e-02
5.810493134378088426e-04
-2.962974007922439951e-02
-5.118729586265868825e-02
-6.927051548909451961e-02
-8.852545858189517225e-02
-1.100379997257739384e-01
-1.326832092423299858e-01
-1.522166040397769093e-01
-1.621778727440003065e-01
-1.572900248109012356e-01
-1.336762792921178666e-01
-8.903746368280111845e-02
-3.271026716912201621e-02
1.796003556262914386e-02
5.840042985684207322e-02
9.193374632535802893e-02
1.190530238278836583e-01
1.401201492784562852e-01
1.542973489316274427e-01
1.608865831587062423e-01
1.599087553457831101e-01
1.488666532628673544e-01
1.219639240709154693e-01
7.358939265975154853e-02
1.085761460479918797e-02
-4.842366149125675728e-02
-9.578711826318050959e-02
-1.307692469833518500e-01
-1.523238087851111755e-01
-1.609536202150193829e-01
-1.583784254577621786e-01
-1.465660519120054739e-01
-1.251584403098306708e-01
-9.090138708758702113e-02
-4.445591474214891786e-02
9.339414427691773365e-03
6.135083718945295861e-02
9.960477510258379519e-02
1.216190971759420064e-01
1.321896737386883958e-01
1.340954579889787057e-01
1.288430832145666116e-01
1.169751121352281126e-01
9.838426946403515394e-02
7.541991958912097616e-02
5.104354417238095298e-02
2.670865415726990724e-02
5.419173691444950994e-03
-1.059261788609055892e-02
-2.423958324414368648e-02
-3.903746688672438125e-02
-5.500092697138311837e-02
-7.199886199799200581e-02
-9.153871972214533415e-02
-1.131598813970834533e-01
-1.322578921963308840e-01
-1.429018030768684222e-01
-1.388311728377185361e-01
-1.149474285484093083e-01
-7.278073775357891961e-02
-2.457826087867723622e-02
1.549043167861624201e-02
4.544929091199666205e-02
7.013294366239956890e-02
9.062626629580278204e-02
1.041507619373672755e-01
1.081725485618636184e-01
1.034093711699552859e-01
9.172713377011607050e-02
7.545488991464199824e-02
5.724703926740028898e-02
3.894067640919724599e-02
2.269772062476193772e-02
8.850283955578627099e-03
-6.112341462865778993e-03
-2.438417347165495672e-02
-4.436914018945239263e-02
-6.434248693676843101e-02
-8.436456711399405173e-02
-1.033810208513277207e-01
-1.158751851600845206e-01
-1.149546426695030876e-01
-9.603526901668081595e-02
-5.644899467808155158e-02
-6.421637556969592847e-03
3.268064147759777022e-02
5.482504855045666758e-02
6.808705674858048229e-02
7.854293772167927901e-02
8.916265843239573607e-02
1.000746277288612346e-01
1.088208940986265388e-01
1.124596593135162165e-01
1.085432792635369903e-01
9.426497291642059462e-02
6.853368797061812345e-02
3.635110227239603253e-02
4.345449528853781440e-03
-2.613473445001670073e-02
-5.382576643746473516e-02
-7.548638397339071937e-02
-9.072205692832523150e-02
-1.025863022282109682e-01
-1.136104083392976277e-01
-1.212347144011565597e-01
-1.202559479994717018e-01
-1.055247584959776025e-01
-6.992775576803667015e-02
-2.022830332065824605e-02
2.053243699539751901e-02
4.287922510610458343e-02
5.164502447969682164e-02
4.979590981773010516e-02
3.861940669505375956e-02
1.923230367863829754e-02
-4.321586676949099731e-03
-2.315459019366379601e-02
-2.932679060814077573e-02
-1.772852533873880629e-02
1.477562947847234354e-02
5.636032579431166090e-02
8.394792203549526766e-02
8.843818087229077252e-02
7.542367024499878336e-02
5.297420061357600851e-02
2.627267986387327170e-02
-1.096730696255905982e-03
-2.490250655424856158e-02
-4.243730331658722432e-02
-5.002824212250149560e-02
-4.264805462944080972e-02
-1.771100668037188172e-02
1.423567186663960218e-02
3.233558919812479920e-02
2.916062571696491357e-02
1.002704217738403965e-02
-1.952276743605367570e-02
-5.460188625870967399e-02
-8.946023470679557998e-02
-1.173180592875499723e-01
-1.324735777570545670e-01
-1.291805871287725338e-01
-9.945940014862826584e-02
-3.063398405153371779e-02
6.479819894845725847e-02
1.414933780941745600e-01
1.778579097318807312e-01
1.822837646941614931e-01
1.647149248388224962e-01
1.343644183476216114e-01
9.583391110345838848e-02
5.034228363918681615e-02
3.789817998277515351e-03
-3.316473941205289044e-02
-5.033514956966579634e-02
-4.419480638979717685e-02
-2.582308102879050590e-02
-9.692319929350635965e-03
1.079493582035155261e-03
5.257350291568142070e-03
-6.135726512084540771e-04
-1.619447995400814799e-02
-3.693766464069895422e-02
-5.650536609149351547e-02
-6.896031466799737442e-02
-6.759586035464623666e-02
-4.535144082353322059e-02
1.961711506688581380e-03
5.801255629201596681e-02
8.967125629669409070e-02
8.424959632835517243e-02
4.608904766079312265e-02
-1.873906811189434210e-02
-9.653018083832581864e-02
-1.718121189108195168e-01
-2.312078648276690296e-01
-2.614682933710374968e-01
-2.507508508862862362e-01
-1.878257465449972297e-01
-6.189757513808936962e-02
9.969697047443135118e-02
2.319355737390021432e-01
3.063916927982914817e-01
3.322912125620898216e-01
3.184028672107483970e-01
2.735394139799303681e-01
2.061666783277746884e-01
1.244690473829351551e-01
3.860217242402506910e-02
-4.254763456313796072e-02
-1.117391950692019076e-01
-1.655310894907900121e-01
-2.026460697905544395e-01
-2.187493600496812907e-01
-2.085665693051500513e-01
-1.830078536825202606e-01
-1.699146993142233164e-01
-1.785834971238020319e-01
-1.975908300281289942e-01
-2.127845810069410037e-01
-2.088079919393338313e-01
-1.731550591461777089e-01
-9.642583881154478953e-02
3.194386977893254320e-02
1.843123998374021077e-01
2.948930887944281598e-01
3.389807637725147371e-01
3.288537645976071788e-01
2.790788335026477829e-01
2.110797436499109725e-01
1.420710298600347810e-01
8.108251719368682331e-02
3.355052248142544047e-02
2.375881621835363409e-03
-1.051448697207242079e-02
-4.961646528999063416e-03
1.408799478126921551e-02
3.795508155255183230e-02
6.129563896034898041e-02
8.273377589957420231e-02
1.005228067478937393e-01
1.120734484569101130e-01
1.152350451533369347e-01
1.077947393924483660e-01
8.798016761130220131e-02
5.556693916028113134e-02
1.092762072611738050e-02
-4.255086247409982370e-02
-1.004838347166822354e-01
-1.607218449841023022e-01
-2.176257045244845978e-01
-2.632035572367672493e-01
-2.965132287906698250e-01
-3.215327973892043723e-01
-3.363230823512239342e-01
-3.330579290005254434e-01
-2.998902545284760635e-01
-2.288881960509801250e-01
-1.216267709320719009e-01
2.795711108687412572e-02
1.922910711465085354e-01
3.035243404531269840e-01
3.423966817993071010e-01
3.290185987295845549e-01
2.768016775931708695e-01
1.984439998352510170e-01
1.065480467305502110e-01
1.369011215225682601e-02
-6.823554806380538462e-02
-1.245870640386439465e-01
-1.370210685855289545e-01
-9.149224238463404824e-02
-8.975146506889346287e-03
5.637837467191477575e-02
7.697889024419288240e-02
5.827819444569098950e-02
8.410122373093388559e-03
-6.327967365938137745e-02
-1.425042728519275992e-01
-2.136449755386953808e-01
-2.623737265236231742e-01
-2.729340011791575038e-01
-2.289960583032515651e-01
-1.133468721582855804e-01
5.141497471014625648e-02
1.926845257312747584e-01
2.736814196379968589e-01
3.050769251630299772e-01
2.977402784521869239e-01
2.623663960331169553e-01
2.122656697844948759e-01
1.580969945335818638e-01
1.061804764128837786e-01
6.023558739255253924e-02
2.265895689671659774e-02
-4.289294297310751458e-03
-2.456543086469122755e-02
-4.721997628997075258e-02
-7.129144776569251718e-02
-9.102377632770472515e-02
-1.050408854847554030e-01
-1.146844942133007778e-01
-1.225018445285099150e-01
-1.268624010433100635e-01
-1.245828371505012244e-01
-1.133014521066885438e-01
-8.985793321857990512e-02
-5.184290850596195294e-02
-3.696211177797460376e-03
3.958520970415874835e-02
6.817431359684178460e-02
8.513477473441670440e-02
9.596429484060556292e-02
1.051089983257866012e-01
1.159238139144017354e-01
1.283244506657711115e-01
1.386803149664320722e-01
1.434946211867752508e-01
1.411215428943891903e-01
1.304015027416821904e-01
1.112075354153984896e-01
8.401647405510762057e-02
4.907357916274876497e-02
9.415368444109617485e-03
-3.012731835098956049e-02
-6.806344512047224349e-02
-1.050352836819435642e-01
-1.435088596229559810e-01
-1.846774672800859107e-01
-2.213270425507097572e-01
-2.422675276043153025e-01
-2.382879089316117527e-01
-2.139339768396693875e-01
-1.879179296137338806e-01
-1.675474896073906039e-01
-1.459260342467034455e-01
-1.156375288055061373e-01
-8.351621711765534750e-02
-6.923440158980967429e-02
-7.782988037878277310e-02
-9.562323326766114517e-02
-1.013200139054860893e-01
-7.188875899713204065e-02
1.589036639382956223e-02
1.426566036698746209e-01
2.392161362865009577e-01
2.740834962143878228e-01
2.628958444275677486e-01
2.222674630364954718e-01
1.656237614345699716e-01
1.045992503856992550e-01
4.920613185377006871e-02
6.109205278178035659e-03
-2.005192866545438268e-02
-2.028927431394075137e-02
1.732077958795994257e-02
7.920357951283663045e-02
1.293826827496296628e-01
1.565837426920784758e-01
1.669492253138917248e-01
1.616611965754694014e-01
1.419621026756889559e-01
1.110818183646722218e-01
7.426276395811430564e-02
3.611028657725502689e-02
-7.950857553460782823e-04
-3.390454514717283763e-02
-6.061384178915196763e-02
-8.300306615342376015e-02
-1.053110322372143581e-01
-1.276223397429703532e-01
-1.488333334444844058e-01
-1.689038496655756449e-01
-1.876780317308755497e-01
-2.025022809006046254e-01
-2.075242009017386480e-01
-1.985489201767502154e-01
-1.714525112269489338e-01
-1.181949390907095360e-01
-3.535974860917313889e-02
5.435914531500710828e-02
1.176322233352449509e-01
1.495708801174490954e-01
1.608530963431702154e-01
1.573804293532488074e-01
1.435566127127641811e-01
1.238727834781355175e-01
1.019211885223610115e-01
7.827758557416794605e-02
5.360035800714583326e-02
3.135606794191263258e-02
1.861771443832058864e-02
2.061432097375985942e-02
2.890134592621103685e-02
2.781067785651584676e-02
1.099851999076227951e-02
-2.164029246241203769e-02
-6.651267218834851225e-02
-1.126405550288958335e-01
-1.487579628291081923e-01
-1.677450405481226148e-01
-1.650281482499766084e-01
-1.346061056924913735e-01
-6.555461099254097923e-02
2.479244341036740060e-02
8.874483814185496477e-02
1.099912260302203793e-01
1.018328837103628093e-01
7.301279643977209854e-02
2.980623939726286323e-02
-1.658487023953329753e-02
-5.137592737005128307e-02
-6.340473369654311964e-02
-5.298886960702765131e-02
-2.754953282404505599e-02
1.516103417917908508e-02
6.785041106970997327e-02
1.012275848977164938e-01
9.893555470404166718e-02
6.480814658062461486e-02
5.798345470093942827e-03
-6.952685191163168743e-02
-1.506630807765205193e-01
-2.253817871533391193e-01
-2.781862009591464235e-01
-2.944865889143463145e-01
-2.641845712733327800e-01
-1.773473470573729560e-01
-3.112922379962315342e-02
1.350609762268006886e-01
2.578358566311739763e-01
3.182737002063116827e-01
3.321139246237620468e-01
3.110285093958938263e-01
2.623482262901783990e-01
1.968625322743055295e-01
1.285693073176214507e-01
6.715608645879606042e-02
1.567759470728519178e-02
-2.664038987681345214e-02
-5.798991000274990315e-02
-7.364404549678200962e-02
-7.342186752294943552e-02
-6.003568197581420074e-02
-3.596461526902113709e-02
-5.734341002934090908e-03
2.567667854203339872e-02
5.562278164230190225e-02
8.383125024756164778e-02
1.081962784303954622e-01
1.231589981754945412e-01
1.235037213783717336e-01
1.043532896322905551e-01
6.243225360410299685e-02
1.371217988749741899e-03
-7.093051658709083329e-02
-1.486963758885483100e-01
-2.271225399172203674e-01
-2.981088660257631973e-01
-3.497413060761867531e-01
-3.681401112552912247e-01
-3.404523372597428876e-01
-2.570479283900089507e-01
-1.088299747449250759e-01
6.671315210729640566e-02
1.897439927489747991e-01
2.375550473317979971e-01
2.336019470359297912e-01
1.946854855211535562e-01
1.337390612345579488e-01
6.050636134761798457e-02
-1.325833201649693344e-02
-7.589579868652522598e-02
-1.140420923628265443e-01
-1.080192440477660554e-01
-3.956295448858308805e-02
6.706028719727877285e-02
1.444855621313138327e-01
1.610099179214397325e-01
1.286068167144906460e-01
6.446739037107407366e-02
-1.362463085557681988e-02
-9.051098701242341060e-02
-1.548473015475342884e-01
-1.964000226343461386e-01
-2.042507794305264968e-01
-1.694874498126320017e-01
-8.527843532495861523e-02
2.332949301816240537e-02
1.034805328274134295e-01
1.383550427201620803e-01
1.400142343313981463e-01
1.198755492245396487e-01
8.846944225137079454e-02
4.924796670688012801e-02
6.069335415370094577e-03
-3.144410031572469899e-02
-5.228223078384784672e-02
-4.868265711012456642e-02
-1.822069766374014368e-02
2.713124465064188640e-02
6.490031415674903104e-02
8.870535896373225870e-02
1.055143116627618033e-01
1.189396914568475322e-01
1.292967947569829412e-01
1.343237718307322415e-01
1.329700222325373438e-01
1.270238945512108530e-01
1.167470336338097547e-01
1.002994774729781824e-01
7.582882391807882483e-02
4.613581189670475091e-02
1.786225243147208583e-02
-6.082394779460237322e-03
-2.897456671157848385e-02
-5.718116078087197990e-02
-9.277131394350124349e-02
-1.330621741066149166e-01
-1.762823116273614099e-01
-2.227281191219267764e-01
-2.731810706398505872e-01
-3.269680887046591544e-01
-3.803864775919363339e-01
-4.213544645050871229e-01
-4.282928179696398607e-01
-3.810702202403773997e-01
-2.677259013962481338e-01
-7.756382965330795021e-02
1.520324075436263467e-01
3.326393388522706496e-01
4.288400309403984645e-01
4.586034825662546055e-01
4.384766762573620857e-01
3.853478308064710034e-01
3.138205166197347018e-01
2.322467018502478719e-01
1.501626832328977479e-01
7.883980223806302812e-02
2.330357521569849377e-02
-1.730416795355906381e-02
-4.608989529468711377e-02
-6.786362989548706814e-02
-8.487319892309473646e-02
-9.447325486396693228e-02
-9.435289252204398514e-02
-8.439884622069833420e-02
-6.427822676525060674e-02
-3.797034600480645589e-02
-1.612895587389358981e-02
-4.013537816916937923e-03
2.502715991680847657e-03
6.989955688302842626e-03
8.867332793849814349e-03
6.108045133916981985e-03
-2.771393850191265079e-03
-1.542775331303952724e-02
-2.743869095573883699e-02
-3.721656832504680740e-02
-4.415960961947774238e-02
-4.860095718700520318e-02
-5.338998274424326673e-02
-5.964344028812103293e-02
-6.603614824665135496e-02
-7.189225348488244294e-02
-7.673710252398606435e-02
-7.924221214955982917e-02
-7.759993515917761042e-02
-7.150551734037564888e-02
-5.984654836912017828e-02
-3.556219975504189279e-02
9.367479580161725689e-03
6.571271593762144370e-02
1.101714494698713132e-01
1.330431432957812909e-01
1.388886601367114448e-01
1.332409749522006914e-01
1.204880053796126005e-01
1.036694829006300361e-01
8.417358913651695751e-02
6.035092390078555802e-02
3.195619989026241003e-02
2.214901045188963705e-03
-2.775057459112633199e-02
-5.695720842919239912e-02
-8.073086556320099860e-02
-9.399800766512245165e-02
-9.619099100504373279e-02
-9.237751850460057534e-02
-8.695787130823730282e-02
-8.068034961587224052e-02
-7.313869615910892352e-02
-6.375898655604989029e-02
-5.143819372961037223e-02
-3.336555663817728640e-02
-9.507044898368946159e-03
1.591835985137557419e-02
3.780647608176884028e-02
5.207876878746942051e-02
5.953326723868741788e-02
6.366948087348997531e-02
6.566121183046552678e-02
6.423649883571261321e-02
6.033074410126577913e-02
5.785336548124093980e-02
5.698943197280535028e-02
5.451584693127822789e-02
5.040193068085991462e-02
4.918730491850747261e-02
5.401865642745965618e-02
6.346542755178856410e-02
7.517735684883365688e-02
8.858091350019703381e-02
1.043346215550376571e-01
1.215864998737905961e-01
1.344667172544223299e-01
1.347157963344304821e-01
1.193395046713050800e-01
9.058785422178930458e-02
4.796917575701053343e-02
-1.039708634105621088e-02
-7.963381305161675028e-02
-1.546229856707012906e-01
-2.339292488090126687e-01
-3.133599689873964866e-01
-3.860599612163115868e-01
-4.444094895074032214e-01
-4.816739971553444799e-01
-4.902168162685263120e-01
-4.558414861792285389e-01
-3.608892954244601325e-01
-1.922631446313525505e-01
2.128136989340620108e-02
2.073111834547487764e-01
3.272662527125541621e-01
3.895312633667086244e-01
4.096429343275038715e-01
4.002999482614098548e-01
3.690963269267290570e-01
3.219179814903715409e-01
2.660614490239647800e-01
2.078269155714656813e-01
1.517546961721379373e-01
9.855100974707496631e-02
4.972984717224893103e-02
1.161274646483163170e-02
-1.498808781321570027e-02
-3.292844895779839520e-02
-4.328992999291023103e-02
-4.745660839826142119e-02
-4.563033580513643772e-02
-3.805149257539802016e-02
-2.744206557217914594e-02
-2.109269555356886594e-02
-2.694661624809959258e-02
-4.439507568860957820e-02
-6.921651281446085380e-02
-1.009387860406129739e-01
-1.376703364488698345e-01
-1.765323760230274042e-01
-2.148398038570579760e-01
-2.454704592428378351e-01
-2.600453775859148942e-01
-2.528469912237736872e-01
-2.166822093544707450e-01
-1.421066604697890368e-01
-3.089925985443249881e-02
8.738109053461452780e-02
1.745127903450679752e-01
2.180289348475263067e-01
2.274116634128780789e-01
2.157442812192505999e-01
1.935893703850851966e-01
1.668376332211490842e-01
1.381005705448908050e-01
1.096196081460162897e-01
8.134831278309935521e-02
5.248765429293068829e-02
2.554891266025149932e-02
2.325434373479253088e-03
-1.607016681631447119e-02
-2.738201002703028950e-02
-3.166942956830961359e-02
-3.112043572321798041e-02
-2.652062237270207817e-02
-1.792720999171426577e-02
-8.324921319845907455e-03
-4.107043212566822976e-04
5.231585792902096813e-03
7.376201109476936829e-03
4.949933295367178743e-03
-1.507529796545278161e-03
-1.001967230547277585e-02
-1.682103905283469092e-02
-1.805689027773459132e-02
-1.570677589397589946e-02
-1.628278640073258648e-02
-2.084304227289154529e-02
-2.748193038082683351e-02
-3.731500995691040129e-02
-4.840850602859669838e-02
-5.505296577139161956e-02
-5.498551106455070586e-02
-5.186266400470718879e-02
-4.866130213901366519e-02
-4.392744996938558605e-02
-3.501643591499148389e-02
-2.248238710792558118e-02
-9.974059514534356491e-03
9.644168349865339662e-04
1.123765679721899086e-02
2.203851669757366308e-02
3.470498867874989568e-02
4.929764553761925572e-02
6.349676751113679518e-02
7.498036667174513836e-02
8.149292250333281529e-02
8.145294047714847496e-02
7.608591284324010828e-02
6.554527469781558369e-02
4.893254623615147375e-02
2.801406023296674694e-02
5.940015585765235674e-03
-1.331941277312487411e-02
-2.670874008284464945e-02
-3.596677416486605827e-02
-4.664522613411418994e-02
-6.314539339618137348e-02
-8.244372463949070640e-02
-9.751151498725729727e-02
-1.069606438409212712e-01
-1.115740150391890118e-01
-1.089285769457485620e-01
-9.765992842741685886e-02
-7.921835674429777985e-02
-5.542417839537266966e-02
-2.805594755438429663e-02
1.276604490650165222e-03
2.980423807485933774e-02
5.225740638046388886e-02
6.648263314132549229e-02
7.493988778957016983e-02
7.850914248817167373e-02
7.762129000939319012e-02
7.389315993869187416e-02
6.961019406824198175e-02
6.712073929348218171e-02
6.473986705663740959e-02
5.853164414216195655e-02
4.861707730730550903e-02
3.853807249363635362e-02
3.098741420798291346e-02
2.412863836252424760e-02
1.481065547304062473e-02
6.685830437394636380e-03
5.120934898922513412e-03
1.116677285811734296e-02
2.279071904577700813e-02
3.487872319447737901e-02
4.137660874543461903e-02
3.870187940906485297e-02
2.555954885870109425e-02
1.220571392665124530e-03
-3.467471545120448528e-02
-7.546032596724035202e-02
-1.066580733461310188e-01
-1.203925349122387523e-01
-1.175663463685825000e-01
-1.022558761230173974e-01
-7.951413069136151202e-02
-5.247790437636362659e-02
-2.441495160899657957e-02
1.352757973243092892e-03
2.221843238212093188e-02
3.473953900860988347e-02
3.495634449545850786e-02
2.216201764085912879e-02
1.104764570850394131e-03
-2.347319638832426336e-02
-4.865159650692230109e-02
-7.127176823624112312e-02
-8.811923165122106938e-02
-9.617462110068439318e-02
-9.515881475981402549e-02
-8.616942027992821607e-02
-6.733763413166392320e-02
-3.439195151986836063e-02
1.547028860311419618e-02
7.320310169320076721e-02
1.200902858888423796e-01
1.475401089608899818e-01
1.595019398415417067e-01
1.606366213248827390e-01
1.527101711493940306e-01
1.379419122003854026e-01
1.198370600843106093e-01
1.022086510081731403e-01
8.804409947894803468e-02
7.690477815229293523e-02
6.664707319522007734e-02
5.777787572767892343e-02
5.113804545318947903e-02
4.448697380091170411e-02
3.522765024179842774e-02
2.197818794465622796e-02
5.138470332194923496e-03
-1.199291080302790011e-02
-2.616713938664083638e-02
-3.745280560924769964e-02
-4.749058785357279655e-02
-5.828494399269842918e-02
-7.295359125817435508e-02
-9.251983854163370324e-02
-1.174932737943687883e-01
-1.499992985616784291e-01
-1.874237986745542206e-01
-2.236232519483640213e-01
-2.528100829866231636e-01
-2.697132409116971830e-01
-2.719824678209937785e-01
-2.573216587653068821e-01
-2.201369032312145424e-01
-1.511032638043879051e-01
-3.686236616939836397e-02
1.040871847189068361e-01
2.138326631308874737e-01
2.622977153694200370e-01
2.597644186340568595e-01
2.221780214753886207e-01
1.627432222523639560e-01
9.327458491233794891e-02
2.630002500984381097e-02
-2.757931146476317458e-02
-6.082439689925167592e-02
-6.524259317015961013e-02
-3.073886950924709094e-02
3.280518689791157849e-02
9.090639173451217636e-02
1.244181721250006006e-01
1.365286350711265861e-01
1.322082182829951713e-01
1.164109222734473897e-01
9.584285196565794918e-02
7.665379885725977227e-02
6.087651801909427229e-02
4.632493135579041077e-02
3.118571079903037155e-02
1.421403801716444003e-02
-3.202055432992697778e-03
-1.752041965881719413e-02
-2.926989054943905308e-02
-3.869617210781016448e-02
-4.359647171999402049e-02
-4.305575088814712903e-02
-3.933099541871444560e-02
-3.586466045959723487e-02
-3.491970964332839072e-02
-3.719227062410156159e-02
-4.136486703598690751e-02
-4.537130619764292994e-02
-4.624487825121129103e-02
-4.194753379444872421e-02
-3.193538431869934191e-02
-1.415531579223175580e-02
1.342733863647141077e-02
5.161170764035414443e-02
1.018370257307820020e-01
1.551319700772229582e-01
1.926400677282195939e-01
2.067881167450025259e-01
1.990787321938313481e-01
1.699443514648117382e-01
1.239625858149804721e-01
7.117168620071123719e-02
1.737374297882413737e-02
-4.115963867006362104e-02
-1.075816111896247818e-01
-1.782435009133391535e-01
-2.481083375753535269e-01
-3.089989641226562611e-01
-3.512633535312266186e-01
-3.694305844214984536e-01
-3.572649607192842636e-01
-3.053055875290802690e-01
-2.297359259148708810e-01
-1.734331936150603493e-01
-1.498238267817735003e-01
-1.401590580756730264e-01
-1.224402838352591921e-01
-7.478964865990339606e-02
-1.751209183505568479e-03
6.908650804869656548e-02
1.376640239700752666e-01
2.212927098638351464e-01
3.304526698773215809e-01
4.412092587449288894e-01
4.924264029226472772e-01
4.624453525290480593e-01
3.700662882100467788e-01
2.349452529249828614e-01
7.741955086167451316e-02
-8.543939047971546574e-02
-2.380376941464382445e-01
-3.648441968049910833e-01
-4.463047911913312626e-01
-4.544059893516436688e-01
-3.578760940837667492e-01
-1.758704943293457612e-01
1.074126272083883102e-02
1.550075080809770744e-01
2.662462002463690247e-01
3.506402344860160003e-01
3.973159767530218822e-01
4.074667408533934054e-01
3.971003413080325117e-01
3.739799222755762487e-01
3.369083536911673948e-01
2.836088462705548818e-01
2.104699636670946117e-01
1.099239559212088491e-01
-1.412762439765995540e-02
-1.387370103027689983e-01
-2.497362433893145772e-01
-3.454175594331831411e-01
-4.254768441275302293e-01
-4.926645257180453097e-01
-5.434803818393660890e-01
-5.685215431293170196e-01
-5.588788220516063276e-01
-5.042891049579122376e-01
-3.913808338293776612e-01
-2.045212972618520864e-01
2.351433099041715102e-02
2.107732732706170120e-01
3.243500392258900633e-01
3.802543516796372813e-01
3.918408576308373137e-01
3.717364805327082466e-01
3.323788811456140913e-01
2.815403771451929771e-01
2.234796935891698588e-01
1.622852363106378204e-01
1.040450727992618812e-01
5.528115704798430841e-02
2.017108423606665812e-02
-2.241369773489123446e-03
-1.765830499736004838e-02
-2.862246098432858973e-02
-3.333265240514407535e-02
-2.938322248574819218e-02
-1.661746185328892567e-02
2.878439907721373758e-04
1.406642417106864287e-02
2.022309670483448882e-02
2.025273150295749114e-02
1.823946741356639173e-02
1.666040343454385994e-02
1.735913086239470465e-02
2.316055720918605912e-02
3.616422813785155621e-02
5.452286045953825405e-02
7.330362502043036299e-02
8.673766342339958579e-02
8.833338590783693101e-02
7.433856489627836683e-02
4.738723349526144379e-02
1.427320871114187706e-02
-2.048868369417037108e-02
-6.869916943170152612e-02
-1.476562722359970881e-01
-2.520897916845006304e-01
-3.672434153379913191e-01
-4.830822288035639400e-01
-5.845710200385257904e-01
-6.509994842070980781e-01
-6.596190067373862709e-01
-5.854771155543494476e-01
-4.034950735786219655e-01
-1.360878866447722546e-01
1.472478967959729157e-01
3.901879877811349484e-01
5.496481614455552833e-01
6.156210795002828862e-01
6.118013789541633107e-01
5.595936550883351401e-01
4.775438557397171380e-01
3.806365858364577637e-01
2.801758677996346591e-01
1.853140137755442951e-01
1.030033463593534038e-01
4.028303947117037320e-02
1.587694113732530943e-03
-1.755606211225598651e-02
-2.664986420233450559e-02
-3.163648998836150056e-02
-3.760229175946533386e-02
-5.128661026232811393e-02
-7.516451242080891826e-02
-1.063135188449589458e-01
-1.387543546875112388e-01
-1.651369092011155670e-01
-1.782579482168377139e-01
-1.678984785283648695e-01
-1.211354550633364779e-01
-4.771626481920294982e-02
1.915532014517851850e-02
6.167125638793260339e-02
8.272032589263254854e-02
8.892049048131224487e-02
8.447023903281730695e-02
7.234009287256353005e-02
5.660514780264266910e-02
4.064314660552518360e-02
2.394656538626169229e-02
1.713177076877466821e-03
-2.914490882670118382e-02
-7.012416082694980513e-02
-1.228506154362840191e-01
-1.874656524149980463e-01
-2.632122302962233151e-01
-3.467984483330012746e-01
-4.316132314980196116e-01
-5.085609475528565238e-01
-5.684412616288718745e-01
-6.009318622845816193e-01
-5.902726993132555444e-01
-5.130042340196909745e-01
-3.404884457227405625e-01
-8.392288421973126411e-02
