-1.622259889498631202e-01
-2.226685084840843709e-01
-2.852649938208422498e-01
-3.485014732584537644e-01
-4.108070414860963138e-01
-4.674197440566276174e-01
-5.071152828188935091e-01
-5.101824740750251497e-01
-4.509257013775873624e-01
-3.048348930607813201e-01
-9.705534347598679390e-02
8.988701211725469431e-02
2.078200824434948690e-01
2.589201644485120690e-01
2.532952202969782629e-01
2.041766464392601177e-01
1.256550446405113874e-01
3.251526417072879427e-02
-5.804423555682159536e-02
-1.281239346399942747e-01
-1.608227569447177319e-01
-1.419325363418329211e-01
-6.100577376269451096e-02
5.688610798784356215e-02
1.514980519734237530e-01
1.987250110361075683e-01
2.149400182704199747e-01
2.139651013607292984e-01
1.998605982420444405e-01
1.731235617361889523e-01
1.362015253879069465e-01
9.269884711251345777e-02
4.671859393786849390e-02
4.736060265283033657e-03
-2.629120722915817901e-02
-4.504754751426260501e-02
-5.621800279183280374e-02
-6.300076270755924912e-02
-6.543478384770159972e-02
-6.463960429398508956e-02
-6.164090662880213067e-02
-5.569994114625947262e-02
-4.929802476628038915e-02
-4.891230706242951504e-02
-5.793979279095534674e-02
-7.334015861414838744e-02
-8.989838017782997293e-02
-1.022819865598914718e-01
-1.063995998749421301e-01
-1.020080815046947031e-01
-9.023227658740591572e-02
-7.261611319292163302e-02
-5.002053906369142988e-02
-2.009111198377992041e-02
1.514713601252976743e-02
4.743339831401710560e-02
7.196587301116266766e-02
8.843230687651780497e-02
1.006020544092554314e-01
1.088617503834559824e-01
1.078557817959190090e-01
9.934164355548283365e-02
8.905546861853930185e-02
7.577280718383103131e-02
5.768780793657312528e-02
3.950694329577544850e-02
2.333814136092653146e-02
6.485605846478664262e-03
-1.077614117827796827e-02
-2.475829907576977684e-02
-3.337699330970132772e-02
-3.850198602617735388e-02
-4.126569718178987878e-02
-3.973738139730920854e-02
-3.369745097033841064e-02
-2.432926969385112645e-02
-1.068338939049256857e-02
7.739374162835864837e-03
2.924424671130410047e-02
5.034933499375281868e-02
6.565177096989396888e-02
7.009470988894885013e-02
6.064619090348855740e-02
3.893175960997664192e-02
9.671124334641916301e-03
-2.605616407987887753e-02
-6.898237117794980833e-02
-1.187211225706180651e-01
-1.736677229497229358e-01
-2.288683770451043209e-01
-2.768967201507321896e-01
-3.078818878913653911e-01
-3.065179049922173715e-01
-2.559543217224627965e-01
-1.451008147862253295e-01
-7.478169147360630431e-04
1.166602619643917899e-01
1.824975450636739660e-01
2.094612629354624111e-01
2.118868412262566170e-01
2.024948049799084049e-01
1.884850762432997984e-01
1.712243392963617439e-01
1.505013371827167989e-01
1.275780984066486323e-01
1.048319285640065129e-01
8.049848712494762915e-02
5.302250202032043891e-02
2.572973549178115757e-02
1.210518217424348762e-03
-1.652320500567186490e-02
-2.381136648490451979e-02
-2.336833804719713054e-02
-2.019264865982692628e-02
-1.589951439088896357e-02
-9.803095997954742666e-03
-2.324402642829919222e-03
5.118272417607013305e-03
1.099220773781423022e-02
1.417303586675707459e-02
1.383292069597180478e-02
9.899071330856743650e-03
2.661942642822836234e-03
-7.692181693310528104e-03
-1.866500611099432272e-02
-2.775101580621527897e-02
-3.600852270940089334e-02
-4.459381150503318597e-02
-5.120237367263399952e-02
-5.241803597509030188e-02
-4.978457218185052685e-02
-4.684420427219204708e-02
-4.183155651078523940e-02
-3.119460045304088894e-02
-1.535018023532824447e-02
1.221443235921143306e-03
1.446967133880359448e-02
2.311310009736088425e-02
2.785952702194004205e-02
2.904965806210763751e-02
2.624100992945014102e-02
1.918806558717276595e-02
4.930440702635601954e-03
-1.542574953873541294e-02
-3.233018358674866893e-02
-3.968030702015402228e-02
-3.962166627266514030e-02
-3.734900501619217023e-02
-3.510442740299001690e-02
-2.977136714201766149e-02
-1.891422109792748052e-02
-5.164287427725289259e-03
7.212646108086671198e-03
1.664672215199206398e-02
2.412540197774574319e-02
2.920910248839629977e-02
3.120351246186501767e-02
3.303368588900935932e-02
3.546606505558193984e-02
3.622851246274128023e-02
3.533346813385226937e-02
3.233965535411271325e-02
2.499147888320097516e-02
1.188143414737572769e-02
-5.832692601337834126e-03
-2.461324680238618015e-02
-4.109308115623113572e-02
-5.313591905548346178e-02
-5.866632326331101821e-02
-5.556501671332185477e-02
-4.402912223117041307e-02
-2.687907065988591471e-02
-7.001942396720656908e-03
1.293483078748677850e-02
3.070018853175900467e-02
4.557971465898243146e-02
5.644393440362642511e-02
6.080643671545481188e-02
5.731956347224680115e-02
4.721114850464953883e-02
3.377991079817838083e-02
2.049084623730429433e-02
1.006569234934049338e-02
4.921253419294249060e-03
6.157043227406298717e-03
1.280457298154699317e-02
2.236979542240963292e-02
3.032004438104776364e-02
3.128880995490446876e-02
2.259439160841180197e-02
6.344952791702699116e-03
-1.153593248116263278e-02
-2.586963457353858020e-02
-3.738770151541784270e-02
-5.127945834558402666e-02
-6.925942754293969161e-02
-8.766434109177076439e-02
-1.023924906979201271e-01
-1.128906990163802415e-01
-1.204186344599181835e-01
-1.215438205045749065e-01
-1.075612899583887339e-01
-6.923570360676226110e-02
-1.379515417876733992e-02
3.534190539287165866e-02
6.885706411594205711e-02
9.013379575576693781e-02
1.016860826436380566e-01
1.059094195079545025e-01
1.021402504409714279e-01
8.961943369885620736e-02
7.188746132915677101e-02
5.442288842555796646e-02
3.985019890963770878e-02
2.763860135616991523e-02
1.623273138133032520e-02
2.693686034443225439e-03
-1.449439796056271011e-02
-3.087002730239721618e-02
-4.062936918417325155e-02
-4.321208443644568992e-02
-4.035871015570538511e-02
-3.138956812074794600e-02
-1.624747447091539829e-02
9.099716601361322599e-04
1.607264071476988479e-02
2.887689285560855051e-02
4.053450573495786385e-02
5.367523268049187446e-02
6.962362056463311522e-02
8.549171330656166190e-02
9.915866007801771298e-02
1.088924628473806888e-01
1.110125699968149415e-01
1.044716526965198400e-01
9.055333896524338233e-02
6.992234684964708513e-02
4.240372791211161063e-02
1.001426630497181947e-02
-2.497062302402477257e-02
-6.903735738973468261e-02
-1.313789710562374424e-01
-2.126561969865826962e-01
-3.059385296578816527e-01
-3.987287025058709466e-01
-4.747807756879355301e-01
-5.159785535994658723e-01
-5.026375576824395619e-01
-4.162405565406129826e-01
-2.541005598983146485e-01
-2.660828965665314183e-02
2.211030624289656021e-01
4.098477154035692904e-01
5.139107753036755710e-01
5.554725121360826190e-01
5.499480487933041672e-01
5.127183339355992908e-01
4.571951239242957321e-01
3.875636264556528987e-01
3.059579071928003602e-01
2.168066240492341201e-01
1.235381905294783422e-01
2.679104993465155488e-02
-7.409043606853832342e-02
-1.772693087861024197e-01
-2.789456511989709675e-01
-3.737292586428765384e-01
-4.532392607560807862e-01
-5.028707351871281039e-01
-5.022452532683968629e-01
-4.343302311654399506e-01
-2.868604963899308302e-01
-9.365794891490150653e-02
7.322620512390913550e-02
1.995987265611080808e-01
2.945925064900223878e-01
3.331832484891651402e-01
3.102773821266878729e-01
2.523263260409290831e-01
1.839749422570574056e-01
1.197012562968681471e-01
6.499208333458462994e-02
1.810668045918333025e-02
-2.469131033145735912e-02
-6.660082801616407089e-02
-1.095026387629502856e-01
-1.519222400282843333e-01
-1.893393232787525249e-01
-2.194369233438842048e-01
-2.412546121567518687e-01
-2.518121905164714680e-01
-2.479195125089484752e-01
-2.257922837537416905e-01
-1.798464657168979408e-01
-1.045039592126574268e-01
6.917062001263422390e-03
1.391221257257920230e-01
2.492836440933791919e-01
3.157086593364540894e-01
3.477464943522660668e-01
3.536373627845736389e-01
3.315076839777868489e-01
2.887215309430545829e-01
2.423419879093774987e-01
2.009257757100296748e-01
1.642624420880713920e-01
1.272005507594689555e-01
8.482405804142581496e-02
3.960238852042224922e-02
-2.968155631258705129e-03
-4.177803796532179176e-02
-7.329262454165827445e-02
-9.119646974277864637e-02
-9.408205316788759154e-02
-8.100024627928692489e-02
-4.898665738374424067e-02
-5.445343267893372474e-03
2.947199594579603260e-02
4.160478233921859059e-02
2.736338291708587112e-02
-8.700620906167737256e-03
-5.888525678096050153e-02
-1.211669943061061683e-01
-1.935085920335601339e-01
-2.680595180768702845e-01
-3.343820710528545015e-01
-3.862365631557975187e-01
-4.216269863978817645e-01
-4.384974323352206493e-01
-4.319629168282334564e-01
-4.007963981446630575e-01
-3.481301971034088116e-01
-2.666769815282615252e-01
-1.394551684878985176e-01
5.103083969060217412e-02
2.721391684891067975e-01
4.407958295127703541e-01
5.225126558555966971e-01
5.339866405655956383e-01
4.947969910623244427e-01
4.234105905165182482e-01
3.358895863706116147e-01
2.466992455318639532e-01
1.654374562622670797e-01
9.638806873649212459e-02
4.183766774260556237e-02
3.566148520028344926e-03
-1.812065245795940055e-02
-2.830801279933264566e-02
-3.680323604473029891e-02
-4.881239150499620816e-02
-6.369902596817697549e-02
-8.068181358182324736e-02
-9.653753115393699791e-02
-1.060977045477903280e-01
-1.070098902807403995e-01
-9.959295959141409305e-02
-8.415504743306509439e-02
-5.983786280529064527e-02
-3.194253710014190173e-02
-1.061994536151902174e-02
8.229611419131150317e-04
3.553522281778596047e-03
1.772814918337742816e-04
-5.662657595243804527e-03
-1.271957486408841972e-02
-2.041329921302276890e-02
-2.684520608759360591e-02
-3.059695457632205171e-02
-3.145878826112821075e-02
-2.958314149114674510e-02
-2.615914864143679963e-02
-2.235024527011446674e-02
-1.716224161145798316e-02
-9.143617853497584824e-03
1.494134754808738343e-03
1.401767823188036777e-02
2.777194461915276358e-02
4.118894142720824769e-02
5.133841547229235636e-02
5.612411007357472753e-02
5.572300860291805324e-02
5.063633618489571386e-02
4.239860119855589499e-02
3.325031842979400687e-02
2.377790575296940059e-02
1.375443579645976508e-02
2.888951787258285317e-03
-7.264193546423643698e-03
-1.437241749334044333e-02
-1.878439789324843137e-02
-2.437382869759729259e-02
-3.441677067393456024e-02
-4.565939605655419675e-02
-5.299102520617872403e-02
-5.287575200043669738e-02
-4.307832692157248511e-02
-2.564331423422016448e-02
-2.172265648350526525e-03
2.611270759665816621e-02
5.379257045327222320e-02
7.415010475018589398e-02
8.243600679331324066e-02
7.840256258692086810e-02
6.422078519583789002e-02
4.208902736902096070e-02
1.569881360633161929e-02
-1.031973396884515969e-02
-3.282578384752579681e-02
-4.992745335604905493e-02
-5.948557429114226941e-02
-6.199421168632824469e-02
-5.939756205528575611e-02
-5.194084767824908022e-02
-4.071165224989335696e-02
-2.743805412069671643e-02
-1.218645573585472666e-02
3.780547886925715150e-03
1.838900930800658334e-02
2.985056068272956553e-02
3.397397306102005465e-02
2.737469449281500905e-02
9.784181065497872185e-03
-1.586936977792118703e-02
-4.465393527096341714e-02
-7.097516846317115935e-02
-8.846812797672103101e-02
-9.258127204134333765e-02
-8.200551133621156175e-02
-5.611331915509626400e-02
-1.269700385710122170e-02
4.328617787176095022e-02
9.747248505703870469e-02
1.401222511032404472e-01
1.685448424931491329e-01
1.809050863348981297e-01
1.777421378731627588e-01
1.646482892086480188e-01
1.470534610109539009e-01
1.247830030973459542e-01
9.445646642379965097e-02
5.399974055752330276e-02
4.486597389083725462e-03
-5.272731375483040439e-02
-1.154771122212477907e-01
-1.771395644226836097e-01
-2.315252955502505039e-01
-2.776893302903524208e-01
-3.159188796067486371e-01
-3.436066319073410869e-01
-3.548766605485984549e-01
-3.427770555384400675e-01
-2.986869504030459366e-01
-2.108865572104366148e-01
-6.610365451465148590e-02
1.110476095886720610e-01
2.550417910461172943e-01
3.366152932703249112e-01
3.670196096203914848e-01
3.601346532516204180e-01
3.292160252049484148e-01
2.843745349169640724e-01
2.318905344040453620e-01
1.756548595902494569e-01
1.204774317314276921e-01
6.949996705658906260e-02
2.207353348471192273e-02
-1.745209290635523977e-02
-4.228211655830087234e-02
-5.626154612816192113e-02
-6.686873388109354499e-02
-7.569273499202494593e-02
-8.289951090926725441e-02
-8.819402796557113122e-02
-8.951692636341754272e-02
-8.726335979240817942e-02
-8.219241065749839648e-02
-7.230804950238697848e-02
-5.683097076308486761e-02
-3.669522300336505727e-02
-1.443268594367082616e-02
4.460799608870922965e-03
1.581392388644926872e-02
2.031691373438018755e-02
1.994378609847683587e-02
1.545480925988929749e-02
8.262523029678597170e-03
8.479645697988843871e-04
-5.965189357317185470e-03
-1.276975000155088080e-02
-2.044939264123099565e-02
-2.933552100807368737e-02
-3.802924238656840011e-02
-4.489261627673349353e-02
-4.946225435284883759e-02
-5.355351230655482075e-02
-5.943976837526002144e-02
-6.575379530557523555e-02
-6.906302722644223901e-02
-6.572913350083563200e-02
-4.892127972398432889e-02
-9.857547517783553370e-03
5.964283768902412658e-02
1.427769979884231932e-01
1.970178440906414918e-01
2.057433378844793492e-01
1.802838633579093575e-01
1.334779156837748171e-01
7.681982725538674672e-02
1.890396940374514459e-02
-3.370191682214049994e-02
-7.291463824515428960e-02
-8.937554677927733726e-02
-7.831640175670159798e-02
-3.961641695917311745e-02
1.338482495756712978e-02
5.638576357343474260e-02
7.708110051231176207e-02
7.501960340734210864e-02
5.632362106374418087e-02
3.130651889457133213e-02
4.977682488568873492e-03
-2.074880184316037907e-02
-4.201256030283489346e-02
-5.512137053895255212e-02
-5.686703013987776112e-02
-4.214350716919229578e-02
-1.868814787516486289e-02
-1.072776730891721042e-02
-3.018607439825788871e-02
-7.311399671884775964e-02
-1.330649694298706998e-01
-2.007161533622687233e-01
-2.656661665661982363e-01
-3.180598752282880470e-01
-3.457846117314862244e-01
-3.344848322521770667e-01
-2.699443040713104813e-01
-1.359819506014853518e-01
4.379694920822112258e-02
1.989883640937676612e-01
2.961231688642389503e-01
3.459633563618564889e-01
3.599938097481338306e-01
3.472704568202423792e-01
3.156973739895196363e-01
2.720790239595155535e-01
2.206782601489545304e-01
1.646382986931123338e-01
1.085894859637346471e-01
5.587415709695613825e-02
1.069872095435742999e-02
-2.170544939147301192e-02
-4.183483121617768974e-02
-5.310897617865367043e-02
-5.861147300351016859e-02
-6.130419963200566674e-02
-6.267497826897806823e-02
-6.280433129086783473e-02
-5.965937844772001286e-02
-5.213158355431302821e-02
-4.294951908581395861e-02
-3.460993767179429415e-02
-2.854118759686784246e-02
-2.890860589132912550e-02
-3.933304102693922777e-02
-5.800287497478014143e-02
-7.979637984524572125e-02
-9.857660879196947223e-02
-1.085944170025812949e-01
-1.077774503777711862e-01
-9.752187926340769031e-02
-7.890401860425860781e-02
-5.051367787024156619e-02
-8.875160156270555517e-03
3.672750780948495775e-02
6.521903635135316291e-02
7.267452396760923361e-02
6.966362726698430152e-02
6.286536686264215801e-02
5.542616257618257491e-02
4.970196152945866030e-02
4.689912336484986649e-02
4.423512408199925527e-02
3.728761991231729911e-02
2.579718705347918556e-02
1.244915630923938525e-02
1.390432682032580409e-04
-9.141821633113778045e-03
-1.496158037548574182e-02
-1.759352963704247791e-02
-1.769969179367766876e-02
-1.552166834641354604e-02
-1.158184871037886907e-02
-6.814821717422833366e-03
-1.929899191020678553e-03
2.753031186058707471e-03
7.924450208815624064e-03
1.215207571762104768e-02
1.213850632072684295e-02
7.140505716579349793e-03
-1.507698503572899116e-03
-1.233770176784385400e-02
-2.382215881393569615e-02
-3.303597788867705665e-02
-3.771872292542473998e-02
-3.853746258040136735e-02
-3.498212329530685227e-02
-2.549952604396769212e-02
-1.133935610907356624e-02
5.106029124584687828e-03
2.138839716277817285e-02
3.494386621351632666e-02
4.283515474440120763e-02
4.207945601767534849e-02
3.346722869323939115e-02
2.094104035970396557e-02
9.170594966449199109e-03
1.086231929713925206e-03
-3.230172005385798482e-03
-4.339490097357141980e-03
-4.411836193815089555e-03
-6.771244656503446271e-03
-1.176788540265058698e-02
-1.586110592033866673e-02
-1.645904569627459901e-02
-1.374649682787590366e-02
-8.799299632685664285e-03
-2.549426307399796192e-03
5.022524653489552834e-03
1.224727711383057430e-02
1.627576313747956804e-02
1.799027637245350850e-02
1.960874170574918030e-02
1.887202848879186365e-02
1.308028348383879699e-02
3.849358880546219913e-03
-5.574012105998046862e-03
-1.221762694386804328e-02
-1.488748039656082565e-02
-1.377346900850063768e-02
-9.331599144474182067e-03
-4.046234397338593566e-03
-2.030675084279244622e-04
2.174029083327483434e-03
2.925324185963330652e-03
2.025511500972994230e-03
8.950611877776412564e-04
6.896768032406767326e-04
1.662137624403894041e-04
-1.927932873284704572e-03
-4.716066956382701861e-03
-8.587060015612711303e-03
-1.517124522865004321e-02
-2.328189321447681967e-02
-2.896084001075960659e-02
-2.835282323696994636e-02
-2.034535997919003497e-02
-7.454197563806322889e-03
5.509957559383064397e-03
1.413882249441600000e-02
1.781737797465950471e-02
1.875439765550655433e-02
1.909234498223538051e-02
2.037999742388819924e-02
2.240604239100620412e-02
2.353688123607259458e-02
2.314263806522957878e-02
2.124568417871181697e-02
1.706183343155738552e-02
9.158541062735021249e-03
-2.311826951239732281e-03
-1.468562344877144196e-02
-2.584183897236358093e-02
-3.453995340311408202e-02
-3.990085786280760105e-02
-4.165703972365032010e-02
-4.002964169481298268e-02
-3.616277040038434754e-02
-3.093790607600538367e-02
-2.484098643216296060e-02
-1.842312429698489754e-02
-1.110289737063697470e-02
-1.494288427185780973e-03
1.107839924395291088e-02
2.582366391507602207e-02
4.117520702962366302e-02
5.464516150352937557e-02
6.258865312854422491e-02
6.398186151875259742e-02
6.143503661104123686e-02
5.684094493060934394e-02
4.996267710913547544e-02
4.103387991676644281e-02
3.220240866946919023e-02
2.643063757085162627e-02
2.452917681660235494e-02
2.521133151938736300e-02
2.855915734603163558e-02
3.463907035589540440e-02
4.057097384181541228e-02
4.338143314512705323e-02
4.213339312564753913e-02
3.737657121864209481e-02
2.774425526111920504e-02
8.756814715733135870e-03
-2.007963310106975277e-02
-5.384237524520098239e-02
-8.896397445938394877e-02
-1.242268092008907837e-01
-1.577177173647255626e-01
-1.888894712300625001e-01
-2.182392168402772226e-01
-2.426099477033719920e-01
-2.547556585358339287e-01
-2.479146642963031277e-01
-2.176782741976698299e-01
-1.582994111774014556e-01
-6.120105914241361078e-02
5.770669272271185951e-02
1.557720371976346607e-01
2.147094188669870785e-01
2.422384304435824531e-01
2.456297675005395809e-01
2.310974070566586269e-01
2.045084022031387894e-01
1.713146972801560530e-01
1.358534546781992036e-01
1.005601210839887211e-01
6.692494599159223845e-02
3.588723881689960538e-02
8.792182149500157862e-03
-1.244430957654642060e-02
-2.815333106591859369e-02
-3.971139329655941352e-02
-4.839580479557736847e-02
-5.420315531471114889e-02
-5.380548251268670035e-02
-4.482850657325135324e-02
-3.007425994838420005e-02
-1.516134539133760957e-02
-5.106049553851182456e-03
-2.808265751465085364e-03
-4.980671077459518717e-03
-4.844159333569159065e-03
-1.233195593588930911e-03
3.565835452937001111e-03
8.269689278658903450e-03
1.120678040934584493e-02
1.086858720768499667e-02
8.756564264321465424e-03
8.199750667131024476e-03
8.772761104582384867e-03
7.096273789761339823e-03
1.465600468644355590e-03
-6.914109767553747871e-03
-1.559005579131657153e-02
-2.287451237171544277e-02
-2.793311621898489708e-02
-3.062255873968336428e-02
-3.121706783560649831e-02
-2.905291835477459214e-02
-2.348637778160420075e-02
-1.551662871604678196e-02
-6.026833189352406688e-03
3.431422920735569763e-03
1.052216080131936939e-02
1.480343668091651382e-02
1.586360613714546397e-02
1.139333633996530461e-02
3.649736412107088684e-04
-1.557488030629867667e-02
-3.378075198852971417e-02
-4.963971224245179031e-02
-5.832991475533828851e-02
-5.777313067877121178e-02
-4.704441410936246321e-02
-2.563464033284469992e-02
5.401595239131257685e-03
3.704327312088624008e-02
5.635927104864388998e-02
6.108614292293838843e-02
5.502475277916404894e-02
3.979940403344028182e-02
1.842213496175888754e-02
-3.911514473532934702e-03
-2.297901756144497820e-02
-3.610059843773247290e-02
-4.158849670708750917e-02
-3.670096749191302521e-02
-1.694730186395698376e-02
1.325083459741603631e-02
4.094913742862454908e-02
6.035676590354662613e-02
7.115901907077237798e-02
7.362880235445243282e-02
7.109812511947460889e-02
6.643486449363782131e-02
5.975313855965820597e-02
5.047592088612354311e-02
3.867088194344824731e-02
2.443841214965716824e-02
8.463790814564477183e-03
-8.418146632823232667e-03
-2.898440210455331678e-02
-5.516109204042070335e-02
-8.282424809651205144e-02
-1.086284324209394608e-01
-1.314543803777425135e-01
-1.497922859216777591e-01
-1.616854360393866208e-01
-1.623143108444361493e-01
-1.453921496100951116e-01
-1.052044182640681086e-01
-3.576205482351321741e-02
4.823882227958030400e-02
1.109044228163926782e-01
1.385683715409875283e-01
1.405456286125479626e-01
1.258645463907074880e-01
1.022640388109852944e-01
7.635835344454422469e-02
5.354437139457798867e-02
3.741583653587419317e-02
2.729934589856544691e-02
1.966758244785464863e-02
1.160432983386696683e-02
1.647072038561562222e-03
-9.341448525638593875e-03
-1.945532455765423829e-02
-2.664447346425806440e-02
-2.950277846804708407e-02
-2.735284726016867091e-02
-1.818745501250046415e-02
-1.403644855125271707e-03
2.051070625707926767e-02
4.314452208040080866e-02
6.135240221569691205e-02
7.144231771170576895e-02
7.130548072087534994e-02
6.118208852618714499e-02
4.341934982572974444e-02
2.124046583062155075e-02
-1.551757847040023154e-03
-2.293949758594743260e-02
-4.328900199405701088e-02
-6.273778028151263952e-02
-8.016559992317778827e-02
-9.496579293463555671e-02
-1.065173931196407159e-01
-1.123797988493066419e-01
-1.098650582190386221e-01
-9.634138438682143812e-02
-7.212897573321522260e-02
-4.154370587593747555e-02
-8.181741106087849630e-03
2.493029364154483729e-02
5.537290231718225431e-02
8.123792319301012532e-02
9.901989756837040191e-02
1.053966617040258957e-01
9.887170520879350055e-02
8.165389811907983186e-02
5.980653114616515248e-02
3.781024384038655234e-02
1.784942113751774792e-02
2.336811395717446928e-03
-7.140531717135473709e-03
-1.049000063443362822e-02
-9.067218528357632104e-03
-4.990797890095022803e-03
-1.133110464139072335e-03
-9.152241006754715039e-04
-5.565603998655830470e-03
-1.389901046008083091e-02
-2.325956210423124615e-02
-3.056995877952524421e-02
-3.617725695125340035e-02
-4.229559492194318038e-02
-4.909050910238815096e-02
-5.578557718465038118e-02
-6.153885660378877187e-02
-6.447688201887956383e-02
-6.152817382035937616e-02
-5.057415032268425259e-02
-3.232409146045160664e-02
-8.558182936030734808e-03
1.735490094540274170e-02
4.085711181540183784e-02
6.015243727662874379e-02
7.421269923369330779e-02
8.095277580670519335e-02
7.933012957671842225e-02
6.999354277204397623e-02
5.520704998967715382e-02
3.755652824351066177e-02
1.895160024825852038e-02
1.785073807730422780e-03
-1.044712420185500527e-02
-1.473114010247040563e-02
-1.199287523628342692e-02
-7.621973375035214458e-03
-7.140716469970373459e-03
-1.249293978392665254e-02
-2.232710694392022605e-02
-3.403533304520026809e-02
-4.480658355797700887e-02
-5.207380988903307500e-02
-5.412331870707501325e-02
-4.921225587823367664e-02
-3.269345143118595337e-02
-6.794114026281669085e-03
1.416995428342667993e-02
2.141028455761611812e-02
1.777643860211478716e-02
9.695197197374990500e-03
2.617751210327741961e-03
4.004308344212332942e-04
4.304901909290012943e-03
1.197679380903434940e-02
2.044098006580257268e-02
2.860845998675398683e-02
3.712873535233436606e-02
4.627013206373362109e-02
5.426628004825178458e-02
5.816706381397197811e-02
5.728855682430032681e-02
5.298006585350958919e-02
4.466879915935725170e-02
3.014217404296307481e-02
9.849198900723433320e-03
-1.305578017010190425e-02
-3.663416974479603849e-02
-5.982024394382035731e-02
-8.100543223827472161e-02
-9.648529267966685086e-02
-1.012306973166712531e-01
-9.567649256514230982e-02
-8.482223123225794692e-02
-7.121529627099874860e-02
-5.420369794576535699e-02
-3.358422341195285016e-02
-1.185312586722228959e-02
8.450380705967390840e-03
2.752110021191348996e-02
4.511119465154452002e-02
5.839020934529825374e-02
6.669865692530174694e-02
7.178589672130696042e-02
7.403407875584834541e-02
7.319955641370148869e-02
6.875667911919763897e-02
6.004485863559718556e-02
4.806288354247878480e-02
3.521703269074084874e-02
2.253344060939058840e-02
8.412736869976107298e-03
-7.967534209422724029e-03
-2.580596317713388169e-02
-4.110697634570444070e-02
-4.744213244111023658e-02
-4.463031459706900267e-02
-3.691410702750946848e-02
-2.608276130360819706e-02
-1.326528885923191139e-02
-5.230215776455245449e-04
1.053109986215030984e-02
1.738762333219909251e-02
1.764603611299356972e-02
1.118113316320074740e-02
-9.683169627731544847e-04
-1.555277428668537520e-02
-2.832985978504706445e-02
-3.744405947030678833e-02
-4.138194908921062620e-02
-3.889038054724523741e-02
-3.137726342612987690e-02
-2.131351040248951126e-02
-1.192793987591386599e-02
-5.903195232081255225e-03
-2.404226026318845300e-03
-3.092795513659572088e-05
6.703020703994694643e-04
1.042217951648163714e-03
3.952474237917244157e-03
1.072801272531308768e-02
2.182888454128542599e-02
3.593827641852975763e-02
4.957497999661753668e-02
5.904995527786201237e-02
6.199939160778770303e-02
5.861442530550156627e-02
4.974712232763024711e-02
3.519178904742345515e-02
1.567728898928449563e-02
-6.387603527093729285e-03
-2.841366824720402418e-02
-4.863248078624684417e-02
-6.512426342597538165e-02
-7.754804868038693566e-02
-8.672956561480457682e-02
-9.003311314818959743e-02
-8.403538293193725528e-02
-6.883495056484760510e-02
-4.703361126853514151e-02
-2.075737572893249575e-02
9.881444582763260903e-03
4.150237597776613302e-02
6.724129595347234922e-02
8.392631652392068542e-02
9.157226108065087689e-02
9.114708435912746709e-02
8.301024092130974974e-02
6.749466344147633801e-02
4.825084472378086964e-02
2.926022988683064929e-02
1.211788146572945722e-02
-1.650656710465479328e-03
-1.111053804663736030e-02
-1.746971881874079258e-02
-2.229643042931192531e-02
-2.597681985070699612e-02
-2.847506563072201707e-02
-3.055743629290418040e-02
-3.382301077913019149e-02
-3.866796227052615720e-02
-4.329475650972713918e-02
-4.619933091990181817e-02
-4.689874468100526522e-02
-4.538145129333559513e-02
-4.054428541752210652e-02
-3.103687256586572935e-02
-1.806220677909191330e-02
-3.955348989405798633e-03
9.430941594799856914e-03
2.091793935813093808e-02
2.959482479568618235e-02
3.398532182762716708e-02
3.288254205903112792e-02
2.816544322868377859e-02
2.318632619264715186e-02
1.983086409610521073e-02
1.861685174789446534e-02
1.862647135641782095e-02
1.980140458206118559e-02
2.357997228337787091e-02
2.907438716804943563e-02
3.261947315451620144e-02
3.132119884653793151e-02
2.484868684089737087e-02
1.606893400386105383e-02
8.784885419181862054e-03
3.615246013354032201e-03
-1.480068319501617186e-03
-8.721777406307206632e-03
-1.597226174073470423e-02
-1.966819318831835792e-02
-2.144844954249958482e-02
-2.307907954160907243e-02
-2.327332486539936476e-02
-2.004538854373790618e-02
-1.374658841859707423e-02
-7.666754169020785666e-03
-5.039056219513508156e-03
-8.121344875607420730e-03
-1.770399554176819990e-02
-3.147361995079768493e-02
-4.541781667314040427e-02
-5.603789802822726346e-02
-6.003330727608360146e-02
-5.660495046344245912e-02
-4.759933978987046510e-02
-3.425745695524259199e-02
-1.793401143871705544e-02
7.678003008973650900e-05
1.859763843553121493e-02
3.627372111932655740e-02
5.269967645025531999e-02
6.645786867338442094e-02
7.328099601130909357e-02
7.072914402096616704e-02
6.218511137060573485e-02
5.113611969726208906e-02
3.891058738800034361e-02
2.763629332480078277e-02
1.929854293318909036e-02
1.380544694947677051e-02
9.625571478628797487e-03
5.063014441061858273e-03
-1.510391631624157308e-03
-1.106108787602608223e-02
-2.119687165171134022e-02
-2.655974281116840058e-02
-2.504036755467930336e-02
-2.006946292317683331e-02
-1.664038801237942289e-02
-1.665479321908047705e-02
-1.845435918842000186e-02
-1.998166139146076783e-02
-2.162201891002131157e-02
-2.477285025691443668e-02
-2.882242196907739556e-02
-3.218299883119171007e-02
-3.330052021473432072e-02
-3.096303600450341781e-02
-2.559494363888460342e-02
-1.753838114120287103e-02
-5.888728744224617020e-03
9.434854748033537353e-03
2.681528958851265784e-02
4.441353616729599302e-02
5.962147535407628235e-02
6.734251700986863820e-02
6.321602166147335944e-02
4.702644915206071613e-02
2.455306070519265235e-02
3.516024789899084048e-03
-1.403793128742843350e-02
-2.796607054299802067e-02
-3.523678127875067706e-02
-3.511374346401376773e-02
-3.119835792667358804e-02
-2.606811866195578309e-02
-2.008605101758435471e-02
-1.272853483240953334e-02
-3.315215911636075919e-03
6.099331022808849798e-03
1.283949620674200778e-02
1.689322433914351024e-02
1.938844460082778109e-02
2.118612660486879004e-02
2.269280771099064023e-02
2.481583369652904172e-02
2.655825612818672396e-02
2.395594236498335000e-02
1.516794596541717541e-02
1.576460030257861335e-03
-1.470642269154217273e-02
-3.267509488660165495e-02
-5.023625289944867733e-02
-6.247621076202186652e-02
-6.643624632541804409e-02
-6.180145289536474740e-02
-4.919036891337987688e-02
-3.175388025224798461e-02
-1.295048809371082167e-02
5.947661665804253664e-03
2.396053312097723084e-02
3.839360835543240841e-02
4.493661212377682290e-02
4.154616878058405016e-02
3.179341246236998958e-02
2.228417380723825281e-02
1.810867806824211640e-02
2.018133726949591228e-02
2.603827431788124924e-02
3.227729592442946105e-02
3.606478504313620492e-02
3.795391394589604089e-02
3.972742239749731813e-02
3.989266764696238615e-02
3.655005300769879201e-02
2.958482308371055899e-02
2.016114899500102281e-02
8.628027259565893003e-03
-6.129079041365960955e-03
-2.402067219242294202e-02
-4.467687360913782935e-02
-6.720552523614162221e-02
-8.942633440005900991e-02
-1.082651782363302229e-01
-1.194272747354081787e-01
-1.182729020786314617e-01
-9.982123982323469480e-02
-6.091381348890613501e-02
-9.780253749842714867e-03
3.501122971180922749e-02
6.261994689191213714e-02
7.310059148054474931e-02
7.076500076963976316e-02
6.251153748956468637e-02
5.311486977206126420e-02
4.426283082580383110e-02
3.544403790752083394e-02
2.548714580962895687e-02
1.615713982108816366e-02
1.029461448321320263e-02
8.480783150724757746e-03
7.977564757925225541e-03
5.414017704753578547e-03
1.307141365273366187e-03
-2.849248764321743455e-03
-7.330856545229485002e-03
-1.208994044743828475e-02
-1.671300350178061764e-02
-1.943017719087030901e-02
-1.818993933649895589e-02
-1.469932210190004300e-02
-1.197670207863743563e-02
-9.588739519597745675e-03
-5.845063097048170883e-03
-4.725927127953424758e-04
5.423011837563844820e-03
1.079542060272206672e-02
1.663777296881213327e-02
2.286675719421998182e-02
2.680016414133396668e-02
2.647159547041800717e-02
2.284388355778518495e-02
1.863522471929783889e-02
1.545888829572068454e-02
1.187639698103823589e-02
5.478686562944140061e-03
-2.566687277555741199e-03
-9.532021332924335566e-03
-1.491813023523909376e-02
-1.976172877896355956e-02
-2.539759269774202396e-02
-3.146171628434648454e-02
-3.659874581742955657e-02
-3.983460635681775053e-02
-3.878605782612080943e-02
-3.216076642584310419e-02
-2.344678683927530274e-02
-1.715409903690297277e-02
-1.277089523420292874e-02
-6.734177498552550850e-03
1.882067854155798463e-03
1.196209202750937381e-02
2.235725826038788278e-02
3.105431436020430341e-02
3.669948070412504953e-02
3.993148353791235727e-02
4.236064176839415135e-02
4.501337053429436269e-02
4.697344000550249948e-02
4.770612285909225231e-02
4.813054216505471133e-02
4.840803363283846528e-02
4.720850009091235450e-02
4.362426141296316118e-02
3.835399003381856353e-02
3.196429721669508811e-02
2.459664620784714900e-02
1.611740865580905263e-02
5.306155720165290149e-03
-9.320905861999295716e-03
-2.766685557049279598e-02
-4.946916111647604863e-02
-7.546898003524087073e-02
-1.048911245452525398e-01
-1.361044940821657112e-01
-1.672689261505472813e-01
-1.939513157672185795e-01
-2.092914075876318170e-01
-2.075073748292216858e-01
-1.842799087312878004e-01
-1.329712886289452500e-01
-4.343777180954161432e-02
6.841551627817904491e-02
1.567928597009503877e-01
2.010965978254617703e-01
2.108967015193664862e-01
1.982489514054013857e-01
1.718340963488036166e-01
1.368723004088453488e-01
9.940083657655951477e-02
6.441008060644838606e-02
3.386036377644435769e-02
9.540529986010187410e-03
-5.944863541623314658e-03
-1.254794506108821220e-02
-1.336724545392974257e-02
-1.195623353608329074e-02
-1.079301805429018837e-02
-1.030145223009423620e-02
-1.132408210686396133e-02
-1.441805257094328635e-02
-1.818668103744734005e-02
-2.218072090057694387e-02
-2.563072279354552951e-02
-2.702341778150806756e-02
-2.713123714121033411e-02
-2.666445977966253045e-02
-2.473412679502052375e-02
-2.205679956852470147e-02
-1.826226783794247105e-02
-1.153266927867864153e-02
-2.659552630703567420e-03
6.744964441319280593e-03
1.487305097525257191e-02
2.001800703505769025e-02
2.209446983148834892e-02
2.158561219633611805e-02
1.932010912199363939e-02
1.594305262835392020e-02
9.085029397716852181e-03
-3.149079251607783594e-03
-1.625250880593804084e-02
-2.436353917402603320e-02
-2.628200831813975319e-02
-2.516684905792800075e-02
-2.327594088128979652e-02
-1.842219044074810963e-02
-9.937254083008412175e-03
-1.943277092615255941e-03
4.220922506142964561e-04
-2.907856090432488216e-03
-6.716940084615175346e-03
-7.552901274635865150e-03
-4.281202375013479916e-03
3.234978117791269692e-03
1.313225587381875240e-02
2.390048115057705896e-02
3.345036988876723405e-02
3.760792473576737849e-02
3.384002110989562523e-02
2.298408280096042589e-02
8.867668232423266822e-03
-1.523908147920120196e-03
-3.050491962281420139e-03
3.135520931715328301e-03
1.463718053143401449e-02
3.023427193534562393e-02
4.777323761710454419e-02
6.409240440422153684e-02
7.442171916289122557e-02
7.458721409366335375e-02
6.310847776811592813e-02
4.174933079658588869e-02
1.463129929623519648e-02
-1.560922418590193414e-02
-4.813861243793073064e-02
-8.162514175264624916e-02
-1.122038378172162260e-01
-1.349768541025718194e-01
-1.482774286374564654e-01
-1.537228997781170392e-01
-1.516993007159876672e-01
-1.409027210783754813e-01
-1.205224706373739657e-01
-8.827088433718757732e-02
-3.996500945850969821e-02
1.687409087386172388e-02
6.042779604681866590e-02
8.072280918395521865e-02
8.394235757714257895e-02
7.841952267360131901e-02
7.136432964537831047e-02
6.619302935469553728e-02
6.291256125092854756e-02
6.096260792868833656e-02
6.039301510644923265e-02
6.112866823123748461e-02
6.213184060373103806e-02
6.162339261646368471e-02
5.722733349552641680e-02
4.777993955050229002e-02
3.457000070663658609e-02
1.944681662909505601e-02
3.760089877107494153e-03
-1.075140966159422035e-02
-2.231361133611716244e-02
-3.020118496746026365e-02
-3.465651101298174164e-02
-3.624507595708200552e-02
-3.609181390095680952e-02
-3.507051829699185663e-02
-3.367586808785816288e-02
-3.289474881181577576e-02
-3.124891600744824846e-02
-2.556360284735688382e-02
-1.537564155471437405e-02
-2.858724973341972113e-03
8.598982631004462029e-03
1.577057909032468508e-02
1.854449392226978355e-02
1.924926602009081889e-02
1.800455348819780810e-02
1.571634708741364433e-02
1.584361788428459081e-02
1.751223943931490626e-02
1.730746524992269123e-02
1.486111920235493045e-02
1.127478116404397913e-02
7.368236417276311824e-03
3.932145927117746895e-03
1.179607604808157167e-03
-1.575033103169432187e-03
-5.828764791246160773e-03
-1.354679224583530892e-02
-2.396621785188270820e-02
-3.394377510876177284e-02
-4.102240811836517509e-02
-4.281977386113131057e-02
-3.918538056229664557e-02
-3.290069955284847386e-02
-2.473123626831098126e-02
-1.354737089217463580e-02
-1.121432117431370081e-04
1.382967694623725950e-02
2.650291251291912037e-02
3.631896453327070756e-02
4.416690960932716237e-02
5.053107094155600415e-02
5.311015804722239025e-02
5.194003028586911125e-02
4.845054389594808525e-02
4.275191175337369337e-02
3.492864958354186672e-02
2.480665257567602269e-02
1.214586881240822466e-02
-3.382005172570753254e-03
-1.957457336552999652e-02
-3.253026443987726973e-02
-4.049567344880668218e-02
-4.386216465571089046e-02
-4.489937475188349181e-02
-4.565868901693481002e-02
-4.596899809417009236e-02
-4.479205183157071446e-02
-4.164180612233581852e-02
-3.676855032698413128e-02
-3.064010293566289331e-02
-2.316852112444545489e-02
-1.414394168128362168e-02
-2.901957985143394526e-03
1.041851920712306284e-02
2.217356602340112004e-02
2.807368760962945103e-02
2.643730250822846212e-02
1.839161436755895260e-02
6.730522402642054314e-03
-6.984081791514612156e-03
-2.088591295635331899e-02
-3.068009456743671370e-02
-3.303280906249956433e-02
-2.691293518279216923e-02
-1.148994192196129034e-02
1.229649634328014440e-02
3.842997025314297266e-02
5.835349961935056007e-02
6.765975996353101873e-02
6.783492564077980846e-02
6.139287832135440631e-02
4.986756494624219188e-02
3.535795951383938207e-02
2.003689278296425305e-02
4.939642167777701619e-03
-1.035372337519373243e-02
-2.656848762579641643e-02
-3.994113201903423671e-02
-4.533100057799097776e-02
-4.381965823067639210e-02
-3.772747511051501718e-02
-2.746637726095437285e-02
-1.425547702188910415e-02
-9.835114976327182998e-04
8.831750677134689656e-03
1.366302584774570228e-02
1.333100705680132121e-02
9.276231724999636080e-03
4.449115023560307365e-03
1.483338344608463137e-03
1.766696810787772099e-03
4.504333510619417530e-03
8.243746471974431472e-03
1.146018308229040765e-02
1.299929060453823212e-02
1.373107881719160678e-02
1.367647041144905498e-02
9.973018053122083282e-03
2.152938911457155484e-03
-5.993428754013689456e-03
-1.114451836349158662e-02
-1.042215837516900084e-02
-2.021921572215241644e-03
1.153446510272954431e-02
2.694574924101143451e-02
4.089920756040642952e-02
4.978223946154452378e-02
5.390160947422931864e-02
5.464427339075985518e-02
4.987441754241012798e-02
3.651504828296250199e-02
1.432868479405253331e-02
-1.440505295791319473e-02
-4.473711100291796056e-02
-7.190587296591384459e-02
-9.616003306416782970e-02
-1.186217157242391157e-01
-1.383230100262247964e-01
-1.536241921711436753e-01
-1.626929627894930508e-01
-1.634247474054821292e-01
-1.521984232709910068e-01
-1.242614776072554078e-01
-7.391041002855330833e-02
4.689852552500176248e-03
9.499527893165995995e-02
1.608956423409125258e-01
1.903727015290259950e-01
1.925067217278317033e-01
1.753207114807259770e-01
1.464499705238365423e-01
1.130043452317875119e-01
8.007222773776570546e-02
5.029899243286048427e-02
2.566741830820878922e-02
6.603941472680804545e-03
-8.291736722033104384e-03
-1.863666682020673551e-02
-2.283119407484454633e-02
-2.214922216927297377e-02
-1.919223015674982949e-02
-1.548122674418012448e-02
-1.253105247897053076e-02
-1.099496655278179441e-02
-1.037078268613332230e-02
-1.007474377167249732e-02
-9.799842927414518026e-03
-9.027744530070177728e-03
-8.630919752939881368e-03
-1.147977813686090059e-02
-1.780172073231340441e-02
-2.490965203322795252e-02
-3.019676306335624186e-02
-3.341059186007834525e-02
-3.645630715120053850e-02
-3.974993881127879963e-02
-4.164291355401239514e-02
-4.011188087386035467e-02
-3.435053360967083719e-02
-2.407062198961605615e-02
-9.649303702425142057e-03
6.482103683504948297e-03
2.102209579920499144e-02
3.170770981608753841e-02
3.880297068687005302e-02
4.192081898011695146e-02
4.044056938504828058e-02
3.566406177684625783e-02
2.766932814197777674e-02
1.706188398271597795e-02
6.460638268729477357e-03
-1.165346303980977589e-03
-2.639214468580601373e-03
1.082425049626764210e-03
4.436564682394827756e-03
6.037850579571741282e-03
7.289342157846693052e-03
6.958930404494342858e-03
5.681636402748223985e-03
5.649445068307380052e-03
6.194292396596905170e-03
5.409758394247923124e-03
1.953985968959929750e-03
-5.234312698677639694e-03
-1.604638740814707046e-02
-2.624562411248546404e-02
-3.064325075854987951e-02
-3.033599184507592902e-02
-2.910732877728556753e-02
-2.732238145503973134e-02
-2.339939306254962964e-02
-1.713845552918394702e-02
-9.666369894215917635e-03
-2.102330736431081391e-03
4.353611876788955962e-03
8.563506528602750356e-03
9.927023125802370354e-03
8.923517710401743241e-03
7.675733817527774332e-03
8.784018104000469035e-03
1.220196831226022863e-02
1.486473480235375212e-02
1.479628719013413585e-02
1.308580502104549591e-02
1.015469024696262143e-02
4.066255147657945289e-03
-5.551324568805698564e-03
-1.564313277833808552e-02
-2.313455560206898604e-02
-2.582873386043418873e-02
-2.124327205667065482e-02
-1.030285144356624452e-02
2.279802533471496188e-03
1.364665522427586236e-02
2.325038286404301074e-02
2.898323874306333453e-02
2.914025359794964604e-02
2.500687035256160540e-02
1.933960257892056514e-02
1.462160661099832712e-02
1.247956884853371196e-02
1.370942563503108058e-02
1.658945170922260237e-02
1.874632523284456773e-02
1.828696567201661474e-02
1.350958399807750815e-02
5.242195112293888438e-03
-5.425648578672542972e-03
-1.769691948406738879e-02
-2.952546710524756035e-02
-3.982590030669699160e-02
-4.878553913524386054e-02
-5.579963585036906010e-02
-5.873996537357270564e-02
-5.486555205101770888e-02
-4.345682058395221314e-02
-2.739533518225809733e-02
-1.038002084541120654e-02
4.695820976576083744e-03
1.574037145445394970e-02
2.126750860498469869e-02
2.064456924454124639e-02
1.567965097351128184e-02
9.603624474378853748e-03
4.494663839861070750e-03
1.915507768768507507e-03
3.902370101307369235e-03
9.816106487306974077e-03
1.693830955102336097e-02
2.483674057935924759e-02
3.466469802940454897e-02
4.656586981820894783e-02
5.881193761925040953e-02
6.875756720369376185e-02
7.470856274884063453e-02
7.369847603243853684e-02
6.126285523952686163e-02
4.041125862371340582e-02
2.152255199800313240e-02
8.631992477653959578e-03
7.394087443467374510e-05
-3.609647152673419596e-03
-2.086981235668233098e-03
1.308195174319064236e-03
7.604258748385821221e-04
-6.863043690518476694e-03
-1.901376564186188153e-02
-3.176231736503899727e-02
-4.461555234536832004e-02
-5.675836878056111229e-02
-6.646951514715201959e-02
-7.583709446004077703e-02
-8.774498972138118635e-02
-1.028197656567788054e-01
-1.204720376409971344e-01
-1.386839121311453926e-01
-1.538110097928487574e-01
-1.592662332227395561e-01
-1.469964372187259893e-01
-1.103516373851707033e-01
-4.084176200277724739e-02
4.935104063265617624e-02
1.224919239227848233e-01
1.607896178221875638e-01
1.710576194934918526e-01
1.624327287988799884e-01
1.426507834077030967e-01
1.167357122407222947e-01
8.834511328688485210e-02
6.132366954002162890e-02
3.853635313276210922e-02
2.105218838064478598e-02
8.657532758067737824e-03
9.566649414708729149e-04
-2.573966609863749359e-03
-3.807881800866825053e-03
-4.450656180828291460e-03
-5.419783797619925902e-03
-7.026038887352921251e-03
-8.624589748789671106e-03
-9.444924810562013717e-03
-9.020433795746941874e-03
-6.809236438814141035e-03
-2.894356658555133875e-03
1.352638170679528427e-03
4.447760228471508460e-03
6.470600604736738946e-03
8.078138629725303485e-03
9.117151142193902907e-03
9.363977472790970327e-03
8.897271801216384904e-03
6.989372583681526495e-03
2.466691904383974416e-03
-3.799608765106454213e-03
-1.039477252222348325e-02
-1.613441195931062874e-02
-2.015894928164210093e-02
-2.223807670274509374e-02
-2.140792399274769192e-02
-1.875617633827462993e-02
-1.647762677275737067e-02
-1.372988267389608705e-02
-9.270706466223230247e-03
-3.046253150188566079e-03
4.880697912076125376e-03
1.264778978209270092e-02
1.728701936745746792e-02
1.821767325488539771e-02
1.646877870319048490e-02
1.140429263920456592e-02
1.312633860968993480e-03
-1.398438970455122277e-02
-3.393985727365989719e-02
-5.714795619206755606e-02
-7.941183001988702528e-02
-9.792867790471618261e-02
-1.112428090905090983e-01
-1.150737956399400935e-01
-1.034276551392652732e-01
-7.224846734359380296e-02
-2.144229281813223031e-02
3.628308529673799493e-02
7.847615020192363899e-02
9.757644673871146423e-02
9.992677454373141699e-02
9.314662931963556269e-02
8.362795980924156436e-02
7.270615525391413425e-02
5.921675919006764988e-02
4.394736501284979974e-02
3.002335521611615085e-02
1.940402281197269735e-02
1.145043047893537329e-02
4.811324451561304477e-03
-1.826911569667636487e-03
-8.475126327484693370e-03
-1.469469271284061691e-02
-2.157412582330679035e-02
-2.877201296640375522e-02
-3.395760059205499976e-02
-3.521696675261251630e-02
-3.051113011430375138e-02
-2.043803392637423208e-02
-9.295135962828927206e-03
8.020127538411650058e-04
1.080950121651072689e-02
2.004448606559631682e-02
2.639875588330281922e-02
2.894577581670668490e-02
2.976125721082156089e-02
3.242220394450197329e-02
3.728878769627199524e-02
4.159758435425554152e-02
4.233081507915965880e-02
3.744004070804479029e-02
2.531614429028258839e-02
6.051650775559096543e-03
-1.196342551648627711e-02
-1.778638409171343776e-02
-1.219478554219336972e-02
-2.704803077564373742e-03
4.496063317460484779e-03
6.408609858670673634e-03
5.192358522178707608e-03
4.139659480098341685e-03
3.506318599832669233e-03
1.629669860037903130e-03
-2.854657884709733452e-03
-1.056432149670867050e-02
-1.972876592848506888e-02
-2.876372843965448178e-02
-3.929965924331763061e-02
-5.295103872212303386e-02
-7.031054177318575571e-02
-9.043667822725844074e-02
-1.100171864676432187e-01
-1.250040368626212650e-01
-1.314822244225528347e-01
-1.253897665492439140e-01
-1.019846510897324809e-01
-5.536785787394609554e-02
7.033853743638697129e-03
6.229605499695140686e-02
9.928246128268858328e-02
1.192827138790796826e-01
1.221660293742489745e-01
1.084995045720430762e-01
8.341092747133910246e-02
5.478373057684816916e-02
2.957525596748425412e-02
1.320301004848796478e-02
7.822114819428826679e-03
1.616059180588132194e-02
3.692693000253221419e-02
5.838582892016100367e-02
7.147078349529747965e-02
7.582736535196586691e-02
7.476336839299266290e-02
7.174230632866517021e-02
6.754537038863765719e-02
6.141536334677671211e-02
5.378702478577591928e-02
4.522498821553875420e-02
3.479684453403567024e-02
2.160066194251467064e-02
6.492282265200606528e-03
