-1.632314080548656343e-01
-2.877460610639824279e-01
-4.099254187452107123e-01
-5.246140854823642119e-01
-6.227559115720284755e-01
-6.883472557200994713e-01
-7.085279586363418813e-01
-6.750995522506172408e-01
-5.775767319898292840e-01
-4.007800029153191779e-01
-1.243901329745326634e-01
2.161321452367593043e-01
5.048058945264991548e-01
6.668327233370863194e-01
7.089237266099998047e-01
6.617571365331476052e-01
5.615750550089346760e-01
4.378076412987587651e-01
3.087252441321541307e-01
1.837224747930635838e-01
7.002305765794519798e-02
-2.248382463683432780e-02
-8.715063643853759867e-02
-1.188298633245834512e-01
-1.171972640562586321e-01
-9.419042007849182108e-02
-6.310757408258484136e-02
-3.355666050309704523e-02
-1.420902924674660728e-02
-4.377096836027435239e-03
3.380582298130783980e-03
7.989103036116836087e-03
3.608908288495814992e-03
-1.190055001217503461e-02
-3.936254087221045111e-02
-6.863830563943854046e-02
-8.090601431386013065e-02
-7.122278949555910232e-02
-4.659624424191446956e-02
-1.380362237335433853e-02
1.956647455347049896e-02
4.679537533849780634e-02
6.448826315696892797e-02
7.033076137317686993e-02
6.338179763851457815e-02
4.382745910954293639e-02
6.263296052908850706e-03
-5.629983284813771388e-02
-1.412176616466051804e-01
-2.410934638582069856e-01
-3.468410596350121056e-01
-4.413004144174905719e-01
-5.000201223851905574e-01
-4.958414042119542176e-01
-4.352079390908377698e-01
-3.550251850574210888e-01
-2.563553537622973999e-01
-1.093550247942497444e-01
1.050555353709974049e-01
3.454150394900828980e-01
5.288792652096164781e-01
6.328619529585001180e-01
6.757556938307978101e-01
6.624890384665976795e-01
6.022343149225617420e-01
5.149814344555027068e-01
4.158179621961765604e-01
3.074260626598682156e-01
1.926973309962725645e-01
7.813773616269781286e-02
-3.551523817544837563e-02
-1.480597022947973684e-01
-2.551296284321303842e-01
-3.518041836765830599e-01
-4.317612560524032306e-01
-4.920035572864187579e-01
-5.349494471738983625e-01
-5.615967337112163227e-01
-5.670268961105632277e-01
-5.411228103287484270e-01
-4.710624424256936726e-01
-3.424580030791725127e-01
-1.399225963104805126e-01
1.016627946763069279e-01
2.965286460864583473e-01
4.108941624653247304e-01
4.635514748024419651e-01
4.718698142703566800e-01
4.502009504761637082e-01
4.102504954073358800e-01
3.601591344065863121e-01
3.044323706364500670e-01
2.443657043975004939e-01
1.805402247560400630e-01
1.137403943264007483e-01
4.975458331401072520e-02
-3.128478562068361113e-04
-3.104973048245159711e-02
-4.492539031204951377e-02
-4.914850632965294536e-02
-5.055122668407602965e-02
-5.154742813327693046e-02
-5.328675204580827357e-02
-5.919957341325356170e-02
-7.094504514308300203e-02
-8.475195573521510095e-02
-9.700962974071462852e-02
-1.104049996624603264e-01
-1.329484371729394987e-01
-1.675030992452809508e-01
-2.104827208727471644e-01
-2.570420844520380776e-01
-3.008939366610798860e-01
-3.364684345469511340e-01
-3.577950027068774741e-01
-3.556855678659260889e-01
-3.174335173343857397e-01
-2.265311468959869123e-01
-6.463352094667022818e-02
1.361938524983903331e-01
2.934306057222433872e-01
3.741791219168134619e-01
3.948251533538357227e-01
3.743919650352519057e-01
3.321042824531954540e-01
2.787075466165850890e-01
2.208240679482098012e-01
1.638981253905136826e-01
1.099775713956081258e-01
6.182921540009363170e-02
2.393806875076081447e-02
-4.534179931896061347e-03
-2.925485202940337343e-02
-5.103795552758215448e-02
-6.821558413475359295e-02
-8.168153048900123059e-02
-9.235377178932040187e-02
-9.981326793744375869e-02
-1.029381240309420187e-01
-1.004861057915120148e-01
-9.126735342968192444e-02
-7.435673782020432721e-02
-4.784442263053106936e-02
-1.425865302327064543e-02
1.584368801753563774e-02
3.636835839221309180e-02
5.009240112135716905e-02
6.137045152530780368e-02
7.140334570730227925e-02
7.897459091543104770e-02
8.353370453120180505e-02
8.479134870343973951e-02
8.105017707529191262e-02
6.939298927470960443e-02
4.759814684220500108e-02
1.849603207095171925e-02
-9.268787478930692533e-03
-3.044942035009646011e-02
-4.549947947753973931e-02
-5.579457615470324872e-02
-6.321572475455240758e-02
-6.871935713501468868e-02
-7.071616429296861961e-02
-6.757401852929185992e-02
-6.007958227081061642e-02
-5.137990552709299080e-02
-4.406228605063605697e-02
-3.678216576088786521e-02
-2.867751691822189794e-02
-2.348832874359097628e-02
-2.552844170010908076e-02
-3.500600726866727463e-02
-4.861526104083843669e-02
-6.247823035225752442e-02
-7.220492845839641960e-02
-7.336945288559267031e-02
-6.309732157743902503e-02
-3.963021212729892634e-02
-7.084988471158798354e-04
4.649082057070464541e-02
8.429706756018549851e-02
1.056224864873833019e-01
1.139131023492847838e-01
1.107226755578028660e-01
9.766197065599480087e-02
7.942446025180777136e-02
6.119281723458520894e-02
4.640364715088252101e-02
3.620726281943321273e-02
2.824130067032463304e-02
1.960715473323079716e-02
1.190834905100346397e-02
6.843984630360630018e-03
1.439107964548798704e-03
-5.799302709112385233e-03
-1.502098456332835036e-02
-2.697215770766417386e-02
-3.904538038642076103e-02
-4.757395481847101482e-02
-5.096136439848260313e-02
-4.967985398570934352e-02
-4.639659658980013063e-02
-4.350410619657609640e-02
-4.070805371241910386e-02
-3.642535623010589863e-02
-2.963261653389158423e-02
-2.008384237254219259e-02
-1.004434859554807248e-02
-2.641640430217077895e-03
3.437464863697900844e-03
1.163823221381473511e-02
2.391778992845850632e-02
4.022328178593726627e-02
5.691225255628807461e-02
6.964684454542025005e-02
7.893224222099617937e-02
8.831354128811286230e-02
9.791150834249409685e-02
1.049825914140120331e-01
1.086980334847622715e-01
1.107237997086543968e-01
1.118466686384907982e-01
1.107188758906806902e-01
1.043533424054140651e-01
8.711081289186824173e-02
5.335865690651639404e-02
1.995492520823089269e-03
-6.096545363818774155e-02
-1.284394045804660711e-01
-1.982169845538725161e-01
-2.664051769959839278e-01
-3.269893182497533579e-01
-3.764861390383474893e-01
-4.127787948155178799e-01
-4.309322802860905410e-01
-4.203522792396390262e-01
-3.681995316846946031e-01
-2.601759166747273366e-01
-7.949665787977011622e-02
1.393333442507378173e-01
3.085221254578892069e-01
3.930633991809650007e-01
4.128252684994199173e-01
3.871204448415320742e-01
3.324210991667545523e-01
2.612997706463883185e-01
1.841838121309631315e-01
1.120713442730758291e-01
5.474871644271100957e-02
2.069260603566937251e-02
1.885359801774576932e-02
4.136188646630671595e-02
6.212776778572812880e-02
6.749872739263608479e-02
5.797420006049523733e-02
3.796668336183420256e-02
1.526769605516521168e-02
-5.350802975363718600e-03
-2.234692651057845064e-02
-3.602322056926682281e-02
-4.795223795106005188e-02
-5.937623531449441605e-02
-7.188777503468583852e-02
-8.221957532370340049e-02
-8.441049541914749654e-02
-7.929961579217650880e-02
-6.939178149594921186e-02
-5.503377668481129747e-02
-3.859130511864791724e-02
-2.495047987510041337e-02
-1.764746916421930031e-02
-1.494545528148782249e-02
-1.284904399919332627e-02
-1.010501121941557480e-02
-7.937837230318676995e-03
-5.106797904683294149e-03
-1.552765356100566140e-04
4.015522100375064699e-03
5.976201395311523529e-03
7.921281512487329118e-03
1.058890238610281712e-02
1.297655863397216211e-02
1.605221421494759659e-02
2.267543990336116921e-02
3.310163564243401302e-02
4.458380883960495755e-02
5.439872356556461896e-02
6.032296605612771923e-02
5.985490379045070586e-02
4.983101079930583183e-02
2.968420564606501222e-02
2.803430799475111965e-03
-2.747746256998975095e-02
-5.875005653685087814e-02
-8.709625131311718449e-02
-1.086448941900734072e-01
-1.191346822376844472e-01
-1.131917626661479853e-01
-8.943343932828727583e-02
-5.568920254516453172e-02
-2.569297662544707539e-02
-6.575986706145356409e-03
2.851257679163289246e-03
8.157131214125057719e-03
1.795497076745475318e-02
3.635026951791165556e-02
5.877157955040816784e-02
7.748395282350253876e-02
8.719408857511849742e-02
8.520658923543003582e-02
7.046054856895798968e-02
4.783101891875191081e-02
2.696994592447801362e-02
1.071687489376379511e-02
-3.798851999914615307e-03
-1.766761396017717950e-02
-2.993358783331193096e-02
-3.866996204087443101e-02
-4.436020260244356861e-02
-4.991757927015953722e-02
-5.612148904830441265e-02
-5.834918944116609940e-02
-5.015363505918617876e-02
-3.147286817079358867e-02
-8.063597734610928117e-03
1.522898198797658677e-02
3.659121570990154365e-02
5.445808631985627618e-02
6.677016015470242649e-02
7.304834655364893237e-02
7.410291464910094550e-02
7.097657766346632258e-02
6.429730021292877351e-02
5.419474001433709914e-02
3.780312640673457597e-02
1.398794748490344783e-02
-1.198146554874480671e-02
-3.646259259199736980e-02
-5.697165474422991732e-02
-6.945255459269626674e-02
-7.231247802474199959e-02
-6.744689681700516415e-02
-6.021636457153513311e-02
-5.647662753947731845e-02
-5.496255010349208187e-02
-4.778689411340945187e-02
-2.885811015291564474e-02
3.606692394652610822e-04
3.189070832088405222e-02
5.882097449508685155e-02
7.756887310736589047e-02
8.680091188306963967e-02
8.785403700668627247e-02
8.400600389041384952e-02
7.838939170975992021e-02
7.149719193096931713e-02
6.176681903940874768e-02
4.579541075130256350e-02
1.961553071780602897e-02
-1.156566202826393025e-02
-3.742993859793352501e-02
-5.645185417992966415e-02
-7.279055683237833918e-02
-9.007974876150609544e-02
-1.073747153535811322e-01
-1.205462989236685822e-01
-1.268492956240502290e-01
-1.231041021941534780e-01
-1.057425089981686162e-01
-7.301616984718527215e-02
-2.136275857318853041e-02
3.914285400836300249e-02
7.868815724814404167e-02
8.389104945617426035e-02
6.221235850542254642e-02
2.222435432670516811e-02
-2.679236760764155956e-02
-7.554904090999522981e-02
-1.159586409341016727e-01
-1.402636815550207250e-01
-1.397933423629713068e-01
-1.050856718511221227e-01
-2.740273820364265075e-02
7.600996140687341085e-02
1.609274083594231519e-01
2.072137206905968754e-01
2.222067849542969931e-01
2.154240958208890055e-01
1.948931951721001588e-01
1.656983196287465931e-01
1.314518025243305022e-01
9.509656008432228191e-02
5.860137286930556383e-02
2.283290911523794958e-02
-1.094502216392968102e-02
-3.851853961079141492e-02
-5.548291076630506441e-02
-6.221320611511449439e-02
-6.241469610580283045e-02
-6.024846929604595058e-02
-5.703883090754920115e-02
-5.370556448268820615e-02
-5.480483387598110434e-02
-6.132700213599096700e-02
-6.791317636697383198e-02
-6.781946967693305850e-02
-5.624713458769214913e-02
-3.760412716750492074e-02
-2.515650701279424292e-02
-2.557964862586052310e-02
-3.611200384566548571e-02
-5.198281146833398647e-02
-6.920333279723399345e-02
-8.646048929434008157e-02
-1.009959641227373833e-01
-1.081027717846006070e-01
-1.027901782918197726e-01
-7.954917662885220564e-02
-3.291119215868048425e-02
2.730206338070859107e-02
7.494747864801307169e-02
9.941785671558946158e-02
1.071471307750523905e-01
1.055195788000591745e-01
9.832355423946878559e-02
8.451660762529400461e-02
6.516221178410000481e-02
4.660291791252128835e-02
3.536199585337132523e-02
3.434957964453017737e-02
4.186784892984628942e-02
5.316065629019742916e-02
6.416763098715082270e-02
7.277400711804833666e-02
7.750656982078624191e-02
7.827067748400041991e-02
7.450757487809259172e-02
6.418625370401806474e-02
4.652344623419146091e-02
2.133984180673231465e-02
-8.534423924913476719e-03
-3.900947381643879441e-02
-6.924760655995472469e-02
-9.703544608185568632e-02
-1.162032014835372717e-01
-1.228598338200447421e-01
-1.208779866316080365e-01
-1.164747720420556132e-01
-1.081901578415116749e-01
-9.079257928238024244e-02
-6.494659433791113989e-02
-3.704865766663292120e-02
-1.211939312757948084e-02
9.513042068925850470e-03
2.805078178824564616e-02
4.334155713097254115e-02
5.333576838361721306e-02
5.249827813421140132e-02
4.058092193673423775e-02
2.505199175081754270e-02
1.193477216457099720e-02
2.592727381459847616e-03
-3.100167435832065777e-03
-4.808509282696878800e-03
-2.496753453393581353e-03
2.926678307705278190e-03
1.070126959034377497e-02
2.037316794775713424e-02
2.949271945226093414e-02
3.478800675107308199e-02
3.678786629629222926e-02
3.836884869453938141e-02
4.003869384337605669e-02
3.984844645751746406e-02
3.683292426551198345e-02
3.108907423223435107e-02
2.336546498510056954e-02
1.441359511642429682e-02
2.233991134236032287e-03
-1.174656325408193584e-02
-2.179474420497987119e-02
-2.722884394663624072e-02
-3.127132691265232384e-02
-3.614225047787092415e-02
-4.426159301769536092e-02
-5.758582802091473385e-02
-7.409055698495353726e-02
-8.863922873883076092e-02
-9.610865453207800835e-02
-9.113353615754546388e-02
-6.739325478287003235e-02
-2.871807637492990867e-02
7.459159274072871965e-03
3.156835453013663584e-02
4.698999791853835512e-02
5.605574817774684748e-02
5.945323309410778523e-02
6.024735927459630436e-02
6.020182211128430327e-02
6.082161028584659457e-02
6.550159209406082594e-02
7.615221558755767839e-02
9.618563181858745537e-02
1.221176891960172317e-01
1.368942884472177657e-01
1.298530265921479521e-01
1.037914136727396686e-01
6.567954414535102925e-02
2.054904447520740016e-02
-2.914098181419706377e-02
-7.783324403386121526e-02
-1.165341008248778343e-01
-1.362026733668358913e-01
-1.315665641047475964e-01
-1.000073733664783582e-01
-5.187790974303819330e-02
-1.329734002902229102e-02
3.228037105992849487e-03
-9.652195399992896576e-04
-2.713185516638145015e-02
-7.310482291744033190e-02
-1.302374923837442688e-01
-1.839239752800231054e-01
-2.175794773022688422e-01
-2.207892048385997064e-01
-1.839785763971479859e-01
-8.859330191095413087e-02
4.240283213410411811e-02
1.378814513857373469e-01
1.696057694871564714e-01
1.549260099050005501e-01
1.105976866047697904e-01
5.029276386976290480e-02
-1.435498494283771187e-02
-7.361107938457926714e-02
-1.194184714316036122e-01
-1.419122421078199692e-01
-1.289811474312940465e-01
-6.845411864564721061e-02
2.564575316135678240e-02
1.093527577704656029e-01
1.614428389566771038e-01
1.892272389612340289e-01
2.009718448122078671e-01
2.010442278111834180e-01
1.907718260025847157e-01
1.725889129077849693e-01
1.492102993535163735e-01
1.209592126824828723e-01
8.826485397474657935e-02
5.270040446418052665e-02
1.744391071164903828e-02
-1.270219361580990011e-02
-3.638942036024291754e-02
-5.362453477191761464e-02
-6.337432161220861448e-02
-6.788394446579811004e-02
-6.944610332265532815e-02
-6.745929137017163402e-02
-6.111007562071607557e-02
-4.822628281387857097e-02
-2.843281586543400588e-02
-7.409673313727124441e-03
1.068665619296684140e-02
2.775517807975161344e-02
4.544063162383352866e-02
6.416500777935668642e-02
8.446733218740984372e-02
1.010268023566957413e-01
1.045037211315694020e-01
9.263602508905147137e-02
6.912319959898370614e-02
3.643509832863314063e-02
-2.819576926122700083e-03
-4.757014909902271965e-02
-9.634797592897707819e-02
-1.467637925408031285e-01
-2.005035769857655414e-01
-2.566001741676274817e-01
-3.120384560108457328e-01
-3.646434240364299084e-01
-4.078745595810672198e-01
-4.307319946030773727e-01
-4.203845156922177417e-01
-3.671046395121604911e-01
-2.621894752481773727e-01
-9.088009929782789320e-02
1.151815296308018599e-01
2.767983287166491113e-01
3.672786843385611455e-01
4.064785208589759002e-01
4.088034325764037247e-01
3.855668611046451644e-01
3.468624851216732807e-01
3.002134905749865856e-01
2.503088917041095263e-01
2.008959619012814224e-01
1.531056353412826865e-01
1.046967982847320094e-01
5.516755038900579555e-02
8.827563906605372449e-03
-3.037210503856247953e-02
-6.179175974006546196e-02
-8.473015529220226383e-02
-9.646150764992364457e-02
-9.571070166866085804e-02
-8.481026320028808851e-02
-6.740513024704733458e-02
-4.747773264905669199e-02
-2.926476333602375315e-02
-1.594901492146809374e-02
-5.237400103022041981e-03
9.210518502284671324e-03
2.951673794637982295e-02
5.293176197158829671e-02
7.497639211330617282e-02
9.204257866818829625e-02
1.029727328383345103e-01
1.066062101681990448e-01
1.004429005158752608e-01
8.196735977489259806e-02
4.949825194482665447e-02
1.764762609160818591e-03
-5.862496599639745176e-02
-1.232959973398194548e-01
-1.859470356120846712e-01
-2.467170000354042825e-01
-3.074855052204564787e-01
-3.669343030939613559e-01
-4.182859786406721292e-01
-4.508193621893752945e-01
-4.529361052670787813e-01
-4.104728613306204421e-01
-3.032447579624119038e-01
-1.091062184742200292e-01
1.341375970584673671e-01
3.318394771898595108e-01
4.478767645361335092e-01
5.017623581801351484e-01
5.092636214721223409e-01
4.834125806934280734e-01
4.370164759126274334e-01
3.799895935742469977e-01
3.173681850527679260e-01
2.487052861288921723e-01
1.711829333852782908e-01
8.356826526819431666e-02
-9.784287800442752897e-03
-9.808419155933635614e-02
-1.752216419627997401e-01
-2.417169593979849040e-01
-2.983719882844564353e-01
-3.447621281138557592e-01
-3.783969715575107862e-01
-3.940253383356905337e-01
-3.822300844537016573e-01
-3.318174799933113484e-01
-2.318946550365108550e-01
-7.355269023263422135e-02
1.089787579353133085e-01
2.428171317170900179e-01
3.033954514828677840e-01
3.140120006677120656e-01
2.951833847062021454e-01
2.597691687670889427e-01
2.129717310364773741e-01
1.578235123046349553e-01
1.007931185635534410e-01
4.822768763328783015e-02
3.154947065522771196e-03
-3.278142003744390076e-02
-6.145248253708787689e-02
-8.800073787444194495e-02
-1.131161008227148101e-01
-1.350913305419328969e-01
-1.532351413423153064e-01
-1.665783164789139681e-01
-1.715188607678566624e-01
-1.627588483050222690e-01
-1.390586948270321199e-01
-1.014958248774405491e-01
-4.840534580530585218e-02
2.593668458256825904e-02
1.096294468031825259e-01
1.731326130085045212e-01
2.067037037226494844e-01
2.157062368083081105e-01
2.049010616654275974e-01
1.803842774874343802e-01
1.471286200739856942e-01
1.086309850414955286e-01
6.653066813988889328e-02
2.316779391439699118e-02
-1.724193479077126834e-02
-5.105404727956744382e-02
-7.890498718196556349e-02
-1.043231380319005613e-01
-1.277786128074497318e-01
-1.473788368838705176e-01
-1.607584023277116025e-01
-1.671271254118334992e-01
-1.681138583257116847e-01
-1.647446770169672114e-01
-1.560658441244347772e-01
-1.372775052110232208e-01
-1.011083673206710498e-01
-4.114869123817858909e-02
3.373054099819466911e-02
9.881817861351484267e-02
1.418261260359024445e-01
1.631290505301837279e-01
1.639458954826832626e-01
1.485639629418751273e-01
1.237808852449829577e-01
9.662106205737427955e-02
7.094309912452345657e-02
4.836215260155481838e-02
3.037601162474227318e-02
1.761519352392485610e-02
9.941649357764472880e-03
5.599561797214033798e-03
1.800350935350051793e-03
-9.453686375064992292e-04
-2.033245008351430155e-03
-5.062378997856675084e-03
-1.297754991747617978e-02
-2.399538295728032011e-02
-3.491248315005072295e-02
-4.382695401325129719e-02
-4.939875216969613625e-02
-5.086455376606701523e-02
-4.810754563841988102e-02
-4.197351152428005494e-02
-3.456828404538137695e-02
-2.789143743387457672e-02
-2.186562713510195946e-02
-1.580277897087318389e-02
-1.067087299125392061e-02
-8.320899155849475343e-03
-9.258474778428530880e-03
-1.052754497911024753e-02
-8.357623130902448391e-03
-2.196958052472405918e-03
8.358454253465912726e-03
2.437679061532848843e-02
4.377708714733880013e-02
6.061868098815847983e-02
6.881310883635716191e-02
6.560483416957682556e-02
5.469036711645504367e-02
4.267060641251174680e-02
2.906841812892389451e-02
9.780159660280136197e-03
-1.371124460271356052e-02
-3.522641718911102143e-02
-4.960662774606891534e-02
-5.416411464150937272e-02
-5.134041480476434632e-02
-4.489411726068971015e-02
-3.492886190971884047e-02
-2.295798231578831394e-02
-1.174348562570591559e-02
-2.252391256212949583e-03
5.491132854757183566e-03
1.052542685595925231e-02
1.226309812189540702e-02
1.209427579224118046e-02
1.120918585656138430e-02
8.725263590601047697e-03
2.846749978047764286e-03
-7.469294363184419625e-03
-2.130219920402409706e-02
-3.451895147464503072e-02
-4.229214599147143594e-02
-4.298809502127542981e-02
-3.759834971532749481e-02
-2.687201502733319383e-02
-1.100953650679955056e-02
8.579148131236479999e-03
2.839792334441623017e-02
4.343669331283250834e-02
5.052448276704563090e-02
4.942816447224589876e-02
4.103826862388796487e-02
2.883055219778321576e-02
1.650295527141553906e-02
5.309395096512722900e-03
-1.430579258898400730e-03
2.138771048977995519e-04
9.884804611735303545e-03
2.302195341282932753e-02
3.511037381806893232e-02
4.575580046313860311e-02
5.602774397461591366e-02
6.694897435474821135e-02
7.931261640564152282e-02
8.977451917326798037e-02
9.222345261684772311e-02
8.363178393392498022e-02
6.378082356624545368e-02
3.441251856255143904e-02
-3.810576549336218422e-04
-3.544487060252134170e-02
-6.727095561989997197e-02
-9.730734011547689799e-02
-1.271102978405744266e-01
-1.570055752483437705e-01
-1.881191619659753900e-01
-2.180428369035576075e-01
-2.422048588655982271e-01
-2.575670091821937180e-01
-2.604757124859791717e-01
-2.427125628921147638e-01
-1.901838784010073391e-01
-8.418097887416579883e-02
5.991485003576012269e-02
1.858101124652726255e-01
2.643066836273006426e-01
3.001364551848436091e-01
3.015726903142847970e-01
2.788404704438482984e-01
2.411763328282695573e-01
1.961107842015376301e-01
1.488153784281902592e-01
1.007476683110025972e-01
5.229660083888373195e-02
7.518879789000803941e-03
-2.750775052743078403e-02
-5.140981308247852266e-02
-6.791625772289504315e-02
-7.941636882965780186e-02
-8.512350746297613069e-02
-8.671638744641126106e-02
-8.779611383884426690e-02
-9.117630756345884713e-02
-9.505919190314467138e-02
-9.056308883272708166e-02
-7.218355014393734725e-02
-4.275170695231517159e-02
-1.106309759113524409e-02
1.256203226484194600e-02
2.541546745680428945e-02
3.155520263508065915e-02
3.507341633563437755e-02
3.891538074228476779e-02
4.440913600319101873e-02
4.999980813629305298e-02
5.320890903065872424e-02
5.145109098156826904e-02
4.309051498996562674e-02
2.914665482561427240e-02
1.258274222374803838e-02
-3.436212943391060703e-03
-1.884495635798672658e-02
-3.354793606948673623e-02
-4.492709707106266881e-02
-5.103914965106418067e-02
-5.246339768913568791e-02
-5.159606809307522302e-02
-4.986658358518649553e-02
-4.551656202873640561e-02
-3.563308865201215286e-02
-2.067612455772846469e-02
-4.330884198524615272e-03
9.700749191432206722e-03
1.889330603088456434e-02
2.239143532729485561e-02
2.231391800663794223e-02
2.139009798791802197e-02
1.995353648710120054e-02
1.782759359527161941e-02
1.536327295168037760e-02
1.280178311833041899e-02
1.077582702695381589e-02
9.968591585575890465e-03
1.160431552905435981e-02
1.713934314651108237e-02
2.472969598908013322e-02
3.010643307093284135e-02
3.218006122323312929e-02
3.229334402519653396e-02
3.054154476232659801e-02
2.695975260075302027e-02
2.100493307660802889e-02
1.014519038792192213e-02
-4.513630781321863357e-03
-1.818850734289870208e-02
-3.063962926180472876e-02
-4.350852087173899541e-02
-5.431744145885369218e-02
-6.029930626738037175e-02
-6.163953808835218734e-02
-6.016180636448576619e-02
-5.795380628023727443e-02
-5.431764808144675521e-02
-4.683821037767971207e-02
-3.655175101893867046e-02
-2.735296817405351300e-02
-2.251380507402157144e-02
-1.813652166884903091e-02
-7.269852113634742499e-03
8.666974688827495943e-03
2.581359875104407425e-02
4.374524654871733698e-02
6.222862431705023650e-02
7.856385637047394455e-02
8.998427659953955882e-02
9.634595275976173823e-02
9.792327985706913984e-02
9.443717631101693211e-02
8.482140754219436030e-02
7.129810115706843032e-02
5.716530762763925161e-02
3.974252710849527498e-02
1.821371171820927032e-02
-2.837509518847812148e-03
-1.865091451362991051e-02
-2.420937787158987040e-02
-1.989864070265303167e-02
-1.300140723737569504e-02
-7.124970211243671428e-03
-2.202019891466372448e-03
-1.603194399205247478e-03
-9.080444668025725030e-03
-2.446596330329599972e-02
-4.475106079864160646e-02
-6.777860647216622791e-02
-9.297790242966620655e-02
-1.177181598144261404e-01
-1.389061239023397787e-01
-1.534837557667013408e-01
-1.552441762507293932e-01
-1.377851668174494559e-01
-9.770766333820612992e-02
-3.036159016835447352e-02
5.130918478978045705e-02
1.110749860961015023e-01
1.318252178102278793e-01
1.217841371511920318e-01
9.114740032691240335e-02
4.741157117569743534e-02
-3.110015233037537880e-03
-5.335109308573054987e-02
-9.341536993514040765e-02
-1.104651388844614529e-01
-9.438446462552844973e-02
-3.830490429566250909e-02
4.279898764597075272e-02
1.119318183293099428e-01
1.541223766093350322e-01
1.738833689263474258e-01
1.733855199357324239e-01
1.563001833818471742e-01
1.282040232314218542e-01
9.435945944185494816e-02
5.745298209178961724e-02
1.940750171691798392e-02
-1.516408327687965470e-02
-4.026698049694219655e-02
-5.421649521248045334e-02
-6.070499734234381661e-02
-6.424797094516855600e-02
-6.955610248891373748e-02
-8.189760406509910551e-02
-1.030847763016721902e-01
-1.301236924176418230e-01
-1.560672862446898790e-01
-1.718290762832863083e-01
-1.697584011626284139e-01
-1.447765265371374899e-01
-9.349722536680658835e-02
-2.472866942393665488e-02
3.913066150385807046e-02
8.642888493175542031e-02
1.178827456416242647e-01
1.350061491117389711e-01
1.405006152375026240e-01
1.361715098046919481e-01
1.244680801960005717e-01
1.096023582609445546e-01
9.431745513730388497e-02
8.064804803240743780e-02
7.159460671538925292e-02
6.777711983098849702e-02
6.555349871089809211e-02
6.178761230791671166e-02
5.727356126692909749e-02
5.333351079161716135e-02
5.015461032485737936e-02
4.507438746026724841e-02
3.253025454793670446e-02
1.050995477621118578e-02
-1.862185423809080420e-02
-5.260834750926739189e-02
-9.171848400325630091e-02
-1.328236663098271153e-01
-1.665679448027312937e-01
-1.871248048618581461e-01
-1.945338991252691663e-01
-1.929843417628848423e-01
-1.904789646184641694e-01
-1.907170005922190770e-01
-1.907330471050449061e-01
-1.849307234643160769e-01
-1.640317695124625663e-01
-1.178515478743494688e-01
-3.677165390898343156e-02
6.615004564800035236e-02
1.517077597106631093e-01
2.027108532185858125e-01
2.267447222403205787e-01
2.301658770982480673e-01
2.174228326515426635e-01
1.929028549857049746e-01
1.612982610955518425e-01
1.269315350184101188e-01
9.353100539849415473e-02
6.427580896496595808e-02
4.150296618832141626e-02
2.500640034637333781e-02
9.089169154437285250e-03
-1.086926977137538976e-02
-3.018163000762964093e-02
-4.102084563317408283e-02
-4.096531235417789907e-02
-3.364155411920712740e-02
-2.308477084526685055e-02
-1.144096656937775014e-02
-1.739561029738056347e-03
2.891751014921659091e-03
-1.219248445113606596e-03
-1.245927420564813502e-02
-2.250233820798936551e-02
-2.832365662090419872e-02
-3.020596967391341037e-02
-2.816393847494422231e-02
-2.439242946701728615e-02
-2.021148036066561932e-02
-1.628244040167284301e-02
-1.364965202214967616e-02
-1.410207957320405714e-02
-1.979909565123511711e-02
-3.239513466559976185e-02
-5.007938765080163085e-02
-6.651754897943595868e-02
-7.779992429065832327e-02
-8.285926964144332829e-02
-8.031189006113119422e-02
-6.980722104286257723e-02
-5.327889133547528133e-02
-3.327796542105974920e-02
-1.114063768508368260e-02
1.085228906223522326e-02
3.088889726322999879e-02
4.936432638100828746e-02
6.498819757702449518e-02
7.428787844687194386e-02
7.678182565836826068e-02
7.378912627406884750e-02
6.556384028881459547e-02
5.548388101227834379e-02
4.692049509778471045e-02
3.776234733885119182e-02
2.669609188397321919e-02
1.541046194362833202e-02
4.993631120089746418e-03
-3.564299739495165129e-03
-7.892972465925053582e-03
-7.444408355883582601e-03
-6.203507936112359969e-03
-5.806783634423276323e-03
-4.789037346806434593e-03
-4.671511551863790496e-03
-7.403667135571966040e-03
-1.362698943968363927e-02
-2.213130789494402451e-02
-2.637650797146568610e-02
-2.227296325971466276e-02
-1.369075132986860913e-02
-4.975139571089822084e-03
2.411853442212790518e-03
7.618690726152950281e-03
9.897462166309408185e-03
9.654567084678085040e-03
9.320955142166497884e-03
1.162889658926368440e-02
1.587679464997727302e-02
2.032400546167301494e-02
2.410015705205128048e-02
2.470324970101517650e-02
1.981474305140048381e-02
1.148114212341965271e-02
2.502371230635303152e-03
-9.158387971307005784e-03
-2.366708694066943855e-02
-3.901225759031760193e-02
-5.437482273808281336e-02
-6.588842891791264755e-02
-6.948041522178934060e-02
-6.424533368320455018e-02
-5.198084552864537522e-02
-3.469052982858755740e-02
-1.261705588788295321e-02
1.036822701285229804e-02
2.847138326879355280e-02
4.079254902165922042e-02
4.678965903689441541e-02
4.512328816367205953e-02
3.732572249501870526e-02
2.650506918983192711e-02
1.417329025015588717e-02
1.345541517265347320e-03
-9.044252694140123006e-03
-1.407265842734205762e-02
-1.309515807624027708e-02
-8.093632719464224218e-03
-1.324547764255857955e-03
5.072486557271380266e-03
9.052223736921945207e-03
1.099749001088390701e-02
1.341712329106320260e-02
1.910947765190805850e-02
2.958074529137209516e-02
4.315414189743433521e-02
5.554604364706582087e-02
6.301193480876926545e-02
6.372605063496164512e-02
5.825887113354168839e-02
4.797273219232710273e-02
3.323280927143826974e-02
1.510093643612624159e-02
-5.291870437824959181e-03
-2.690700789801870468e-02
-4.576851452049605917e-02
-5.681812713692692418e-02
-5.926695197248446623e-02
-5.770632115057189315e-02
-5.736565297149318066e-02
-5.856279998473438997e-02
-5.763213762104946181e-02
-5.437965864530865112e-02
-5.259450422916302215e-02
-5.474674561025431180e-02
-6.438337244235095569e-02
-8.200681423162746453e-02
-1.013988055907106001e-01
-1.163716686969955422e-01
-1.208411003977458015e-01
-1.078510344134105958e-01
-7.195885628377769738e-02
-9.364439487644463447e-03
6.857899823951517371e-02
1.339290503060797666e-01
1.699004327052983099e-01
1.774087079352655305e-01
1.618264874346382332e-01
1.291975091744005655e-01
8.966498928688163006e-02
5.313354080851348527e-02
2.496060726830658105e-02
8.814110736614481217e-03
4.654814512160481733e-03
6.945992559766888015e-03
9.531954843639414005e-03
1.205385530216097206e-02
1.791893340711283103e-02
3.024783284145365903e-02
5.075669386406019001e-02
7.739441706529728848e-02
1.031995862681071713e-01
1.217970094937021047e-01
1.302801574921586270e-01
1.230466219682467832e-01
9.295985261160033541e-02
3.657904787352359022e-02
-3.730610549705793560e-02
-1.083713770074790916e-01
-1.664296175338823014e-01
-2.141399298581226351e-01
-2.542247838270698668e-01
-2.867596078667679071e-01
-3.094864316936624116e-01
-3.185031557226747356e-01
-3.090273777565775704e-01
-2.742724515737674507e-01
-2.039199083305872906e-01
-8.575212207535887199e-02
5.989196605826508507e-02
1.787606520352755246e-01
2.481390964201251326e-01
2.791079886453606829e-01
2.835126684777778960e-01
2.702275579449093246e-01
2.432555087195614196e-01
2.057540350683877417e-01
1.620105773410804861e-01
1.155994365497995946e-01
6.693557420087464793e-02
1.325331200657835218e-02
-3.901166239135000352e-02
-7.516591495023483560e-02
-8.998255680632030740e-02
-8.769746260526808945e-02
-7.387708767379130848e-02
-5.209707193847271101e-02
-2.600549046849755241e-02
-3.884198244394881233e-04
2.305696065199332179e-02
4.453055239276737520e-02
6.205766250389695149e-02
7.313596415726629496e-02
8.076168852945482535e-02
8.697312133052004235e-02
8.790718586078356822e-02
8.201148869196067670e-02
6.660435104739678702e-02
3.681535782480535590e-02
-7.058291989621032214e-03
-6.243807973680326473e-02
-1.183030534459439953e-01
-1.539787363348702753e-01
-1.586553117534535429e-01
-1.326797330033529232e-01
-9.157721295680973372e-02
-6.154699923413699258e-02
-4.887335228499486983e-02
-4.990883647958752750e-02
-6.605491311165856416e-02
-9.325283083954190311e-02
-1.207969244355316107e-01
-1.337831026834077341e-01
-1.166419417374753992e-01
-5.982157859709801018e-02
3.856041730368058723e-02
1.854431864812693675e-01
3.466693530656577704e-01
4.377566738648341893e-01
4.235129917327545290e-01
3.219040427309298180e-01
1.545267161765842001e-01
-4.853791665595673377e-02
-2.491149885790643337e-01
-4.112598743974306137e-01
-5.077422881061272042e-01
-5.223196588868912471e-01
-4.413650758828398524e-01
-2.564371783946823857e-01
-2.516558264166882108e-02
1.467544498610744153e-01
2.171676268129754117e-01
2.024302880781207736e-01
1.300349362809569143e-01
2.985364860235162343e-02
-7.464596985316220012e-02
-1.659266892255820691e-01
-2.287187880998943212e-01
-2.430037811681869386e-01
-1.873039674784932884e-01
-4.258045894773335172e-02
1.549683729125849174e-01
3.134151539772663253e-01
3.953638361702831450e-01
4.168222888311724494e-01
3.912964314412274436e-01
3.353606106969475031e-01
2.664257524664094268e-01
1.962833901423946259e-01
1.324260804540657310e-01
7.890673593060014424e-02
3.532171452641892639e-02
-1.674023729805185212e-03
-3.440124162212805647e-02
-6.493203037647607423e-02
-9.536525859975436559e-02
-1.231615078096292837e-01
-1.418512459239260615e-01
-1.469985833503557604e-01
-1.395436485741347876e-01
-1.238434090099136131e-01
-1.021904983210297768e-01
-7.659872018211208444e-02
-5.318159568938200799e-02
-3.900172619431231669e-02
-3.438444579970389298e-02
-3.260411714716405368e-02
-3.019145949548878924e-02
-2.719988341514496116e-02
-2.309528031595432102e-02
-1.919431616593510886e-02
-1.765820760399462383e-02
-1.891351906113412223e-02
-2.370968563805520360e-02
-3.220604707435601594e-02
-4.189611735083388633e-02
-5.006834858814527417e-02
-5.360608982103547832e-02
-4.931735069603163796e-02
-3.653310831306030154e-02
-1.540086180669430864e-02
1.241492956475388071e-02
4.175103128493118376e-02
6.656263824298240539e-02
8.405527748321767190e-02
9.643247784256495092e-02
1.045634068703268083e-01
1.042305485155485267e-01
9.091832067595186084e-02
6.662350537177672005e-02
3.951765589248913690e-02
1.748709775458437074e-02
5.209451242436565974e-03
3.053000176411182695e-03
7.367063028256869150e-03
1.350591501114985389e-02
1.881331333874494693e-02
2.217654026894479158e-02
2.034662052915546179e-02
8.031923416064299173e-03
-1.454305961519827307e-02
-4.046571462542174202e-02
-6.327135434113723145e-02
-8.244711085070553780e-02
-9.939930527385817949e-02
-1.128279609559173086e-01
-1.237483495091156183e-01
-1.310764897670148033e-01
-1.296847337120810018e-01
-1.175350924229136285e-01
-9.423155335194216553e-02
-6.101319377348356221e-02
-2.017711383851647847e-02
2.152036075198592718e-02
5.234048194365602258e-02
6.947601982205689475e-02
7.893676265836585548e-02
8.723175737213537118e-02
9.737205681310950878e-02
1.066541731389874237e-01
1.122408035564839146e-01
1.131683757409963076e-01
1.078441428363491605e-01
9.549050648257409457e-02
7.529035540295450635e-02
4.809662991610736543e-02
1.907552248991108146e-02
-6.031235382034466803e-03
-2.391013043636077903e-02
-3.524260181370654499e-02
-4.402977533720350833e-02
-5.410702516766805609e-02
-6.530643250310305681e-02
-7.261150731351534438e-02
-7.253654252880946396e-02
-6.596587194840458634e-02
-5.171001213952516884e-02
-3.215737597326828734e-02
-1.594591391733295865e-02
-7.157430785910738613e-03
-4.720662984002968986e-03
-2.798721275173610568e-03
6.184975568899977148e-03
2.328757091709073024e-02
4.175127677414029737e-02
5.421465906738760082e-02
5.952923244284592103e-02
5.867804763768248028e-02
5.146189381388500961e-02
4.024133047387276618e-02
2.771620174872437350e-02
1.463878723554083716e-02
5.253803894810313985e-03
3.272390185173620382e-03
7.879733875835999088e-03
1.730090055036350577e-02
2.711670055437556681e-02
3.097565534103326884e-02
2.660504052035286837e-02
1.547726156400296843e-02
-1.521757548608239016e-03
-2.078464395105030643e-02
-3.880339580554628687e-02
-5.919761816903691687e-02
-8.321528756520571446e-02
-1.060249875702490713e-01
-1.266758517601756229e-01
-1.471678144140607658e-01
-1.642786340840863557e-01
-1.695908589961293289e-01
-1.556631161752835835e-01
-1.155874876055771883e-01
-4.036607279619110200e-02
5.401513726631666790e-02
1.253736592055183785e-01
1.564534613348415315e-01
1.576499301244566609e-01
1.412801314450372880e-01
1.177408314841704717e-01
9.355884617877940901e-02
7.159794354074139333e-02
5.403526765426368977e-02
4.160598799221499472e-02
3.274719278633182046e-02
2.717214350276244555e-02
2.573021962440618510e-02
2.791773156379177140e-02
3.075377883414982805e-02
3.153106898572750200e-02
3.098794455478079760e-02
2.991861974906016852e-02
2.610956123633442760e-02
1.812623186549646576e-02
7.051548631761012792e-03
-6.919918221837075348e-03
-2.443633811173511264e-02
-4.513597847953056130e-02
-6.654529853498816760e-02
-8.351592605968852223e-02
-9.262696123739219689e-02
-9.335027907092097177e-02
-8.559973939390516651e-02
-7.028814301602322179e-02
-4.836813389546179565e-02
-2.173805054337138790e-02
4.950556788510702966e-03
2.733250751764751407e-02
4.445766407998513053e-02
5.648617624557730060e-02
6.286078707928131892e-02
6.308777169244551841e-02
5.607186246142589758e-02
4.253959931112031440e-02
2.615007185698460523e-02
1.074379431705215111e-02
-1.297408923938694111e-03
-9.595659059972182908e-03
-1.509858400469630928e-02
-1.984418918366114698e-02
-2.707467174525658715e-02
-4.119939168921789296e-02
-6.218195628828886851e-02
-8.271683823680095471e-02
-9.773803987238013913e-02
-1.062490682212954840e-01
-1.075453346174404107e-01
-1.027713948752737166e-01
-9.450615018132957346e-02
-8.418305566326197975e-02
-6.963286997600985628e-02
-4.503892502493336142e-02
-4.705484551034950537e-03
5.383993720363440538e-02
1.190883450786221487e-01
1.679019233927156463e-01
1.912829687632106590e-01
1.927593533834784378e-01
1.757360208775107513e-01
1.467281001245563932e-01
1.145940911999595579e-01
8.595847912954600323e-02
6.090557211686280226e-02
3.555953859870276262e-02
8.566167382808380013e-03
-2.081101228090470601e-02
-5.091157198069352907e-02
-7.502943027571581935e-02
-8.969215197061861100e-02
-9.409851149344392041e-02
-8.581777249878054514e-02
-6.584789648191535782e-02
-4.071020727976865788e-02
-1.594305535702723181e-02
6.587772758128660963e-03
2.412936063864581232e-02
3.568208833920790551e-02
4.485229917710532171e-02
5.433221375316367452e-02
6.435955863954577472e-02
7.353615430476487247e-02
7.937465171142994713e-02
8.272749805880419416e-02
8.615709949753029562e-02
8.801386227358712344e-02
8.445662969580966517e-02
7.340565689360090129e-02
5.329917162109440443e-02
2.241289306779651463e-02
-2.067136623073037235e-02
-7.290940164919856858e-02
-1.257283856017678003e-01
-1.763876786889761461e-01
-2.290492131345643612e-01
-2.850494681012297193e-01
-3.413208320626470726e-01
-3.918842500244687499e-01
-4.264507536486705219e-01
-4.304421114452132158e-01
-3.884747713288217996e-01
-2.866327927975130807e-01
-1.109118449297892828e-01
1.058195880094811442e-01
2.819733594044058766e-01
3.834510868881875201e-01
4.251092486826155703e-01
4.214834011930584379e-01
3.853976521763015639e-01
3.291273412168294055e-01
2.637012266982402542e-01
1.971617942004154356e-01
1.364861827631886626e-01
8.660225718916005067e-02
4.727503515989125299e-02
1.902003142198239322e-02
3.953059756897095434e-03
-1.310357078729625091e-03
-2.787175422298390076e-03
-5.047134874257206555e-03
-1.226965712147156870e-02
-2.598195449613313612e-02
-4.220628626316957899e-02
-5.577183921783598897e-02
-6.457559879676143255e-02
-6.716301816119681078e-02
-6.222463654805818201e-02
-5.034875317477000012e-02
-3.455241706050939110e-02
-2.105877965261040985e-02
-1.401758378904005911e-02
-1.128942315603342211e-02
-8.198843290647052362e-03
-2.057444568864556442e-03
6.838679749229446131e-03
1.837285492051178235e-02
3.344327791688409685e-02
5.319023410058510565e-02
7.998300652266687738e-02
1.092216925741159445e-01
1.271539633506344469e-01
1.288367852569129446e-01
1.181594453799400674e-01
9.606539940404018596e-02
6.223828718099791435e-02
1.586218930449663847e-02
-4.307898856722990055e-02
-1.123523417341660002e-01
-1.900194984194678582e-01
-2.734820709700520047e-01
-3.568502119414888596e-01
-4.281501514038277278e-01
-4.727922098545198626e-01
-4.817708778011741688e-01
-4.441494931394630030e-01
-3.382868602252552814e-01
-1.888434485146036623e-01
-7.195841519197301861e-02
-1.249863654344024466e-02
1.773387270704007701e-02
4.745750249964371392e-02
1.036513657197081772e-01
2.146412529360889332e-01
3.589948753845311202e-01
4.615935404852359314e-01
4.947169098230226880e-01
4.787548468516678035e-01
4.293513070488307326e-01
3.577766374185540332e-01
2.752082544064651803e-01
1.918042959669358782e-01
1.152185260541528505e-01
5.061385800960144232e-02
-6.634918644476857363e-04
-4.067853143396116949e-02
-7.205991516191299906e-02
-9.380953084789452057e-02
-1.038737463797322902e-01
-1.069196469149050616e-01
-1.062904959539009431e-01
-9.840357542468688989e-02
-8.431333113147576608e-02
-6.927917723503650149e-02
-5.705013617277236715e-02
-5.165819467507691554e-02
-5.572017999383790249e-02
-6.803135932866394286e-02
-8.229176645030474024e-02
-8.974758588481059063e-02
-8.688166781302292252e-02
-7.536260879902853538e-02
-5.689542215694298744e-02
-3.201203934620074076e-02
-3.431123135356384420e-03
2.230886789351706201e-02
4.165155092716668617e-02
5.496628913565101276e-02
6.066476964068966832e-02
5.631624285668233865e-02
4.581472715922947636e-02
3.599618490200007931e-02
2.545011863792720486e-02
1.271819110236728154e-02
2.103784587980015840e-03
-4.025631767073382244e-03
-5.662170859609208691e-03
-3.681391048719458593e-03
2.320358913614293389e-04
5.320059821473452008e-03
1.318560203821594889e-02
2.634381406302421791e-02
3.957259600049613940e-02
4.277657989056782989e-02
3.608251033146837178e-02
2.255091526555339995e-02
2.216659608546822906e-04
-3.063126955168229623e-02
-6.565197350812293497e-02
-9.812807563130285238e-02
-1.197975610059607843e-01
-1.231349635698819889e-01
-1.023844706080769551e-01
-5.021703737871105466e-02
1.629653579074601122e-02
5.427731926532587681e-02
4.661440389471235846e-02
3.647097846747174299e-03
-6.306111820294185710e-02
-1.432700016827007650e-01
-2.230539581285754802e-01
-2.848023053376349534e-01
-3.120238590244753252e-01
-2.892347826382413167e-01
-2.024307201217477870e-01
-3.964826586247530843e-02
1.616335927200386047e-01
3.161078162318934348e-01
3.910937790590181540e-01
4.053045779374692681e-01
3.759250155220429934e-01
3.198432064009836817e-01
2.511483812389100345e-01
1.785134194919369421e-01
1.085767991740679006e-01
4.640043728885193119e-02
-6.242239209707288114e-03
-4.893279645004321166e-02
-7.761550533287639442e-02
-8.961961488143635468e-02
-8.928301236331037671e-02
-8.323114173269968719e-02
-7.726141019966860368e-02
-7.399322375599358403e-02
-7.284305447289932123e-02
-7.068279669605677384e-02
-6.352950222985435935e-02
-5.098066134954931661e-02
-3.471659733262352082e-02
-1.785872434055865016e-02
-6.027215383524094257e-03
-2.583008836888206657e-03
-7.180914697390451858e-03
-1.818556262870708526e-02
-3.131871383579729745e-02
-4.098054559082517367e-02
-4.440899455188311584e-02
-4.040558239000210244e-02
-2.720562588343166180e-02
-6.166319156793899879e-03
1.699980579906010605e-02
3.454006778412133105e-02
3.961106375138594843e-02
3.262731895905034152e-02
2.003908426604954218e-02
8.850090600691537870e-03
3.326893547382528231e-03
3.475534497412033179e-03
9.571773953905512305e-03
2.070661098565193536e-02
3.211478305452276222e-02
4.038011024236966978e-02
4.515629460118718991e-02
4.737915781207725774e-02
5.009270017870793429e-02
5.692552526130513491e-02
6.706719897133461838e-02
7.567051183333318998e-02
7.946202180286940364e-02
7.856020525300731749e-02
7.306947695592455605e-02
6.347601067720126666e-02
4.979358850892977306e-02
2.897760308219785724e-02
-2.310254273539742373e-03
-4.575348089003760527e-02
-9.553382015859779308e-02
-1.413832767774686472e-01
-1.808041013356346260e-01
-2.144643837115857155e-01
-2.409748423918083859e-01
-2.592369090595491032e-01
-2.677276669288976008e-01
-2.641165010149622017e-01
-2.452558801127143195e-01
-2.067704420409748611e-01
-1.412187720175438477e-01
-3.907913746831343654e-02
8.247201155493703861e-02
1.812300051855684768e-01
2.433218544998495270e-01
2.780900896427769275e-01
2.907396587177787373e-01
2.860087854015238573e-01
2.681888864300754904e-01
2.412232704649085457e-01
2.066813017559722687e-01
1.658196618960314783e-01
1.227116727411232122e-01
7.723010082461310988e-02
2.843587932981815961e-02
-1.777536370720996656e-02
-5.579398395442587005e-02
-8.390119081195629436e-02
-1.020152309755607140e-01
-1.111710678071489711e-01
-1.120378327035486954e-01
-1.050815591589089465e-01
-9.316312658681374925e-02
-8.022216480583878317e-02
-6.696241613711567675e-02
-5.197325083704132376e-02
-3.604425718202027007e-02
-2.348391092318346390e-02
-1.702150471924599590e-02
-1.556529564658393899e-02
-1.803833546453179407e-02
-2.387170231900793624e-02
-3.079995272026434666e-02
-3.490602498651503710e-02
-3.442964470496565066e-02
-3.216825855935859929e-02
-3.282704864961948771e-02
-3.811746136281098790e-02
-4.427212417044287113e-02
-4.632335672883140798e-02
-4.342546664476205909e-02
-3.663311707382053972e-02
-2.829625968396295294e-02
-2.228765379813053144e-02
-1.925743491293297610e-02
-1.700423415337112831e-02
-1.273597857039470913e-02
-2.103125143161006447e-03
1.773991076282123089e-02
4.860503987894113087e-02
8.808493082275563324e-02
1.256089205593831082e-01
1.541781935929684155e-01
1.735810114847231578e-01
1.844041565375350300e-01
1.876397874776374042e-01
1.862853132140565027e-01
1.838556974015144452e-01
1.819962529282463937e-01
1.811234671437355892e-01
1.786548199101844481e-01
1.687603931714701522e-01
1.496645737480099825e-01
1.224550641381748489e-01
8.504732828385005994e-02
3.849482133114918991e-02
-1.406996833850166634e-02
-7.477686570269694022e-02
-1.468934131221665274e-01
-2.292558794514768516e-01
-3.178767841058723342e-01
-4.079309768988744755e-01
-4.943360677625586175e-01
-5.708535216021474179e-01
-6.233321052215388125e-01
-6.301844331853863057e-01
-5.648626650387140735e-01
-4.224971509277173354e-01
-2.353336288119368125e-01
-3.075295154939825665e-02
1.856958513366240293e-01
3.793302480423884071e-01
4.842700378778919124e-01
4.911000720223784866e-01
4.442391784616281925e-01
3.850157536620977261e-01
3.528445889033139937e-01
3.419831552044348411e-01
2.934615354356897576e-01
1.843841351982897225e-01
3.604561614873231373e-02
-1.290662300477572189e-01
-2.899336913514579672e-01
-4.268137584964581399e-01
-5.197723158194639259e-01
-5.462867873486729753e-01
-4.873390717895971225e-01
-3.294175278428522757e-01
-8.938736901312521743e-02
