-2.936532563127343745e-02
-6.970756928200919078e-02
-1.073448670241463065e-01
-1.391628648678558122e-01
-1.667444975194881385e-01
-1.947395027765784492e-01
-2.245508061222055429e-01
-2.543640837036785785e-01
-2.790614669246830326e-01
-2.856437937339696975e-01
-2.590929115243995606e-01
-1.926363780470782827e-01
-9.871951431584317926e-02
1.537503066265016871e-03
1.076834088741189938e-01
2.144215474908155172e-01
2.937817953603145682e-01
3.343195474260098332e-01
3.429889377558010821e-01
3.255386889704733333e-01
2.865785250633410830e-01
2.326994276480805479e-01
1.705672019911745607e-01
1.047494906811845261e-01
3.976978790811500769e-02
-1.671288430107100917e-02
-5.575229918290901254e-02
-7.698254584209243689e-02
-8.662838461220020991e-02
-8.877845172090974291e-02
-8.691853952476592815e-02
-8.839783873752757315e-02
-9.996462185344331952e-02
-1.221724077722734225e-01
-1.511368688884126010e-01
-1.816382379771617761e-01
-2.111047389170339350e-01
-2.374964303838578983e-01
-2.555250092802674455e-01
-2.599877714772932391e-01
-2.454604628518308740e-01
-2.039163331280944569e-01
-1.265540730631310173e-01
-2.025407772402892589e-02
8.385784628912881788e-02
1.622035787055412792e-01
2.156064627978058479e-01
2.498606734817783448e-01
2.647957419365083442e-01
2.591347685165287795e-01
2.349104884401445326e-01
1.968167091071415797e-01
1.537642103080382738e-01
1.146401706743376686e-01
8.189289767884977422e-02
5.412908999658464643e-02
2.995284608768123899e-02
8.760508964041395508e-03
-1.184932389346005609e-02
-3.209381427694044109e-02
-4.775147687732488738e-02
-5.831868726881571374e-02
-6.644394598277751640e-02
-7.315912105077859717e-02
-7.755688822927360448e-02
-7.680954093208054723e-02
-6.825524880841410402e-02
-5.262313660404306648e-02
-3.237683997492257770e-02
-8.790906474356915967e-03
1.738338210423316654e-02
4.632052403608127172e-02
7.639592824180646558e-02
1.022048673019447101e-01
1.209337894194046081e-01
1.332664764004908298e-01
1.394281992059953068e-01
1.393571862222905133e-01
1.313501976611448629e-01
1.131120182502045879e-01
8.353709123681951620e-02
4.029330292501444311e-02
-1.842467482683565749e-02
-9.085449714194304693e-02
-1.750199597130499551e-01
-2.689319792167567669e-01
-3.664811598181493268e-01
-4.601709579358705948e-01
-5.419195122993841762e-01
-5.990087429311944378e-01
-6.155040584450383045e-01
-5.721024768939307892e-01
-4.527662429741986516e-01
-2.545291646235757210e-01
1.195742126730200625e-02
2.885515523571648977e-01
4.912084796246536378e-01
5.960337299931341981e-01
6.251166545251024553e-01
6.008142470387782819e-01
5.404699953657527978e-01
4.555325844772270538e-01
3.553455052819475268e-01
2.498118757952264291e-01
1.514710995027289397e-01
6.909763052073319978e-02
4.436142232518716644e-03
-4.251482145640251425e-02
-7.304207484202802914e-02
-9.042236639436058987e-02
-9.891545744401658569e-02
-1.029753420488008497e-01
-1.034637253902249698e-01
-9.886179512328320540e-02
-8.939287993696555523e-02
-7.616393371042190497e-02
-6.048762359219558155e-02
-4.537737331199760693e-02
-3.607525692215003688e-02
-3.442510594338449997e-02
-3.661242402623376274e-02
-3.804633876637245060e-02
-3.580472450109892929e-02
-3.128496724272901430e-02
-2.725779868249516430e-02
-2.455124109686462885e-02
-2.530616488678413128e-02
-3.145056765117593134e-02
-4.136291325421345005e-02
-4.918544593735599962e-02
-4.930447051969371469e-02
-3.935720636703160524e-02
-1.967841482440329734e-02
4.644113961246074986e-03
2.650980772641459496e-02
4.189662339264668689e-02
5.172021539507910826e-02
5.768203840184328579e-02
5.831466601861298726e-02
5.354685845345965450e-02
4.615206774497550984e-02
3.706846865402579211e-02
2.478334930785721507e-02
1.192067457628515244e-02
6.288243694261799743e-03
1.283830064180245013e-02
3.094265394791693644e-02
5.517737268136162221e-02
7.642805666488870775e-02
8.783569022993166497e-02
8.847659550291700481e-02
7.836663351291558999e-02
5.529773159379239994e-02
1.719341909374945757e-02
-3.600596991427693072e-02
-9.775097258352129226e-02
-1.553713606557738935e-01
-1.996039001035963822e-01
-2.261430471194735836e-01
-2.301188587150462816e-01
-2.197288015704787767e-01
-2.159294836302597664e-01
-2.200119841091970341e-01
-2.140108308758852662e-01
-1.798184979071788814e-01
-9.871414405097592160e-02
4.702021981804273276e-02
2.236741624935782713e-01
3.438522894204085190e-01
3.675409748690285361e-01
3.169379473305754535e-01
2.190991918294659668e-01
9.626502267662417900e-02
-2.624113591768949261e-02
-1.251256310656895521e-01
-1.851866624956088059e-01
-1.958326965630013961e-01
-1.477896375972788112e-01
-4.188578007271205605e-02
7.976422661461626817e-02
1.572904016577399422e-01
1.778364284605699619e-01
1.604362311501220106e-01
1.216425264514612442e-01
7.657996580651973972e-02
3.761363846814130829e-02
6.367280542348771263e-03
-2.381242335714846628e-02
-5.137137069331932510e-02
-6.727384810476071120e-02
-6.100152171710913895e-02
-3.613141963722607541e-02
-1.589121815532407167e-02
-8.356458354157002971e-03
-9.305599379452675346e-03
-2.417837740443273820e-02
-5.262536479325412991e-02
-8.520874249723398020e-02
-1.119861280083712524e-01
-1.232348215276451442e-01
-1.114936946620148778e-01
-7.129740132940387554e-02
3.357129460595971449e-04
8.593534215204409743e-02
1.506300320989477082e-01
1.813737930940949317e-01
1.842380171764277652e-01
1.634872471413097161e-01
1.252725333476867875e-01
7.639287003563560718e-02
2.590674422277558855e-02
-1.637431061299591054e-02
-4.687789494016195158e-02
-6.594181672451183973e-02
-7.469102515096799622e-02
-7.393653924536949806e-02
-6.509366850500200585e-02
-5.220259300180005863e-02
-3.815412899584686574e-02
-2.356302430488899091e-02
-9.216753196493406020e-03
6.798687474082645843e-03
2.761185570370163975e-02
5.227542132609717951e-02
7.671950569495343542e-02
9.583665738542893053e-02
1.046352494473135608e-01
1.024889429735979379e-01
9.210083883201362898e-02
7.423579635023473677e-02
4.938842924007476320e-02
1.895800694158210342e-02
-1.504610583555670081e-02
-5.229948562735623613e-02
-9.438163305214841703e-02
-1.379974817049102742e-01
-1.782272866438114334e-01
-2.120011751033087366e-01
-2.371410807923004516e-01
-2.518022546198122602e-01
-2.504412648634056215e-01
-2.279928862849488480e-01
-1.846546885032772367e-01
-1.248167460999035500e-01
-5.086619068602923205e-02
4.143364851705511748e-02
1.417159011628824627e-01
2.208317726469389841e-01
2.652491724912879878e-01
2.791792471054268532e-01
2.673215383487782537e-01
2.361382637098369264e-01
1.921316628443281715e-01
1.376256123345283022e-01
7.273514566094825551e-02
3.084802065322004086e-03
-5.943101509069740468e-02
-1.034650777423898882e-01
-1.202180922019223386e-01
-1.085059102273525089e-01
-8.102512262365350881e-02
-5.398371054627151833e-02
-3.166834280518494166e-02
-1.334738004794909505e-02
-4.147977094351683325e-04
8.042577739329925812e-03
1.391149305399077239e-02
1.884039811886100563e-02
2.342875802989322770e-02
2.629171302427955187e-02
2.748963615270307373e-02
2.895727462086982937e-02
3.075670577846719572e-02
3.139708601816728478e-02
2.931566132138488726e-02
2.512456548493791075e-02
2.046055250328710287e-02
1.333465747027804543e-02
2.095537436791632992e-03
-1.303222579090048891e-02
-3.340397882516836503e-02
-5.956860286529859494e-02
-8.747370082123691326e-02
-1.110337490382920927e-01
-1.251894794743889650e-01
-1.224404810293310830e-01
-9.505996785929639314e-02
-4.793704149266828085e-02
8.307845421624306115e-04
3.937856870517085495e-02
6.540839516578179913e-02
7.825357501821184059e-02
8.090848654055848854e-02
7.702120891460068064e-02
6.829040096330776799e-02
5.612393314498408808e-02
4.144620496827522427e-02
2.592408577368864042e-02
1.392148120837156770e-02
8.176296004798787667e-03
5.485488873862834694e-03
1.892631114228338681e-03
-3.883994793163078607e-03
-1.195313849686618218e-02
-2.162271866968748513e-02
-3.205848716837372825e-02
-4.275038176091992825e-02
-5.269141940991428630e-02
-5.898176380237457606e-02
-5.704674113345077624e-02
-4.329667894591059107e-02
-2.234773227719951197e-02
-4.920174953026865139e-03
4.612814542559770352e-03
7.847978334030602035e-03
8.049543330372860295e-03
8.575884014769476205e-03
1.072459408616579374e-02
1.474355916411132505e-02
2.071812953870095370e-02
2.792821056810335101e-02
3.487992698942803116e-02
3.938194488744589661e-02
4.032783547894542436e-02
3.976639800512599826e-02
3.866244973141976654e-02
3.431599685356317292e-02
2.449330955575250782e-02
1.015098478365182404e-02
-5.822109567036575471e-03
-1.947306718394966815e-02
-2.767417300437045174e-02
-2.980780302290877981e-02
-2.576850708981479748e-02
-1.538742047445344069e-02
-5.638334750920244443e-04
1.432569481033681147e-02
2.527008999163458253e-02
3.095101261548963145e-02
3.150645385844601243e-02
2.701235209408987814e-02
1.861447211371404509e-02
9.510973284924425022e-03
3.571378101612489309e-03
1.631779593556723605e-03
-1.966012333760955993e-05
-5.262291977855515848e-03
-1.420188523080991722e-02
-2.521956313638328007e-02
-3.812106570035764253e-02
-5.140842860158191530e-02
-6.145829746774762042e-02
-6.587929257793148641e-02
-6.418086242951241693e-02
-5.727133516421515497e-02
-4.509940157529551685e-02
-2.854496850620060269e-02
-1.235022384769011994e-02
2.037897203334947289e-03
1.995184194598380659e-02
4.047436132996898306e-02
5.402006425950690860e-02
5.734683568746799798e-02
5.322358023788777842e-02
4.390287711833604223e-02
3.133034871919435776e-02
1.747995137823545389e-02
5.109447651469830806e-03
-5.126255305760581485e-03
-1.515049685579452146e-02
-2.586663354134158266e-02
-3.485446243543086770e-02
-3.793296481160265271e-02
-3.482141715306420054e-02
-2.785178924144262116e-02
-1.686162826577461415e-02
-1.761992809892179782e-03
1.445458168213415578e-02
2.866077324141981519e-02
3.970343116845565651e-02
4.748298557582918827e-02
5.155154945216679913e-02
5.114946029440203129e-02
4.616922980635417006e-02
3.659693373957587786e-02
2.299846550798185368e-02
8.262771644040052543e-03
-3.888792347999039164e-03
-1.263458758706953455e-02
-1.983559895576153878e-02
-2.620460715907144827e-02
-3.072006274273646198e-02
-3.291469309887579131e-02
-3.303250136655737357e-02
-3.183940102041475650e-02
-2.963992991607547825e-02
-2.651471290518669227e-02
-2.291885436999846828e-02
-1.831061617447351034e-02
-1.226034208686299296e-02
-5.365969658268416285e-03
1.666538120933808501e-03
8.868659902302735223e-03
1.619330648632779854e-02
2.222387611973719590e-02
2.570054143654659784e-02
2.643672611680387627e-02
2.480293186401686528e-02
2.101462267137136838e-02
1.508065999591262987e-02
8.316802276427323615e-03
2.266228354446203630e-03
-3.283257438818939448e-03
-9.294695728521309638e-03
-1.617073745633627185e-02
-2.368425713776279792e-02
-3.122639257644497374e-02
-3.676174447453112171e-02
-3.878314535220083598e-02
-3.746433410383648993e-02
-3.281910365075629832e-02
-2.594041201801579669e-02
-1.745943001693767149e-02
-6.929202126890028623e-03
5.203036784289561539e-03
1.787034832481020769e-02
2.994032486957134281e-02
4.032872227941712573e-02
4.771923853060305865e-02
5.001122522428818468e-02
4.450728544628135275e-02
3.304517815273201597e-02
2.262092273654214142e-02
1.667480620249988874e-02
1.422465399043489759e-02
1.508720143332400315e-02
1.919931748159995830e-02
2.491951516670792843e-02
3.024083616195307606e-02
3.323856389247539789e-02
3.226544463052938294e-02
2.567610780443794691e-02
1.031350207857540009e-02
-1.160711921629562805e-02
-3.073790118825552725e-02
-4.294933398015041148e-02
-5.050653276854783630e-02
-5.448594120416144077e-02
-5.410172097690764403e-02
-4.928816556374213120e-02
-4.053431004094456419e-02
-2.861375543433582885e-02
-1.647694455889179080e-02
-7.850770005590019737e-03
-5.153844379159134084e-03
-7.341014726837685397e-03
-1.057748554925552753e-02
-1.392616683993150306e-02
-1.795571582588021894e-02
-2.130075026826062923e-02
-2.312989433360597424e-02
-2.379654833510101014e-02
-2.286782060054408372e-02
-1.916366836569264112e-02
-1.226122555780916404e-02
-2.754408726025560708e-03
8.861185389944677832e-03
2.241108823075449452e-02
3.626572467785375148e-02
4.892649864328739440e-02
6.004117495680934280e-02
6.709602779731999034e-02
6.683713536842678105e-02
5.874452232375761834e-02
4.303992358542059471e-02
2.106318927822789164e-02
-2.962909925752402803e-03
-2.536106508027847692e-02
-4.392249621429260981e-02
-5.538222892402732550e-02
-5.708761860363146395e-02
-4.979260250915906738e-02
-3.552569244433787660e-02
-1.747144902367945424e-02
2.238592278102236738e-05
1.378340415200257629e-02
2.251070191247502711e-02
2.725679904138830767e-02
2.911903840797370677e-02
2.707845292236862531e-02
1.981837902756147449e-02
1.137843367267789806e-02
8.871950610111943580e-03
1.339797110100753377e-02
2.320820135901316070e-02
3.671546306030355755e-02
5.005918807410342231e-02
5.908456302292574430e-02
5.985077566230558727e-02
5.090431708453616033e-02
3.497199819785265507e-02
1.373930878741857348e-02
-1.419871855435566113e-02
-4.367700660821030589e-02
-6.179714214040324394e-02
-6.333550074594040957e-02
-5.197457325111064230e-02
-3.254439804909691619e-02
-1.004033046188266415e-02
1.142276691970206537e-02
2.902142623084082856e-02
4.044171761819496946e-02
4.424598783499132659e-02
4.025095914101804728e-02
2.818224125700148630e-02
9.750159176917710946e-03
-1.216840664472834677e-02
-3.765330522165066113e-02
-6.648867970477469191e-02
-9.620150714933647929e-02
-1.239868586788443749e-01
-1.471346423448725571e-01
-1.639278853632860355e-01
-1.721325414919059327e-01
-1.657023086120533173e-01
-1.351676761577687846e-01
-6.972513152010140214e-02
1.720826715253766931e-02
8.647821935467274457e-02
1.219744055007830064e-01
1.314698570090163110e-01
1.228873160542690995e-01
1.038196171480538221e-01
7.975553224152112652e-02
5.484951342024634025e-02
3.245205157102032389e-02
1.554856945956532149e-02
7.974169898290004582e-03
1.550344270237362723e-02
3.502845784048783800e-02
5.011940953771164275e-02
5.181192767276775191e-02
4.302503080827682624e-02
2.861094005774367927e-02
1.281065617575238499e-02
-1.552026067821146021e-03
-1.231570053118003633e-02
-1.798096644562522176e-02
-1.782596476535180247e-02
-1.235102927476538007e-02
-1.979010137082950690e-03
1.314476662671565897e-02
2.973316839203401021e-02
4.334588471113150904e-02
5.230220499570811810e-02
5.556373390571818505e-02
5.181072755205631819e-02
4.112412149013109502e-02
2.389084515186234992e-02
7.486462900247198987e-04
-2.358942396560799459e-02
-4.323637364615703915e-02
-5.846822598269699189e-02
-6.860123113309106457e-02
-6.872683348359920341e-02
-5.981827573303180601e-02
-4.620670995801864911e-02
-3.036065635290848691e-02
-1.437437074915027396e-02
-8.545399323205511363e-04
5.964015042163131088e-03
4.406632955889173107e-03
-3.299690638079060163e-03
-1.538727699577132485e-02
-3.070300953586747525e-02
-4.634649370262183127e-02
-5.672555205976192311e-02
-5.799431267782260979e-02
-5.009789719815292697e-02
-3.457335252967577710e-02
-1.357177343173489835e-02
1.076558612733699745e-02
3.480096852425042936e-02
5.544795292458509078e-02
7.205027662880593431e-02
8.381460941354426653e-02
8.967782839553567475e-02
9.301105429930303647e-02
9.780476772748424030e-02
1.014910128067321449e-01
1.019513151607337603e-01
9.868277404278133491e-02
8.843432862577055298e-02
6.852741313264004708e-02
3.992817696244796433e-02
7.921655022645936878e-03
-2.100177166968668352e-02
-4.194315710176298173e-02
-5.301548530171219797e-02
-5.462908956093613655e-02
-5.109649581035119459e-02
-5.012868531419981122e-02
-5.661024482902973776e-02
-7.359482708717336730e-02
-1.007214999250934384e-01
-1.343863292686052480e-01
-1.752464304065474987e-01
-2.240780368702260383e-01
-2.731373014166277313e-01
-3.103314057020475913e-01
-3.253693449515740466e-01
-3.022059610367538451e-01
-2.170646243488956184e-01
-4.970418294175930896e-02
1.619694968014746550e-01
3.273960116180351099e-01
4.125803576320220545e-01
4.359650418758429513e-01
4.125881178174710118e-01
3.568615041671855392e-01
2.815114745059970058e-01
1.985992114159909339e-01
1.190787027536840542e-01
4.825140667077809642e-02
-1.140154490045047070e-02
-5.431227707860924320e-02
-8.573711807209752345e-02
-1.247157758472518391e-01
-1.785267304627521645e-01
-2.387979852931566838e-01
-2.908729833652767827e-01
-3.195030857399023816e-01
-3.129491659413409788e-01
-2.588250386430364092e-01
-1.452115227894876792e-01
3.917797317152579145e-03
1.312913836955571512e-01
2.124367985813473414e-01
2.556326844889601491e-01
2.698912376284469117e-01
2.625373548102505339e-01
2.384621917236838251e-01
2.027698502000450376e-01
1.610382093521090796e-01
1.150275080357501534e-01
6.367583890181194306e-02
6.574492799154027164e-03
-5.143059804096083987e-02
-9.992978305899227753e-02
-1.344637969428145174e-01
-1.571104977872513908e-01
-1.700629487192938660e-01
-1.740996495432943214e-01
-1.691215961755891950e-01
-1.548936699925831662e-01
-1.307952605766686816e-01
-9.853352835659384690e-02
-6.127329230874643123e-02
-1.903070619723077825e-02
2.298091269201037179e-02
5.255652646750309798e-02
6.759897802456120430e-02
7.448532214237746363e-02
7.676884879340657719e-02
7.522179805099224459e-02
6.981994045587325282e-02
6.226694610593279389e-02
5.562521897758682110e-02
5.114459583481545391e-02
4.767183567493582519e-02
4.468249907975087309e-02
4.434880901313931895e-02
4.754294458560938408e-02
5.220607302625061841e-02
5.833312333200980221e-02
6.753381381591402888e-02
7.923800305632269780e-02
9.073452367595731538e-02
9.988951247137278777e-02
1.059044110913654330e-01
1.060788473458967457e-01
9.655396005538993687e-02
7.490858166612088254e-02
4.059277856146493307e-02
-5.458997937939569917e-03
-6.144207598801819381e-02
-1.251419658651231059e-01
-1.943205606709335898e-01
-2.630477588232650876e-01
-3.181163533016038159e-01
-3.466247757332268087e-01
-3.415104146192140533e-01
-2.935990113825714398e-01
-1.880276145000485399e-01
-1.690857330317158125e-02
1.719281473148418227e-01
2.927751467572068389e-01
3.181914380810568765e-01
2.708437147765150321e-01
1.731443041133492455e-01
4.973552396983224599e-02
-6.940938925998427211e-02
-1.562187844030701878e-01
-1.948093957166868173e-01
-1.926103277749030285e-01
-1.677172783256954403e-01
-1.174977471450543154e-01
-4.355950993427175344e-02
1.471154848137278155e-02
2.267039914812695595e-02
-1.590425368636896875e-02
-7.912224933899961177e-02
-1.409752936765967524e-01
-1.766980943331823983e-01
-1.696907686607129762e-01
-1.026403432088125178e-01
1.100886454702617451e-02
1.213096665031915405e-01
2.170707837544534058e-01
3.010352100027270938e-01
3.503141100948626296e-01
3.641608818392187974e-01
3.517569754330416298e-01
3.088363152487998975e-01
2.385402564321254526e-01
1.500622401859400545e-01
5.247662578730601796e-02
-4.003525584487896416e-02
-1.127524056550686105e-01
-1.566246097151053340e-01
-1.689832670175990537e-01
-1.534383965375145098e-01
-1.207018533392048010e-01
-8.268640752354775025e-02
-4.804680396992863645e-02
-2.329569801561852394e-02
-1.044075227246781847e-02
-7.467484125396456167e-03
-9.355711102830573112e-03
-1.133286086324494790e-02
-1.171198825413658634e-02
-8.849443976457396083e-03
-1.614655177860399582e-03
8.082688437629596823e-03
1.646002453428209444e-02
2.290140690622179814e-02
2.896380589679278805e-02
3.243236128502963167e-02
2.911385321230894330e-02
1.955987173411366520e-02
7.662396584606379069e-03
-6.824302522655425855e-03
-2.540769953306317233e-02
-4.341733369090004790e-02
-5.628662642925436749e-02
-6.390341998853836525e-02
-6.468902711503048131e-02
-5.839212123426815171e-02
-4.580622499614510346e-02
-2.714308531386669388e-02
-5.305645037650769981e-03
1.599217480628261842e-02
3.355170391916938860e-02
4.516358881798562819e-02
5.101716875074373964e-02
5.251233565883151738e-02
4.833686047369330913e-02
3.526699428595025249e-02
1.436700068613342048e-02
-1.042940811140818068e-02
-3.919806305073844643e-02
-7.079678304856105997e-02
-9.922841932504757045e-02
-1.223397356716934697e-01
-1.413379173165097147e-01
-1.526619165923613075e-01
-1.481142739708992406e-01
-1.167701440575553695e-01
-4.857422780022302433e-02
4.152817432184044422e-02
1.177646434086554589e-01
1.645574433616232013e-01
1.860629963500428086e-01
1.874891679990673965e-01
1.731821763795143854e-01
1.478439356495984958e-01
1.178582780505582212e-01
8.808282947802750784e-02
5.990354823667740775e-02
3.272631910543230549e-02
5.469288839157708700e-03
-1.923107556750922043e-02
-3.961256927703916964e-02
-5.887535132122224957e-02
-7.861636584729063404e-02
-1.001686170345707366e-01
-1.236507666633569202e-01
-1.462090508762528274e-01
-1.645332025490768568e-01
-1.738015938965818685e-01
-1.688400170970288938e-01
-1.451622988354046018e-01
-9.780832855202946374e-02
-3.281159029962779639e-02
2.925973867741884019e-02
7.591848758001959463e-02
1.072558582667443861e-01
1.248883527936940074e-01
1.329211840242593146e-01
1.360861637443660788e-01
1.355031069985052627e-01
1.300036547212098659e-01
1.186910989726836091e-01
1.017420583631375441e-01
7.935196402071130473e-02
5.267796100785896579e-02
2.405451183988873906e-02
-7.144157930876672558e-03
-3.956421887166451656e-02
-6.671701480958426578e-02
-8.571514298520933883e-02
-9.647874691413982351e-02
-9.829716293745878464e-02
-9.028977682968970797e-02
-7.272602006202316671e-02
-4.908497167121742000e-02
-2.350005461737439752e-02
4.889320220156091225e-03
3.703106182280380132e-02
6.582425006274353341e-02
8.473448626656977789e-02
9.180104895896898376e-02
8.717929598477200392e-02
7.277289615495567687e-02
4.950465823555781630e-02
1.653984985212455378e-02
-2.562310295610993258e-02
-7.029093759984267331e-02
-1.094125833736709769e-01
-1.370429395197139688e-01
-1.471402628005221425e-01
-1.374065793226676990e-01
-1.088596714038140012e-01
-6.298376854734276387e-02
-9.092261335411511852e-03
3.776327310276433175e-02
7.256461141796727299e-02
9.783344359070020313e-02
1.144186804115690792e-01
1.218640563566083107e-01
1.179862932291208116e-01
1.009003151069426951e-01
7.311453912842932890e-02
4.015119303484113861e-02
6.529960468296206952e-03
-2.383626209743531718e-02
-4.947721121422466589e-02
-7.124530583505826742e-02
-8.758783083037363637e-02
-9.666848584359478969e-02
-9.728059364807259413e-02
-8.657670030005187867e-02
-6.265685995740440106e-02
-2.887294800975458153e-02
5.901586584912850257e-03
3.351041909969087323e-02
5.201206823949780511e-02
6.337224030061940072e-02
6.860792833584176964e-02
6.696462501236302711e-02
5.849181523028628565e-02
4.553567355796446503e-02
2.984401487346137472e-02
1.150266430162445383e-02
-9.278822217218750737e-03
-2.870450118974200715e-02
-3.940932278827094515e-02
-3.838732905019570651e-02
-2.810346353469089092e-02
-1.259962795910901656e-02
3.817733596631417252e-03
1.863672321189703898e-02
3.095034114577693146e-02
3.937480005805477773e-02
4.183539455975306826e-02
3.597885648634337880e-02
2.032857290434694070e-02
-1.678925046080856961e-03
-2.248542225977589321e-02
-3.738605635815179379e-02
-4.388075813048783469e-02
-3.674552460571409856e-02
-1.821900493861396825e-02
-1.463832051132232109e-04
1.230481362479645888e-02
2.112681572585105999e-02
2.897608990561144349e-02
3.786817475750452189e-02
4.655211981973705893e-02
5.053376699092700791e-02
4.620751160486093190e-02
3.483227790676379776e-02
2.128763765018091420e-02
1.029208245155343454e-02
-1.657294645986646248e-03
-2.580393224126027729e-02
-6.609594180247545248e-02
-1.157985492879063244e-01
-1.681474481408355148e-01
-2.158708699548084475e-01
-2.438091295966371141e-01
-2.324366767113913712e-01
-1.720917570241708994e-01
-7.248756834812621064e-02
3.569691875455906216e-02
1.164115883418061076e-01
1.570816835691561386e-01
1.640942274608839790e-01
1.467204339472960584e-01
1.164405163537890753e-01
8.296203258342883802e-02
5.070335588375417257e-02
2.247837878708576834e-02
2.865630059842211134e-03
-4.622390831371800922e-03
-2.569394483025858912e-04
1.287869321217171778e-02
3.005592949602794994e-02
4.772001930853594920e-02
6.481541735167641038e-02
7.947335055817075777e-02
8.938894922314875868e-02
9.340877073781525541e-02
8.958688296645003768e-02
7.353302830209150487e-02
4.599486311388632787e-02
1.519751682286812726e-02
-1.449534938378100463e-02
-4.225939366081861437e-02
-6.430490360105103886e-02
-7.643590480306025614e-02
-7.719451528748591529e-02
-6.921259765944458298e-02
-5.708208563434268024e-02
-4.252220622919086757e-02
-2.679910954601762846e-02
-1.570069199948685712e-02
-1.210751818441052619e-02
-1.106498844758289565e-02
-9.260568310127800448e-03
-8.315513885163097405e-03
-1.132827899685805509e-02
-1.962013093072237715e-02
-2.927851580135493528e-02
-3.572041880540643283e-02
-3.896399426057210735e-02
-4.076781678601026915e-02
-4.293607814671017431e-02
-4.711302765452969610e-02
-4.959706838296552844e-02
-4.389395283021341188e-02
-2.997565309340173220e-02
-1.179483806556865834e-02
7.840262801390213490e-03
2.710721034239782501e-02
4.430097301324775749e-02
5.694436336965792711e-02
6.355331934491120771e-02
6.413066638527811780e-02
5.784341284393197669e-02
4.289329489077445962e-02
2.271779243125984782e-02
5.961281574919036555e-03
-4.176887055171470478e-03
-8.716267579995171447e-03
-7.482126345724591718e-03
-1.713574895824208910e-03
5.968038351799742278e-03
1.175461905784683583e-02
1.384853754964058235e-02
1.636693452103122823e-02
2.535228651911746595e-02
4.079155510440140436e-02
5.651357586823613222e-02
6.832592328885091215e-02
7.540661215611955959e-02
7.989725653425497343e-02
8.698076483117170299e-02
9.689200184437639363e-02
1.013213191553686970e-01
9.301464099644046746e-02
7.311762090906101519e-02
4.540542002852094444e-02
1.027548514679201865e-02
-3.081771754691728024e-02
-7.398178543214650738e-02
-1.185724007032750160e-01
-1.666058290202986347e-01
-2.182289684103322913e-01
-2.706238282830605302e-01
-3.177458213878541216e-01
-3.522200050254571391e-01
-3.674115108812580077e-01
-3.569036935696567325e-01
-3.127326937172246746e-01
-2.237991742391196859e-01
-7.775533913546396614e-02
9.744210700318359231e-02
2.356741667224264147e-01
3.131625063080554217e-01
3.451672753239436453e-01
3.443175326324794394e-01
3.216522645485288545e-01
2.866215433860960227e-01
2.456730175396625027e-01
2.024814012334158198e-01
1.595394186093098132e-01
1.189451733054118360e-01
8.201318935469510685e-02
5.041909653539072139e-02
2.694961944460787587e-02
1.293079286785200205e-02
7.850740502216440458e-03
1.005429099443362617e-02
1.590666964169361666e-02
2.146201869913524907e-02
2.481421439553153224e-02
2.509603518378701950e-02
2.151213798661181370e-02
1.297228710978285543e-02
-3.302050453436049943e-03
-2.953019955768190416e-02
-6.698660300372710763e-02
-1.153233765942909828e-01
-1.696840965526960343e-01
-2.251928237364920760e-01
-2.786479317822632695e-01
-3.257105120543708487e-01
-3.606154373741166097e-01
-3.757784219350270849e-01
-3.597124191743525379e-01
-2.947809155051686059e-01
-1.887909014138304531e-01
-7.938244282674976338e-02
2.150332484066597508e-02
1.275644899758897610e-01
2.257690032228036880e-01
2.808782942100731539e-01
2.894514038719084859e-01
2.698396448554233329e-01
2.304858417321713482e-01
1.805732380916532653e-01
1.378499266333678142e-01
1.222814669900816886e-01
1.474478235295454687e-01
2.001333713179080098e-01
2.431592896056573305e-01
2.585530939276887707e-01
2.487696502209056082e-01
2.151719417213138197e-01
1.581204089322601203e-01
8.147853886237628462e-02
-6.570904933114841279e-03
-9.416908028537930575e-02
-1.673156196163765874e-01
-2.156320142694958530e-01
-2.351056627048550285e-01
-2.332506108913138809e-01
-2.244984689819790880e-01
-2.154724940296363078e-01
-2.060545797045796323e-01
-1.980906357522916050e-01
-1.959445481785800081e-01
-2.014868541851426720e-01
-2.101143363004618625e-01
-2.126445603280974206e-01
-1.985463243017671908e-01
-1.570467565630341289e-01
-7.576614775468397400e-02
4.520763329626548144e-02
1.683629315024815221e-01
2.483432387689931686e-01
2.786111265619866662e-01
2.748038221706664008e-01
2.510251656729974856e-01
2.194535162941762818e-01
1.854374537582976212e-01
1.493401836066343413e-01
1.132328409240070805e-01
7.897007754264469270e-02
4.504117884065175770e-02
1.299742230878295560e-02
-1.061545874634794821e-02
-2.363585731922972916e-02
-2.837651232043975069e-02
-2.784690821662857974e-02
-2.504834756309623836e-02
-2.265289499677829513e-02
-2.466965129988969024e-02
-3.387954143729170892e-02
-4.821277635385844834e-02
-6.100846367309789575e-02
-6.835995880005585335e-02
-7.097732847616715357e-02
-6.753331413176381914e-02
-5.793261668360032146e-02
-4.525037495586100439e-02
-3.108048239785624056e-02
-1.781928803519858620e-02
-8.659276882679142057e-03
-2.898318697872564846e-03
1.258067290165071524e-03
4.348745990306900934e-03
6.406163024818842602e-03
5.689171173738606646e-03
2.685362189064378902e-03
7.268072762055392301e-04
1.214824235648364302e-04
-1.726460287974028278e-03
-6.025032718915209091e-03
-1.088338127376495788e-02
-1.391330676400878361e-02
-1.461685914499924119e-02
-1.390503487818201510e-02
-1.212734782487140395e-02
-9.798514797654240757e-03
-9.542961675515059666e-03
-1.171983465240980862e-02
-1.280258657727684560e-02
-1.070407459996974495e-02
-6.102133931033176806e-03
1.039351244386672781e-03
1.151674883786131184e-02
2.312978916111297495e-02
3.179157831161451286e-02
3.538881376430229320e-02
3.406935822821755694e-02
2.878248792732397698e-02
1.958495155541171984e-02
9.328313463746955303e-03
3.740918991796243851e-03
3.890037869837382947e-03
7.537313077115495759e-03
1.397261901339737211e-02
2.344244345223367443e-02
3.544984215396608518e-02
4.889663813521327729e-02
6.254964247152043633e-02
7.490469705027981429e-02
8.455981625530992196e-02
9.052305686202637147e-02
9.499531493039208019e-02
1.022724922476366122e-01
1.126557837627170516e-01
1.232658786026859521e-01
1.310572723342821877e-01
1.328724426764675559e-01
1.252608792525642389e-01
1.033335206310940779e-01
6.173189044561577798e-02
-2.883138973064670874e-03
-8.953538850281922423e-02
-1.938770889395699526e-01
-3.077511018179222013e-01
-4.180089017417769615e-01
-5.131092253848895668e-01
-5.861846449664490644e-01
-6.299482856927302032e-01
-6.310338356992840625e-01
-5.692109422835232024e-01
-4.212778782973979896e-01
-2.032221349158327695e-01
1.607740730013620944e-02
1.980979036962258744e-01
3.611505173411738157e-01
5.012095018780494682e-01
5.797218903506975440e-01
5.885008433520422244e-01
5.487752051506699091e-01
4.803698751687074386e-01
3.973379055879830979e-01
3.099215814370387401e-01
2.268344007134552309e-01
1.506284752494975454e-01
8.212533134066320184e-02
2.587486768538588972e-02
-1.532370640289002633e-02
-4.610494973770488947e-02
-7.354493712521702198e-02
-1.001204317219563100e-01
-1.253091341308822104e-01
-1.481829783466687145e-01
-1.683177822138187951e-01
-1.850383918992286603e-01
-1.976181874931554894e-01
-2.058387441040734622e-01
-2.067370046812488371e-01
-1.931112247930323877e-01
-1.557661898282961532e-01
-8.739058439027214131e-02
-2.175616581578927386e-03
6.770262531926825311e-02
1.103827000423280857e-01
1.324245552873271337e-01
1.402489543618262724e-01
1.400581044789979135e-01
1.350652102343424255e-01
1.241980529591586724e-01
1.057551157463361841e-01
8.022055381912623906e-02
5.007929152972018239e-02
1.931536780035694734e-02
-9.068792176264594065e-03
-3.502801663380123581e-02
-5.782057920058850803e-02
-7.284387284172072485e-02
-7.699956030460577971e-02
-7.255875426796828953e-02
-6.312131104486437549e-02
-5.072785421410113543e-02
-3.712732079153285847e-02
-2.471117689059959543e-02
-1.551825319800466396e-02
-1.260337784029836282e-02
-1.977624043881945695e-02
-3.767153678291224050e-02
-6.304185146987464905e-02
-9.057584258034984126e-02
-1.144019705258975950e-01
-1.292637149690574472e-01
-1.322742874798405466e-01
-1.200160704162093750e-01
-8.637012935528762259e-02
-2.354643183940956230e-02
5.426223579967023175e-02
1.122160809733506459e-01
1.415005709930873823e-01
1.523870227575618297e-01
1.507973809050148217e-01
1.412195733158183031e-01
1.257624931560204495e-01
1.056683836986088421e-01
8.264585441311067537e-02
5.799946747787181056e-02
3.241840870089425508e-02
7.779004053022696430e-03
-1.370528297850337994e-02
-3.083252432285808753e-02
-4.495459328594679504e-02
-5.608118836252692224e-02
-5.930207411547228080e-02
-5.099497225510014192e-02
-2.961200758272450329e-02
3.307894036948252209e-03
3.719847807642910620e-02
6.071217381470521424e-02
7.314351714532038584e-02
7.746009145885517089e-02
7.364614940903613238e-02
6.355012928248202075e-02
5.224119519586620936e-02
4.443597579615791993e-02
4.088512888571792930e-02
3.765460402947320290e-02
3.079608058003038829e-02
1.907745577845659096e-02
1.941349532124750712e-03
-2.078408125002818158e-02
-4.888868631796852715e-02
-8.341445797467365864e-02
-1.252103324246066907e-01
-1.713595190447294303e-01
-2.175458076310060052e-01
-2.600306324142566683e-01
-2.907090972983625288e-01
-2.978517675961749878e-01
-2.691709419355908794e-01
-1.922435676679427330e-01
-8.749151189670534290e-02
-7.664905229021946875e-03
2.727853073974288028e-02
3.378208370894310308e-02
3.199791376040959923e-02
4.333714701164198546e-02
8.581385006218246458e-02
1.566875150996085708e-01
2.380530841558025634e-01
3.085263740396407828e-01
3.433751147821038630e-01
3.358783094821974347e-01
2.961797727389745560e-01
2.356279507874361745e-01
1.649713303782535667e-01
9.321732189519842116e-02
2.774642926128522910e-02
-2.861481428172158240e-02
-7.398667252542887041e-02
-1.039449395309874763e-01
-1.178773956828128300e-01
-1.204110447099786263e-01
-1.163606584161722690e-01
-1.089645558591692542e-01
-9.887654400519450826e-02
-8.468994849542760273e-02
-6.432945928357787502e-02
-3.652874180218414202e-02
-5.261598264229640914e-03
2.253185395044629558e-02
4.440173050452254216e-02
6.074874546049020135e-02
7.209412925766910119e-02
7.799009786611967032e-02
7.483231335288298425e-02
5.831258717228929300e-02
2.732837196998847556e-02
-1.684044224056265374e-02
-7.247253365299848038e-02
-1.327977254457790579e-01
-1.880861959323167354e-01
-2.338702762940862712e-01
-2.647466936962096784e-01
-2.693309068494975089e-01
-2.408262624813942709e-01
-1.793202045448201443e-01
-9.358756465095302568e-02
-1.850761238436619653e-03
8.236010652726478976e-02
1.532415832531242028e-01
2.051529396887218915e-01
2.299231746024723300e-01
2.248283998928401195e-01
2.002314823425455359e-01
1.706638479446691559e-01
1.424650652004696150e-01
1.154422169503682427e-01
8.820695555019769651e-02
6.008038413818227175e-02
3.259623324750330481e-02
7.893199336725817417e-03
-1.245983242370572903e-02
-2.846642047822743604e-02
-4.144640150334524820e-02
-5.109778524654104426e-02
-5.597720521455175346e-02
-5.542372229426073549e-02
-4.930852049475351745e-02
-4.056428919835594615e-02
-3.441494751056556334e-02
-3.203821571603141655e-02
-3.035263939561379243e-02
-2.732657790984120011e-02
-2.371255635176872795e-02
-2.096540500777666072e-02
-2.012656447149748645e-02
-2.157690695458536895e-02
-2.336174722247637281e-02
-2.274189231977693723e-02
-1.959066493918460924e-02
-1.571602139683058591e-02
-1.264672628868464786e-02
-1.114017987901315399e-02
-1.220880303845885487e-02
-1.573483087640242112e-02
-1.848210078046342783e-02
-1.671070821434966075e-02
-8.700321879398488500e-03
6.454969623619372793e-03
2.593884327530158670e-02
4.254512459652748380e-02
5.235071613667273416e-02
5.523019887209523748e-02
5.095463826454810219e-02
4.046076906190695238e-02
2.529056152323148204e-02
5.766448608655758146e-03
-1.716135064120298190e-02
-3.968164965304501329e-02
-5.589955937967305832e-02
-6.166603872967033745e-02
-5.698417261901736475e-02
-4.384454521993559617e-02
-2.369461620269698587e-02
7.388822826520828960e-04
2.500855972257494050e-02
4.538711510836297008e-02
6.016557862737113849e-02
7.024895086556018353e-02
7.685910735759202139e-02
7.925871059695832610e-02
7.587593969015136997e-02
6.679348020594402802e-02
5.335525358673186280e-02
3.619011145083896042e-02
1.637201980190167855e-02
-6.094519042501401335e-03
-3.224965169246498536e-02
-5.976852465961432492e-02
-8.307550851736868192e-02
-9.696891074832722501e-02
-1.004014884913378147e-01
-9.500203001384766033e-02
-8.304647156786723605e-02
-6.724313142638232987e-02
-4.805561694888849100e-02
-2.518889982780081471e-02
2.500282210596868442e-04
2.518848555384359603e-02
4.515176785602041665e-02
5.830493550354227950e-02
6.575944453994522765e-02
6.808067678419194024e-02
6.361259369892996451e-02
5.314620329061188475e-02
3.984811607249585247e-02
2.365747521459478364e-02
6.325178038102163662e-03
-7.766663405035896355e-03
-1.901121288467705339e-02
-3.168503572302364818e-02
-4.620835284120743819e-02
-6.156120224705580873e-02
-8.023812373197729275e-02
-1.002112724993888537e-01
-1.142434591726268767e-01
-1.159883086612102376e-01
-1.017272566527450128e-01
-6.879384802154857315e-02
-1.854841689049222322e-02
3.944215909594078751e-02
9.487204846864842611e-02
1.390382726625936649e-01
1.650335580104140276e-01
1.738317828287521127e-01
1.714698094516819982e-01
1.627422374237543490e-01
1.498826757993371173e-01
1.322684300002200386e-01
1.081191151275632395e-01
7.555974123063385894e-02
3.815299304538360275e-02
5.250091486906385135e-03
-2.083317594949317050e-02
-4.426057458052350124e-02
-6.844047658511021037e-02
-9.607030241359684752e-02
-1.278850798076914264e-01
-1.624331085446340806e-01
-1.976185502788728454e-01
-2.320687949685157347e-01
-2.636514804217843233e-01
-2.862870406857137007e-01
-2.922549336252797669e-01
-2.744948241875680983e-01
-2.245338998535619246e-01
-1.331988661350856917e-01
7.303548927695496795e-03
1.703697948582796884e-01
2.976497293508116315e-01
3.674074466622507251e-01
3.917857644884570334e-01
3.789872519238234871e-01
3.326424836285777342e-01
2.549392513667572135e-01
1.582787264823932449e-01
6.644489640579552547e-02
-7.077492046685503017e-03
-6.082183416381453656e-02
-9.370954631343042518e-02
-1.103486489499747869e-01
-1.216089473351855688e-01
-1.344767442404461999e-01
-1.473348603741336249e-01
-1.513068018312153373e-01
-1.351066414880934263e-01
-1.065813212520540509e-01
-8.669031329565252131e-02
-7.141421113709012225e-02
-4.330264555594278558e-02
5.768227136454898499e-03
8.290883765213070966e-02
1.752799708681825885e-01
2.469720749831023632e-01
2.844084445052797450e-01
2.960978813070830329e-01
2.882858436516587131e-01
2.642175578176280126e-01
2.237783342534849784e-01
1.655266989937872746e-01
9.017940120611603327e-02
-3.992557957376019484e-05
-1.034443427246631159e-01
-2.152840687351104954e-01
-3.265865873039882072e-01
-4.277432434559449992e-01
-5.100072668898730788e-01
-5.616934606915975348e-01
-5.650416128011677142e-01
-5.028240984735569130e-01
-3.610256406624814396e-01
-1.755383436565579047e-01
-3.340439277144771624e-02
3.150309572811524350e-02
4.273811503078474988e-02
2.735692831478508252e-02
1.067835353400119203e-02
1.725095255330313243e-02
7.218180727055589774e-02
1.830898320113630851e-01
3.214777254658000571e-01
4.448998458215507323e-01
5.271682359272871210e-01
5.560473294354120188e-01
5.294977428759439775e-01
4.567697264507807886e-01
3.520288097658316184e-01
2.267384494100720405e-01
9.013068596561865653e-02
-4.392831232633100103e-02
-1.597225469599171666e-01
-2.480748019603833121e-01
-3.088269048010149898e-01
-3.453703153799525527e-01
-3.595133192639551334e-01
-3.538904481601973795e-01
-3.353753268485595296e-01
-3.045825773712246831e-01
-2.491402064700343755e-01
-1.595223635869615353e-01
-4.589183581739632312e-02
7.262287795985541972e-02
1.785246594791594366e-01
2.526586422527277720e-01
2.890575403224646678e-01
2.916138983624908532e-01
2.636121444231177002e-01
2.160783111868843642e-01
1.629377569082080812e-01
1.135488393167233545e-01
7.410581853617123627e-02
4.649477421141127303e-02
2.988737670802877125e-02
2.445685335764632984e-02
2.864805514994504462e-02
3.630213314425764087e-02
4.098524923086245553e-02
3.760252126454420585e-02
1.917164090473304217e-02
-1.613181604393046364e-02
-6.455726882225619467e-02
-1.229963479308671115e-01
-1.868982832125475335e-01
-2.509775076271683614e-01
-3.101349487672908078e-01
-3.576053075989075181e-01
-3.841994691381181992e-01
-3.792292333456317999e-01
-3.305872118423365258e-01
-2.236933658474661024e-01
-4.256983092949345043e-02
1.814414376178824784e-01
3.683774520029510779e-01
4.830119442670448571e-01
5.313387956550665869e-01
5.157113971389805096e-01
4.453075091188979373e-01
3.350138409367358072e-01
1.965223764747661417e-01
3.744768712530768817e-02
-1.334031517554756796e-01
-3.052484972436962929e-01
-4.660117789016745560e-01
-6.024932306375277991e-01
-7.015379117372124718e-01
-7.451799814269771671e-01
-7.123416243278712923e-01
-5.976833210951375541e-01
-4.182613706993661418e-01
-1.982144900614170036e-01
5.244118299867864263e-02
3.223308809112689355e-01
5.607765282201673251e-01
7.190022540949713159e-01
7.893843968404026246e-01
7.806230913679523820e-01
7.072531695811355990e-01
5.885005026197340783e-01
4.435978956014983710e-01
2.909063328830441275e-01
1.465549154440095592e-01
2.010319676697387009e-02
-8.420555598647565254e-02
-1.643554450516602206e-01
-2.205010999438450914e-01
-2.546566987647029268e-01
-2.681239216313400231e-01
-2.593423770269319695e-01
-2.279024105327824290e-01
-1.769221359884499134e-01
-1.104356744096422344e-01
-3.130229779147303965e-02
5.049841650626445827e-02
1.155642864641967249e-01
1.520395320990177435e-01
1.587028227923129309e-01
1.357440836132381701e-01
8.699620829799377397e-02
2.080105578698074331e-02
-5.111740648542194287e-02
-1.208476693683347980e-01
-1.915919207007143188e-01
-2.647343222925250816e-01
-3.346675530834720136e-01
-3.971632240540681202e-01
-4.478213182074083920e-01
-4.757552953659285322e-01
-4.649313839102704460e-01
-4.009625986759865479e-01
-2.739063094350195349e-01
-7.083183263762757309e-02
1.718293563743399643e-01
3.613266440089908382e-01
4.606262552568123336e-01
4.915943925125989544e-01
4.750383962186583431e-01
4.260040752598962532e-01
3.556301648242832236e-01
2.745696648487202518e-01
1.922496053050038456e-01
1.163990724617838118e-01
5.224121856822688120e-02
1.118366332869432517e-03
-3.721843609098923755e-02
-6.223780826591077120e-02
-7.309645876619605409e-02
-7.133702334757678620e-02
-6.042694461333365796e-02
-4.299221843970579826e-02
-2.139426862874738849e-02
-2.655851443212932372e-04
1.625896497959276876e-02
2.862315914052601315e-02
3.675018353343431632e-02
3.799773189628137537e-02
3.116193763805926581e-02
1.669128674248782085e-02
-4.344979238442193623e-03
-2.898297119696421204e-02
-5.292328302128077033e-02
-7.317510504454081965e-02
-8.714849192011252244e-02
-9.142784563124060904e-02
-8.430945859374867901e-02
-7.255091392810789075e-02
-6.716821171749459696e-02
-6.861078592887052963e-02
-7.033523242836636769e-02
-7.207928264284307884e-02
-7.679498368288471821e-02
-9.127137093458295714e-02
-1.212809690593846385e-01
-1.553020606437501561e-01
-1.773890740447162107e-01
-1.856124377948992210e-01
-1.837234895037350990e-01
-1.643533898079512223e-01
-1.221666452620876614e-01
-6.248992844626290177e-02
5.483557905535604848e-03
7.072612720208697190e-02
1.418814411012581655e-01
2.346420939100872238e-01
3.303027613162008436e-01
3.917354606439171771e-01
4.087952227037788822e-01
3.905893196896675912e-01
3.431314412617727516e-01
2.731185314198339431e-01
1.883903160285480549e-01
9.459428305368015877e-02
-1.845355012229715416e-03
-9.060953372795552130e-02
-1.614239955140918670e-01
-2.092643096696367444e-01
-2.345715263196725964e-01
-2.384264833400999706e-01
-2.194098942720029144e-01
-1.782608652636612501e-01
-1.173949547178794739e-01
-4.646794749771337996e-02
9.576810440227418592e-03
3.405525614450392868e-02
2.783461674873169769e-02
-3.867410535228928831e-03
-5.165421774436685515e-02
-1.041125942254160774e-01
-1.494239491341707859e-01
-1.765866932844383230e-01
-1.790966249727260207e-01
-1.603772276032533750e-01
-1.310067395346924957e-01
-9.193806672887824827e-02
-3.332421884395550538e-02
5.917590529071425909e-02
1.688311024585440190e-01
2.448183193774863542e-01
2.705814699930252920e-01
2.629297273918179689e-01
2.361001403884540606e-01
1.986934505972919596e-01
1.585163263433668757e-01
1.233504079533775111e-01
9.249712018206124320e-02
6.222871207234698110e-02
3.065482246024927443e-02
-5.281726089596079296e-03
-4.343556353960292826e-02
-7.539541939148515504e-02
-9.711091043407453494e-02
-1.086194534536258222e-01
-1.115269438171395677e-01
-1.085226610439746081e-01
-1.010339920056424062e-01
-9.130953925656680459e-02
-8.178370427988809754e-02
-7.293665259114323618e-02
-6.328186421045262078e-02
-5.414228959801374585e-02
-4.795332938400354711e-02
-4.035129637133578334e-02
-2.611528320493624114e-02
-5.740009621616932317e-03
1.757473826224657809e-02
3.886054001711299749e-02
5.374304271357145668e-02
6.178720487254261290e-02
6.426733058301700718e-02
6.226768391607478276e-02
5.496073478323905415e-02
4.058878878734292761e-02
2.108746749716647328e-02
2.142867473067237849e-03
-1.158929740803249162e-02
-1.961365698379881686e-02
-2.295519430219659929e-02
-2.218721004238462940e-02
-1.862907766803517662e-02
-1.384326287874640751e-02
-9.657778583786911716e-03
-9.502327486078659610e-03
-1.408810764563618416e-02
-1.993902029082546615e-02
-2.342991015912299080e-02
-2.194867120941534216e-02
-1.558341058437016924e-02
-6.468091161201397314e-03
3.858659348060736877e-03
1.469152640070753302e-02
2.591900118522011756e-02
3.739765876007170031e-02
4.822725063543838869e-02
5.643274689559312635e-02
5.926980691771246978e-02
5.476805737507838001e-02
4.531675927637211082e-02
3.608980179918019893e-02
2.713103608421369578e-02
1.589374146677394878e-02
2.778646378540357113e-03
-1.171651634249276652e-02
-2.741170121365445883e-02
-4.194412987434735507e-02
-5.180949109945663655e-02
-5.637494586305241001e-02
-5.683251819860966891e-02
-5.433649492224003341e-02
-5.146379136973748547e-02
-4.964101274527105145e-02
-4.848320591546867453e-02
-4.757420744396381046e-02
-4.385293353560858892e-02
-3.509892944571103846e-02
-2.288273954946411920e-02
-8.115025834665688664e-03
6.644523734744697645e-03
1.877508844612336622e-02
3.008927382079498031e-02
4.340908725592499545e-02
5.782702360985449846e-02
6.934629460405103418e-02
7.662244178785711235e-02
8.059562312462284495e-02
8.238057156689475302e-02
8.357074825120092143e-02
8.501120136330837795e-02
8.615484972347221826e-02
8.422426414905261061e-02
7.613250310195116000e-02
6.159232877625040598e-02
3.917378613116005021e-02
8.384100614301552568e-03
