-6.698249985386820621e-03
-1.806727366450349564e-02
-2.952019430638020553e-02
-3.950607422242169431e-02
-4.927448702248889145e-02
-6.142498847289543096e-02
-7.629723664862578247e-02
-9.197181057413311711e-02
-1.041601192006159221e-01
-1.084901138887742478e-01
-1.012997773097304571e-01
-8.376656609277448318e-02
-6.218758671086115075e-02
-3.619970450949307195e-02
-2.261587408078805789e-03
3.593006479465775393e-02
7.641368034592956049e-02
1.258680200155848639e-01
1.763481107278098703e-01
1.985615985599636923e-01
1.793090364514319801e-01
1.278112841225386709e-01
5.188263563472787776e-02
-4.108101349089773868e-02
-1.359475931230092749e-01
-2.167835946563044791e-01
-2.757679258625277963e-01
-3.109233219167460982e-01
-3.193062451021029258e-01
-2.928446039520640198e-01
-2.391692407868812043e-01
-1.846207721698614190e-01
-1.288232242296334928e-01
-4.499603621354118788e-02
6.806020699899129056e-02
1.737342809808170574e-01
2.481776583097074496e-01
3.069966847218102979e-01
3.570838274865391071e-01
3.781230108807879242e-01
3.630205802795798409e-01
3.250372964000239340e-01
2.757650306209635249e-01
2.165870209181530726e-01
1.469511972682916723e-01
6.852512322414756885e-02
-1.673624329497521226e-02
-1.018913431920801804e-01
-1.766851386775454835e-01
-2.320370470958287301e-01
-2.686664034250723088e-01
-2.992510740901557220e-01
-3.321324177199091454e-01
-3.650427339716667552e-01
-3.875332258054671186e-01
-3.818121910332920033e-01
-3.294883037188587327e-01
-2.127302365361088132e-01
-4.480725450852295066e-02
1.141341453759178171e-01
2.214817299779929527e-01
2.802228293552521676e-01
3.036533249463065909e-01
3.023161967017948815e-01
2.856122173648067974e-01
2.620641744158618835e-01
2.378525997936518366e-01
2.137543096022858080e-01
1.832841316595124337e-01
1.358356654386906892e-01
6.490103307079822526e-02
-2.042614822045065587e-02
-9.437900456460955601e-02
-1.415597877659710013e-01
-1.647824946957952286e-01
-1.707007210858965396e-01
-1.657490947413330362e-01
-1.531293821332175842e-01
-1.344057309944874101e-01
-1.134002325877390693e-01
-9.320143412144513140e-02
-7.357317459624876377e-02
-5.245912984788018291e-02
-2.458909114214613903e-02
1.170526276832146821e-02
5.027335076660818802e-02
8.482911588754003807e-02
1.085720921204585271e-01
1.178016130744009710e-01
1.204894869513576799e-01
1.239986303021128056e-01
1.221996221012285611e-01
1.095731939002919930e-01
8.863084088603292998e-02
6.422483246061250206e-02
4.192425930333525119e-02
2.314289471940481069e-02
8.801445481654002895e-03
2.092143854057409297e-03
2.303836491807646769e-03
8.328352110903609884e-03
2.308904238541213683e-02
4.251375050977404535e-02
5.391942182086281732e-02
4.962593619419548852e-02
3.123240504076357782e-02
5.994465389503798175e-03
-2.383136126637394950e-02
-6.246720277199385718e-02
-1.123396457684394806e-01
-1.719119344808712202e-01
-2.373648709762009590e-01
-3.069233385063573905e-01
-3.769402581480274517e-01
-4.363934555605597509e-01
-4.690920073135997348e-01
-4.587555580103724884e-01
-3.892082913072404948e-01
-2.395677819737851988e-01
-4.104002225310973001e-02
1.191571366644625651e-01
2.102933709337363732e-01
2.576681551071883236e-01
2.826397908495470457e-01
3.041743124037417090e-01
3.414265920349386918e-01
3.876988437791366593e-01
4.080891274580877304e-01
3.863947390495785505e-01
3.291356558099357565e-01
2.488941761173604494e-01
1.651731359075280514e-01
9.570399494597596479e-02
4.874591160549074376e-02
2.605333511905113392e-02
2.521846175976129312e-02
3.776820571531704779e-02
5.531245501975945444e-02
7.399565449682268814e-02
8.805311753140368514e-02
8.736265477064775187e-02
6.500884317379365673e-02
1.918741315069719816e-02
-4.853177655109278815e-02
-1.291504103533453185e-01
-2.117931414927122780e-01
-2.892336519598269207e-01
-3.550822642347759572e-01
-4.059650520782748240e-01
-4.416262506570375335e-01
-4.590889685497923645e-01
-4.509292922842185192e-01
-4.059394051456591268e-01
-3.069252588210747978e-01
-1.330915761323484547e-01
8.225887990715788356e-02
2.528696102442868909e-01
3.460734151070087306e-01
3.804104665055396128e-01
3.713990776480802225e-01
3.306275548056708535e-01
2.678660269025266438e-01
1.911836617943319661e-01
1.086337896147098747e-01
3.136403916734947783e-02
-2.860327695467173789e-02
-6.046853024415435596e-02
-6.614187058949685949e-02
-5.843021423500498190e-02
-3.967463822010005442e-02
-6.537115829411587614e-03
4.132022597441228906e-02
9.275576971912125046e-02
1.242747683904907308e-01
1.288131552506868727e-01
1.125376921921591861e-01
8.197449321407866696e-02
4.844846668884214558e-02
1.708397359608527372e-02
-1.824252748230884708e-02
-6.145018706046040391e-02
-1.058326143407336273e-01
-1.449024266002567618e-01
-1.789941500312490497e-01
-2.089986037298635080e-01
-2.317517752084194971e-01
-2.423784244031715884e-01
-2.349872610192871858e-01
-1.983746670669556955e-01
-1.187008898280601243e-01
1.578604071474750542e-02
1.753578772918598649e-01
2.923630313565829253e-01
3.404413069466337705e-01
3.337306676804582262e-01
2.892713877044804649e-01
2.226031522013375563e-01
1.436760928381249081e-01
6.101542839000186763e-02
-1.488059813828322003e-02
-7.307218527374344241e-02
-1.021452084505592717e-01
-8.979119037469041054e-02
-2.004513135522659195e-02
8.257732458739203141e-02
1.474596646107809439e-01
1.469988201889313728e-01
9.768314831373380025e-02
1.482597138839818543e-02
-8.603445512315763266e-02
-1.919985107824243586e-01
-2.922944222547831372e-01
-3.693030552264293109e-01
-3.961999084690537853e-01
-3.415012891288251584e-01
-2.242125507179291710e-01
-1.150182540475790105e-01
-3.447423553511660271e-02
3.013678150993747556e-02
7.559916021069318370e-02
1.180396575335199150e-01
1.920385376936736832e-01
2.863319710385204275e-01
3.445531765400209334e-01
3.546349810514208833e-01
3.468205986820011022e-01
3.462239983599230131e-01
3.377853958172774007e-01
2.705070322326370569e-01
1.275891156919929936e-01
-7.362373349304400516e-02
-3.145051420602467673e-01
-5.709113523412066016e-01
-8.127363207121804933e-01
-1.007775295521305736e+00
-1.118936486420182286e+00
-1.101015544790737710e+00
-9.024614328045932332e-01
-5.313818875291655974e-01
-1.033901266652013790e-01
2.827961879217122387e-01
6.365265906656432104e-01
9.477410964769685808e-01
1.138790432573140610e+00
1.185235993847711722e+00
1.115234706674228082e+00
9.559147706163783065e-01
7.343298554871954265e-01
4.723222636536990038e-01
1.943362588485646747e-01
-7.052356911625128066e-02
-2.950822864070302143e-01
-4.533795002939491336e-01
-5.273726374002372097e-01
-5.080246742491792977e-01
-3.892889219259197953e-01
-1.967837190854908880e-01
-6.120465567658731065e-03
1.189765563676168647e-01
1.716195350624886706e-01
1.708561133298253376e-01
1.335777993019432175e-01
7.016796710790987324e-02
-1.317287507291205889e-02
-1.065163892361175729e-01
-1.959129197843204329e-01
-2.717087698121479766e-01
-3.259196978730701799e-01
-3.522662662270207301e-01
-3.471309577271263214e-01
-2.990365625154777218e-01
-1.890641826710382778e-01
-4.537985844329950336e-02
5.421773558129066445e-02
7.774670322690074853e-02
4.911552891558282341e-02
2.604725447167798025e-03
-3.194601255066213674e-02
-3.091547605251265818e-02
2.783527287948725504e-02
1.270697217421096481e-01
2.099808386816545414e-01
2.518035410870790303e-01
2.614107132156578972e-01
2.469350408427602450e-01
2.148493386134198990e-01
1.673589586839199228e-01
1.066517589320355175e-01
4.119156746291077059e-02
-2.009763455275311722e-02
-7.262233906329947086e-02
-1.143078377724695560e-01
-1.450406205899562317e-01
-1.680134411427480767e-01
-1.872957080092189364e-01
-2.001658818527766170e-01
-1.957967477682831803e-01
-1.641906394422314175e-01
-1.029524245412476446e-01
-2.508095421458311769e-02
4.308064380809012439e-02
8.703463939243932801e-02
1.094756786032770046e-01
1.156451853063852897e-01
1.097185643876084776e-01
9.522606329745315901e-02
7.407421126328603278e-02
4.888740635216661662e-02
2.532121415074242710e-02
7.956956938904264504e-03
-2.754334248750736364e-03
-5.333047421414327527e-03
1.097825261150207551e-03
1.130800215857509679e-02
1.988862205482314419e-02
2.360111274306598075e-02
2.166080696507899361e-02
1.479856540196427053e-02
6.401136996538015281e-03
4.287741174056130047e-03
9.535310706313394891e-03
1.427942901596168657e-02
1.145910733134770584e-02
8.444088760799510398e-04
-1.052160913866799670e-02
-1.644095922677137056e-02
-1.877457773572240723e-02
-2.230700797730066770e-02
-2.755663879197533042e-02
-3.257388397256664320e-02
-3.508978854264400982e-02
-3.268776421876286309e-02
-2.533046969956664202e-02
-1.518674516959487436e-02
-4.461112510244274500e-03
2.974079458719847829e-03
2.501977320169884375e-03
-4.745256444568354999e-03
-1.520883253782396444e-02
-2.701502692404017525e-02
-3.665486744252518386e-02
-4.230311364861749635e-02
-4.456319274036003864e-02
-4.186817453412496060e-02
-3.234676476976524467e-02
-1.432612473239457465e-02
1.275013861532302631e-02
4.228246367089503327e-02
6.645850406460566961e-02
8.306145789357381737e-02
9.118962929344368029e-02
9.116962869321394713e-02
8.611514294659514124e-02
7.708356194099788561e-02
6.203900320632589616e-02
4.108301190067716047e-02
1.775307836836650943e-02
-4.975350349174298761e-03
-2.744506316187236838e-02
-4.788419883699719659e-02
-5.961446940519446458e-02
-5.838585160021114717e-02
-4.353156589297797752e-02
-1.048593235118841852e-02
3.399389007528610951e-02
6.755288284270374866e-02
7.992423930370626262e-02
7.186151867283312178e-02
4.406921691380876610e-02
-5.161067951378718946e-04
-5.768665152624824488e-02
-1.236251331770407830e-01
-1.939014525829851343e-01
-2.622671501131011995e-01
-3.206492012946798864e-01
-3.592194568034737800e-01
-3.681608459876678507e-01
-3.368674947209752690e-01
-2.526118923655280013e-01
-9.954734886112059922e-02
9.639868991453942604e-02
2.619470622364691303e-01
3.612634116167050546e-01
4.064801874829202522e-01
4.152038486918357418e-01
3.967595565210763064e-01
3.560085922045128637e-01
3.004181393196654337e-01
2.345689969117454587e-01
1.624250926625323832e-01
9.337738387052300915e-02
3.605267335584763644e-02
-7.911584110087188648e-03
-4.010110514619082134e-02
-6.111126506723015689e-02
-7.204233064237892947e-02
-7.372689363324441691e-02
-6.542173950671160976e-02
-4.895401906205397446e-02
-2.816283387441059771e-02
-6.322658415713590385e-03
1.132818563353587410e-02
1.888472486391841801e-02
1.478404465620741098e-02
-6.505747235393023742e-04
-3.022274956329876888e-02
-7.668640481640762174e-02
-1.348146040464158479e-01
-1.956977838677228798e-01
-2.555516129208145748e-01
-3.112198953544779711e-01
-3.559375030106161630e-01
-3.873540751646705194e-01
-4.097911589947174638e-01
-4.178291101337711089e-01
-3.953937570423760595e-01
-3.285487387840287377e-01
-2.020044814551209822e-01
5.678813899125745648e-04
2.387167872265369140e-01
4.200073632218789266e-01
5.078680277986493685e-01
5.204503906079560593e-01
4.814193904240972044e-01
4.156482874585482601e-01
3.382113079331814931e-01
2.564827784930356347e-01
1.779545562766683409e-01
1.113888889912331148e-01
6.313266706686256058e-02
3.542503459736277838e-02
2.444386110550953936e-02
2.111651969471846704e-02
1.935375460710756293e-02
1.933513685801094284e-02
2.544816965052486973e-02
3.891567622959750394e-02
5.292666973796569113e-02
5.972452280545082620e-02
5.506833100113004559e-02
3.873910498322201412e-02
1.185840003616088489e-02
-2.866377113200293744e-02
-8.017907166507567962e-02
-1.308898112375213307e-01
-1.762493606046435790e-01
-2.190137667962394896e-01
-2.599286972990773603e-01
-2.992161863173043446e-01
-3.376761738312131778e-01
-3.686688559945171528e-01
-3.769474821297706946e-01
-3.460725613714610294e-01
-2.591242129412399953e-01
-1.006916535494414150e-01
9.450374892772643587e-02
2.431215214227874510e-01
3.126921858459575931e-01
3.219519246894154696e-01
2.899462838128941122e-01
2.346381492154049619e-01
1.674130627794811477e-01
9.882207664079208087e-02
4.678315877816355273e-02
2.600033242963387115e-02
3.980906261879702673e-02
9.333267997915772884e-02
1.699563027811746840e-01
2.220435181264361624e-01
2.295873587175077113e-01
2.055385606403117849e-01
1.619924354175363290e-01
1.034093699923096660e-01
3.084521383110686715e-02
-4.960832702641237990e-02
-1.272943294491872823e-01
-1.923186405576891578e-01
-2.336712482214661490e-01
-2.371341896419660866e-01
-1.848847896109418742e-01
-1.017176233520754036e-01
-6.142186410001616859e-02
-9.681173552714739117e-02
-1.914763661221918489e-01
-3.198778951352798106e-01
-4.544785077732080292e-01
-5.713122149365085223e-01
-6.455612549150634427e-01
-6.478724520079512939e-01
-5.455134792856086712e-01
-3.067099373327133449e-01
5.657811324655065421e-02
4.297157260373553611e-01
6.823779842167800869e-01
7.920667418323272813e-01
7.993126097843054056e-01
7.384872592391554802e-01
6.318366173607468106e-01
4.949779532377215352e-01
3.466495406570323512e-01
2.076118741634346287e-01
9.186597308600231993e-02
4.231596107208166618e-03
-5.623320843853982232e-02
-9.639902483616669127e-02
-1.251598724769171778e-01
-1.427687314875653590e-01
-1.467972920485923205e-01
-1.391437592851720306e-01
-1.230186398753632393e-01
-1.002530704459637101e-01
-7.218505599866496814e-02
-4.291135727104855579e-02
-1.558687357892748343e-02
9.717525101246130698e-03
3.056906758388913681e-02
3.910582687711165739e-02
2.810292348972409301e-02
-1.250269315803013981e-03
-4.188438078579794638e-02
-8.774378197507325117e-02
-1.345738067129410576e-01
-1.793424246752591822e-01
-2.192052770140796580e-01
-2.518896843362120053e-01
-2.755609550322266066e-01
-2.851249718716964421e-01
-2.681645716044736005e-01
-2.056418526302432048e-01
-7.781259566622170110e-02
9.110226309105878828e-02
2.310393382149922847e-01
3.105671449002505580e-01
3.425792771682150128e-01
3.419172340679537125e-01
3.195276372453876856e-01
2.793475036523242472e-01
2.222470048001598530e-01
1.545004987425140364e-01
7.927967169419053439e-02
-7.538978332222789208e-03
-1.029033527046613050e-01
-1.988957497259314366e-01
-2.910658242703226817e-01
-3.743272828778697603e-01
-4.387108246728288474e-01
-4.748578926629428709e-01
-4.751961985662626065e-01
-4.263911434091678943e-01
-3.121552790711785152e-01
-1.166047619841275307e-01
1.205888417643806304e-01
3.024588272500079444e-01
3.912158662420132105e-01
4.106096109628588620e-01
3.831080335542779158e-01
3.261647118965832481e-01
2.559818805493984106e-01
1.863510518207185940e-01
1.243296464234295018e-01
7.285855010447268854e-02
3.216931800578631817e-02
3.976363382048736517e-04
-2.155945091940920585e-02
-3.339368099954822394e-02
-3.786537957228518214e-02
-3.544343095178099229e-02
-2.988308008871058685e-02
-2.518839891003431600e-02
-1.745967333585494996e-02
-2.799128530986644964e-03
1.845265652161079753e-02
4.525342602428531619e-02
7.467195995721614965e-02
1.015761929248504836e-01
1.219768031600544506e-01
1.329226036599986949e-01
1.330076049586172426e-01
1.220083685233100124e-01
9.961445045343698956e-02
6.836280439256606223e-02
3.396288660277477917e-02
4.784721824414410463e-04
-3.024427204375408629e-02
-5.674667141475281396e-02
-8.063290874082365556e-02
-1.094618088837678582e-01
-1.486152712186911418e-01
-1.935605029508469244e-01
-2.392668499932414927e-01
-2.861492170567004889e-01
-3.326783771030731307e-01
-3.737233600170201675e-01
-4.040982480173671565e-01
-4.163399074507576070e-01
-4.003091587857938172e-01
-3.462848530860430096e-01
-2.425761626026768369e-01
-7.282603931183492807e-02
1.469385551290590119e-01
3.484121394755887446e-01
4.819679318287127812e-01
5.488405331787580277e-01
5.618920115830496886e-01
5.321169805714561774e-01
4.702408988567956527e-01
3.838212312143092220e-01
2.794781639359481540e-01
1.691326711300633889e-01
6.438188009717597804e-02
-3.120254821439391937e-02
-1.158039212525745210e-01
-1.851027270678747838e-01
-2.354884424016570055e-01
-2.683571315142413982e-01
-2.869577387790075429e-01
-2.916156593563165589e-01
-2.803158482902775583e-01
-2.518204771444675916e-01
-2.058099116346447932e-01
-1.428298940070996392e-01
-6.721259322346975762e-02
2.210816163717979274e-02
1.145566673892249449e-01
1.808061489424578339e-01
2.108483021265266377e-01
2.127799373566708341e-01
1.950042783790028600e-01
1.647246244737310128e-01
1.249845534965557114e-01
8.102329704978657177e-02
4.144754460704639515e-02
1.137196329017196167e-02
-4.786694217743801480e-03
-4.230508514120601138e-06
2.717396505283437361e-02
6.292329185768398558e-02
8.695366414127518595e-02
9.210204328469398516e-02
8.426408586626246700e-02
7.107135779679649157e-02
5.730296133206427833e-02
4.490646582100811524e-02
3.251276040926129318e-02
1.124125037767283869e-02
-2.916603159800252795e-02
-8.993652299202084532e-02
-1.638537331203567260e-01
-2.407860763538208493e-01
-3.141970744797663029e-01
-3.819432217913335537e-01
-4.406595844338201395e-01
-4.789583453913622280e-01
-4.810231075637261267e-01
-4.457191377991703285e-01
-3.845726292530215473e-01
-2.950179569626711351e-01
-1.582266378936323936e-01
4.961808534608463245e-02
2.924899515690472240e-01
4.755142361098920190e-01
5.655559366863561754e-01
5.862996184555795409e-01
5.573549010117175850e-01
4.933669389622413193e-01
4.070114905545964001e-01
3.104938750002858017e-01
2.136123564012856191e-01
1.260219204847694285e-01
5.698750633045497616e-02
1.162090909393760640e-02
-1.284798260951373200e-02
-2.452011588238749845e-02
-2.736032028113085865e-02
-1.833760887065707945e-02
5.478246084370870517e-03
3.839551066152072784e-02
7.028191561778432406e-02
9.247971984395018941e-02
9.610325221265239581e-02
7.639836441853442572e-02
3.545459411807298788e-02
-2.933740938705299908e-02
-1.171775138073760381e-01
-2.088310859225095961e-01
-2.873040355527469725e-01
-3.464848241106128213e-01
-3.814039111432924178e-01
-3.969890113642240426e-01
-4.060247961658722260e-01
-4.069912057506647751e-01
-3.852383353912862685e-01
-3.268251873456642920e-01
-2.178854545130426701e-01
-4.091387026843253116e-02
1.692475725883454407e-01
3.222504585597899540e-01
3.812304169755579286e-01
3.641604681211644268e-01
2.921106222422404919e-01
1.859173117636863659e-01
6.303442649458250446e-02
-5.824837490279920899e-02
-1.585515438552799472e-01
-2.189657130190380274e-01
-2.215335273971065777e-01
-1.482983899911070047e-01
-2.388497869682062666e-02
7.906468682747902488e-02
1.291342828385874386e-01
1.436162783863563497e-01
1.405423566032208693e-01
1.373532410246510460e-01
1.548571121926935190e-01
1.929811188798719046e-01
2.243317573222084471e-01
2.361603643313273937e-01
2.368860566191404171e-01
2.308627845580826787e-01
2.130208363941443472e-01
1.802825468398576714e-01
1.386957695122431056e-01
9.889768750830826849e-02
6.836493702899784641e-02
4.636453789922133362e-02
2.828123115697686596e-02
8.281459478430175380e-03
-2.190461983979759275e-02
-6.883083255929514643e-02
-1.301785596656069022e-01
-1.963727828359581318e-01
-2.610073751020247079e-01
-3.247825636644098291e-01
-3.869936924919459842e-01
-4.393807244552714875e-01
-4.734411465222969628e-01
-4.839538615564770163e-01
-4.589483124818873883e-01
-3.960944316556136435e-01
-3.136103757474130727e-01
-2.133640384690431435e-01
-7.707494709438598990e-02
1.115734136076446670e-01
3.193785351298202846e-01
4.674393264969957107e-01
5.273470668751482071e-01
5.163783055922557264e-01
4.520408524244341475e-01
3.532567857348211104e-01
2.413202031047281815e-01
1.407369064141948123e-01
6.461483846239526874e-02
1.673545989382427268e-02
3.862557165885845828e-03
1.917723691290959542e-02
3.641160402382442873e-02
3.872611514313112346e-02
2.729969551173541328e-02
7.734743929377046329e-03
-1.705424204935416035e-02
-4.559385695753498391e-02
-7.456248830826070484e-02
-1.004572478983431494e-01
-1.200098687683584520e-01
-1.329128050944306250e-01
-1.393390204637710572e-01
-1.355492864410869636e-01
-1.120223268162024305e-01
-7.191085056101653716e-02
-4.107953693148057306e-02
-3.087984281573332226e-02
-3.293668914218318006e-02
-3.988062088845032577e-02
-4.314041743948871660e-02
-3.503955411154215105e-02
-1.163552177686744647e-02
2.320447062617462738e-02
5.769662818905092749e-02
8.696703387144075204e-02
1.117327695835898804e-01
1.260982728599382985e-01
1.259524608427648185e-01
1.158512591339100617e-01
9.883728222955537324e-02
7.703172847595898820e-02
5.659804139425742009e-02
4.088925818055704625e-02
2.739574398195345623e-02
1.305890569465320908e-02
-3.172249760101433433e-03
-2.123099744748145959e-02
-2.696796066986302878e-02
-1.302638122448935079e-02
6.278889166273782241e-06
-2.306656037610946286e-04
-1.493691884663062540e-02
-4.511961098000574766e-02
-8.127756146742814991e-02
-1.095476394723033375e-01
-1.204425197955577148e-01
-1.214671619154260029e-01
-1.301045376605799719e-01
-1.476897419908556885e-01
-1.618307442427437404e-01
-1.595737006820410753e-01
-1.319799610979517923e-01
-9.085146830841203669e-02
-6.500861702652603602e-02
-5.997033533543500577e-02
-5.771005376425430988e-02
-3.948517782035582124e-02
1.375183819524207832e-02
1.117678455282443833e-01
2.240452432775847380e-01
2.971929463711146524e-01
3.168551467900465046e-01
3.002229841375920749e-01
2.628941972506917968e-01
2.145860359188640765e-01
1.586606326525926147e-01
9.594581566847275311e-02
2.813474302283057449e-02
-4.254882800610952642e-02
-1.132272962518741655e-01
-1.790833257640843668e-01
-2.331080628943664745e-01
-2.689812504450131980e-01
-2.815724764513736211e-01
-2.616751115031529240e-01
-1.962383693080999580e-01
-9.731294990601507822e-02
9.995239113468924741e-04
7.771779748754650829e-02
1.166124640054545525e-01
1.148790997438537687e-01
9.183458676061431736e-02
6.711324316320610439e-02
5.589125631052781207e-02
6.784849286168977145e-02
1.013264187189242410e-01
1.374036736741787723e-01
1.508220050725611883e-01
1.365960654401384422e-01
1.049880328758680814e-01
6.462388989728813649e-02
2.147576076987374460e-02
-2.168779268206534605e-02
-6.371939147776725654e-02
-1.043040692976626438e-01
-1.441343162852884441e-01
-1.829199540517075784e-01
-2.145678872606520127e-01
-2.289459297999212051e-01
-2.186050350622550931e-01
-1.777721210053384848e-01
-9.768692117907130934e-02
5.862221296297508155e-03
8.966731967909000178e-02
1.369411992615390261e-01
1.567790026912261048e-01
1.582795828580219610e-01
1.499868083224239201e-01
1.358280295815156857e-01
1.187411972784562508e-01
1.036484851071231006e-01
9.199366366462896627e-02
8.067976107097717120e-02
6.767820018619957745e-02
5.461783554858209294e-02
4.400253659960558228e-02
3.828989477452427598e-02
3.607147497483677995e-02
2.964413125083895442e-02
1.204416409077981726e-02
-1.945522943137703575e-02
-5.790612626050119921e-02
-8.887458836522434125e-02
-1.050049616287189042e-01
-1.083778801310093104e-01
-1.028557161882317494e-01
-9.069111997729825680e-02
-7.529000371492836075e-02
-5.886438930565275618e-02
-4.271800806143888352e-02
-3.253602449196504875e-02
-3.127104331721023561e-02
-3.630408826646616682e-02
-4.642552581875539208e-02
-5.976189162149921075e-02
-7.112150072235766396e-02
-7.650630021025886518e-02
-7.325871238584315270e-02
-5.997876804423103725e-02
-4.029712612444804470e-02
-1.973696067012649380e-02
-4.326149931856339975e-04
2.047747013891177900e-02
4.768742852590279052e-02
8.397453990262064571e-02
1.214761550301857451e-01
1.428497373558429706e-01
1.417757133503207978e-01
1.249532269736957080e-01
9.934269290365185801e-02
6.858305269386447134e-02
3.903611387044066822e-02
1.669807965188091492e-02
5.847171802411663989e-04
-1.066858949355772163e-02
-1.856855364745517781e-02
-2.547684743903835120e-02
-2.682330182763212334e-02
-1.865913037054889659e-02
-7.313487303542133729e-03
2.118403229008761213e-03
1.078086134215342461e-02
1.868155315526462759e-02
2.358499666660886576e-02
2.511589275374066094e-02
2.484505163374402942e-02
2.396030256955124921e-02
2.226254516778753550e-02
1.905702792107064406e-02
1.602831875167485404e-02
1.223110513069825510e-02
-1.438788381561851432e-04
-2.544251406864499535e-02
-6.005694533241150851e-02
-9.720719635199183417e-02
-1.278228979801389886e-01
-1.456724471102701923e-01
-1.482452687854999285e-01
-1.307804340192639803e-01
-8.663913049639891673e-02
-1.072783844173966564e-02
7.774086475989107348e-02
1.405861867559536627e-01
1.669395810479296083e-01
1.648819292434623163e-01
1.395499756346727516e-01
9.888800447888869416e-02
5.015112409012538464e-02
-3.259155130389955468e-03
-5.692911374870818220e-02
-9.962529404890507756e-02
-1.185299594594415584e-01
-1.038845851714403912e-01
-4.542218092438597699e-02
3.423955663444265551e-02
7.871067171443343891e-02
6.822381438558308697e-02
2.067120418646474847e-02
-4.875226540284345600e-02
-1.278321697589328565e-01
-2.001878085087581138e-01
-2.467923230340836604e-01
-2.490074641327004734e-01
-1.896986182977115631e-01
-5.389366681794086761e-02
1.212208355850729197e-01
2.486586801407442981e-01
2.952448255289055745e-01
2.769815498776291851e-01
2.090701245083829152e-01
1.101887935533301388e-01
-1.394850011491616248e-03
-1.104297239389783053e-01
-2.017176202213161462e-01
-2.609272168227956268e-01
-2.767514587957651262e-01
-2.345346185127939465e-01
-1.113766138583893450e-01
6.582771264188255755e-02
2.129593374776063142e-01
2.907210989285718972e-01
3.093163341527914167e-01
2.825727148952978940e-01
2.244713853369454670e-01
1.471080950757888139e-01
6.895110616430313866e-02
1.151750391747944843e-02
-1.278700547621373050e-02
3.453797376680375897e-04
3.247951291061389884e-02
4.746392231009219365e-02
3.296311466451432720e-02
-4.177796333487252683e-03
-5.847928365012015905e-02
-1.238659887320049946e-01
-1.930525321936186478e-01
-2.587436659255846760e-01
-3.098346066758582706e-01
-3.299275492432982571e-01
-3.048301687852736919e-01
-2.211698017050628406e-01
-8.501383045460508825e-02
5.424118485910635334e-02
1.473463447715460672e-01
1.858700329901458448e-01
1.853790703315972843e-01
1.661537008439022967e-01
1.422010351393019345e-01
1.210226625684225898e-01
1.051722821829781523e-01
9.164034075349652975e-02
8.180303524277673932e-02
8.277882831281641041e-02
9.464289153732209636e-02
1.074944514974241067e-01
1.120899565249301316e-01
1.077153720801587999e-01
9.802273079572897119e-02
8.350897599282651462e-02
6.224429617420711158e-02
3.033891027055229950e-02
-1.188056676965035946e-02
-5.477306370891448645e-02
-9.298559178463731978e-02
-1.288680712303860720e-01
-1.594895202465002604e-01
-1.813088465652964443e-01
-1.988428479918195602e-01
-2.153930515159477310e-01
-2.302093654998206007e-01
-2.447721043531081997e-01
-2.590988757466656800e-01
-2.655252393637321240e-01
-2.513742850635760084e-01
-2.091628903411755502e-01
-1.367926974196655709e-01
-2.567696012278536041e-02
1.069072601760509555e-01
2.115285219562563213e-01
2.689300656860942884e-01
2.900949003301692142e-01
2.842030535578102257e-01
2.583938353117975484e-01
2.216749371805847579e-01
1.845451811044123147e-01
1.535525017429457129e-01
1.282737691442130123e-01
1.051114971154562400e-01
8.480758475702837584e-02
7.012514941724690143e-02
6.330090568114300764e-02
6.402048439263946511e-02
6.630959427000848727e-02
6.584189199792390979e-02
6.187374293906688916e-02
5.349885943297352092e-02
3.809519910742955456e-02
1.573827075955400168e-02
-7.941105038409466965e-03
-3.176256739238852295e-02
-5.943058095135785035e-02
-9.146498751022147378e-02
-1.246681828161836786e-01
-1.548699761420977983e-01
-1.817400757914336140e-01
-2.077730926385266130e-01
-2.325159610926605391e-01
-2.510129249406253260e-01
-2.541796526564174541e-01
-2.307730830289998480e-01
-1.699828645683403305e-01
-6.142269155260415836e-02
7.165482289746996636e-02
1.697056934727189104e-01
2.033788856829796821e-01
1.792775316967152865e-01
1.114649518324526550e-01
1.794226497046737950e-02
-8.385767817911463085e-02
-1.775656644760723601e-01
-2.537815734252515942e-01
-3.036877609327801042e-01
-3.068009576675827521e-01
-2.423670043626981185e-01
-9.616857307362294827e-02
9.624859685254306962e-02
2.503727932663612488e-01
3.321611546768813428e-01
3.597164814066092786e-01
3.504963681945719722e-01
3.180261637070326830e-01
2.729385744587090601e-01
2.220593050155402759e-01
1.696382677877675826e-01
1.191971571493401216e-01
7.307787495560967572e-02
3.102058860650109412e-02
-8.847578978160141466e-03
-4.483116845925855243e-02
-7.258161406969179663e-02
-8.888207757614657867e-02
-9.294481933988504863e-02
-8.714292852016281010e-02
-7.666321625781914728e-02
-6.724816822470515432e-02
-6.168601300056451853e-02
-6.004760282210365452e-02
-6.276649643829464165e-02
-6.891653187930286972e-02
-7.341594780249441343e-02
-7.275732528476429317e-02
-6.597155622655163920e-02
-5.344606861627668876e-02
-3.918135057627205459e-02
-2.565550113180066483e-02
-1.360230986679907515e-02
-4.731422089300900760e-03
4.040305404273631176e-04
4.199208631053541300e-03
1.092879731955332008e-02
2.279345277457259233e-02
3.720812223276531022e-02
4.820094924960850735e-02
5.185387335089505778e-02
4.876565976839442040e-02
3.989366035862682014e-02
2.613453339350956667e-02
1.174958957976364113e-02
9.973178948876120983e-04
-3.225811203593765414e-03
6.530266014439251726e-04
1.074121395103720331e-02
2.326204178216974630e-02
3.454758375312930174e-02
4.467574084709140247e-02
5.792233686166894935e-02
7.460020016720826652e-02
9.032661935566144162e-02
1.011887199494038436e-01
1.011676172273600349e-01
8.660369657032450375e-02
6.008702308089368394e-02
2.564246818065509664e-02
-1.415734546483358829e-02
-5.745923751556938908e-02
-1.059648433981056626e-01
-1.629120900664940141e-01
-2.239531427277856312e-01
-2.840257984026101079e-01
-3.403147687481530848e-01
-3.876482004581636165e-01
-4.199565191080101845e-01
-4.278982070428909434e-01
-3.973886004387010007e-01
-3.120318580681730736e-01
-1.557755877453479709e-01
6.313431046276242464e-02
2.863108081687603113e-01
4.487553349049430707e-01
5.336954566931055854e-01
5.557369328921706320e-01
5.299316726242245812e-01
4.677302907283297229e-01
3.834922868161799725e-01
2.954731684809320802e-01
2.146075083128091698e-01
1.426532156650962002e-01
8.101197082432162744e-02
3.208441871630115377e-02
-5.106049737272279343e-03
-3.511494055801563791e-02
-6.139652624177198426e-02
-8.565571995978990549e-02
-1.067081167098749006e-01
-1.231969573509936883e-01
-1.399396902783559271e-01
-1.616239933418555375e-01
-1.894534056354888196e-01
-2.239371836639773017e-01
-2.605005530464625796e-01
-2.922793913392952025e-01
-3.123464808087775824e-01
-3.079736794034292346e-01
-2.615224754383010386e-01
-1.882651796520611320e-01
-1.392595651645647248e-01
-1.285669381552290158e-01
-1.307803044933247283e-01
-1.236239433621713624e-01
-8.898313603134562488e-02
-2.122822256815229056e-02
7.344139020804320295e-02
2.032085025392358357e-01
3.466313970876444550e-01
4.429987671410702266e-01
4.767473798228112347e-01
4.683263415059611412e-01
4.331429157227250082e-01
3.827439584474847667e-01
3.235091372266896137e-01
2.605901147147890451e-01
1.987031253380857065e-01
1.399317812689141738e-01
8.231521636407376774e-02
2.198096783213391442e-02
-3.637004591244277080e-02
-8.240413709846151902e-02
-1.149731542794345945e-01
-1.380505577051910904e-01
-1.563157764819521622e-01
-1.778025847150497829e-01
-2.078161313168223057e-01
-2.452821431545912922e-01
-2.860158588598659124e-01
-3.226737407676862901e-01
-3.446919752904832324e-01
-3.375707909650568217e-01
-3.154552331858929692e-01
-3.217374421692818509e-01
-3.634080182710055507e-01
-4.139432946332218255e-01
-4.437418992795126305e-01
-4.185636113277107495e-01
-3.027608076457434794e-01
-1.173220063398292823e-01
5.884510187460714747e-02
1.994054814738218662e-01
3.308635844312067809e-01
4.814335074782675750e-01
6.320996781925174446e-01
7.132480234811192643e-01
7.048023272382614168e-01
6.340540913577916715e-01
5.233242838923619633e-01
3.933094465616156499e-01
2.613280447201585255e-01
1.410498215342738115e-01
4.382045309486755358e-02
-2.612838660600429186e-02
-6.864098359392840909e-02
-9.515549529275937890e-02
-1.251112846384601629e-01
-1.610107478033480644e-01
-1.976357956128711180e-01
-2.374054239415695766e-01
-2.830736625196651479e-01
-3.312542219164422708e-01
-3.708931562511338931e-01
-3.921472880976382136e-01
-3.929689488392339447e-01
-3.683339181897191672e-01
-3.087261179364014785e-01
-2.028540763075732112e-01
-5.799133965230348492e-02
9.464711727521707418e-02
2.273528830532036138e-01
3.166513879866134640e-01
3.540732607734419224e-01
3.488445952477056689e-01
3.122027532059122867e-01
2.567312553535142094e-01
1.926929076342544511e-01
1.252513799122210447e-01
5.748820561460659534e-02
-7.978067703848085862e-03
-6.265159978186742029e-02
-9.393788787005083463e-02
-1.011934778800582801e-01
-9.071148334263004487e-02
-6.692828050511856475e-02
-3.376109831889887586e-02
5.873096701264325648e-03
4.478962487810551896e-02
7.179047153858536534e-02
8.140390165243320542e-02
7.568808402254158241e-02
5.516876335814613341e-02
2.195652909888794538e-02
-1.509074107219617739e-02
-4.977970175519495777e-02
-7.879217378209357747e-02
-9.929664989379002882e-02
-1.119316395478749393e-01
-1.181082421904586510e-01
-1.195855787947044530e-01
-1.203886853660263989e-01
-1.210788700335694579e-01
-1.161189721531936392e-01
-1.047846602155281248e-01
-9.203078273857499825e-02
-7.706193903977957838e-02
-5.386942466382901862e-02
-1.795999954914061225e-02
3.934701344236658793e-02
1.098606966534357576e-01
1.595777423231946879e-01
1.765704974675260386e-01
1.708090467093586473e-01
1.474746116432582022e-01
1.119631897351878042e-01
7.009960203766971154e-02
2.772714463519690767e-02
-8.701501430164071405e-03
-3.576599405294910577e-02
-5.243409786659099930e-02
-5.870063752229031512e-02
-5.743840487010244689e-02
-5.347837295270660429e-02
-5.079912299263025094e-02
-5.044366234007428840e-02
-4.884887701694104467e-02
-4.146673472400719263e-02
-2.730709985597034109e-02
-8.715223850633216016e-03
9.049717585393614316e-03
2.229689086567422651e-02
3.315324038183713878e-02
4.304958308273149070e-02
4.958195322539308419e-02
5.222166008267023485e-02
5.385074075986080039e-02
5.724435759675204627e-02
6.194799902337447262e-02
6.541585779909668552e-02
6.254035989562273246e-02
5.050238029835143333e-02
3.393423032644549142e-02
1.593157164963591305e-02
-3.161481942377178736e-03
-2.114527792787524590e-02
-3.697806573779923583e-02
-4.975701430367781425e-02
-5.664578366548163324e-02
-5.642191053871981749e-02
-5.101750988745108739e-02
-4.366085991053662851e-02
-3.736816119393973623e-02
-3.067182130670334517e-02
-2.143085196265349934e-02
-1.260027355042147787e-02
-5.003479837394148727e-03
2.918396941847938800e-03
1.013852949208818646e-02
1.474018179082019209e-02
1.512199092000766909e-02
1.355880158195832408e-02
1.501732715843114886e-02
2.071035162778289695e-02
3.024509593065664859e-02
4.502606612591730784e-02
5.621091757587240445e-02
4.490860497768950355e-02
6.244309255750297646e-03
-5.112600070588529944e-02
-1.202865452829244980e-01
-1.948989065201753856e-01
-2.638654830725785105e-01
-3.100038923800341184e-01
-3.131864061566572710e-01
-2.558979378622672218e-01
-1.318085861040871609e-01
2.770628274523958406e-02
1.670334154318934838e-01
2.658180980629267776e-01
3.314983558741473324e-01
3.660141717957338114e-01
3.723749584776082089e-01
3.583037953494461192e-01
3.284818851697232089e-01
2.833553020508998155e-01
2.240857725845474269e-01
1.544130607439832548e-01
7.967484440972459614e-02
4.667572854931377468e-03
-6.768477153660973356e-02
-1.349478255607433341e-01
-1.937024827285427908e-01
-2.438021197975171195e-01
-2.872486887714898462e-01
-3.241492600688492542e-01
-3.503903198464837221e-01
-3.543196431946592506e-01
-3.254883134974345116e-01
-2.578176179290995185e-01
-1.409333968142154336e-01
3.210390788100717097e-04
1.025156281821330978e-01
1.420370224515424273e-01
1.331602325747966442e-01
8.820940750802591657e-02
1.950445637357164919e-02
-5.537579049483038612e-02
-1.161969388782913004e-01
-1.496426055737489214e-01
-1.438022711645456919e-01
-8.417048107886115904e-02
4.003829814108193774e-02
1.946352624561230593e-01
3.066474714219034614e-01
3.502585231498080987e-01
3.446936094638124448e-01
3.093894363878135212e-01
2.577692156194841266e-01
1.980637236802025025e-01
1.363233093774706972e-01
7.615995464110959789e-02
2.240125738278200482e-02
-2.077868612811020754e-02
-5.482709256454049856e-02
-8.119979796104688508e-02
-9.429561960193168224e-02
-8.896261786317688491e-02
-6.544174461299122336e-02
-2.572653395928993850e-02
2.181770184540834934e-02
6.315283532426968494e-02
8.797658886765785669e-02
9.042427617719497879e-02
6.826091754963864444e-02
2.359429079003970073e-02
-3.916361003554806597e-02
-1.149605815684019983e-01
-2.002094697751169716e-01
-2.923992057230311303e-01
-3.857324096596543295e-01
-4.687588197750940933e-01
-5.256244931090320316e-01
-5.361454457370350424e-01
-4.768502602525357403e-01
-3.248774269436650042e-01
-1.066970865242655303e-01
1.035171078131737338e-01
2.795863727904731588e-01
4.223550720986618545e-01
5.103715729987883254e-01
5.391461532131360812e-01
5.227766117584542460e-01
4.731944788110753475e-01
4.004263525206157581e-01
3.156995505259439505e-01
2.303559574484254913e-01
1.525559833009774158e-01
8.463675747278195938e-02
2.271251048953144142e-02
-3.594144106320684012e-02
-8.782254697043273550e-02
-1.313913899843458244e-01
-1.688647178711051300e-01
-2.060549189932086578e-01
-2.517197918554102132e-01
-3.043211734951074554e-01
-3.523791577554796772e-01
-3.863226375153679948e-01
-3.984359433598564926e-01
-3.760165580249041906e-01
-3.022271844873549163e-01
-1.623808711240467550e-01
1.516139491678762316e-02
1.608458770984310948e-01
2.441690690154950938e-01
2.747859783393578059e-01
2.648497580283218911e-01
2.282115182765149242e-01
1.771556973388492273e-01
1.229975768078749865e-01
7.719559926957238194e-02
4.937671430694504093e-02
4.563686933711850330e-02
6.857539020070459179e-02
1.049896457935838995e-01
1.294176651124656074e-01
1.321982666935506145e-01
1.161977865867310777e-01
8.500661799614497860e-02
4.334792618292270666e-02
-5.189005052062525304e-03
-5.884001359493985783e-02
-1.112276920310786427e-01
-1.492396712629547595e-01
-1.667022626849587463e-01
-1.681417043111139153e-01
-1.556279516710165622e-01
-1.202721113685134291e-01
-5.149478396250496692e-02
3.534106521473061313e-02
1.063743812001796962e-01
1.533011925726145697e-01
1.851793765619762222e-01
2.039617933971912545e-01
2.085234782007095444e-01
1.989382408642238753e-01
1.753452336308304327e-01
1.339981895954766578e-01
7.203334869075435354e-02
-5.456785027571598237e-03
-8.985941405304803675e-02
-1.776241443413656973e-01
-2.663120438293266057e-01
-3.492218778135377510e-01
-4.179862343663304780e-01
-4.605759276199832275e-01
-4.595211993341120071e-01
-4.065734333043969917e-01
-3.010434050088811597e-01
-1.285063327278484213e-01
8.236038664730993553e-02
2.509070430816027764e-01
3.462456514435582333e-01
3.808364579866397870e-01
3.639267664300986915e-01
3.069280762923807249e-01
2.197269197269549612e-01
1.127835970160843970e-01
3.404308500967526130e-04
-1.031558135774319207e-01
-1.870079101469050153e-01
-2.421222723803917731e-01
-2.557077594863069181e-01
-2.139047259167104753e-01
-1.069798804633591144e-01
3.996547179456138438e-02
1.692477085354116562e-01
2.529871995402919738e-01
2.953885620096406428e-01
3.049886074321397356e-01
2.905443521032464727e-01
2.553156924318539800e-01
2.000785719880102675e-01
1.286606527867568128e-01
5.083510700778864910e-02
-2.170509868521599411e-02
-8.497789569825639489e-02
-1.363382195171792821e-01
-1.687469479754272472e-01
-1.798377196625676189e-01
-1.749311889765473582e-01
-1.623282881675514044e-01
-1.471193980531929624e-01
-1.331720400587223518e-01
-1.247696961944522037e-01
-1.208390721667963463e-01
-1.163495292085424959e-01
-1.026102377860989706e-01
-6.514518189934595527e-02
-6.072410795776536120e-03
5.003847076441013397e-02
9.002922453845976780e-02
1.147116778625994760e-01
1.251502385080893731e-01
1.234152192518050556e-01
1.097919310491385775e-01
8.508314189376040004e-02
5.286594593533570224e-02
2.011476352069630630e-02
-3.100707855031299524e-03
-1.288676578824738891e-02
-1.314634462396711140e-02
-7.058388862258744081e-03
5.147835318855712577e-03
2.378210879592916951e-02
4.575043836895548166e-02
6.420237678856682839e-02
7.206992334362474772e-02
6.402793230286274451e-02
3.612750138726946586e-02
-5.948743260931813742e-03
-4.382699396965750865e-02
-6.629487397836264506e-02
-7.585727245725089329e-02
-7.691400438511820925e-02
-7.171688573335448236e-02
-6.081515687028878070e-02
-4.437147961657790518e-02
-2.392464297185485297e-02
-1.319658273176678789e-03
2.467446084390095482e-02
5.585806608921684013e-02
8.768436494312804863e-02
1.110845117095899393e-01
1.217973099196153625e-01
1.228935481158993925e-01
1.197980440100297195e-01
1.141488511358497576e-01
1.014253610956149798e-01
7.899434410010874874e-02
5.243270021355180693e-02
2.591462674313876544e-02
-3.801010227529010022e-04
-2.212976061292602076e-02
-4.414786297765697226e-02
-8.374467242902297603e-02
-1.498135540346071104e-01
-2.380696404757649820e-01
-3.370770461400916518e-01
-4.351843716331961209e-01
-5.242863079442149354e-01
-5.926733973657607457e-01
-6.220422776983951518e-01
-5.926430996526912409e-01
-4.832075914528162208e-01
-2.689886306401551019e-01
1.811490631955769634e-02
2.865264977901686438e-01
5.011344786719258426e-01
6.609904214800387257e-01
7.410982725553397765e-01
7.401168286424473219e-01
6.783420467842043999e-01
5.749950268656012220e-01
4.505324357760764897e-01
3.205761799006795476e-01
1.917560571669912894e-01
6.744338791399234756e-02
-4.317193858096331216e-02
-1.283963403971277728e-01
-1.874373514691185239e-01
-2.252349228787104973e-01
-2.408878792571789162e-01
-2.337868393129448330e-01
-2.093786201838059302e-01
-1.746418153776602145e-01
-1.347468323976649118e-01
-9.401395416370486591e-02
-5.693766586794728191e-02
-2.501048328999250225e-02
6.103097808540597358e-03
3.992978060275614860e-02
7.300392598596515403e-02
9.938599027178179890e-02
1.144493972528536213e-01
1.166337768543619924e-01
1.069679197333481407e-01
8.497372078461476463e-02
5.130398047021732938e-02
1.002287393014054256e-02
-3.375045605404074223e-02
-7.860392198730287161e-02
-1.214309843416219309e-01
-1.538081733187941502e-01
-1.753932453034221794e-01
-1.919786949941481857e-01
-2.057532129805844656e-01
-2.147771819360699275e-01
-2.159593511940230970e-01
-2.072051155774712050e-01
-1.844398962964868549e-01
-1.427421942862746318e-01
-7.820952190040006413e-02
1.586351582273508656e-02
1.248574294277738500e-01
2.094612591110795452e-01
2.542978174891911691e-01
2.656181802072112852e-01
2.467359942484949054e-01
2.032523215018725016e-01
1.444025065209819103e-01
8.059735841000582879e-02
1.978087075758923341e-02
-3.394656511712739605e-02
-7.748417055378292728e-02
-1.083321202648551418e-01
-1.229625260380230595e-01
-1.157716754435184070e-01
-8.421963804893048411e-02
-3.572871880402188338e-02
1.637070301819669102e-02
6.146961009603212761e-02
9.152479769795160425e-02
1.048883273364984853e-01
1.060121499389018451e-01
9.981613729542609947e-02
8.968765917892679296e-02
7.641893824744303010e-02
5.748813761353259444e-02
3.006007952907828462e-02
-4.161839835354939378e-03
-3.807106207214036586e-02
-6.257413589478766358e-02
-7.293245126095590503e-02
-7.025115621757559159e-02
-5.902712154618348916e-02
-4.485400836239713390e-02
-3.358757065721882512e-02
-2.956920336253234666e-02
-3.282697986678234647e-02
-3.975035840533189258e-02
-4.490233489265896966e-02
-4.259117582907317318e-02
-3.055546777143409304e-02
-9.653618257781855852e-03
1.776826004349522231e-02
4.771814690732744529e-02
7.769853393220930993e-02
1.043913567358233097e-01
1.232910737602351536e-01
1.334141488508722995e-01
1.369691359573772527e-01
1.338887347272463835e-01
1.196592125367541559e-01
9.101622427801440984e-02
5.069896364085799134e-02
5.702309422238706696e-03
-4.056930504253770942e-02
-8.510966553951451741e-02
-1.261347097605350076e-01
-1.667593384926320810e-01
-2.034516947512393925e-01
-2.292305678724955720e-01
-2.379424807168672162e-01
-2.279833421226808710e-01
-2.044116066783502050e-01
-1.630741649671552662e-01
-1.150493524003088075e-01
-9.406918434648706140e-02
-1.074202230644764472e-01
-1.399171692892556551e-01
-1.795723677177210875e-01
-2.112446506449096040e-01
-2.140710977174168084e-01
-1.610220538600805051e-01
-1.766083233425200238e-02
1.868707043461753370e-01
3.551304964444130241e-01
4.463392228248733162e-01
4.787701458288067258e-01
4.716348981842897192e-01
4.385891839267933578e-01
3.858634660780080883e-01
3.192750574645567552e-01
2.444511183766624463e-01
1.664423719123081791e-01
9.314675372329478398e-02
3.023497316878213589e-02
-2.380909196708469455e-02
-6.647145416138869334e-02
-9.075496554891021583e-02
-9.697903747445485445e-02
-8.920608931253050378e-02
-7.202663124998504030e-02
-5.321382885090005649e-02
-3.958213265744903175e-02
-3.243908916695700806e-02
-3.095622535827880634e-02
-3.992287482660514947e-02
-6.583516011376022714e-02
-1.086715297247899253e-01
-1.625978857437748171e-01
-2.171889739324135427e-01
-2.615755575554493118e-01
-2.883552012313583268e-01
-2.920767204526377725e-01
-2.660763744822393639e-01
-2.180954009064582921e-01
-1.716460593216489194e-01
-1.310143175601349019e-01
-7.763231227488233410e-02
1.043804539842807175e-02
1.148769043047517119e-01
1.789052599746133454e-01
1.852380524123341532e-01
1.518987898981640494e-01
9.253769942451299524e-02
1.916992832306479988e-02
-5.565775914082912029e-02
-1.192543076683498932e-01
-1.612284948416585761e-01
-1.708101721272093088e-01
-1.334768496536864191e-01
-3.410263095802442551e-02
1.039318948065311859e-01
2.191035775820630027e-01
2.859217992772989381e-01
3.141017713978569437e-01
3.144732217877412306e-01
3.008761433182172151e-01
2.827871728736249812e-01
2.630796267455042248e-01
2.423479064795596438e-01
2.178821106230447169e-01
1.818598772504387007e-01
1.250978706917704464e-01
5.041481679677039390e-02
-2.614659662527519385e-02
-9.477475292705943299e-02
-1.546003587648206723e-01
-2.052283096238533000e-01
-2.443079283994992745e-01
-2.707745666677764396e-01
-2.866240357619109225e-01
-2.902239156695988198e-01
-2.785070805737974164e-01
-2.490989028436038089e-01
-1.980314829075141558e-01
-1.287461947100012050e-01
-5.750034235822287093e-02
1.649041593016712520e-03
4.858709028719990219e-02
9.047836418952107107e-02
1.267660671385348881e-01
1.483832159613071855e-01
1.537149572610310155e-01
1.447382242454008927e-01
1.229535559920642701e-01
9.465589966255492926e-02
6.521833015921436882e-02
3.678493554873497884e-02
