-1.194187640235903347e-01
-2.783066674252707706e-01
-4.094263508949688157e-01
-4.986395380773259167e-01
-5.430741283243152306e-01
-5.451400290822414618e-01
-5.170202331717537181e-01
-4.697902824693109269e-01
-3.928201063767129408e-01
-2.601241417013780421e-01
-7.809719557500713338e-02
8.775525095773609174e-02
1.802147929967844453e-01
1.988101047456525827e-01
1.638850811367134619e-01
9.456187618475947465e-02
1.237587212099485259e-02
-6.424434900538383841e-02
-1.403705140777841698e-01
-2.401694739782311572e-01
-3.620675520767979161e-01
-4.736521083074767269e-01
-5.346723966880889689e-01
-5.047749857461938383e-01
-3.953339327106397683e-01
-2.646666370683685710e-01
-1.488351437298699176e-01
-5.890024630088485508e-02
2.692066643645259216e-02
1.246547025509882889e-01
2.159471825933969580e-01
2.820257198380627939e-01
3.023638371785105639e-01
2.803689214813733788e-01
2.514935397342656920e-01
2.335179250828826603e-01
2.199055042751155986e-01
2.256340243443600846e-01
2.490554385737854537e-01
2.440159361599095189e-01
1.954189156625470991e-01
1.231384292096042443e-01
4.425048152807851964e-02
-2.682042242727736281e-02
-7.884130068389158530e-02
-1.014423107088714970e-01
-7.512138529144418708e-02
-8.060761258989440625e-03
4.986970135878565635e-02
7.632967290462260024e-02
7.954705163008234103e-02
6.214283124210145948e-02
2.413395757411789661e-02
-2.816442340742285333e-02
-7.999459255160655535e-02
-1.185826439252598841e-01
-1.279707372215343197e-01
-8.528830235791623471e-02
2.497293730618421748e-02
1.711442923723282550e-01
2.815486333343110159e-01
3.310857820466566737e-01
3.364778910998189043e-01
3.058974952078190590e-01
2.459284312464778688e-01
1.637022162782938439e-01
6.459536517706192249e-02
-4.727360005133372789e-02
-1.735694572964420757e-01
-3.149580231905508843e-01
-4.629561874442880143e-01
-6.091716210696392908e-01
-7.448267070513707733e-01
-8.483277534179587409e-01
-8.881227171863019798e-01
-8.387082306864612757e-01
-6.758644536065749886e-01
-4.214866602931081618e-01
-1.603243576840622242e-01
5.195250430605859171e-02
2.061277950299616746e-01
3.252036111226314086e-01
4.607349338572013231e-01
6.058482938724575328e-01
6.900253067189718870e-01
6.925103740473125269e-01
6.416020179803021417e-01
5.573271995198343376e-01
4.550121838628667370e-01
3.505785987630514189e-01
2.529058572599892640e-01
1.639274544014973356e-01
8.493329506873954771e-02
1.686368426712381990e-02
-4.023226159313825906e-02
-8.985120059834392214e-02
-1.327705295433906363e-01
-1.654578198907124820e-01
-1.846512432413764671e-01
-1.855151342767356604e-01
-1.702555238234819135e-01
-1.497935140031818047e-01
-1.295117356318514212e-01
-1.080116102857971161e-01
-8.685443683939716997e-02
-7.048924173510298652e-02
-5.920833757956978083e-02
-5.071025623324769416e-02
-4.450685122139274447e-02
-4.185174673833486070e-02
-4.467871868809442093e-02
-5.349386506904437594e-02
-6.636466794265175051e-02
-8.031215851484824197e-02
-9.358047937851787790e-02
-1.044964252829701928e-01
-1.057188090503050071e-01
-8.481007204635772345e-02
-3.337179722987999170e-02
3.024063973775941230e-02
7.317705865035509238e-02
9.025231669259933809e-02
9.115166016778086799e-02
8.447741749854517646e-02
8.043964648081002033e-02
8.237583206646953426e-02
8.763270647367489563e-02
9.214466912244195784e-02
9.153433389807659470e-02
8.155815726589650538e-02
6.033900032578413258e-02
3.653113059680218599e-02
2.542674917447376379e-02
3.134625029709943445e-02
4.829558992860123051e-02
6.856199495250711595e-02
8.932634528593015599e-02
1.130835175358703287e-01
1.394150281625923249e-01
1.642378949967832069e-01
1.818340159062199757e-01
1.871446449850181770e-01
1.769593505233221509e-01
1.506323790410622476e-01
1.122302347115576165e-01
6.479590915597327472e-02
6.898298266175904858e-03
-6.446858355337742319e-02
-1.518706419244011951e-01
-2.501551168814554749e-01
-3.473420897322593293e-01
-4.334347008225076237e-01
-4.951871379242966942e-01
-5.056872226061296383e-01
-4.325336863314848679e-01
-2.959441922760922550e-01
-1.770424807791896038e-01
-1.221132338608900136e-01
-1.193742470382419540e-01
-1.453034463808857424e-01
-1.681393490591174822e-01
-1.659041983711713186e-01
-1.388634999189246044e-01
-9.640348935632259142e-02
-5.105300159806989285e-02
1.473505031829614592e-02
1.343154200566037682e-01
2.801929579871250686e-01
3.880895051822074726e-01
4.634611374808390027e-01
5.322233344220655971e-01
5.590465629892972244e-01
5.219771814018079326e-01
4.548429248752137721e-01
3.970329460896901974e-01
3.555814512665893545e-01
3.273746935096651933e-01
3.389364818603398111e-01
3.935773738644492425e-01
4.181361924125839291e-01
3.512699736069835321e-01
1.954225120918443859e-01
-2.880348005384890733e-02
-3.013563359630541116e-01
-5.967909539814438835e-01
-8.826389942363401797e-01
-1.122033708572520938e+00
-1.272711600672572274e+00
-1.308261088628968727e+00
-1.236884283378115956e+00
-1.063987404775876833e+00
-8.101626244558333134e-01
-5.286040219172915000e-01
-2.415398748531134565e-01
5.582194907969527387e-02
3.662351152146424704e-01
6.690355008499460077e-01
9.143637402807495151e-01
1.051863769301531804e+00
1.068307174564187445e+00
1.002206050585097152e+00
9.128735230005449175e-01
8.255056229702565362e-01
7.143951494357174692e-01
5.690517667028361926e-01
4.053369877113046083e-01
2.362629737094489590e-01
7.731806155542944592e-02
-5.994113159469818819e-02
-1.644479092080520788e-01
-2.284981900194609228e-01
-2.585898968825973698e-01
-2.615110328414367302e-01
-2.408779349704883721e-01
-1.926320505014900708e-01
-1.302632002787702803e-01
-9.973875615717663068e-02
-1.155867519967630624e-01
-1.608118191846669431e-01
-2.306587011092107731e-01
-3.190844075747678588e-01
-4.063987507968882529e-01
-4.681576072622065099e-01
-4.825064019750904265e-01
-4.431723692319299301e-01
-3.517770910218447900e-01
-1.908524047169422588e-01
9.291057683102954545e-03
1.571149138724362293e-01
2.257662605732341232e-01
2.526672658006436367e-01
2.755249632252583791e-01
2.833131929194182552e-01
2.284840919679707594e-01
1.241524526739571643e-01
1.726414933275208230e-02
-5.816607581051142645e-02
-6.547281545246945444e-02
1.695839373578046649e-02
1.339474843083262867e-01
1.873466172608602986e-01
1.508679369321206942e-01
4.601892037152839621e-02
-9.623248418582101837e-02
-2.472077115576722939e-01
-3.940831163649722302e-01
-5.016673699800248132e-01
-5.279410728836777533e-01
-4.424137710404818513e-01
-2.580786955607969890e-01
-3.124287420640578170e-02
1.783254392850493197e-01
3.073246204331608333e-01
3.442016204136947866e-01
3.207159940026814704e-01
2.696916532803877442e-01
2.305373674629315195e-01
2.223912952136104515e-01
2.233624252832058510e-01
2.021528207261104604e-01
1.629170748983818640e-01
1.325506418217913818e-01
1.389492544325408308e-01
1.749835057409487027e-01
1.911526108144147862e-01
1.662467184736176884e-01
1.193043599762166895e-01
6.983493381269333111e-02
2.867797089128593796e-02
3.800103145800239057e-03
-5.504412500979133371e-05
1.677607800517971759e-02
4.268726331302003657e-02
5.487200625843446228e-02
3.978936631951467129e-02
4.449749202384972735e-04
-5.317915560717671047e-02
-1.176722690652337033e-01
-1.988512667095561071e-01
-2.987210852412698348e-01
-4.116742096135037610e-01
-5.206775946184506454e-01
-5.972843626404488182e-01
-6.186342794959819313e-01
-5.685491340574624353e-01
-4.504129349424720319e-01
-2.884789421558108247e-01
-1.081675137700255918e-01
6.366711931803595292e-02
2.338099818269349928e-01
4.012524802581770578e-01
5.127695527297883027e-01
5.475273053399253298e-01
5.242639768605099615e-01
4.546163720569837419e-01
3.481693397706625004e-01
2.186036995831299734e-01
7.839054749931108346e-02
-6.523986239907544893e-02
-1.966046672944619655e-01
-2.788207170672097890e-01
-2.787784196154501903e-01
-2.067162669557767729e-01
-9.895725361008156362e-02
1.924758101799019239e-03
6.201072519640016267e-02
8.738891323128508692e-02
9.745903653191184679e-02
1.071091186736515127e-01
1.276048856362334283e-01
1.611997370119798711e-01
2.003335028329887024e-01
2.307645654295001347e-01
2.480353550478612279e-01
2.496645713543692580e-01
2.343884400930426049e-01
2.093823548447457938e-01
1.775372715460573070e-01
1.348438898988374435e-01
7.931949088793732727e-02
1.433087244883514411e-02
-5.190476331787156200e-02
-1.067138074872129305e-01
-1.375505620807898899e-01
-1.562166741676805082e-01
-1.942665067607486917e-01
-2.619671788718631600e-01
-3.437208918645220379e-01
-4.129182854483772758e-01
-4.405503563826066449e-01
-3.989083924664693082e-01
-3.016417271729419092e-01
-2.143855149805127258e-01
-1.791074784357596650e-01
-1.866732151917087634e-01
-2.008518372160713328e-01
-1.747153576166807221e-01
-9.326422588020334692e-02
1.449593617788418054e-02
1.062303284969758621e-01
1.476566398492745735e-01
1.548664119563439301e-01
1.818174432520014983e-01
2.329279309536773368e-01
2.559752216238933009e-01
2.274050992733754328e-01
1.766968187875200269e-01
1.526568086475719455e-01
1.844192905764625579e-01
2.561632900032297377e-01
3.287809912473179108e-01
3.851763295781437391e-01
4.043087685317728330e-01
3.288896804329984880e-01
1.510389809239348069e-01
-6.953456127548519883e-02
-2.806711485291204511e-01
-4.530043133314005654e-01
-5.527468098614668479e-01
-5.643939904797586893e-01
-5.302884049505257602e-01
-5.045230972767824618e-01
-4.933285206736070516e-01
-4.620337808516337130e-01
-4.051505076961711138e-01
-3.652918508672274300e-01
-3.483240698431004922e-01
-3.169127041151359458e-01
-2.287474720193909128e-01
-6.431759126180255914e-02
1.648945342113856960e-01
4.406680912588510357e-01
7.189382078518098407e-01
9.302902693438135362e-01
1.018423078951406380e+00
9.857270917678961908e-01
8.719571795424840843e-01
7.073900211000844207e-01
5.154017136168118629e-01
3.191582118517047317e-01
1.455902060274845977e-01
1.234795277398474667e-02
-7.664031580269610455e-02
-1.228579113538003226e-01
-1.417358639556014765e-01
-1.539673822216643395e-01
-1.627971352601908506e-01
-1.579245069883585262e-01
-1.319183352341041227e-01
-8.714376804143597610e-02
-3.575730373757539382e-02
1.028073128324438756e-02
4.704376028696423406e-02
6.812983253732439459e-02
6.292066089340458968e-02
2.754294941980914291e-02
-3.653188353441217534e-02
-1.249764308704221227e-01
-2.266371713431646895e-01
-3.224802527296313226e-01
-3.942754315265411535e-01
-4.384538306846911815e-01
-4.586681971296877602e-01
-4.451244095112837362e-01
-3.797504773649147958e-01
-2.937164154229799373e-01
-2.635065848039273018e-01
-3.137174708344930285e-01
-4.163475038228572900e-01
-5.402001350380872813e-01
-6.455923190835780590e-01
-6.875985082546192118e-01
-6.270519971074968169e-01
-4.590911498486434095e-01
-2.141212353499963306e-01
6.820359771123513104e-02
3.515644154584821601e-01
6.227496367422686863e-01
8.574958127415626130e-01
1.005115709735815432e+00
1.033540586550855567e+00
9.566067505614840316e-01
8.121081461623909092e-01
6.321330115187374643e-01
4.433922997568715552e-01
2.634045096297330524e-01
1.017513697669284595e-01
-3.056577709169976814e-02
-1.181496896712905947e-01
-1.497775522511558544e-01
-1.264013482749399286e-01
-7.592985907490545916e-02
-4.799305762140595316e-02
-6.759295506791584973e-02
-1.272934495588448067e-01
-2.095284236778033327e-01
-2.934317246724285067e-01
-3.565608457702318379e-01
-3.838780669472794949e-01
-3.649430568924471041e-01
-2.941729099289243643e-01
-1.767280536448991579e-01
2.677915132725527947e-04
2.234638828569885660e-01
4.278273024879253317e-01
5.629241042001059681e-01
6.151813698659528429e-01
6.059387861584799584e-01
5.542204780918454921e-01
4.564626473941894580e-01
3.129678215658880935e-01
1.366280376324834900e-01
-5.585237767868818370e-02
-2.579863493520737072e-01
-4.673253338496199949e-01
-6.702175616943379932e-01
-8.388090417858777847e-01
-9.437600879432213041e-01
-9.638103264828445926e-01
-8.792197082769227512e-01
-6.698043931070016832e-01
-3.375798114191605470e-01
7.045398133918906458e-02
4.575714114832810098e-01
7.201753771435401852e-01
8.213232007698895165e-01
7.820734525781557478e-01
6.356579098139127915e-01
4.138768755561277324e-01
1.406720952267511981e-01
-1.609662850548371216e-01
-4.617584442425639590e-01
-7.272288588056882164e-01
-9.245558073089219508e-01
-1.020568632322929936e+00
-9.690048355443995343e-01
-7.551838522090177364e-01
-4.052273765878220413e-01
4.060725935262364528e-02
4.808864595137539721e-01
8.176798570514999254e-01
1.027291358278330957e+00
1.101466371433661440e+00
1.045122435753782053e+00
8.952512735996287496e-01
6.942366194118609890e-01
4.700016330896015782e-01
2.492799374675992163e-01
6.291142801185609090e-02
-6.788115916226473978e-02
-1.353909305511281358e-01
-1.511732795265344487e-01
-1.419789213437124553e-01
-1.339507260179471637e-01
-1.357710928032860309e-01
-1.398776324567355123e-01
-1.383750595027564700e-01
-1.288825945930673345e-01
-1.112644156951671931e-01
-9.218377109815098502e-02
-8.434139223993326884e-02
-8.860617547950183637e-02
-9.891545697800904757e-02
-1.188748745181932853e-01
-1.522109633998071643e-01
-1.914049151394051906e-01
-2.299235521138885407e-01
-2.658378679998116279e-01
-2.892904363030269765e-01
-2.842683233578063851e-01
-2.532319135859806836e-01
-2.152573413494691945e-01
-1.656871008251184219e-01
-9.080606735930817075e-02
1.038809492634410435e-02
1.223928601973067881e-01
2.071999779980577272e-01
2.542848986126883259e-01
2.739484723821201118e-01
2.569860186718378459e-01
1.982707011234772221e-01
1.063336934039706139e-01
-3.590443629568687567e-03
-1.096473283661563158e-01
-1.894419944596355820e-01
-2.191065167963787697e-01
-1.699929365125860681e-01
-6.474922742349988047e-02
2.001078185826640765e-02
6.178562581807309217e-02
8.962234457205721372e-02
1.230746994011708700e-01
1.563704292017807640e-01
1.637883644757350821e-01
1.418907998135658100e-01
1.065259198270088470e-01
7.029517965715786909e-02
4.937983151854986180e-02
5.945076256575397566e-02
9.313441219777277014e-02
1.140386094479430429e-01
9.714502039759904950e-02
4.903949650993677523e-02
-1.977160410866057871e-02
-1.037033260290745607e-01
-1.906989229076588022e-01
-2.648542216377404723e-01
-3.111793386210792156e-01
-3.127063279989824029e-01
-2.526115667269901999e-01
-1.167501503119108830e-01
6.005356885360906699e-02
1.961412551996760678e-01
2.626253738846202057e-01
2.768135180409041496e-01
2.460999657915244609e-01
1.775132102603705908e-01
8.761902670840367169e-02
-1.500424147944448561e-04
-6.515064097814435295e-02
-9.495392404740546355e-02
-8.691381444394380429e-02
-4.352549612781238253e-02
1.844152495869354896e-02
6.355279806889400918e-02
7.776986841410572782e-02
7.289819993179316726e-02
5.878190371471644221e-02
3.585223708956638417e-02
1.233365833244500680e-03
-3.759689152110802512e-02
-7.142078988850225629e-02
-9.471564562603151938e-02
-9.952075429648041260e-02
-7.830717077937870974e-02
-4.120345054643153454e-02
-1.594987322082443496e-02
-1.188002052082015418e-02
-2.008978071943296265e-02
-3.355772753589164603e-02
-4.374063775630129131e-02
-4.082552727717445040e-02
-1.134280124441806176e-02
3.966872715734539451e-02
8.143457465708615894e-02
1.039939057328489597e-01
1.189870688536684290e-01
1.227367535927292447e-01
9.856457724690216582e-02
4.488043220834428415e-02
-2.538743440368376736e-02
-1.026739980585691381e-01
-1.785266114494144241e-01
-2.410798988904904183e-01
-2.801910195732394970e-01
-2.879121615023848002e-01
-2.627337664449038712e-01
-2.077497350663326803e-01
-1.094908475022853406e-01
2.770108132285389879e-02
1.508773869054914618e-01
2.236518498252503262e-01
2.529187640610783827e-01
2.497284589709251046e-01
2.219176996286696679e-01
1.799407404302444113e-01
1.319822071691222620e-01
8.243805509250540231e-02
3.783305952122890947e-02
8.328134635070070374e-03
1.887125044091150783e-03
1.075474785129233724e-02
1.412898278188279289e-02
6.782539378962039456e-03
-3.240925566635676283e-03
-1.094440072493270931e-02
-1.409680788776774239e-02
-1.020216338357123748e-02
-2.105193866461402621e-03
-1.543037591740929401e-03
-7.889357479762489772e-03
-5.478827323799072974e-03
2.172058494771212170e-02
6.576206840792850339e-02
9.122348672247454493e-02
8.240351986826598141e-02
4.809844179511922613e-02
-5.252368874876114577e-03
-7.261252561150621787e-02
-1.451689231917726031e-01
-2.092439454712035629e-01
-2.502058116308740754e-01
-2.537480444116441136e-01
-2.052453074567574531e-01
-9.683410034196696103e-02
3.302503780259065380e-02
1.150788891705229328e-01
1.315798753736640847e-01
9.948606757203806716e-02
3.085562015014963605e-02
-5.811428292079081487e-02
-1.476404356095696868e-01
-2.203637624676633711e-01
-2.621629459940161833e-01
-2.577754443162976195e-01
-1.928139620421311373e-01
-5.372815106949697939e-02
1.275301519365185932e-01
2.772327508537680840e-01
3.708704514502537686e-01
4.213844223647079668e-01
4.326884723097462748e-01
4.098208414175937842e-01
3.608348908656209275e-01
2.937651493368543254e-01
2.108157360742500541e-01
1.128442117865405270e-01
7.514153712373542945e-03
-1.006939273153838743e-01
-2.034058507394086723e-01
-2.825054021877004273e-01
-3.307097219681978117e-01
-3.516372727827132283e-01
-3.495603391082259259e-01
-3.303394836766082032e-01
-2.999626973434249000e-01
-2.607433175251074320e-01
-2.134387516844575561e-01
-1.554794249383279758e-01
-7.516703838379837355e-02
4.114268036990038901e-02
1.725299693434546588e-01
2.692308667594686677e-01
3.138906266268315370e-01
3.169713911868207168e-01
2.882380149905492961e-01
2.386022025383010559e-01
1.787379254360054459e-01
1.168213081551444654e-01
5.921552705643206432e-02
1.147392899531559686e-02
-2.478468901045231126e-02
-4.996139213470394275e-02
-6.684263853422153789e-02
-8.435875326230471427e-02
-1.042427044672429998e-01
-1.149301128981282116e-01
-1.047008222256915339e-01
-7.479326361326806005e-02
-4.314533279371378371e-02
-2.342052613923022164e-02
-1.282195281930859077e-02
-4.712631337190665258e-03
4.729824164469448138e-03
1.829899632565948342e-02
3.055073294303840489e-02
2.923169436374917218e-02
1.239627922170462304e-02
-1.406540045455509369e-02
-4.210354174141455602e-02
-6.178920485729602619e-02
-6.662094629247733435e-02
-5.612890763904657132e-02
-3.760939964497719140e-02
-1.856043098217747753e-02
5.612027071724652594e-03
4.769950996678352928e-02
9.584377914872896365e-02
1.161237751460337531e-01
9.780727259853561062e-02
5.041708126409388119e-02
-1.623002236456642239e-02
-9.079453806367715485e-02
-1.608628642133125841e-01
-2.162659817636315984e-01
-2.488063019484126059e-01
-2.454444957179544584e-01
-1.923414347322482398e-01
-8.335006289591906370e-02
5.104106751121052776e-02
1.507355184382109803e-01
1.966310485385099616e-01
2.064674574580316890e-01
1.932900927685290704e-01
1.678661004608958396e-01
1.424142057418585072e-01
1.262303196115501791e-01
1.208796231818245470e-01
1.211873164393794805e-01
1.232337315885463358e-01
1.221748510417686034e-01
1.083406363896626812e-01
8.116692028943810200e-02
4.993973832819739722e-02
1.973059901345687595e-02
-9.285444493929786297e-03
-3.445926034671821514e-02
-5.150156272320415701e-02
-6.019953774144162079e-02
-6.270061495877601865e-02
-5.952449755062466652e-02
-4.868867260715220580e-02
-2.690959121543948923e-02
-5.630461619166346465e-03
-8.421733169727435922e-03
-4.101081685841977825e-02
-9.526838118731142946e-02
-1.640705766544408029e-01
-2.395306508634438558e-01
-3.095060247536874920e-01
-3.571439398143623767e-01
-3.686726175605642974e-01
-3.338764088574681654e-01
-2.403475635283383594e-01
-7.120730086965582073e-02
1.418862668458488741e-01
3.161950529337189675e-01
4.183771832414146519e-01
4.627897797834107374e-01
4.612014804542178825e-01
4.237372848130248615e-01
3.571961265089698134e-01
2.670294572911180442e-01
1.623166019055277687e-01
5.182344239909901507e-02
-5.950563309015681479e-02
-1.699812068743025706e-01
-2.761301394421659672e-01
-3.668892384184515576e-01
-4.323755964897829651e-01
-4.682019409298767143e-01
-4.659223178218990236e-01
-4.083210841739196573e-01
-3.089522478023504770e-01
-2.178387746195046548e-01
-1.503050481654276405e-01
-8.519346597465898840e-02
-2.372032703272540510e-03
1.163192747992221193e-01
2.523963034786796400e-01
3.528287983061488275e-01
4.008335337382813446e-01
4.132265577805217527e-01
4.014978425536008810e-01
3.711985966092616329e-01
3.263609103623157370e-01
2.719937520520540053e-01
2.127710440790999968e-01
1.500880728828173638e-01
8.183455238011050348e-02
8.377101092945267446e-03
-5.987549110096205413e-02
-1.100338827130324937e-01
-1.398681170851427402e-01
-1.538746762492485265e-01
-1.565670489259516351e-01
-1.524545370575329239e-01
-1.447871169869808516e-01
-1.347371753734389332e-01
-1.230571027695239045e-01
-1.111721887422519456e-01
-1.003668470044469796e-01
-9.057736768398097493e-02
-8.148365761246381678e-02
-7.497668658681036491e-02
-6.651970424491450429e-02
-4.718300990675913104e-02
-1.383732629190713784e-02
3.374101079328390568e-02
8.650267826156507467e-02
1.329730616600035831e-01
1.731664595539441909e-01
2.118850373464540027e-01
2.515676299923869097e-01
2.842276385212846312e-01
2.957059771506844736e-01
2.819526160321531028e-01
2.418071460048696053e-01
1.766723991358905010e-01
9.825863992324641860e-02
1.600370648381991071e-02
-6.412345179388614924e-02
-1.379690769721113874e-01
-2.075586522764588659e-01
-2.751700560341452384e-01
-3.416820834707690047e-01
-4.043752683124852698e-01
-4.499070537080936960e-01
-4.728897080672841424e-01
-4.745935668732661483e-01
-4.608131367721893801e-01
-4.583591742767589294e-01
-4.734401871116016292e-01
-4.888130493161004231e-01
-4.899473207923870088e-01
-4.405600486223123502e-01
-2.849131281029682605e-01
-9.695083718522908012e-03
3.325174960461680373e-01
6.509091036655664242e-01
8.567388053674611648e-01
9.327251443038944156e-01
9.140075282400517143e-01
8.317520216525058352e-01
7.132122372981180014e-01
5.815223726970979445e-01
4.526403603525379626e-01
3.377473997979565379e-01
2.369006742397478382e-01
1.391036215362536077e-01
3.982455419836822968e-02
-5.694880926834536283e-02
-1.485002505998205269e-01
-2.370480317869643194e-01
-3.223170687244888422e-01
-3.971221719285924490e-01
-4.551036075873853837e-01
-4.974566543356869208e-01
-5.286337026061961319e-01
-5.489574251216882139e-01
-5.503723485355449530e-01
-5.159596495061660182e-01
-4.340354310537289928e-01
-3.257451719587817207e-01
-2.277535428262163764e-01
-1.430111452801696437e-01
-4.654991152437110841e-02
9.207088104635186010e-02
2.751833787838931511e-01
4.440640793683194310e-01
5.402252378332687011e-01
5.642334619047025823e-01
5.389922358147213322e-01
4.780885305975854926e-01
3.918204201810114862e-01
2.941475173890183425e-01
1.976373470574104840e-01
1.081009266962648235e-01
2.972576091852022206e-02
-3.606394647197996850e-02
-9.187058358105179567e-02
-1.419153682745342704e-01
-1.865636481354193965e-01
-2.212414460328638033e-01
-2.436460137351965927e-01
-2.528395956481994666e-01
-2.425070159971016714e-01
-2.127599693890723787e-01
-1.766276666101403436e-01
-1.385632482869968984e-01
-9.575887312476358271e-02
-4.917154053809814213e-02
5.525775645231973884e-03
5.919700637759144068e-02
8.749027423137337167e-02
8.863329073064675490e-02
7.750596034385887068e-02
6.636575326391813689e-02
6.862181425694555137e-02
8.621107630912346054e-02
1.038184555410480298e-01
1.106370095330385384e-01
1.065287463204643292e-01
9.348807102853036455e-02
7.240047982252947878e-02
4.284095180972102845e-02
7.918081541225651526e-03
-2.650453460432015268e-02
-5.779880847966461371e-02
-8.440278894473138283e-02
-1.039075464952561589e-01
-1.147561547976058971e-01
-1.151063689880710283e-01
-1.076199511171747891e-01
-9.662417947862067535e-02
-7.897732625848913335e-02
-5.232213921762579600e-02
-2.235502197383703801e-02
5.553685593702093609e-03
3.116355723563257740e-02
5.483156286454039796e-02
7.388792742152532067e-02
8.232278256385164306e-02
7.891368433371656610e-02
7.004847652272547243e-02
5.741112723525700762e-02
3.748262960938798793e-02
1.315518433899415598e-02
-7.452831727814982800e-03
-2.033981832679115573e-02
-2.614016669562379061e-02
-2.761638384305397168e-02
-2.693186765681823691e-02
-2.430574481900701564e-02
-2.027569405559900145e-02
-1.613649557055175238e-02
-1.172633907154428667e-02
-3.995880170315631655e-03
5.270613844746086830e-03
9.183140920345195246e-03
6.529767092123556736e-03
3.640285054594544212e-04
-6.159971411751841153e-03
-1.057672057638632535e-02
-1.146716920939488266e-02
-7.777620006528139854e-03
8.601327057993655642e-04
1.691592416233498111e-02
4.001239882084857424e-02
6.449802584980943165e-02
8.797307309519213081e-02
1.101766588610996883e-01
1.290407973678648346e-01
1.423278403707407824e-01
1.489653475709752928e-01
1.475860555310573585e-01
1.353332860177828556e-01
1.116556088160998439e-01
7.837160564897670267e-02
3.641285776421575304e-02
-1.183469856069600465e-02
-6.372176649044286600e-02
-1.184495610667748167e-01
-1.730383190044153530e-01
-2.232998020671020933e-01
-2.682363446937355844e-01
-3.055313488190963267e-01
-3.229117405176628042e-01
-3.010400668200203245e-01
-2.236632213035085748e-01
-8.344739770741621543e-02
9.298117247508141947e-02
2.341028603600012747e-01
2.858242486666149329e-01
2.528978989026640645e-01
1.659985134549717689e-01
5.303194958542449544e-02
-6.225784268170424934e-02
-1.561640624699319746e-01
-2.039446081294811197e-01
-1.816882251782267199e-01
-1.038427640304271093e-01
-1.971626378037360725e-02
4.097592306741146273e-02
6.475593956572688048e-02
5.852999429211889343e-02
3.869685023312245675e-02
1.584799594112978188e-02
-8.155085440005521019e-03
-5.556046179906409810e-02
-1.275269550637244675e-01
-1.980507581524741934e-01
-2.463890618244314323e-01
-2.473387650580948227e-01
-1.781236822416059074e-01
-6.542088200765105999e-02
3.655378827964278488e-02
1.299230926805936548e-01
2.546475000796646349e-01
3.954919700731645005e-01
4.867648793787592298e-01
5.047096527418645229e-01
4.682544989549030090e-01
3.964018767095436879e-01
3.049205913485987240e-01
2.053336637957370869e-01
1.080631424713576344e-01
1.764705875017528319e-02
-6.660798964617653528e-02
-1.429565078102201514e-01
-2.117364426924432108e-01
-2.764343437326575170e-01
-3.377835706152974016e-01
-3.917242186966034545e-01
-4.307894676310347060e-01
-4.458782479424462930e-01
-4.198729556795344764e-01
-3.328306775793432037e-01
-1.709270163463620651e-01
3.353839210462933318e-02
2.052589802760638182e-01
3.143646792435438875e-01
3.724899621594134347e-01
3.904293700293469671e-01
3.805541809043350154e-01
3.519673074688883241e-01
3.106664492203869976e-01
2.628169901630273420e-01
2.101099131160711064e-01
1.496278364905666292e-01
7.963522116177956800e-02
-3.715519502750088549e-03
-1.069317095203713430e-01
-2.252080563652980316e-01
-3.378119009755408131e-01
-4.305428153247559675e-01
-5.029542558063205826e-01
-5.542505691157181280e-01
-5.824603276620630155e-01
-5.808821115240574429e-01
-5.312558364022580415e-01
-4.122373091045105631e-01
-2.019598039666369305e-01
7.254700793211320275e-02
3.174114440432346806e-01
4.734693784841144670e-01
5.447895769793973386e-01
5.548004169712771327e-01
5.298719211556199848e-01
4.846470564735092523e-01
4.245186895898604984e-01
3.544481459632275455e-01
2.791646045206414017e-01
2.006031717058077701e-01
1.147002394514019114e-01
2.623434740457623870e-02
-4.486214093998729113e-02
-8.778696515604905715e-02
-1.089733140271327838e-01
-1.189735519402734809e-01
-1.205945388418758063e-01
-1.122414315575126081e-01
-9.862558244322408574e-02
-8.663536659162617004e-02
-7.769388941830920881e-02
-6.932445213578297682e-02
-5.936916720487719901e-02
-5.231242404511755872e-02
-5.812989837926593045e-02
-8.211979943403477367e-02
-1.236495543753061976e-01
-1.780986204454296784e-01
-2.379295701120511808e-01
-2.940101759998606235e-01
-3.354953630524863395e-01
-3.488914048106925292e-01
-3.179748977947084998e-01
-2.243101251440745014e-01
-5.042777473994174836e-02
1.651815911397124526e-01
3.300960905437422266e-01
4.051506419108040769e-01
4.079637943288391688e-01
3.573113063900721365e-01
2.709065036541773441e-01
1.669663240014169769e-01
6.161809289718484656e-02
-3.166640593826310773e-02
-9.914815632996003270e-02
-1.259979855647344882e-01
-1.011185511978289348e-01
-4.003417053807699355e-02
1.457660771538081719e-02
3.903634430197753385e-02
3.379795292959212466e-02
8.077954005445871222e-04
-5.219073805398517785e-02
-1.118371879995504747e-01
-1.640675708941675137e-01
-1.942406482204796225e-01
-1.860592278852589709e-01
-1.215804685444282357e-01
1.542505333229854392e-02
1.918719294167236245e-01
3.283727918395126788e-01
3.916546557667440198e-01
3.930087577674219457e-01
3.459283044676816354e-01
2.644117884061273904e-01
1.609464224597036974e-01
4.798951000153804658e-02
-6.697956200431526286e-02
-1.788564789503918062e-01
-2.793938069073853003e-01
-3.581292833874646364e-01
-4.018812985725133680e-01
-3.960156328051550045e-01
-3.247095461589809551e-01
-2.143611378719347815e-01
-1.312014856631250614e-01
-9.343854726430413093e-02
-7.959164149037624425e-02
-7.427577581186424471e-02
-6.931431092483686385e-02
-5.858520896056139404e-02
-2.361934806356671968e-02
6.326894306918330602e-02
1.861221779557777622e-01
2.851202019622942063e-01
3.397173438797805312e-01
3.603467952531057006e-01
3.479459371790806221e-01
3.084122904322016412e-01
2.540627108625269637e-01
1.943852618320107695e-01
1.334966071286516898e-01
7.110147579533528106e-02
7.766203189477261307e-03
-5.152624322362234222e-02
-1.015274754587967287e-01
-1.397019742434812972e-01
-1.678802098243305785e-01
-1.926039664064687629e-01
-2.194245766178248291e-01
-2.473073287221683736e-01
-2.691841686285044166e-01
-2.774252319543411005e-01
-2.677576171098193236e-01
-2.327207894174540548e-01
-1.584843752051164623e-01
-3.258830201033887514e-02
1.189337260710087302e-01
2.384371642653447532e-01
3.099680288480822776e-01
3.485153317746239598e-01
3.594931939121886466e-01
3.451879198064761733e-01
3.082991416515126204e-01
2.533056148042389100e-01
1.846773498109163525e-01
1.051931096713970559e-01
1.870312076827441300e-02
-6.908231787028276671e-02
-1.515937808048613833e-01
-2.251744199815721159e-01
-2.900056017106100170e-01
-3.446884612856170871e-01
-3.917283022953307325e-01
-4.351484521131542826e-01
-4.649805330395216929e-01
-4.688327281218139797e-01
-4.415521932046280185e-01
-3.728787619893196292e-01
-2.475486727963985834e-01
-4.603296507361896717e-02
2.007136953071152474e-01
4.038365196520433131e-01
5.254661599496517344e-01
5.831253662124114001e-01
5.923154380127026997e-01
5.636353765912215374e-01
5.067491787475839615e-01
4.313237701213326614e-01
3.433645690754620339e-01
2.462199418736965295e-01
1.447974988341711455e-01
4.035968075575054048e-02
-6.733297871380339306e-02
-1.731490016387164377e-01
-2.739018847960453806e-01
-3.685798073219291870e-01
-4.519010826928075431e-01
-5.171943283586598605e-01
-5.608199315118981287e-01
-5.782336516581948471e-01
-5.581421602361137380e-01
-4.840736765132368502e-01
-3.405499944505358534e-01
-1.133746895114946251e-01
1.612258281520607406e-01
3.896844350548578362e-01
5.274829348240572813e-01
5.887864734886645302e-01
5.901817212074135233e-01
5.474435190613202717e-01
4.756437743908863425e-01
3.858480148297826484e-01
2.861668199207577645e-01
1.837994918517666942e-01
8.372532337246781087e-02
-1.070477815329954133e-02
-1.017206924621594372e-01
-1.978725714800702584e-01
-3.003743368672193714e-01
-4.036030725408484288e-01
-4.994950763556741391e-01
-5.710156259093607245e-01
-5.975101320798040794e-01
-5.730572621532730171e-01
-5.066968480235506389e-01
-3.948402510462974413e-01
-2.144181580941293963e-01
3.855580542558577350e-02
3.017055244853248386e-01
5.018689797832855959e-01
6.367132432840244549e-01
7.301248208468489320e-01
7.763634716535818825e-01
7.585009309447696690e-01
6.832323514336050563e-01
5.686460284097067941e-01
4.250780591383781504e-01
2.662219280234820462e-01
1.014305158529062306e-01
-6.902708506965754554e-02
-2.415971747395052605e-01
-4.102233794126454169e-01
-5.690804060146144039e-01
-7.142308814676222584e-01
-8.454617908517765290e-01
-9.551019330133807550e-01
-1.024588243252022135e+00
-1.027477432196999718e+00
-9.297206168825314920e-01
-7.093070036647302068e-01
-3.661063496517854565e-01
6.263246868963008585e-02
4.653278510172379479e-01
7.312506213969711677e-01
8.529962159535389166e-01
8.780109178446870999e-01
8.437470458606113333e-01
7.697620368023050386e-01
6.587838901571919648e-01
5.155039396078591185e-01
3.610307847962040406e-01
2.236073409857141925e-01
1.179302580329611300e-01
3.840493588302213573e-02
-2.492778431323027649e-02
-7.138799034262355292e-02
-1.040010060464195557e-01
-1.337789480967703781e-01
-1.645106755762869022e-01
-1.965837983517628729e-01
-2.297261794124502987e-01
-2.604441372435408186e-01
-2.842241025078844352e-01
-2.951329319705188747e-01
-2.841010809052065267e-01
-2.428283860214887069e-01
-1.586152267348148737e-01
-4.331300409937344914e-02
5.205023635769614326e-02
1.037520265695744681e-01
1.237740877007016405e-01
1.193588051866942418e-01
9.278327764109553510e-02
5.160632146253010810e-02
9.477435859431757731e-03
-1.927098029339609914e-02
-2.351654196541052080e-02
-1.427111525306654083e-04
3.923433274891845179e-02
7.252244753353838391e-02
8.666865132948403661e-02
8.601263826563709802e-02
8.062350176106176936e-02
7.292026183970017061e-02
5.752254598773558908e-02
3.092634903449372266e-02
-6.288409881118780381e-03
-5.373350902953070996e-02
-1.107935529459468937e-01
-1.737395428755728333e-01
-2.284911946087256063e-01
-2.470844413969613407e-01
-2.035153303450698004e-01
-1.171175154677092795e-01
-4.394378409557458953e-02
-5.770074662560903747e-03
6.002067343390853765e-03
-9.402758506449060416e-04
-1.316006179175597049e-02
-1.563298090851082331e-02
3.062432225523339935e-03
5.244179491824846329e-02
1.208808949950476441e-01
1.744227788619906183e-01
1.978201268385243183e-01
1.981898794657701579e-01
1.843027361224092164e-01
1.628307110955257986e-01
1.375126596737125395e-01
1.103027041708864175e-01
8.153985856478654370e-02
5.151949633086726904e-02
1.985310882830961660e-02
-1.622885616551148630e-02
-5.181164647542586821e-02
-7.752171292694710891e-02
-9.166731948045500622e-02
-9.359940438304403809e-02
-8.410381723063170556e-02
-6.959717141315302502e-02
-5.535178148742955773e-02
-5.013741000874102210e-02
-5.810354498050117333e-02
-6.293683969867569505e-02
-4.691344862737804877e-02
2.119266679923931251e-03
7.220954009904625992e-02
1.214006899216243385e-01
1.334714225863832260e-01
1.169697818386635085e-01
7.694610724511338762e-02
2.298412457973875167e-02
-3.533924837972426958e-02
-9.098047413553610185e-02
-1.350168817472978677e-01
-1.555954049469981115e-01
-1.390185355867484540e-01
-1.003428014592323281e-01
-7.611020058340307870e-02
-7.206354861169737835e-02
-6.980232764587407379e-02
-4.754152600258101935e-02
-6.307754816967512355e-03
2.101028304134045649e-02
1.696306195187219368e-02
-8.838340177081720900e-03
-3.906811200481246499e-02
-5.356362158743148416e-02
-3.090565205453384839e-02
5.163608681344181162e-02
1.712550147936227063e-01
2.548562491496964011e-01
2.707871497646250347e-01
2.326774912661655204e-01
1.548536289047306447e-01
5.198270569747782260e-02
-6.429043303223740125e-02
-1.833130101831734748e-01
-2.848426791404209957e-01
-3.399753118131878526e-01
-3.268434260693169335e-01
-2.404724152142065918e-01
-1.175637677942945325e-01
-2.278258005116962082e-02
2.462233354380723854e-02
5.133935681347952251e-02
6.509943055817921098e-02
5.168379853180364580e-02
1.312643436105514344e-02
-3.639582725002668551e-02
-7.421316753892477636e-02
-6.573838105642912377e-02
2.093961245007356156e-02
1.890864923266627473e-01
3.766418294354895724e-01
5.023286775389727010e-01
5.484412888586507329e-01
5.298200636040468758e-01
4.516516403656161138e-01
3.276859453173611714e-01
1.787331812079322180e-01
2.489168621741606052e-02
-1.146379449046857485e-01
-2.307475239993043159e-01
-3.249891766650286340e-01
-3.964459064442649727e-01
-4.461015938822647797e-01
-4.843145710671231119e-01
-5.140684281749360318e-01
-5.276196718500447691e-01
-5.217515895075796051e-01
-4.936946370371638748e-01
-4.265937773810573042e-01
-3.069349465035365876e-01
-1.334720109080895778e-01
7.053639369911038348e-02
2.585183823102991663e-01
4.212702573779625315e-01
5.633412722595851907e-01
6.525032246056877705e-01
6.694432726274125445e-01
6.335995743602549357e-01
5.621229012001343062e-01
4.563658234341653186e-01
3.232080708530383206e-01
1.820431262964504193e-01
5.205966225842922207e-02
-5.629520301294670126e-02
-1.372738776865471411e-01
-1.915770149346245899e-01
-2.235209418191472508e-01
-2.453836512198341591e-01
-2.789933481893923650e-01
-3.346128537287658689e-01
-4.110135950918401004e-01
-4.978446204899182326e-01
-5.681780092634926005e-01
-5.933406186054001052e-01
-5.540358197173202992e-01
-4.473099906297020034e-01
-2.854143795604062173e-01
-7.210876822503217709e-02
1.588185539168800453e-01
3.376481903573229637e-01
4.439834188083235378e-01
4.972364239356429905e-01
5.128340172953741449e-01
5.098891226944677335e-01
4.902516880146386979e-01
4.373382766443764114e-01
3.543648549843707585e-01
2.595662820612699706e-01
1.659835653709963998e-01
8.181666687043270825e-02
1.239949775196390325e-02
-3.796062039511964581e-02
-6.597011103494461459e-02
-7.897653467119511439e-02
-9.522993348949643222e-02
-1.208397117588391190e-01
-1.513566788940722829e-01
-1.875266410051608101e-01
-2.293902081778595170e-01
-2.666532849759943868e-01
-2.835561385881524288e-01
-2.676828266745706619e-01
-2.053715259944496330e-01
-9.708250483588848345e-02
3.918657863545040032e-02
1.749091652240453432e-01
2.730780457025946961e-01
3.125980053516980162e-01
2.846049593100093422e-01
1.921196501418979130e-01
5.098483541160458293e-02
-1.222328297830478083e-01
-3.028397489719020785e-01
-4.617593906083077848e-01
-5.669900156234175537e-01
-5.867843799998545551e-01
-5.028515082181224116e-01
-3.445796309580302919e-01
-1.788488730528272341e-01
-3.506019298477400931e-02
9.258107868708206900e-02
1.931744106108209125e-01
2.435399281497394042e-01
2.555187061919513281e-01
2.566272802063493952e-01
2.670014718759810002e-01
3.184296423250472241e-01
4.005822976215406284e-01
4.550964167319551668e-01
4.578654106603902152e-01
4.234572017232673957e-01
3.673012554991750278e-01
3.000811836145156897e-01
2.272221409467078956e-01
1.513762338477669667e-01
7.428276800938032887e-02
-6.875080337801223185e-03
-9.681996675365159288e-02
-1.904290203789223979e-01
-2.773067997270852736e-01
-3.528749948366452505e-01
-4.148039220659740511e-01
-4.604919911845624658e-01
-4.887002189616067582e-01
-4.977800905111329222e-01
-4.803619302897290666e-01
-4.298105632014014299e-01
-3.461868415875328231e-01
-2.214191989200237909e-01
-3.899123909091167101e-02
1.691435239822993986e-01
3.260258621807993751e-01
4.066529321577899148e-01
4.326309340542362492e-01
4.218826992781774532e-01
3.896873718766278305e-01
3.486051192745800442e-01
3.059458064530071741e-01
2.609056595238925524e-01
2.084714517397032452e-01
1.425675479075090568e-01
6.025793615387847052e-02
-3.482148156218744378e-02
-1.346618905231647401e-01
-2.278219367595750999e-01
-3.023071221562576572e-01
-3.464570109063757064e-01
-3.630625247270022893e-01
-3.663709530702908834e-01
-3.517485011594373434e-01
-3.033126671526601426e-01
-2.158306811069665987e-01
-8.771622058099587393e-02
9.347324440937306023e-02
2.961997420757553345e-01
4.416341489649409646e-01
5.037457934250912928e-01
5.021404700185201353e-01
4.534249048316891795e-01
3.714709706545449852e-01
2.729449199754066524e-01
1.784632800947313913e-01
9.955510707961728878e-02
3.526713439019817792e-02
-2.020383356742113529e-02
-7.072668869111202461e-02
-1.252963040241836801e-01
-1.995857719734208668e-01
-2.969286183478185293e-01
-4.040214539974142371e-01
-5.091371302739106097e-01
-6.067105338776319634e-01
-6.826435054105673972e-01
-7.149741864862829699e-01
-6.783669019120281973e-01
-5.534977534746924333e-01
-3.245814635854114005e-01
-1.614036536544065370e-02
2.704734922672180630e-01
4.615411668996470818e-01
5.636726306607646730e-01
6.055675788940805271e-01
5.940096929331400988e-01
5.200519112439044855e-01
3.999093091409048895e-01
2.643682373771378824e-01
1.374252635236211106e-01
3.940937825716944037e-02
-1.249788666262956725e-02
-5.479112554238260713e-03
4.475842830918775467e-02
9.183165891949759962e-02
1.107498697866462767e-01
1.038376065958157429e-01
7.485215180575655047e-02
3.145339102076987609e-02
-1.665531832536992773e-02
-6.384114811894596453e-02
-1.069738973384358471e-01
-1.418845182221953605e-01
-1.652506587048770126e-01
-1.788391258538737649e-01
-1.826676267082100458e-01
-1.702964481138091735e-01
-1.378811493384199949e-01
-8.806608769370893874e-02
-2.745207387037270491e-02
3.657915813655257531e-02
9.663893576018187104e-02
1.430573224384004694e-01
1.658178134716517538e-01
1.633070325778304965e-01
1.391530002586473524e-01
9.186832632430860790e-02
2.667734281793207943e-02
-3.307381249014208768e-02
-6.434510335840154527e-02
-6.552263014442824551e-02
-4.903414139229755886e-02
-2.262082379884487737e-02
1.044327403846753710e-02
4.262604855594880060e-02
6.194668285589576689e-02
5.491058659330396580e-02
1.703595266566106103e-02
-3.821270762898693052e-02
-9.303666458028628239e-02
-1.380043188039800084e-01
-1.681145145389264794e-01
-1.831659145520051213e-01
-1.865630342614252313e-01
-1.799449307129564468e-01
-1.640484678672431695e-01
-1.403132871780090885e-01
-1.103889803838121603e-01
-7.577783715595549918e-02
-3.637584459700251432e-02
1.222336862448877501e-02
6.756902500899179820e-02
1.154991794320947562e-01
1.480285345897579541e-01
1.669110970866877763e-01
1.757334863879924103e-01
1.779046802559655915e-01
1.739440612814603382e-01
1.631925639527107563e-01
1.450469902210688722e-01
1.171041693407627315e-01
7.887820793038000100e-02
3.267444367428458396e-02
-1.322892363287782487e-02
-4.633546627838429355e-02
-6.364551001169045652e-02
-7.142480751465377087e-02
-7.694683394179045732e-02
-8.210821163650353083e-02
-8.304104361397743328e-02
-7.852729699563680554e-02
-7.169940612130973334e-02
-6.688783795458326520e-02
-6.573874665440074261e-02
-6.734190745470992889e-02
-6.998034694245830467e-02
-7.067120032827403642e-02
-6.756901487081848345e-02
-5.946894781522050338e-02
-4.498071252946925919e-02
-2.194933083955131342e-02
1.128878448239837434e-02
5.384071947568618011e-02
1.025258125383819996e-01
1.506896212426525883e-01
1.891702015732525111e-01
2.136835838361181572e-01
2.246304968808281455e-01
2.142345362674909492e-01
1.778062457380774619e-01
1.283466294757642234e-01
7.639058579721173803e-02
1.981833246015481109e-02
-3.989200637027036367e-02
-9.098687098147148489e-02
-1.194885550637055510e-01
-1.171336496657263693e-01
-8.690057827465116902e-02
-3.675040802423442526e-02
1.179405036196432000e-02
2.886832937914576847e-02
1.308494832278620998e-02
-2.177051630026126741e-02
-7.140201193055149831e-02
-1.311265938949736087e-01
-1.926035209590862274e-01
-2.476290803708380561e-01
-2.875686435083231740e-01
-3.025829765902255386e-01
-2.823906143099398358e-01
-2.160049157199840919e-01
-9.032482752540713089e-02
6.293686463976155832e-02
1.673579490451462815e-01
1.951030488668198115e-01
1.663578339153619079e-01
9.986107614153080791e-02
1.271286652157695152e-02
-7.489371852174961375e-02
-1.425960096631579410e-01
-1.687561650299655436e-01
-1.285933286918618801e-01
-1.877255883245998458e-03
1.774304488260063373e-01
3.229948781001868441e-01
3.967311153690052383e-01
4.134705190969242827e-01
3.889962643619758742e-01
3.351349187830676701e-01
2.610763771723026982e-01
1.746429248066079243e-01
8.138445637676172684e-02
-1.445639347630114577e-02
-1.102941066382261137e-01
-2.006375220425610506e-01
-2.694728142647279112e-01
-2.999014339762546832e-01
-2.841256486466881559e-01
-2.246715937420456777e-01
-1.363329821239168682e-01
-4.482222212515871163e-02
2.583115853703271680e-02
7.284572531289808250e-02
1.054113772194528453e-01
1.293857683229974742e-01
1.511672883710240001e-01
1.661094927298214230e-01
1.523485574453869729e-01
9.921485940391758240e-02
1.582031962430139466e-02
-8.378343959810519159e-02
-1.925871355650006223e-01
-3.114175456519355234e-01
-4.288317545890630300e-01
-5.200965177832277408e-01
-5.627359724426390652e-01
-5.352827740992891492e-01
-4.089824621105249691e-01
-1.758172670625341716e-01
9.708548270299974248e-02
3.050335020051681556e-01
4.061628725417700259e-01
4.205440110079291527e-01
3.760397428510711682e-01
2.974982386619283714e-01
2.130300776719120381e-01
1.431791942993393685e-01
9.092216002069919423e-02
6.364379081564533469e-02
8.328304353670377969e-02
1.577725321377068113e-01
2.486322046845223510e-01
3.046979210963232654e-01
3.171771043743775165e-01
2.990684296781521700e-01
2.597233139490082721e-01
2.062403935071852601e-01
1.421537383797887577e-01
7.023352441737454321e-02
-3.265503475616639284e-03
-7.309608104441742138e-02
-1.404686400726668782e-01
-2.058151359533824110e-01
-2.688707982834938059e-01
-3.349915830161149799e-01
-4.096313783254519336e-01
-4.916927270012229068e-01
-5.755388914861405691e-01
-6.482258944231881204e-01
-6.885645219514074933e-01
-6.711639871061642060e-01
-5.684314643954951896e-01
-3.506271130392009661e-01
-3.583805525811838838e-02
3.072562186115413430e-01
6.129613351479406003e-01
8.160303700249478265e-01
8.945767187065628567e-01
8.770111533585361885e-01
7.938256221291322134e-01
6.699342868040606414e-01
5.222017339974904804e-01
3.602794831502282857e-01
1.894906394535715577e-01
1.877746892400596057e-02
-1.386691982624019825e-01
-2.771835025379316142e-01
-3.963397845069948078e-01
-4.943899442956277701e-01
-5.664161883537737197e-01
-6.002250429318465308e-01
-5.961467601714167674e-01
-5.669701319361257763e-01
-5.174764076418261194e-01
-4.475025278735499379e-01
-3.412068289803538712e-01
-1.837693424062916137e-01
1.263013395441718936e-02
2.403854349563199766e-01
4.642003898148733265e-01
6.046620040033316990e-01
6.350622255370412805e-01
5.847757094032348668e-01
4.833715941294161045e-01
3.517358131749160899e-01
2.016154917260959134e-01
4.613591908648322082e-02
-9.807531044405576326e-02
-2.169303420647814284e-01
-2.998687586745716893e-01
-3.376355365365763528e-01
-3.193364098702651255e-01
-2.338550730233748265e-01
-8.750264923718591159e-02
9.594240110293822399e-02
2.788297941681315839e-01
4.126827806456112580e-01
4.808421889339122846e-01
4.977314399304641479e-01
4.767221626174755755e-01
4.266269260899034355e-01
3.535464983094792624e-01
2.620118683255326375e-01
1.593859919520141943e-01
