-1.504508218319400639e-03
-3.146218743747992291e-02
-4.938734238674045984e-02
-5.208147863428202323e-02
-4.403572856539890445e-02
-2.924602072912025827e-02
-8.220279291191451634e-03
1.775164934478407064e-02
4.516768324911314691e-02
6.887284094686843550e-02
8.534689401217586402e-02
9.256737579759360957e-02
8.716644592808747705e-02
6.896070541116185171e-02
4.229278106501854068e-02
1.144719090211039451e-02
-1.984391043277052014e-02
-4.881300019972820148e-02
-7.446576461689742576e-02
-9.581372114374002436e-02
-1.112449048390923567e-01
-1.150540661071406678e-01
-1.029112190891827844e-01
-8.189491009117752518e-02
-6.048816165959153973e-02
-4.096735873861673954e-02
-2.247830752715514885e-02
-3.844109524269788674e-03
1.424664395824788016e-02
3.475964663116035136e-02
5.972537763961627971e-02
8.315408439934057760e-02
1.023132166815248906e-01
1.204536943878253552e-01
1.398067483940449995e-01
1.571320529340879957e-01
1.648261425542575653e-01
1.607627326030058035e-01
1.464008081829344110e-01
1.213498921023238863e-01
8.666932376117465753e-02
4.516960630519401693e-02
-1.710507836221116656e-03
-5.359740745473248746e-02
-1.078523137377786351e-01
-1.603618433093035311e-01
-2.087342309530164919e-01
-2.469142575092947711e-01
-2.646703171147832823e-01
-2.570978003798845557e-01
-2.385063649022534649e-01
-2.356899877466165361e-01
-2.553101344402001205e-01
-2.854274706390407257e-01
-3.105141729688496999e-01
-3.119221027898500531e-01
-2.723908556463027764e-01
-1.752046852145107136e-01
-1.658164988340420087e-03
2.141376152360138507e-01
3.843915355194350014e-01
4.740295476534553964e-01
5.015688393569561754e-01
4.848589201875151966e-01
4.389810737174397737e-01
3.766826238600603505e-01
3.061236163437868196e-01
2.313763050506445484e-01
1.560879312398370244e-01
8.296783548179584300e-02
1.346692697518939164e-02
-4.969531588445628978e-02
-1.029364042355672137e-01
-1.470359923163503391e-01
-1.849952214897273295e-01
-2.154657472386980188e-01
-2.345622822708619548e-01
-2.401392484298168761e-01
-2.321412000088175498e-01
-2.080358775768906821e-01
-1.614679345911227970e-01
-8.556301579626726661e-02
1.904476400314297768e-03
6.258304483325571876e-02
8.956960608643370347e-02
9.870736054762149769e-02
9.776501097696796427e-02
9.129006733567472665e-02
8.122681611067161800e-02
6.683333974385219367e-02
4.953399402731514800e-02
3.240554046597171611e-02
1.668373403941936575e-02
2.580078290485804220e-03
-9.225259020452703310e-03
-1.746805348970294908e-02
-2.137741886717781786e-02
-2.177997679077942408e-02
-1.997903808932234918e-02
-1.778246955337722465e-02
-1.708682743939081428e-02
-1.758064364411556640e-02
-1.799622157809479747e-02
-1.791015128136672074e-02
-1.668347401044514150e-02
-1.378982028843043703e-02
-9.545235278486219332e-03
-5.559772691017867211e-03
-4.348659531199251631e-03
-5.647099947595045008e-03
-7.098516134521339407e-03
-7.466761079768243804e-03
-6.937904199872369469e-03
-6.132980193964001660e-03
-4.536927077956977306e-03
-2.105468350139010764e-03
-7.181092933705754237e-04
-1.504349848474674511e-03
-3.440044335538938822e-03
-4.478138041981750972e-03
-2.319491686585418641e-03
3.098997635305034311e-03
8.999014663086956495e-03
1.346149305084087811e-02
1.609258889652257288e-02
1.640011811642623496e-02
1.394927027990207000e-02
8.849452686064965962e-03
2.514095084364124238e-03
-2.893289881682310771e-03
-5.727327095759770711e-03
-6.378633286983952967e-03
-4.563132684339455021e-03
2.439767989887035859e-03
1.364269520315092993e-02
2.510077733269853659e-02
3.510497000003614393e-02
4.387097100116677667e-02
5.055046855229911040e-02
5.297213445842614832e-02
4.883711254115167405e-02
3.540986107510739334e-02
1.092083606447571617e-02
-1.956366600248687221e-02
-4.546176120587758912e-02
-6.295986389916863324e-02
-7.326634695678835296e-02
-7.729949459288877611e-02
-7.776110592658501408e-02
-7.592681367235397383e-02
-7.116136757857327577e-02
-6.217461068685585512e-02
-4.835416865613705040e-02
-2.953692261248184667e-02
-2.912623527021818148e-03
2.813283728751110602e-02
5.180850167313336835e-02
6.216411353517942162e-02
6.102453223777655478e-02
5.223111715046147713e-02
3.909768978938953088e-02
2.390582960749425973e-02
9.544949486996093246e-03
-3.127473984609819430e-03
-1.365714703708964875e-02
-1.751218203448338950e-02
-1.053486074742461705e-02
4.749787114294443807e-03
2.066517536682119238e-02
3.223585477151814926e-02
3.819142948597280263e-02
3.799180325494295324e-02
3.347384955582237420e-02
2.775866872575368655e-02
2.236549464893815634e-02
1.818158672528700018e-02
1.453428860350833123e-02
8.392121163236981873e-03
-1.098016899929786776e-03
-1.103032267806295513e-02
-1.772498163598653503e-02
-1.891590088233210259e-02
-1.534343403028629212e-02
-1.070917015461708005e-02
-7.622723476859631295e-03
-5.755340893942362257e-03
-5.801069772768350022e-03
-1.010825711735915608e-02
-1.807276926934043779e-02
-2.634471527867502175e-02
-3.259841039773363203e-02
-3.666320281398422615e-02
-3.991890946691560582e-02
-4.292009845636617082e-02
-4.409120766993725182e-02
-4.093097307756404790e-02
-3.347595608948104179e-02
-2.394269800480843674e-02
-1.177994885036694542e-02
3.540641033292662217e-03
1.912594631676341542e-02
3.243322094559298457e-02
4.269478879627126855e-02
4.849106534063716417e-02
4.914100009516324252e-02
4.716946619461329093e-02
4.528595621943486138e-02
4.434245801281536115e-02
4.413932124261477075e-02
4.347796149663279291e-02
4.133388543005774712e-02
3.704805940885432664e-02
2.979172126564675477e-02
1.918265184409389049e-02
4.600566092407259305e-03
-1.379490493603158750e-02
-3.251577557185711398e-02
-4.722465093897937338e-02
-5.671684718751873050e-02
-6.246084673114280644e-02
-6.579595344382356548e-02
-6.682039653135843360e-02
-6.512687425946078745e-02
-5.897340271904953635e-02
-4.747981385154692591e-02
-3.245167192035913750e-02
-1.444517118484868815e-02
5.979207730741091173e-03
2.525035121633847218e-02
4.030328045782891055e-02
5.038608558428374351e-02
5.486552589922878004e-02
5.346563637223164522e-02
4.724536845421963699e-02
3.689603797264867646e-02
2.302145102641714458e-02
7.556172870023721358e-03
-7.417739560548673901e-03
-2.095745736560473624e-02
-3.005993788716756002e-02
-3.071041591942489171e-02
-2.505500226219636861e-02
-1.792540400807398487e-02
-1.055240795517253284e-02
-1.502664540379772956e-03
9.483890639752501003e-03
1.987154715933719951e-02
2.719012213281281343e-02
2.998576671614038708e-02
2.718895160211873274e-02
1.890820300392334966e-02
8.768191204380430814e-03
2.285928052173017647e-03
8.876455095068506128e-04
2.708363878280306211e-03
6.461540505517192334e-03
1.087925176154088715e-02
1.400478493996501136e-02
1.444865506406844448e-02
1.227216207751948354e-02
7.493311722919668467e-03
-6.006500537710348156e-05
-9.881416332283817286e-03
-2.021950785392119879e-02
-2.818876431362610582e-02
-3.233296431726634390e-02
-3.263428955584526253e-02
-2.949560921197970365e-02
-2.384889787954689103e-02
-1.678718381415091401e-02
-9.232568450191559403e-03
-1.780466090035953382e-03
4.743884311726611833e-03
9.438442803127302522e-03
1.164349255838619153e-02
1.150449671753258490e-02
1.028794415851962997e-02
9.162065601199934073e-03
8.497727885372476780e-03
7.775115792174174326e-03
6.144555541007784040e-03
3.512627985252701410e-03
4.796402402237363383e-04
-2.745589134891067602e-03
-6.086149733739959315e-03
-9.360525020244011077e-03
-1.266869997149304254e-02
-1.542181643338976817e-02
-1.653348836469434660e-02
-1.614139033936815709e-02
-1.533554696750781716e-02
-1.426815476508112857e-02
-1.280456100244128405e-02
-1.132595130626848183e-02
-1.081206567231611168e-02
-1.212386307869190750e-02
-1.408257236234673054e-02
-1.400813468393134406e-02
-8.951232627929267549e-03
1.131957535083278092e-03
1.329547423124983162e-02
2.572142533564543074e-02
3.690126536464470586e-02
4.533698738102784342e-02
5.049767099396512693e-02
5.232536061268138611e-02
5.179543655398584356e-02
4.967533624326712222e-02
4.434411910212680830e-02
3.323913667043418285e-02
1.552089261389049193e-02
-4.353985664518595852e-03
-1.928002627358932353e-02
-2.799133082013672419e-02
-3.212326766172372838e-02
-3.190425608260821777e-02
-2.840122743099846719e-02
-2.323541243814352883e-02
-1.719394250938855936e-02
-1.110337919905152182e-02
-6.837371049597465097e-03
-6.053451592828011998e-03
-9.949072669642294517e-03
-1.720628737654637808e-02
-2.310926776683537229e-02
-2.564757437422610781e-02
-2.634963811811610185e-02
-2.575081048475618209e-02
-2.283463695896063156e-02
-1.631256425277501781e-02
-6.120715698078696074e-03
6.255830327984583487e-03
1.841765919286896674e-02
2.715214970822351845e-02
3.019260273399072131e-02
2.805918561375011014e-02
2.295308250942989028e-02
1.666980204856545814e-02
1.036028084749867316e-02
5.291142856878435809e-03
2.311893849474656610e-03
9.252398738492808141e-04
2.129150728821876341e-04
-1.118275523311596485e-04
-2.721875212233590847e-04
-1.707542677115755220e-04
8.915696171060674604e-04
3.010204016220116227e-03
5.023382142714105138e-03
4.692953342944460732e-03
8.146865416779153169e-04
-5.045542413988882320e-03
-1.124260529638228256e-02
-1.735230788470073018e-02
-2.232076412682422115e-02
-2.494426879178542403e-02
-2.521518778830815835e-02
-2.301735535061329510e-02
-1.661534620405882151e-02
-7.074261808626739444e-03
1.977239551540915796e-04
3.040568425966901078e-03
3.292692776581385844e-03
2.657647067328709409e-03
2.422939202115930585e-03
2.427360310714720380e-03
2.211928201088273795e-03
2.342679412461523124e-03
2.365201292481502494e-03
2.477724317785495560e-03
5.027864677632339074e-03
1.049847796029676830e-02
1.665084411365169020e-02
2.147908249057103869e-02
2.449566631356868418e-02
2.686956060622596246e-02
2.958604667006555639e-02
3.209129314421136497e-02
3.350107116457451406e-02
3.312587533977061349e-02
3.020211441408001893e-02
2.397453197183685783e-02
1.358166731013041480e-02
1.879416709881715549e-04
-1.309368199777774695e-02
-2.583712222820037929e-02
-3.856580779818722521e-02
-5.074271939127088932e-02
-6.256827183549346083e-02
-7.284897448030450140e-02
-7.839823195996148408e-02
-7.658958555774077193e-02
-6.576096096244359035e-02
-4.503188456562468023e-02
-1.460893947390865671e-02
1.916248260743431964e-02
4.473581025755388879e-02
5.934540199887995693e-02
6.760848744227151985e-02
7.113289174268019877e-02
7.064298268481107590e-02
6.744355040210879559e-02
6.192066482492131207e-02
5.402105724228766642e-02
4.324029941995785609e-02
2.958736461439780141e-02
1.411448885115731793e-02
-4.684480157041469653e-04
-1.078242049846275981e-02
-1.534299595342439142e-02
-1.378124643800027020e-02
-6.605929292328613540e-03
4.072227624719804845e-03
1.599654134976917497e-02
2.781387261669279048e-02
3.854259175900830864e-02
4.478471889603884842e-02
4.282324387946455369e-02
3.260169735021981041e-02
1.411799138846603352e-02
-1.242869635752108515e-02
-4.590830927336997380e-02
-8.519925099889721909e-02
-1.278120400875412954e-01
-1.707715342702766370e-01
-2.101681526272454470e-01
-2.399565920999066904e-01
-2.521883469304206926e-01
-2.385017784674540453e-01
-1.912000772985721631e-01
-1.016425750382165955e-01
1.282685984796676400e-02
1.076448329910471707e-01
1.651437310303704165e-01
1.939186985996222967e-01
2.021687096121841942e-01
1.966205161019957126e-01
1.805867443613182466e-01
1.566925487078944801e-01
1.284628182254392015e-01
9.915899954775575509e-02
7.186241109222379908e-02
4.832629259420662127e-02
2.789589502023778408e-02
9.365286107257859288e-03
-7.217288599436034319e-03
-2.066580528876628409e-02
-2.969226656875581516e-02
-3.463344362008655142e-02
-3.681902005360923602e-02
-3.597682987522624054e-02
-3.159518683315225285e-02
-2.446698765688513216e-02
-1.604989677965575068e-02
-9.068335351410976991e-03
-5.032610028130178603e-03
-2.265454379363680739e-03
3.100433040715269359e-04
1.426328890411477333e-03
3.277352962701854736e-04
-2.583143976949444937e-03
-7.089225414628472395e-03
-1.212969044813421923e-02
-1.593436904321542114e-02
-1.865594314564993431e-02
-2.033553255185327480e-02
-1.848298262970205982e-02
-1.314614258373181591e-02
-8.441974676103121064e-03
-6.489498708618152666e-03
-6.793701469789074042e-03
-9.134640507092856715e-03
-1.291885011871866593e-02
-1.689862428845319633e-02
-1.913960741897989884e-02
-1.782625094108127028e-02
-1.195564759562200811e-02
-1.398704992034422237e-03
1.298936522106751076e-02
2.908072776499683390e-02
4.361244664554250056e-02
5.442184092080490365e-02
6.151556948798103663e-02
6.678344906444341755e-02
7.166768787997776502e-02
7.618713058507485536e-02
7.916077386189343534e-02
7.755797096375385835e-02
6.866102011264604843e-02
5.200527584298385297e-02
2.903683139510640498e-02
1.972300095410394610e-04
-3.563704408158966525e-02
-7.813506963973762542e-02
-1.259802855841955227e-01
-1.778333258571035136e-01
-2.313266894312903943e-01
-2.818984520674761018e-01
-3.225581455795563102e-01
-3.416638456752049691e-01
-3.235809438346675670e-01
-2.545751507172457351e-01
-1.221881327070354906e-01
4.750192763408590119e-02
1.879513223506415476e-01
2.705938160528385539e-01
3.067025042250314248e-01
3.078238545897480916e-01
2.844434252144371067e-01
2.459763985650054163e-01
2.005908769256861679e-01
1.539574166286245827e-01
1.093560031739880117e-01
6.993550135558398995e-02
3.875706226912752767e-02
1.672457128402256993e-02
1.099299993321105687e-03
-1.175019990094930064e-02
-2.294723568584464135e-02
-3.226932922718700469e-02
-3.939800145850673452e-02
-4.418792108438762689e-02
-4.743701156330011603e-02
-5.003121598944534898e-02
-5.157145544614318705e-02
-5.191361790669483250e-02
-5.230946091812901932e-02
-5.165723113802634520e-02
-4.695531655989867298e-02
-3.868342953982976951e-02
-2.858162531007958640e-02
-1.697504746699606687e-02
-4.616464817958606907e-03
7.127122683106119905e-03
1.674549067328450630e-02
2.276772301974521948e-02
2.444180829311205089e-02
2.223677978504467329e-02
1.664390826347562913e-02
7.565029173131381651e-03
-4.916848207811260960e-03
-1.984947037139391662e-02
-3.501895555405658972e-02
-4.771638872118476316e-02
-5.554990536487140057e-02
-5.720547732362338961e-02
-5.245358716709851155e-02
-4.255139771089016393e-02
-2.977060395081589789e-02
-1.582859990798407904e-02
-2.463487243856635721e-03
1.019072630210468913e-02
2.348695366640558141e-02
3.742410667286422132e-02
5.065104286608843737e-02
6.047389288549662872e-02
6.364930066304186340e-02
5.890893265392168482e-02
4.718988794994247171e-02
2.999797433985769077e-02
1.069375051051364017e-02
-5.585716701910699820e-03
-1.643358120808523920e-02
-2.210061556206775746e-02
-2.404397553900871828e-02
-2.489967184917117951e-02
-2.552138431225850490e-02
-2.569925710733905050e-02
-2.473993737175449181e-02
-2.066813427361837915e-02
-1.306160385124823312e-02
-3.460688615197293240e-03
6.260136657527997674e-03
1.463411596466795625e-02
2.040123912400572392e-02
2.270030332058243713e-02
2.215961634049986792e-02
2.053090474602952201e-02
1.860869078829011786e-02
1.614421437328750208e-02
1.385327109714671462e-02
1.233575326471448783e-02
1.102189796460747474e-02
9.431993238044840411e-03
7.386163514295471071e-03
4.358059642598632356e-03
-8.298449200404111985e-04
-7.891546245276687133e-03
-1.419357932565885015e-02
-1.769197749878039655e-02
-1.845109367181404711e-02
-1.776101158202452943e-02
-1.662256662503668048e-02
-1.576543533834779201e-02
-1.611311648326321788e-02
-1.786708529890343802e-02
-2.002438332039876631e-02
-2.129913582554592011e-02
-2.058096397507917091e-02
-1.743325060685418232e-02
-1.365722497490943523e-02
-1.084006192443970167e-02
-8.012362816798439952e-03
-4.561380588949574301e-03
-5.848818922318116398e-04
5.543866036764799263e-03
1.386358922849895321e-02
2.109729341708349928e-02
2.561177801809051344e-02
2.799746508610422360e-02
2.880676856905240238e-02
2.777833421830950070e-02
2.480603922813678225e-02
2.027590066214754114e-02
1.379687422477250333e-02
5.829240379848141945e-03
-2.534132969383419160e-03
-1.077631528034396317e-02
-1.778460868855894980e-02
-2.201244270594560765e-02
-2.353023009341142016e-02
-2.352004621271178153e-02
-2.197128953411378247e-02
-1.781638343587958750e-02
-1.129534038064185057e-02
-4.856339472727881461e-03
6.259037347792058238e-04
6.066595678329343364e-03
1.063169750191808594e-02
1.314346756152568949e-02
1.458040346021429595e-02
1.598959164716784107e-02
1.681761523387256124e-02
1.674026911861628206e-02
1.573479988228725091e-02
1.309186884589602293e-02
8.909364923070218698e-03
4.769007239379337987e-03
2.137669841389031825e-03
1.439125726901063079e-03
2.784553550673147214e-03
6.082928048201935098e-03
9.713628646240748607e-03
1.175272942346288450e-02
1.108525738971949393e-02
6.650881071240187341e-03
-2.467000110419333841e-03
-1.477015366347934899e-02
-2.591153507576457460e-02
-3.350332620610511208e-02
-3.813290306680499481e-02
-4.081181429104989433e-02
-4.188277761628290269e-02
-4.043408565179516106e-02
-3.534637883795836016e-02
-2.723218621373600309e-02
-1.805747018918071184e-02
-8.537916800230761424e-03
1.911244816304137877e-03
1.289823020234517545e-02
2.248255029593043339e-02
2.888512926355683158e-02
3.165495253877873005e-02
3.125647890688734026e-02
2.856564063274992862e-02
2.431720164718072230e-02
1.931056394980986204e-02
1.480110536827943316e-02
1.227630569542335383e-02
1.321122389487438056e-02
1.821243049384400556e-02
2.618381860892949817e-02
3.530347161090557212e-02
4.463783408624683036e-02
5.340635183057147045e-02
6.008523986755472807e-02
6.339273873498520173e-02
6.256976863031363245e-02
5.692109573011099738e-02
4.607387537176373810e-02
3.099104502814859288e-02
1.394870896464411002e-02
-4.001074924889795256e-03
-2.244191901307092049e-02
-3.917897268884577844e-02
-5.358523358682251020e-02
-6.811244383590049634e-02
-8.531701733159516299e-02
-1.059771165805886428e-01
-1.279098747110398449e-01
-1.462192878766744308e-01
-1.544900104473119762e-01
-1.466346939131962235e-01
-1.182775890624523374e-01
-6.503141727737661582e-02
2.956700897800501951e-04
4.706209245667509339e-02
6.420940042080469645e-02
5.915299539274877783e-02
3.885425737111517647e-02
1.008132677385929418e-02
-2.174431532541769990e-02
-4.990274663298141511e-02
-6.655639907407293054e-02
-6.564302018417643436e-02
-4.135461962649100709e-02
1.176277098759820859e-02
7.853600136627869599e-02
1.269802077245369698e-01
1.478995819094441055e-01
1.494483660580137874e-01
1.364983873355180011e-01
1.144390866569987425e-01
9.007786384469587682e-02
6.719939925700711691e-02
4.666543540036845183e-02
2.944546129546143226e-02
1.582573241893608582e-02
7.636309278130564565e-03
3.941688119403810239e-03
-6.284423745767566544e-04
-7.147199968381914501e-03
-1.421451996701052212e-02
-2.168968049590297431e-02
-2.997182454355377251e-02
-3.851921074470410211e-02
-4.440931702342722220e-02
-4.684049902801624976e-02
-4.720408286743520837e-02
-4.602910943108912828e-02
-4.476255311623086874e-02
-4.308250979503548683e-02
-3.771165591715525817e-02
-2.843756273405868146e-02
-1.781825988283542578e-02
-7.734537465313845277e-03
9.367449241662691075e-04
8.466212904603547321e-03
1.489874940260058588e-02
1.941681402005174251e-02
2.096478609981590469e-02
1.919188550845202929e-02
1.488913428318133433e-02
8.968014177475336357e-03
1.559145453956591997e-03
-7.866450105399654807e-03
-1.919563587931029727e-02
-3.090139465887090792e-02
-4.121848681091986460e-02
-4.836733349482089800e-02
-5.034958041398340800e-02
-4.671083096571876370e-02
-3.787050994325227848e-02
-2.374027647280976469e-02
-3.582106730758769734e-03
1.892967882938345267e-02
3.561230431664751117e-02
4.438105163177783613e-02
4.750617003873235794e-02
4.611275290702811225e-02
4.184630296763401647e-02
3.698616300564339099e-02
3.338591393230562476e-02
3.115983569589550820e-02
2.965424738246778130e-02
2.913612009123369567e-02
3.065488303047052970e-02
3.514495531487030200e-02
4.252601546385919445e-02
5.045755615884209289e-02
5.621342712740099584e-02
5.981031769421079475e-02
6.135971551881123226e-02
5.965239059863250426e-02
5.419553708570452877e-02
4.427065179699626873e-02
2.821241739270629462e-02
5.228552370507687924e-03
-2.347240249422067118e-02
-5.405327035590618001e-02
-8.226308787316631566e-02
-1.074702633623109138e-01
-1.330463401514363764e-01
-1.630615899878818942e-01
-1.986221232734250719e-01
-2.372051567331537325e-01
-2.719033129397038784e-01
-2.901227319595049980e-01
-2.757668345168075019e-01
-2.143459818604302181e-01
-9.333709471258365420e-02
6.170889836503061499e-02
1.861067794523324492e-01
2.517619251542348446e-01
2.707147236481317609e-01
2.583263567996563204e-01
2.271761068670397066e-01
1.858273970686277199e-01
1.409424206400489710e-01
9.743438340024362931e-02
5.951542954109428213e-02
3.055582678578836961e-02
1.250616639791552256e-02
3.494725091508643286e-03
-6.938442160671250136e-04
-2.603003649047005812e-03
-3.027948425767037002e-03
-1.674689554780678033e-03
1.202290039977535127e-03
5.195040738494185670e-03
9.790219280383016462e-03
1.367315214901943833e-02
1.547986538971126737e-02
1.383896185178372026e-02
6.590651849738716345e-03
-5.985039618340172625e-03
-1.878901160632737849e-02
-2.862071858781022743e-02
-3.483095415729307170e-02
-3.619331297344129811e-02
-3.352034054777192074e-02
-2.951049362503564699e-02
-2.606187500933632162e-02
-2.332845492145842539e-02
-2.127559112903582711e-02
-2.091483924841493550e-02
-2.183542519763095185e-02
-2.210776011502630853e-02
-2.200807161726054881e-02
-2.285605676483900769e-02
-2.424082475497381373e-02
-2.455274475890879132e-02
-2.260942263912800454e-02
-1.932871653406821252e-02
-1.642095995601022124e-02
-1.417668834214707782e-02
-1.229039801149000959e-02
-1.028571197980254759e-02
-7.571976167469173305e-03
-4.363400732847907276e-03
-1.919662005140203298e-03
-1.084908644536928916e-03
-6.003197067232486986e-04
1.235387483502494235e-03
5.558827817723139761e-03
1.221324646072756252e-02
1.921568157833960719e-02
2.590557135282237772e-02
3.230340304436438853e-02
3.622307266246033164e-02
3.551784564167450448e-02
3.116033669509261222e-02
2.556192412320856810e-02
2.006381960880449650e-02
1.551678262560849710e-02
1.232933603706185162e-02
9.724582579667675683e-03
7.574734347927938698e-03
6.583806534087152315e-03
5.915205641950810854e-03
4.413242210818254727e-03
1.894798452680220187e-03
-1.579384231607029211e-03
-5.228551477804503113e-03
-7.882085935769530052e-03
-1.001207728168115527e-02
-1.240607469629219362e-02
-1.428156781909375658e-02
-1.528811048023936622e-02
-1.593615051280833361e-02
-1.616052982955487605e-02
-1.609915326421138687e-02
-1.691761273617969213e-02
-1.935795307017545638e-02
-2.259509510053284501e-02
-2.409455526872828629e-02
-2.188078487595303614e-02
-1.789064465505761994e-02
-1.543388612611914720e-02
-1.477792021512208502e-02
-1.419518098324731338e-02
-1.212680456802639646e-02
-7.698079004376624096e-03
-1.686843400894902714e-03
4.556374226265634889e-03
9.926435446957586339e-03
1.294235605116073398e-02
1.349540625441412664e-02
1.266652406232931724e-02
1.154736283575993026e-02
1.206471324785320098e-02
1.611839742056656033e-02
2.318107717196069353e-02
3.058911771582665390e-02
3.552285425116170903e-02
3.596997208792020867e-02
3.154651642808867229e-02
2.336243258315625487e-02
1.334535092700838560e-02
4.669560155939249911e-03
8.192259503874768645e-04
2.359703074168144170e-03
7.600577901937115993e-03
1.510477059683968531e-02
2.399825672978268473e-02
3.318084314160436171e-02
4.070771245610664557e-02
4.506082708509084184e-02
4.556796811304160422e-02
4.103336567738462282e-02
2.974180967214723817e-02
1.429774076358758181e-02
-1.381901876044457078e-04
-1.321756081744923823e-02
-2.623359638539752431e-02
-3.906732566458311767e-02
-5.199637038467951750e-02
-6.370448863920108451e-02
-7.219069739026771904e-02
-7.711161793392486141e-02
-7.662742824533683161e-02
-6.753933718847213163e-02
-4.734323186615004703e-02
-2.413729785790626539e-02
-1.566499732122695471e-02
-2.619129574352395406e-02
-4.776149943370128215e-02
-7.360691289444784569e-02
-9.940205137736984886e-02
-1.229108136406869556e-01
-1.400390365048313768e-01
-1.447961857554330989e-01
-1.314213414985903605e-01
-9.189371254820624668e-02
-1.638135081522258674e-02
8.067986398733434372e-02
1.599458247998856442e-01
2.039919466549766358e-01
2.191904224884931862e-01
2.139917164962887308e-01
1.967918569611987190e-01
1.729750484987661041e-01
1.458385055588122536e-01
1.179289649331712181e-01
8.995186794664353225e-02
6.091769489304393881e-02
2.944111548168520595e-02
-2.570198189080366916e-03
-2.964337786305937597e-02
-4.889362847344329299e-02
-6.098194944654362903e-02
-6.810273049752731123e-02
-7.258298505445924531e-02
-7.448222584950506264e-02
-7.333011991906664140e-02
-7.063906064372185711e-02
-6.759997058910023615e-02
-6.206414141385734745e-02
-5.243395807971348854e-02
-4.108164493542511286e-02
-2.925117103684285111e-02
-1.653565365730489886e-02
-3.654864307210370714e-03
9.093998311365762005e-03
2.132976164111732159e-02
3.062198417885179935e-02
3.467583708838371803e-02
3.426451952543832502e-02
3.073426098900268466e-02
2.460101151399971334e-02
1.630256258608057604e-02
7.402975039823924547e-03
1.831524878038316272e-03
8.828743957938266045e-04
2.399791665669484021e-03
5.797311511341633403e-03
1.204791006317058183e-02
2.198237485275712777e-02
3.335592150336445794e-02
4.136635832827312287e-02
4.378857041933909011e-02
3.919568646148995084e-02
2.523560630060579443e-02
3.758686241143703761e-03
-1.977416490832478030e-02
-4.217596505018417208e-02
-6.367668011150023899e-02
-8.493200448282699211e-02
-1.039395212451380696e-01
-1.176345949977898458e-01
-1.241454526231846045e-01
-1.215897159509381209e-01
-1.077799723730833714e-01
-8.009708006199264818e-02
-3.489575568036804021e-02
1.949067942034803796e-02
6.148427874938768717e-02
8.197448569373594340e-02
8.654078893651623305e-02
8.106150632800275535e-02
6.803218779628465718e-02
4.918307016565191120e-02
2.891804744726998722e-02
1.189502906796385817e-02
1.474318881884009030e-03
5.131201219854006693e-04
1.150436198289350904e-02
3.173221207517750581e-02
5.146694175306849861e-02
6.386415642724492525e-02
6.902591580231597079e-02
6.837469791916997441e-02
6.282383734094863781e-02
5.321822315346669968e-02
3.920249573839450219e-02
2.073028004886552991e-02
-3.603848358764618481e-04
-2.233959654631609282e-02
-4.477927912927708726e-02
-6.482270391549917188e-02
-7.662071687519840524e-02
-7.732928497037572235e-02
-6.876647302637285686e-02
-5.538663751828842158e-02
-4.053984800129775690e-02
-2.387155034251839392e-02
-5.568236705248281494e-03
1.099708087180728891e-02
2.219006475437645259e-02
2.615022755537388388e-02
2.228493277501632230e-02
1.407760028025868172e-02
8.583083860833918069e-03
8.455072472551828505e-03
1.279368729317580805e-02
1.983731183082046434e-02
2.561967954935817984e-02
2.778524316346626943e-02
2.680621663149065914e-02
2.255628403619508449e-02
1.398963242277337544e-02
1.868097081237284464e-03
-1.197875517808209313e-02
-2.479123975133144461e-02
-3.348904327838247291e-02
-3.816270582929281313e-02
-4.096278176450381808e-02
-4.413621921056883751e-02
-4.746935735966581471e-02
-4.791017111175060322e-02
-4.406790849328773296e-02
-3.628524245515401397e-02
-2.445976216375255613e-02
-9.482905502361655553e-03
6.407086427910329771e-03
2.145068706670340969e-02
3.460241072450790517e-02
4.526967027506152014e-02
5.340404408173796830e-02
5.790036138570116980e-02
5.755790918647176596e-02
5.373405701918584909e-02
4.840210286167167392e-02
4.054290350238032303e-02
2.826391527877062521e-02
1.288567412016551963e-02
-4.194866929096416341e-03
-2.133347401773516214e-02
-3.422503186564455901e-02
-4.087092265064991292e-02
-4.245674448935735784e-02
-4.054962194687336541e-02
-3.696538113823697597e-02
-3.283849033008399282e-02
-2.803217692748985121e-02
-2.227304772152430973e-02
-1.536224575779640729e-02
-6.579501334638043590e-03
4.250111744807411919e-03
1.460380957754847317e-02
2.062059187906212579e-02
2.101904762132300944e-02
1.704320698787513064e-02
9.706517305591673070e-03
1.098202238693896625e-03
-4.044626455730102044e-03
-2.800353403942211061e-03
4.282761243417149664e-03
1.488904482030668254e-02
2.549329140192568843e-02
3.300221245737836040e-02
3.650645761003232237e-02
3.706964166042592962e-02
3.492970698520524858e-02
2.908917567331886431e-02
1.903510855910551386e-02
5.884440108834873735e-03
-7.889992594359976352e-03
-2.100403611756964523e-02
-3.312498890291958736e-02
-4.324955890237387746e-02
-5.081391470024996387e-02
-5.555959628841121434e-02
-5.621645342041280136e-02
-5.202546917871693488e-02
-4.402056701937983457e-02
-3.309596808668550244e-02
-1.900107585556853884e-02
-1.087622692843739957e-03
1.862451481016839244e-02
3.464418559564878819e-02
4.411454567488293926e-02
4.775054972608749199e-02
4.554220632829600324e-02
3.724071533003032314e-02
2.651284201109134486e-02
1.815023910968132856e-02
1.204846716329531151e-02
6.763635618149886793e-03
1.539275231561753818e-03
-4.209708878764062759e-03
-1.003632363289677989e-02
-1.598232901382141274e-02
-2.179375460819046179e-02
-2.619937957146706992e-02
-2.782611294041356653e-02
-2.567358984227310209e-02
-1.982699281712282241e-02
-1.191381418713821985e-02
-4.105317133170546459e-03
2.336682928783560126e-03
6.560752455343371939e-03
9.632112707834419515e-03
1.383943970523321063e-02
1.881692107404451392e-02
2.345159762001333345e-02
2.706772055152366699e-02
2.769952009616699629e-02
2.358194125339807545e-02
1.662331878196225340e-02
1.077707254570971218e-02
6.459448332585755390e-03
1.402376301841604112e-03
-5.184408959849348165e-03
-1.190792801204024372e-02
-1.649345231976694429e-02
-1.777363030674416686e-02
-1.596639854662267044e-02
-1.202804825448301751e-02
-7.736714396542209229e-03
-5.155282600293706850e-03
-4.166173080007083869e-03
-2.929295250965718855e-03
-1.930416356484545562e-03
-2.647275124706211652e-03
-4.489906940335511819e-03
-6.066716277642912776e-03
-6.618820300021492110e-03
-5.692618186595532412e-03
-3.299583678836700857e-03
7.532290917682530522e-05
3.973032872405565796e-03
7.956814816931888010e-03
1.112764751562262538e-02
1.243273059275762545e-02
1.163551168047878212e-02
8.532031945493484537e-03
2.994418355140416200e-03
-3.302827368417258873e-03
-7.349251764875918899e-03
-7.224921342171425342e-03
-3.709455916886899695e-03
2.280130715210440789e-04
1.982620533647814348e-03
1.100501705166411631e-03
4.311912577946875463e-05
1.116107900496185945e-03
2.936906126768020972e-03
3.859537344898561657e-03
3.577664833833683888e-03
1.798962328022999692e-03
-1.358341788525345602e-03
-5.679115738009680482e-03
-1.041013571883228628e-02
-1.373509582983261333e-02
-1.429780725255956619e-02
-1.170850831464329694e-02
-7.639424564332536992e-03
-4.847171756590129901e-03
-3.575836595581193510e-03
-2.828283805793204743e-03
-2.232422536497745066e-03
-2.639600640084621350e-03
-4.782656614975119153e-03
-7.145389577373425366e-03
-8.157277341212380503e-03
-7.096321667062084441e-03
-2.944847010331225028e-03
3.509424708490076206e-03
1.081349376666140838e-02
1.824068116076674878e-02
2.364794583880971274e-02
2.550733621130486795e-02
2.402481036794545943e-02
2.059674075057756418e-02
1.743123047869576600e-02
1.542126207359961060e-02
1.328528408383201215e-02
9.212688735634261966e-03
2.813441693329464446e-03
-5.256148692712897010e-03
-1.129260329597107058e-02
-1.123272298332371293e-02
-6.918955313192112072e-03
-3.167070905435478891e-03
-3.004786262564312915e-03
-6.504501467991774880e-03
-1.266522712753889897e-02
-2.009538922873983433e-02
-2.620830645269409120e-02
-2.871529368665409754e-02
-2.655962751490621027e-02
-1.972504547546430342e-02
-9.067378700008697778e-03
3.820308410182418971e-03
1.725956792649255972e-02
2.940507996034583821e-02
3.744097585130087141e-02
3.850029209908641115e-02
3.250535645478196123e-02
2.161902665162848680e-02
7.199216466306028982e-03
-8.892663561325907934e-03
-2.387892103924260656e-02
-3.585035401447179970e-02
-4.236298143036266312e-02
-4.145146054406009806e-02
-3.452209844458097032e-02
-2.376431775125123838e-02
-1.178541457968483065e-02
-1.709109286211994965e-03
6.075624377111115727e-03
1.269531363854939712e-02
1.816039948155758615e-02
2.126357131619881907e-02
2.206956795120277107e-02
2.210474735052195966e-02
2.217759327094292673e-02
2.222222843412072907e-02
2.217145703554350075e-02
2.156146009421951171e-02
1.907959010629940375e-02
1.484310706658470425e-02
1.021451282290631972e-02
5.524856048418706408e-03
7.273429421841694047e-04
-3.747453675727575872e-03
-7.971825417942713515e-03
-1.263119818732798272e-02
-1.730658076398151543e-02
-2.068001345332592944e-02
-2.240721600269050817e-02
-2.336273589622438543e-02
-2.424652778657946511e-02
-2.461808396961193829e-02
-2.420906656249588451e-02
-2.301133518873937217e-02
-2.015059683701799637e-02
-1.449729394381550629e-02
-5.544323970487823224e-03
6.226652883471162601e-03
1.806541146204718520e-02
2.597884720561351862e-02
2.895341085023810448e-02
2.857800811731678325e-02
2.654114331260446630e-02
2.380291602503675080e-02
2.076214306093027498e-02
1.837762351924406012e-02
1.730445150066312748e-02
1.699897761205683769e-02
1.580353793293556505e-02
1.102230953638737472e-02
3.825534991901249297e-03
3.078427621300188280e-04
3.479132340990598836e-03
1.215616915143698760e-02
2.440618726360136576e-02
3.798827159229088701e-02
4.981381497354004512e-02
5.577976121898574335e-02
5.398026559099311505e-02
4.553523649286773944e-02
3.148164728750977442e-02
1.163852927457632511e-02
-1.436214369327803303e-02
-4.590915114732793678e-02
-8.192079546534335177e-02
-1.205262092319779876e-01
-1.578527642813839782e-01
-1.897871913978155245e-01
-2.138975855022933747e-01
-2.273880056368354774e-01
-2.249159129532077583e-01
-1.993014624327789641e-01
-1.415236044683343408e-01
-4.207660090622598881e-02
7.966722275481115390e-02
1.765494212753648817e-01
2.299879414315484927e-01
2.503268944170731203e-01
2.470484061729653069e-01
2.271204506016515912e-01
1.966420720329922212e-01
1.613119168392790070e-01
1.254133925886137535e-01
8.954701581234165986e-02
5.175176138133674025e-02
1.316411261653823578e-02
-2.256554719955130434e-02
-5.357878822086485637e-02
-7.906151056184332337e-02
-9.766190325438248165e-02
-1.087277208985568400e-01
-1.128177803063308282e-01
-1.109025479030516098e-01
-1.031068167839735844e-01
-8.890416184335382666e-02
-6.911613120317913750e-02
-4.501285212587755047e-02
-1.544588910329011688e-02
1.586318130645273522e-02
3.789637178853418747e-02
4.665142207987010153e-02
4.601972383578230297e-02
3.949555020806157918e-02
2.980201543243157086e-02
1.998317012498413564e-02
1.270019097321482826e-02
8.115588162957168561e-03
4.631386834243418626e-03
1.349423478559499089e-03
-1.288202803299553405e-03
-8.982189096919898121e-04
4.345083032707518569e-03
1.248626329651108743e-02
2.056496230050479379e-02
2.657035931311994489e-02
2.912640370075298898e-02
2.822601999252106683e-02
2.483612609032663163e-02
1.960738834336074946e-02
1.303227566702534757e-02
4.986021254942310521e-03
-6.220485787326699920e-03
-1.870279635285687636e-02
-2.705302201377033505e-02
-3.064715000414897084e-02
-3.121107072837980140e-02
-2.870322135681070350e-02
-2.381634551386566795e-02
-1.796961747115651681e-02
-1.202835837879710768e-02
-6.100165709534156530e-03
-1.607261688459852948e-04
4.830806006326800184e-03
6.389037704613000079e-03
3.456453488728750568e-03
-1.593208208140379101e-03
-5.955002249637301320e-03
-9.108406433047224263e-03
-1.259149308344893227e-02
-1.760268529248986552e-02
-2.338774397240930836e-02
-2.776882435030322144e-02
-2.870819901263295740e-02
-2.505228401672931343e-02
-1.666836064624476962e-02
-4.727300018295982169e-03
8.325505065507263214e-03
1.916206688205938924e-02
2.637598745867516387e-02
3.088610700333088016e-02
3.351369366885752904e-02
3.461430415516389414e-02
3.392578451025308334e-02
3.172748680020569256e-02
2.925460801055859705e-02
2.705645821903403941e-02
2.422584655211412752e-02
1.927339550068087395e-02
1.326421077768949984e-02
8.477089665593351420e-03
4.295505779931903592e-03
-8.308721720837329745e-04
-6.905889861385247110e-03
-1.288525254519029203e-02
-1.783343811729996842e-02
-2.199151788370124275e-02
-2.622187151853139567e-02
-3.098076120100402842e-02
-3.580408839442718316e-02
-4.026348434301639523e-02
-4.413985013960893683e-02
-4.540768757528942240e-02
-4.021508110528004137e-02
-2.539004643264440239e-02
-3.422082170126093236e-03
1.967257299454922004e-02
3.910640320972327139e-02
4.916381741395643018e-02
4.724586898358654197e-02
3.619546877661057593e-02
1.986761303350958324e-02
1.148052451969326648e-03
-1.646016594903583138e-02
-2.805297710984963611e-02
-3.124587502229344421e-02
-2.661271599941728710e-02
-1.706042845435337685e-02
-7.799255087414950008e-03
-2.377915626768208925e-03
-3.177803294580425902e-04
7.431473378554957418e-04
2.012295187334079555e-03
3.735954451308993746e-03
6.757914341506749377e-03
1.166011503096440680e-02
1.763401538600549434e-02
2.406930204463214942e-02
3.088042569385448383e-02
3.701557940904845467e-02
4.087836244922347928e-02
4.087173898188584120e-02
3.706530428757021794e-02
3.098667765548457700e-02
2.185765303452618866e-02
7.969277911174219714e-03
-1.030453931616615547e-02
-2.845354850778443120e-02
-4.022368077470726139e-02
-4.458408229821833602e-02
-4.323255914939212047e-02
-3.701156471440967405e-02
-2.780358151638578218e-02
-1.819953669320471465e-02
-1.005017041045997567e-02
-3.949253443754966592e-03
2.954326152201365401e-04
3.142844473278344139e-03
5.341201249926205014e-03
7.260573720170288188e-03
8.484123012040808987e-03
9.031724160878861971e-03
9.080047957828213390e-03
8.263948247083974935e-03
6.223782879365457807e-03
2.690933019102572776e-03
-2.437835645551637495e-03
-8.103773528374725796e-03
-1.175200157897076519e-02
-1.158222651355818311e-02
-7.092047136327905323e-03
-3.548295237455899483e-04
4.116880563038891397e-03
4.416988089278525709e-03
1.887172794306298798e-03
-8.879013949299678198e-04
-2.419884612514604759e-03
-3.530392675212828610e-03
-4.422814226709414001e-03
-3.670125578039337092e-03
1.010921477881420762e-05
8.167389511578467681e-03
2.262814266273030159e-02
4.131567544014786569e-02
5.956784512254257452e-02
7.677086135055948002e-02
9.285991200454619954e-02
1.046825245083089356e-01
1.109124228412059626e-01
1.120181573318729390e-01
1.068328034901000201e-01
9.347655586007065642e-02
7.168366547550501788e-02
4.247068910508995654e-02
6.499929895486020182e-03
-3.621064430524897904e-02
-8.629505022004724246e-02
-1.443817364588200203e-01
-2.093395704623248477e-01
-2.781074948923340506e-01
-3.459347100695823185e-01
-4.047354555479908966e-01
-4.429466394805450236e-01
-4.478415496244634864e-01
-4.054847040681456294e-01
-3.005388905155144674e-01
-1.171396376739369527e-01
1.098271050235838237e-01
2.938146635898857828e-01
3.989260286779546250e-01
4.413528842641348260e-01
4.379237595080203160e-01
4.033976108652420622e-01
3.493651326961367820e-01
2.855539847705035328e-01
2.192741234055158028e-01
1.543827835764973178e-01
9.369816703949528092e-02
4.010196569830026120e-02
-3.201501325485255761e-03
-3.460616637390366568e-02
-5.679450861122750660e-02
-7.236877102166952569e-02
-8.227559258300898293e-02
-8.750946262431419376e-02
-8.836531645613132646e-02
-8.548027980802916370e-02
-7.994281198140969213e-02
-7.225785482892056744e-02
-6.278056345922973513e-02
-5.249876696597115255e-02
-4.336096057837225681e-02
-3.654312371477400762e-02
-3.127310289269812082e-02
-2.670131820759960584e-02
-2.310458461673956312e-02
-2.135669448729592829e-02
-2.188949065767204286e-02
-2.388568042600135166e-02
-2.614674205696181780e-02
-2.778319177954978458e-02
-2.754017466550733734e-02
-2.380438976125813857e-02
-1.633779292161001082e-02
-8.104869738077325608e-03
-2.191075978396397547e-03
1.067825431835841068e-03
3.270903589339073554e-03
6.522762973938138129e-03
1.067170224578779109e-02
1.452659454938131853e-02
1.763706290121157608e-02
1.918777114175784781e-02
1.887290054668216976e-02
1.706212860861304470e-02
1.603925246438400731e-02
1.934631873356377693e-02
2.713418633049013984e-02
3.739626371867563193e-02
4.816263191272043137e-02
5.720678785163536839e-02
6.284830381265889276e-02
6.376206055353088320e-02
5.852151554867841832e-02
4.635977812752764549e-02
2.667131115330045529e-02
-2.897552603066706235e-03
-3.856980542464883560e-02
-6.714350502059703019e-02
-8.111732196577994825e-02
-8.225298998275538953e-02
-7.296251442565224177e-02
-5.597914764793762710e-02
-3.484536897821912532e-02
-1.217614499379668890e-02
9.310191008902653567e-03
2.676324382058265991e-02
3.913880925698374341e-02
4.649075626815710183e-02
5.098677844251066349e-02
5.553765491141975791e-02
5.925194715518670302e-02
6.046383962916262317e-02
5.795951580646750700e-02
4.986835036344725025e-02
3.698788551201177832e-02
2.261885247370215568e-02
1.010213862480241476e-02
2.405873995110241817e-03
2.352196677058941005e-04
1.203310809454705491e-03
-2.405168447512737867e-04
-1.302149041071826337e-02
-4.299234468060646186e-02
-8.935711214811700720e-02
-1.483412221409753373e-01
-2.136526882886551348e-01
-2.752930739202629762e-01
-3.216957837960903177e-01
-3.417017232892913814e-01
-3.239077454747659734e-01
-2.544166018830255060e-01
-1.167808966947931071e-01
6.040368527023938505e-02
2.038722178873346447e-01
2.852962568654106579e-01
3.197084100186313171e-01
3.204296259630338151e-01
2.980479990698090553e-01
2.602696889200646346e-01
2.130496965122116448e-01
1.617437739578329869e-01
1.112310113634960573e-01
6.496637733877215493e-02
2.426363866734475294e-02
-1.034249722645012338e-02
-3.785120131383075404e-02
-5.759839827772138265e-02
-6.925978213663354366e-02
-7.216212356594366162e-02
-6.728743770627529375e-02
-5.784539375979973197e-02
-4.564637825069187138e-02
-3.146846681501698495e-02
-1.747133783159085171e-02
-6.534241744631199243e-03
-3.184443134278723900e-04
1.578679078992775361e-03
1.032025060075414044e-03
-2.094753825910141906e-04
-1.889128821847279802e-03
-4.035590433685644178e-03
-5.884634233289023214e-03
-6.558518170721387708e-03
-5.998434256667986748e-03
-5.098257780400341707e-03
-4.526029603131111016e-03
-4.552478257349769526e-03
-7.190609847204773065e-03
-1.345708169249872944e-02
-1.994621678075952920e-02
-2.332781591970068888e-02
-2.282824334442719316e-02
-1.824916025555481380e-02
-1.129096941361444964e-02
-5.335149509589735828e-03
-1.975217937718027825e-03
-1.911438808641908538e-03
-5.886194585559722213e-03
-1.325821926510711152e-02
-2.319302175525828416e-02
-3.202504596298742789e-02
-3.378542741105246966e-02
-2.751484742842456865e-02
-1.565227360362107800e-02
-3.003922142024128585e-03
4.648554514227637088e-03
7.186735909440251056e-03
7.274900813084708880e-03
6.772340082065547023e-03
7.880254539343673620e-03
1.134422921875029300e-02
1.665199547926166437e-02
2.404836197553352969e-02
3.235967433508032259e-02
3.842286511583061642e-02
4.086123508763038481e-02
3.950894664470773476e-02
3.309656493403055622e-02
2.069453305363516682e-02
3.785991935939306795e-03
-1.353104300281186140e-02
-2.754653612372769816e-02
-3.632457723012526285e-02
-3.887438123967600079e-02
-3.511843993151403387e-02
-2.641836092780421724e-02
-1.558212023104225616e-02
-5.276727789328826412e-03
3.737453052185941288e-03
1.198306211018784588e-02
1.933248832534003106e-02
2.504768683794483114e-02
2.772482201567078031e-02
2.640992469337966747e-02
2.244880636170389077e-02
1.763249886834863944e-02
1.284304980506477227e-02
8.247371664037793371e-03
3.749476490832299135e-03
-3.316224469747451435e-04
-4.034922298342234412e-03
-7.215980420509724574e-03
-9.238142203889613061e-03
-1.029815886413018057e-02
-1.051725194636526396e-02
-9.237885254886779585e-03
-6.222917775540426702e-03
-1.545499818184434791e-03
4.071063419999696245e-03
7.800688707046679951e-03
6.590572771318879697e-03
-1.928395960203665126e-05
-1.069765827663376329e-02
-2.377541059059148226e-02
-3.719480791547173648e-02
-4.815267278900493830e-02
-5.392141165362439315e-02
-5.208894781465304991e-02
-3.993162015734333381e-02
-1.440242854433695756e-02
1.799205070491236014e-02
4.141287352822477230e-02
4.949317137597870897e-02
4.439119350096712435e-02
2.954587452390010360e-02
1.065472819750210888e-02
-6.893220952683914646e-03
-2.001988503664191288e-02
-2.621665474771716145e-02
-2.311837906439047352e-02
-1.178629515515268456e-02
4.667307261419552551e-03
2.313135708038821167e-02
3.856817807825988625e-02
4.584007888463121488e-02
4.483963304024130014e-02
3.922045602435736411e-02
3.221907623211059390e-02
2.517034595310838410e-02
1.811499382453106086e-02
1.102512530978209254e-02
3.261720831334274061e-03
-5.880224010715399789e-03
-1.511263953133233293e-02
-1.927391435363869088e-02
-1.541337945221689376e-02
-7.875645591195376202e-03
-7.968614939067603792e-04
4.747414246652536217e-03
9.164759088396465248e-03
1.339428754552028991e-02
1.721467158996376270e-02
1.920833686786140720e-02
1.693835371166367565e-02
9.914735602674314141e-03
1.222539037230574444e-04
-1.042854788837014116e-02
-2.038119508727305462e-02
-3.020887598229890156e-02
-4.247980302488364029e-02
-5.985745279084075943e-02
-8.251529684782457630e-02
-1.071557334434668357e-01
-1.284158235798050496e-01
-1.400559765958169223e-01
-1.356143406636340365e-01
-1.070023786497200369e-01
-4.582441369970514239e-02
3.391097895187403927e-02
9.910782022565442495e-02
1.366402760942599104e-01
1.514708425694333560e-01
1.489408048749042424e-01
1.341571389534648440e-01
1.115377260059144948e-01
8.542519604185547233e-02
5.884882018801590453e-02
3.324204926148408012e-02
9.822955762508051025e-03
-1.045541752420010156e-02
-2.607881873915200710e-02
-3.564963076824967381e-02
-4.040874391136281552e-02
-4.184959469660270298e-02
-3.987321423216637351e-02
-3.439716235019182194e-02
-2.629536641819909745e-02
-1.740582539493807854e-02
-9.246961954478714538e-03
-2.633325974752641178e-03
2.363846552614408403e-03
5.972587115403364504e-03
7.875415270897896322e-03
7.985073616734521609e-03
6.598493387274872307e-03
4.124912618264012579e-03
1.274245215914130347e-03
-1.150519347920698782e-03
-2.427205932564695592e-03
-2.410386888915909669e-03
-1.724743487608476102e-03
-9.435509684978665712e-04
-6.821357305305285942e-04
-1.872188609171274512e-03
-3.681745835364121783e-03
-3.810811678644466030e-03
-1.838581128521959290e-03
1.331594692696885275e-03
4.962023089718234879e-03
8.525017040522513481e-03
1.214365784579728852e-02
1.532702016193243817e-02
1.708370878627151965e-02
1.718160296955062449e-02
1.522548245078034559e-02
1.037936151473162205e-02
2.904796595016568422e-03
