9.263222217559814453e-01
-4.378280639648437500e-01
4.504625797271728516e-01
-3.539375662803649902e-01
-2.067872881889343262e-01
-3.373032808303833008e-01
-2.791947722434997559e-01
-3.026340603828430176e-01
-1.909109354019165039e-01
-1.784939765930175781e-01
-2.628012299537658691e-01
-4.509863853454589844e-01
9.386581182479858398e-02
-3.582623600959777832e-01
-2.876941561698913574e-01
-2.895284891128540039e-01
-2.555185556411743164e-01
-2.304237484931945801e-01
-2.960409522056579590e-01
-2.884039282798767090e-01
-2.192028164863586426e-01
-2.976801395416259766e-01
-1.458094716072082520e-01
-6.109502911567687988e-02
7.910622358322143555e-01
-3.557205200195312500e-01
-2.302078604698181152e-01
-3.015289902687072754e-01
-2.231730222702026367e-01
-3.536347746849060059e-01
-2.245978713035583496e-01
-3.208065629005432129e-01
-3.087313175201416016e-01
-2.307540774345397949e-01
-2.201761007308959961e-01
-3.632008433341979980e-01
8.152821660041809082e-01
-2.774304151535034180e-01
-2.512727379798889160e-01
-2.351076006889343262e-01
-2.337051033973693848e-01
-2.357009053230285645e-01
-2.558407783508300781e-01
-2.438774108886718750e-01
-2.777149677276611328e-01
-2.712156772613525391e-01
-2.619859576225280762e-01
-7.100841403007507324e-02
-3.572192788124084473e-02
-3.256644010543823242e-01
-1.616172790527343750e-01
-2.281010746955871582e-01
-2.640460133552551270e-01
-2.604953646659851074e-01
-2.126913070678710938e-01
-2.816194891929626465e-01
-2.413228154182434082e-01
-3.068140149116516113e-01
-2.326517105102539062e-01
-5.112242102622985840e-01
1.010662317276000977e-02
-2.339395284652709961e-01
-1.412403881549835205e-01
-3.573887944221496582e-01
-3.037744760513305664e-01
-2.695754766464233398e-01
-3.016464114189147949e-01
-3.343812227249145508e-01
-2.668564319610595703e-01
-2.598339915275573730e-01
-2.375822663307189941e-01
-4.032682180404663086e-01
2.294555306434631348e-01
-3.444333672523498535e-01
-8.991166949272155762e-02
-2.695664167404174805e-01
-3.054196834564208984e-01
-2.625030279159545898e-01
-2.923225164413452148e-01
-2.465452551841735840e-01
-2.505891919136047363e-01
-2.674307823181152344e-01
-2.503486275672912598e-01
-3.108860850334167480e-01
9.426015615463256836e-02
-2.689121961593627930e-01
-1.293708086013793945e-01
-3.008660078048706055e-01
-2.179661989212036133e-01
-2.519720196723937988e-01
-2.278436422348022461e-01
-2.519753575325012207e-01
-2.229859232902526855e-01
-2.390913963317871094e-01
-2.059786319732666016e-01
-2.687373757362365723e-02
-5.625152587890625000e-02
-2.432143688201904297e-01
-1.455667316913604736e-01
-2.473374009132385254e-01
-2.562820911407470703e-01
-2.297608852386474609e-01
-2.521584630012512207e-01
-2.704390287399291992e-01
-2.560396790504455566e-01
-2.707608938217163086e-01
-2.994345426559448242e-01
-5.356433391571044922e-01
5.924892425537109375e-01
-3.350407481193542480e-01
-1.928145885467529297e-01
-2.422289252281188965e-01
-2.463072538375854492e-01
-2.542862892150878906e-01
-2.481303215026855469e-01
-2.389664649963378906e-01
-2.198601365089416504e-01
-2.492899894714355469e-01
-2.632430791854858398e-01
-4.477325081825256348e-02
4.174397587776184082e-01
-2.654032707214355469e-01
-2.429315447807312012e-01
-2.867130637168884277e-01
-2.432010173797607422e-01
-2.466806769371032715e-01
-2.680364847183227539e-01
-2.607805728912353516e-01
-2.557877302169799805e-01
-2.628923058509826660e-01
-2.921972274780273438e-01
4.687999784946441650e-01
5.549294948577880859e-01
-2.852615118026733398e-01
-2.523642182350158691e-01
-2.459435462951660156e-01
-2.417817115783691406e-01
-2.465448379516601562e-01
-2.027384638786315918e-01
-2.692930698394775391e-01
-2.345893383026123047e-01
-2.230612635612487793e-01
-2.621153593063354492e-01
-4.197202920913696289e-01
4.192556440830230713e-01
-2.526049613952636719e-01
-3.073982596397399902e-01
-2.738313078880310059e-01
-2.090565562248229980e-01
-2.103129029273986816e-01
-2.886486649513244629e-01
-2.705795764923095703e-01
-2.531809806823730469e-01
-3.234440684318542480e-01
-2.298126816749572754e-01
8.828455209732055664e-01
2.141819149255752563e-01
-2.812042832374572754e-01
-2.575226426124572754e-01
-2.527150511741638184e-01
-2.749078273773193359e-01
-2.735059261322021484e-01
-2.819838523864746094e-01
-2.627001404762268066e-01
-2.533395886421203613e-01
-3.049026131629943848e-01
-2.264085412025451660e-01
-2.489485144615173340e-01
8.035648465156555176e-01
-2.624396085739135742e-01
-2.613036036491394043e-01
-2.871737480163574219e-01
-3.048878908157348633e-01
-2.608963251113891602e-01
-2.762944698333740234e-01
-2.645803689956665039e-01
-2.238913178443908691e-01
-3.225886225700378418e-01
-2.442125082015991211e-01
-3.222095370292663574e-01
5.692744255065917969e-01
-3.243657350540161133e-01
-2.352677583694458008e-01
-2.911287546157836914e-01
-2.338306903839111328e-01
-2.964640855789184570e-01
-2.741473913192749023e-01
-2.870804071426391602e-01
-2.842379212379455566e-01
-3.047007322311401367e-01
-2.929728031158447266e-01
1.527529656887054443e-01
1.266933083534240723e-01
-3.878624439239501953e-01
-1.944069266319274902e-01
-2.816448211669921875e-01
-2.658479213714599609e-01
-2.779169678688049316e-01
-2.480890154838562012e-01
-2.770550847053527832e-01
-2.634748816490173340e-01
-2.972254157066345215e-01
-2.340990900993347168e-01
-4.043896198272705078e-01
7.920341491699218750e-01
-3.646991252899169922e-01
-2.328628897666931152e-01
-2.798078060150146484e-01
-2.559337615966796875e-01
-2.939972281455993652e-01
-2.535398602485656738e-01
-2.680404186248779297e-01
-2.740271091461181641e-01
-2.505218982696533203e-01
-2.991365790367126465e-01
-3.278967142105102539e-01
1.138797760009765625e+00
-3.555024862289428711e-01
-2.106690406799316406e-01
-2.820162177085876465e-01
-1.787860393524169922e-01
-2.950142621994018555e-01
-2.998675107955932617e-01
-2.730337381362915039e-01
-2.954971194267272949e-01
-2.622082829475402832e-01
-2.619755268096923828e-01
-3.762277960777282715e-01
8.199750185012817383e-01
-2.384961247444152832e-01
-2.715016007423400879e-01
-2.604051828384399414e-01
-2.481666207313537598e-01
-2.723311781883239746e-01
-2.183195948600769043e-01
-2.986327409744262695e-01
-2.866869568824768066e-01
-3.023818731307983398e-01
-2.737354636192321777e-01
-3.030039668083190918e-01
-1.859959959983825684e-01
-3.185065984725952148e-01
-1.914666295051574707e-01
-3.058785796165466309e-01
-1.918170452117919922e-01
-2.456031441688537598e-01
-2.008080482482910156e-01
-2.902697324752807617e-01
-2.179700136184692383e-01
-3.394957184791564941e-01
-1.605445146560668945e-01
5.018705129623413086e-01
-1.439753174781799316e-01
-2.597993016242980957e-01
-2.383816838264465332e-01
-2.752842903137207031e-01
-2.479126453399658203e-01
-2.953818440437316895e-01
-2.084265947341918945e-01
-2.600763440132141113e-01
-2.102443575859069824e-01
-3.080495595932006836e-01
-3.274335861206054688e-01
-3.277043104171752930e-01
-2.280903458595275879e-01
-2.626782655715942383e-01
-2.333863973617553711e-01
-2.543064355850219727e-01
-2.754830718040466309e-01
-2.605058550834655762e-01
-2.648415565490722656e-01
-2.719195485115051270e-01
-1.932020187377929688e-01
-2.468389272689819336e-01
-2.490020990371704102e-01
-4.797579050064086914e-01
-1.832438707351684570e-01
-3.132534027099609375e-01
-3.200235366821289062e-01
-2.261735200881958008e-01
-2.840836644172668457e-01
-2.471709847450256348e-01
-3.047365546226501465e-01
-2.627372145652770996e-01
-2.475413084030151367e-01
-2.984589338302612305e-01
-2.837531566619873047e-01
-3.948065638542175293e-01
-8.843719959259033203e-02
-2.857632040977478027e-01
-2.693654298782348633e-01
-2.920840382575988770e-01
-2.904146313667297363e-01
-3.115994930267333984e-01
-2.841123938560485840e-01
-2.783777713775634766e-01
-2.503124475479125977e-01
-2.775608301162719727e-01
-2.783016562461853027e-01
-3.032485842704772949e-01
-2.105148434638977051e-01
-2.817991375923156738e-01
-1.858862638473510742e-01
-3.064762949943542480e-01
-2.722448706626892090e-01
-3.261056542396545410e-01
-3.081831932067871094e-01
-2.860555052757263184e-01
-2.578799128532409668e-01
-2.924484014511108398e-01
-2.773078083992004395e-01
-3.753231763839721680e-01
-1.425424218177795410e-02
-2.871823310852050781e-01
-9.915372729301452637e-02
-2.978883981704711914e-01
-2.504857182502746582e-01
-2.365724444389343262e-01
-2.730586528778076172e-01
-2.919967174530029297e-01
-2.732987403869628906e-01
-2.487142086029052734e-01
-2.574515342712402344e-01
-1.899020671844482422e-01
-7.653993368148803711e-02
-2.752860784530639648e-01
-2.920994162559509277e-01
-2.466376423835754395e-01
-2.555332183837890625e-01
-2.964543700218200684e-01
-3.105610013008117676e-01
-2.772732377052307129e-01
-2.913177013397216797e-01
-2.656129598617553711e-01
-2.899122834205627441e-01
-3.814284801483154297e-01
7.050567865371704102e-02
-2.368036508560180664e-01
-2.294100522994995117e-01
-2.559055685997009277e-01
-2.552539110183715820e-01
-2.560517191886901855e-01
-2.401716113090515137e-01
-2.913769483566284180e-01
-2.776672244071960449e-01
-2.345386147499084473e-01
-2.123216390609741211e-01
-4.214375615119934082e-01
2.506147027015686035e-01
-2.480182051658630371e-01
-1.799353957176208496e-01
-2.609440088272094727e-01
-2.701207399368286133e-01
-2.864759564399719238e-01
-3.211002945899963379e-01
-2.595397233963012695e-01
-2.871151566505432129e-01
-3.117793798446655273e-01
-2.725030183792114258e-01
-5.434860587120056152e-01
1.054270267486572266e+00
-3.019961118698120117e-01
-2.400829792022705078e-01
-2.907199859619140625e-01
-2.714263200759887695e-01
-3.217582702636718750e-01
-2.907985448837280273e-01
-2.925039529800415039e-01
-2.776733636856079102e-01
-3.098225593566894531e-01
-2.881786823272705078e-01
8.305264115333557129e-01
-1.267447471618652344e-01
-3.106309175491333008e-01
-2.633978128433227539e-01
-2.863247394561767578e-01
-2.624229788780212402e-01
-3.088061809539794922e-01
-3.139424920082092285e-01
-3.346776962280273438e-01
-2.348890304565429688e-01
-3.170072436332702637e-01
-2.524924278259277344e-01
-2.013118267059326172e-01
4.591475725173950195e-01
-2.749727368354797363e-01
-2.592436075210571289e-01
-3.089770674705505371e-01
-2.209587693214416504e-01
-3.470716476440429688e-01
3.615915477275848389e-01
-2.487750649452209473e-01
-3.586670756340026855e-01
-2.600955367088317871e-01
-2.931193709373474121e-01
1.207006096839904785e+00
-1.270401179790496826e-01
-2.654179930686950684e-01
-2.572675347328186035e-01
-2.925747036933898926e-01
-2.419084310531616211e-01
-3.161257505416870117e-01
-2.795790433883666992e-01
-2.760702967643737793e-01
-2.504900693893432617e-01
-2.778170704841613770e-01
-3.058138489723205566e-01
5.060300827026367188e-01
4.265115857124328613e-01
-2.630504369735717773e-01
-2.695774435997009277e-01
-2.865680456161499023e-01
-3.060156106948852539e-01
-2.949918508529663086e-01
-2.737293243408203125e-01
-2.840645909309387207e-01
-3.149611949920654297e-01
-2.761458754539489746e-01
-2.909520864486694336e-01
-4.790256619453430176e-01
1.361843824386596680e+00
-3.208805918693542480e-01
-1.613289117813110352e-01
-2.771386504173278809e-01
-2.739553451538085938e-01
-3.127876520156860352e-01
-2.135586738586425781e-01
-3.342356681823730469e-01
-1.765598654747009277e-01
-2.803965210914611816e-01
-2.393965125083923340e-01
1.161456584930419922e+00
-1.850962638854980469e-01
-3.474252223968505859e-01
-2.288259267807006836e-01
-3.217726349830627441e-01
-2.913736701011657715e-01
-3.240137696266174316e-01
-2.292414903640747070e-01
-2.622511386871337891e-01
-2.819457054138183594e-01
-2.554760575294494629e-01
-2.930234074592590332e-01
9.381052851676940918e-01
-3.518033027648925781e-02
-2.505410909652709961e-01
-2.792481780052185059e-01
-3.306851983070373535e-01
-3.770773410797119141e-01
-2.903348803520202637e-01
-3.012251853942871094e-01
-3.210392594337463379e-01
-2.169380187988281250e-01
-2.983098626136779785e-01
-2.660167217254638672e-01
-5.191824436187744141e-01
-6.449279189109802246e-02
-3.324202299118041992e-01
-2.724078297615051270e-01
-3.052949309349060059e-01
-2.382495999336242676e-01
-2.974153757095336914e-01
-2.221636176109313965e-01
-2.493132948875427246e-01
-2.629866600036621094e-01
-2.701410055160522461e-01
-2.915792465209960938e-01
-4.043453335762023926e-01
-1.976337432861328125e-01
-3.444577455520629883e-01
-2.668228745460510254e-01
-2.456544041633605957e-01
-3.006325364112854004e-01
-2.790174484252929688e-01
-2.443137168884277344e-01
-2.892946004867553711e-01
-2.526333332061767578e-01
-2.810397148132324219e-01
-2.477020025253295898e-01
1.745677441358566284e-01
-1.563907265663146973e-01
-3.496372103691101074e-01
-2.575113773345947266e-01
-2.839747667312622070e-01
-2.286480665206909180e-01
-3.521513938903808594e-01
-1.897207498550415039e-01
-2.696150541305541992e-01
-2.088270187377929688e-01
-2.593899369239807129e-01
-2.792693972587585449e-01
2.091306447982788086e-01
4.785817861557006836e-01
-2.359919548034667969e-01
-1.914992928504943848e-01
-3.008414506912231445e-01
-2.800286412239074707e-01
-3.104424476623535156e-01
-2.568864822387695312e-01
-5.723448395729064941e-01
-1.168264150619506836e-01
-2.558695673942565918e-01
-2.274700999259948730e-01
6.969906091690063477e-01
3.393104672431945801e-02
-3.196891546249389648e-01
-2.588106393814086914e-01
-2.719272375106811523e-01
-2.506801486015319824e-01
-2.777346968650817871e-01
-2.373843193054199219e-01
-2.187975645065307617e-01
-2.709130048751831055e-01
-2.819864153861999512e-01
-2.720322608947753906e-01
-2.791296839714050293e-01
-2.739540934562683105e-01
-2.999482750892639160e-01
-2.247992157936096191e-01
-3.117185235023498535e-01
-2.688927054405212402e-01
-2.607046961784362793e-01
-2.383548617362976074e-01
-2.425451874732971191e-01
-2.497273087501525879e-01
-2.465453147888183594e-01
-2.324905395507812500e-01
-2.470342516899108887e-01
-2.476149201393127441e-01
-3.077770471572875977e-01
-2.723320722579956055e-01
-2.947527170181274414e-01
-2.633400559425354004e-01
-2.465453147888183594e-01
-2.327364683151245117e-01
-2.622545957565307617e-01
-2.776836752891540527e-01
-2.465482354164123535e-01
-2.501465678215026855e-01
-4.601341485977172852e-01
-2.087180614471435547e-01
-3.254665732383728027e-01
-2.696514725685119629e-01
-2.864863872528076172e-01
-2.697718739509582520e-01
-2.465836405754089355e-01
-2.484657168388366699e-01
-2.645888328552246094e-01
-2.463908195495605469e-01
-2.465490102767944336e-01
-2.415430545806884766e-01
8.458617329597473145e-02
-8.120876550674438477e-02
-3.582891225814819336e-01
-2.592791914939880371e-01
-2.979688644409179688e-01
-2.883024215698242188e-01
-2.564259171485900879e-01
-2.503606081008911133e-01
-2.465937733650207520e-01
-2.612760663032531738e-01
-2.477034926414489746e-01
-2.541138529777526855e-01
-2.318886518478393555e-01
-1.771340370178222656e-01
-3.068827390670776367e-01
-2.947024703025817871e-01
-2.776858806610107422e-01
-2.129985690116882324e-01
-2.747201919555664062e-01
-2.347040176391601562e-01
-2.599589228630065918e-01
-3.074231147766113281e-01
-2.885467410087585449e-01
-2.774440050125122070e-01
4.167015254497528076e-01
-1.715946197509765625e-01
-3.229055404663085938e-01
-3.262122869491577148e-01
-2.826740145683288574e-01
-3.109773397445678711e-01
-2.570775747299194336e-01
-3.071137070655822754e-01
-2.944598197937011719e-01
-2.644667029380798340e-01
-2.576302886009216309e-01
-2.819824814796447754e-01
-3.139148354530334473e-01
7.920384407043457031e-03
-2.737179994583129883e-01
-2.877803444862365723e-01
-2.723656296730041504e-01
-2.926952838897705078e-01
-2.481104731559753418e-01
-2.916653752326965332e-01
-2.663829922676086426e-01
-2.678080797195434570e-01
-2.564699053764343262e-01
-2.424315810203552246e-01
2.699285745620727539e-03
-1.051701009273529053e-01
-2.724053263664245605e-01
-2.821658253669738770e-01
-2.824726104736328125e-01
-2.486469149589538574e-01
-2.872267961502075195e-01
-2.892061471939086914e-01
-2.942739129066467285e-01
-2.621821165084838867e-01
-2.861559987068176270e-01
-2.622551321983337402e-01
-2.895399928092956543e-01
1.517391204833984375e-02
-3.405243158340454102e-01
-2.608560323715209961e-01
-2.929129004478454590e-01
-2.943260073661804199e-01
-2.916392683982849121e-01
-2.850503921508789062e-01
-2.776846885681152344e-01
-2.713894844055175781e-01
-2.787213325500488281e-01
-2.879328727722167969e-01
1.734018325805664062e-03
-3.523457050323486328e-02
-3.212899565696716309e-01
-3.028240203857421875e-01
-2.819376587867736816e-01
-2.542581558227539062e-01
-2.826818823814392090e-01
-2.364061474800109863e-01
-2.795411348342895508e-01
-3.025846481323242188e-01
-2.974169850349426270e-01
-2.707276940345764160e-01
-9.508788585662841797e-03
-2.780342102050781250e-02
-2.719656825065612793e-01
-2.464423179626464844e-01
-2.906315922737121582e-01
-2.743788957595825195e-01
-2.721438407897949219e-01
-2.789135575294494629e-01
-2.777115702629089355e-01
-2.730951905250549316e-01
-2.763034105300903320e-01
-2.964162230491638184e-01
-2.646782994270324707e-02
-2.704879641532897949e-02
-2.978133559226989746e-01
-2.735951542854309082e-01
-2.780963182449340820e-01
-2.891553044319152832e-01
-2.776840329170227051e-01
-2.445803880691528320e-01
-2.776823043823242188e-01
-2.769829630851745605e-01
-2.887537479400634766e-01
-2.022005915641784668e-01
-2.754886150360107422e-01
4.504113197326660156e-01
-2.868957519531250000e-01
-3.193466067314147949e-01
-2.974153757095336914e-01
-2.606329917907714844e-01
-2.921798229217529297e-01
-2.501929402351379395e-01
-2.774515151977539062e-01
-2.791119813919067383e-01
-2.814744114875793457e-01
-2.685696482658386230e-01
-3.156034350395202637e-01
2.939937114715576172e-01
-2.905076742172241211e-01
-2.252900004386901855e-01
-2.974153757095336914e-01
-2.755627632141113281e-01
-2.465465664863586426e-01
-2.200570106506347656e-01
-2.778020501136779785e-01
-2.573422193527221680e-01
-2.610921263694763184e-01
-2.498584985733032227e-01
-2.312465906143188477e-01
5.265423655509948730e-02
-2.805491685867309570e-01
-2.084951996803283691e-01
-2.971124649047851562e-01
-2.737593650817871094e-01
-2.974153757095336914e-01
-3.051580190658569336e-01
-2.546870112419128418e-01
-2.569377422332763672e-01
-2.727889418601989746e-01
-2.905324697494506836e-01
-1.483318805694580078e-01
-2.386986613273620605e-01
-3.113933801651000977e-01
-2.570625543594360352e-01
-2.817501425743103027e-01
-2.734739184379577637e-01
-3.025414943695068359e-01
-2.139570116996765137e-01
-2.624373435974121094e-01
-2.561637759208679199e-01
-2.784174680709838867e-01
-3.118811249732971191e-01
2.004227936267852783e-01
-1.832623481750488281e-01
-3.155745863914489746e-01
-2.549804449081420898e-01
-2.661734819412231445e-01
-2.961792349815368652e-01
-3.003724813461303711e-01
-2.837315201759338379e-01
-2.974153757095336914e-01
-2.686134576797485352e-01
-2.841060161590576172e-01
-2.915520668029785156e-01
-3.248623609542846680e-01
-2.141628265380859375e-01
-2.846330404281616211e-01
-2.126945853233337402e-01
-2.960295081138610840e-01
-2.885883450508117676e-01
-2.924504280090332031e-01
-3.147824406623840332e-01
-3.086225390434265137e-01
-2.848525643348693848e-01
-2.997145652770996094e-01
-2.610164284706115723e-01
7.183217406272888184e-01
-2.643097639083862305e-01
-3.152709007263183594e-01
-2.878170013427734375e-01
-2.919108271598815918e-01
-2.674887776374816895e-01
-2.573957443237304688e-01
-2.569671869277954102e-01
-2.619742751121520996e-01
-2.680739164352416992e-01
-2.771743535995483398e-01
-2.817170619964599609e-01
-2.671675086021423340e-01
-2.787304520606994629e-01
-3.016919493675231934e-01
-2.246936559677124023e-01
-2.939718365669250488e-01
-2.424679398536682129e-01
-4.755730628967285156e-01
-2.089833617210388184e-01
-2.552521824836730957e-01
-1.879281997680664062e-01
-3.215035796165466309e-01
-2.261579632759094238e-01
-1.909121870994567871e-01
2.194984853267669678e-01
-3.254978060722351074e-01
-2.365129590034484863e-01
-2.613246440887451172e-01
-2.562291622161865234e-01
-2.439199686050415039e-01
-2.476769089698791504e-01
-2.358633279800415039e-01
-2.031893134117126465e-01
-2.336565256118774414e-01
-2.231731414794921875e-01
-3.053612709045410156e-01
2.091613709926605225e-01
-3.512003421783447266e-01
-2.628380060195922852e-01
-3.259785771369934082e-01
-2.711242437362670898e-01
-2.611708045005798340e-01
-2.506200671195983887e-01
-2.489991188049316406e-01
-2.517610192298889160e-01
-2.619742751121520996e-01
-2.302280664443969727e-01
-3.077390789985656738e-01
7.161504030227661133e-01
-3.007040023803710938e-01
-2.045614123344421387e-01
-2.606801986694335938e-01
-2.946580052375793457e-01
-2.396950125694274902e-01
-2.648748159408569336e-01
-2.468765974044799805e-01
-2.483483552932739258e-01
-2.763497829437255859e-01
-2.374260425567626953e-01
-3.191320300102233887e-01
-1.148954331874847412e-01
-3.404499888420104980e-01
-3.052864670753479004e-01
-2.920475602149963379e-01
-2.708161473274230957e-01
-2.500090599060058594e-01
-2.616838812828063965e-01
-2.612639665603637695e-01
-2.964411377906799316e-01
-3.052695393562316895e-01
-2.691798806190490723e-01
7.200476527214050293e-02
-3.111591935157775879e-02
-3.192303180694580078e-01
-2.304211258888244629e-01
-2.920480370521545410e-01
-2.931624650955200195e-01
-2.785989642143249512e-01
-2.901570796966552734e-01
-2.583021521568298340e-01
-3.208451867103576660e-01
-2.974154353141784668e-01
-2.726804018020629883e-01
-3.874778151512145996e-01
3.882184326648712158e-01
-2.834262847900390625e-01
-2.674021720886230469e-01
-2.776830792427062988e-01
-2.270632386207580566e-01
-2.361970543861389160e-01
-2.163231372833251953e-01
-2.440778613090515137e-01
-2.287884354591369629e-01
-2.331284880638122559e-01
-2.973765134811401367e-01
-2.891413569450378418e-01
2.887263894081115723e-02
-3.176632523536682129e-01
-2.904950380325317383e-01
-2.689149975776672363e-01
-2.962669134140014648e-01
-2.094141244888305664e-01
-2.752986550331115723e-01
-2.464836239814758301e-01
-2.895123958587646484e-01
-2.357326745986938477e-01
-2.605950236320495605e-01
-4.281896948814392090e-01
-6.416764855384826660e-02
-2.697862982749938965e-01
-2.980355620384216309e-01
-2.887623906135559082e-01
-2.234280109405517578e-01
-2.948442697525024414e-01
-2.838980555534362793e-01
-2.662565708160400391e-01
-2.748270630836486816e-01
-2.828119397163391113e-01
-2.819845080375671387e-01
-1.688277125358581543e-01
6.660562753677368164e-01
-3.034959435462951660e-01
-2.674055695533752441e-01
-2.619643807411193848e-01
-2.534312605857849121e-01
-2.973691821098327637e-01
-2.662836909294128418e-01
-2.463054060935974121e-01
-2.826352119445800781e-01
-2.619292736053466797e-01
-2.662363052368164062e-01
-3.001440167427062988e-01
7.082102298736572266e-01
-3.577051162719726562e-01
-2.674061059951782227e-01
-2.535964846611022949e-01
-2.775954604148864746e-01
-2.565319538116455078e-01
-2.655152678489685059e-01
-2.915946245193481445e-01
-2.659396529197692871e-01
-2.499811053276062012e-01
-2.944517731666564941e-01
-3.284572362899780273e-01
1.328347027301788330e-01
-3.220317959785461426e-01
-2.460414171218872070e-01
-2.830361723899841309e-01
-2.606263160705566406e-01
-2.451145648956298828e-01
-2.662765383720397949e-01
-2.664743661880493164e-01
-2.514324784278869629e-01
-2.553836703300476074e-01
-2.770174741744995117e-01
-3.259736895561218262e-01
4.252088069915771484e-02
-2.776210308074951172e-01
-2.564217448234558105e-01
-2.868548035621643066e-01
-2.805059552192687988e-01
-2.627789974212646484e-01
-2.662447094917297363e-01
-2.465555667877197266e-01
-2.620064616203308105e-01
-2.661246657371520996e-01
-2.663473486900329590e-01
-2.825346589088439941e-01
-1.170307397842407227e-02
-3.313499093055725098e-01
-2.271155118942260742e-01
-2.845983505249023438e-01
-2.856823205947875977e-01
-2.626094818115234375e-01
-2.662767767906188965e-01
-2.819787263870239258e-01
-3.072355985641479492e-01
-2.992912530899047852e-01
-2.662754654884338379e-01
-3.503760695457458496e-01
3.258420228958129883e-01
-3.394753336906433105e-01
-2.784842252731323242e-01
-2.717754840850830078e-01
-2.546605467796325684e-01
-2.648524641990661621e-01
-2.715574502944946289e-01
-2.499067187309265137e-01
-2.819865345954895020e-01
-2.667589187622070312e-01
-2.654994726181030273e-01
-3.631991744041442871e-01
1.045968770980834961e+00
-3.460882306098937988e-01
-2.571928501129150391e-01
-2.760618329048156738e-01
-2.308205962181091309e-01
-2.949371337890625000e-01
-2.517659664154052734e-01
-2.689549922943115234e-01
-2.861060500144958496e-01
-3.087877035140991211e-01
-2.723557949066162109e-01
-3.470891118049621582e-01
4.062249660491943359e-01
-3.646715879440307617e-01
-2.261881828308105469e-01
-2.974140644073486328e-01
-2.595250606536865234e-01
-2.967990040779113770e-01
-2.258826494216918945e-01
-2.819905281066894531e-01
-2.491239905357360840e-01
-2.662768363952636719e-01
-2.819853425025939941e-01
-2.976008653640747070e-01
-6.324827671051025391e-02
-2.830165028572082520e-01
-2.409113645553588867e-01
-3.018093109130859375e-01
-3.042264580726623535e-01
-2.766522169113159180e-01
-2.520155906677246094e-01
-2.663939595222473145e-01
-2.808959484100341797e-01
-2.584465146064758301e-01
-2.895281314849853516e-01
-4.214748144149780273e-01
8.625689744949340820e-01
-1.948899626731872559e-01
-2.130531668663024902e-01
-2.908062338829040527e-01
-2.541017532348632812e-01
-2.853253483772277832e-01
-3.058935999870300293e-01
-3.117119073867797852e-01
-2.691664099693298340e-01
-2.686561942100524902e-01
-2.160496711730957031e-01
-4.838889837265014648e-01
6.557449102401733398e-01
-3.152320981025695801e-01
-3.556771874427795410e-01
-3.456810712814331055e-01
-3.033289909362792969e-01
-3.179374933242797852e-01
-2.819864153861999512e-01
-2.983294129371643066e-01
-2.447917461395263672e-01
-2.559109330177307129e-01
-2.465241551399230957e-01
-9.319248795509338379e-02
1.935410499572753906e-01
-2.368593215942382812e-01
-2.999085783958435059e-01
-3.150042295455932617e-01
-2.864835858345031738e-01
-2.733964920043945312e-01
-2.492582201957702637e-01
-2.857344150543212891e-01
-3.046466708183288574e-01
-2.781322002410888672e-01
-2.907992601394653320e-01
-3.194503784179687500e-01
1.955516636371612549e-01
-2.463480234146118164e-01
-2.981633543968200684e-01
-3.218029141426086426e-01
-1.283428072929382324e-02
-2.588140368461608887e-01
-2.758522033691406250e-01
-2.415587902069091797e-01
-2.410722374916076660e-01
-2.187791466712951660e-01
-2.479511499404907227e-01
1.968464404344558716e-01
1.087054491043090820e+00
-2.401471138000488281e-01
-2.084147930145263672e-01
-2.849845886230468750e-01
-2.967913746833801270e-01
-2.963401675224304199e-01
-2.881973385810852051e-01
-2.626819014549255371e-01
-2.510929703712463379e-01
-2.432056665420532227e-01
-2.507972717285156250e-01
-4.146375656127929688e-01
1.307265877723693848e+00
-3.437467813491821289e-01
-2.657144069671630859e-01
-3.215192556381225586e-01
-2.492334842681884766e-01
-2.677993774414062500e-01
-2.356075644493103027e-01
-2.808812260627746582e-01
-2.708003520965576172e-01
-3.063797354698181152e-01
-2.578676939010620117e-01
-3.975445628166198730e-01
1.197518348693847656e+00
-2.694225907325744629e-01
-2.246655225753784180e-01
-3.275856971740722656e-01
-2.464485168457031250e-01
-2.922677397727966309e-01
-2.905980348587036133e-01
-2.857980728149414062e-01
-2.660521268844604492e-01
-2.661909461021423340e-01
-2.558715939521789551e-01
-4.146371483802795410e-01
1.108488678932189941e+00
-2.631615400314331055e-01
-2.151045203208923340e-01
-2.504058480262756348e-01
-2.677492499351501465e-01
-2.475709915161132812e-01
-2.460653781890869141e-01
-2.634111046791076660e-01
-1.975342035293579102e-01
-2.662143707275390625e-01
-3.027006983757019043e-01
-3.678166866302490234e-01
1.138566255569458008e+00
-2.761744260787963867e-01
-2.443320155143737793e-01
-2.624657750129699707e-01
-1.801063418388366699e-01
-2.815375328063964844e-01
-3.138384819030761719e-01
-2.819864153861999512e-01
-2.537469267845153809e-01
-2.763723134994506836e-01
-2.599391341209411621e-01
-1.743586659431457520e-01
5.234854221343994141e-01
-2.498403787612915039e-01
-2.707171440124511719e-01
-2.704423069953918457e-01
-2.602084875106811523e-01
-2.908920049667358398e-01
-2.341480851173400879e-01
-2.761366367340087891e-01
-2.576662302017211914e-01
-2.383896708488464355e-01
-2.584121227264404297e-01
-2.194163799285888672e-01
3.901829123497009277e-01
-3.524523377418518066e-01
-2.636263966560363770e-01
-2.822642922401428223e-01
-3.188095688819885254e-01
-2.868694067001342773e-01
-2.720266580581665039e-01
-2.892551422119140625e-01
-2.157698273658752441e-01
-2.661010622978210449e-01
-2.901124954223632812e-01
-4.530812501907348633e-01
1.879784613847732544e-01
-3.106535077095031738e-01
-2.463529706001281738e-01
-2.585877776145935059e-01
-3.069469928741455078e-01
-2.817021012306213379e-01
-2.597939968109130859e-01
-2.721338868141174316e-01
-2.483375072479248047e-01
-2.705706954002380371e-01
-2.606209516525268555e-01
-3.921154141426086426e-01
3.056696355342864990e-01
-3.066802024841308594e-01
-2.192946076393127441e-01
-2.564958333969116211e-01
-2.727631330490112305e-01
-2.238351106643676758e-01
-2.114823460578918457e-01
-2.610133886337280273e-01
-2.466577291488647461e-01
-2.805966138839721680e-01
-2.417941093444824219e-01
-3.602191805839538574e-01
2.073147296905517578e-01
-3.192163705825805664e-01
-1.935091018676757812e-01
-2.784295082092285156e-01
-2.514317035675048828e-01
-2.662765383720397949e-01
-2.632716894149780273e-01
-2.659291625022888184e-01
-2.663633823394775391e-01
-2.760486006736755371e-01
-2.662842273712158203e-01
-1.788548827171325684e-01
1.085234433412551880e-01
-2.655296921730041504e-01
-2.021593451499938965e-01
-3.058536648750305176e-01
-2.514310479164123535e-01
-2.637408375740051270e-01
-2.563897371292114258e-01
-2.081930041313171387e-01
-2.082073092460632324e-01
-2.495727539062500000e-01
-2.747246623039245605e-01
-1.857972145080566406e-01
4.929983019828796387e-01
-2.409903407096862793e-01
-1.941931247711181641e-01
-3.149908781051635742e-01
-2.433570027351379395e-01
-2.608295679092407227e-01
-2.746104001998901367e-01
-2.833827137947082520e-01
-2.551330924034118652e-01
-2.988967299461364746e-01
-2.688459157943725586e-01
-1.761508584022521973e-01
4.888687133789062500e-01
-2.556954622268676758e-01
-2.067564725875854492e-01
-2.734128832817077637e-01
-1.911488771438598633e-01
-2.909526228904724121e-01
-2.622551321983337402e-01
-2.578800320625305176e-01
-2.559055685997009277e-01
-2.622551321983337402e-01
-2.716397047042846680e-01
-4.420264959335327148e-01
7.293843030929565430e-01
-2.559173107147216797e-01
-2.189521193504333496e-01
-2.874009013175964355e-01
-2.129116058349609375e-01
-2.469930052757263184e-01
-2.582963705062866211e-01
-2.465630173683166504e-01
-2.725716233253479004e-01
-2.799575328826904297e-01
-2.661765813827514648e-01
-3.686400055885314941e-01
6.824206113815307617e-01
-3.047020435333251953e-01
-2.300915122032165527e-01
-2.910053133964538574e-01
-2.335042953491210938e-01
-2.653627991676330566e-01
-2.608767747879028320e-01
-2.750501632690429688e-01
-2.486058473587036133e-01
-2.662848830223083496e-01
-2.773466110229492188e-01
-4.687168598175048828e-01
7.728096246719360352e-01
-3.026216030120849609e-01
-2.862624526023864746e-01
-2.966488599777221680e-01
-2.432971000671386719e-01
-2.754146456718444824e-01
-2.575982809066772461e-01
-2.566740512847900391e-01
-2.662642002105712891e-01
-2.664359211921691895e-01
-2.528540492057800293e-01
-1.370438337326049805e-01
7.048779726028442383e-01
-2.663127779960632324e-01
-2.437769770622253418e-01
-2.747882604598999023e-01
-2.483596205711364746e-01
-2.745559215545654297e-01
-2.442080974578857422e-01
-2.564353346824645996e-01
-2.631126046180725098e-01
-2.563244700431823730e-01
-2.434507012367248535e-01
-2.148689031600952148e-01
5.770557522773742676e-01
-3.165565133094787598e-01
-2.631012797355651855e-01
-3.206789493560791016e-01
-2.680575847625732422e-01
-2.966073751449584961e-01
-2.937399744987487793e-01
-2.614966630935668945e-01
-3.081486225128173828e-01
-2.661432027816772461e-01
-3.061510324478149414e-01
-4.494593143463134766e-01
8.117551803588867188e-01
-2.474866509437561035e-01
-2.506474852561950684e-01
-2.619601488113403320e-01
-2.886429429054260254e-01
-2.295884490013122559e-01
-3.059394955635070801e-01
-2.606437802314758301e-01
-3.083006143569946289e-01
-2.974051833152770996e-01
-3.174000382423400879e-01
-2.617882490158081055e-01
4.996770620346069336e-01
-2.712020874023437500e-01
-2.494053840637207031e-01
-2.777786254882812500e-01
-2.937429547309875488e-01
-2.613011598587036133e-01
-2.622551321983337402e-01
-2.950092554092407227e-01
-2.763367295265197754e-01
-3.068403005599975586e-01
-2.815824151039123535e-01
-3.089814782142639160e-01
7.231806516647338867e-01
-3.136451244354248047e-01
-2.381967306137084961e-01
-2.306315302848815918e-01
-2.922477722167968750e-01
-2.507757544517517090e-01
-2.574363946914672852e-01
-2.732614278793334961e-01
-2.400516867637634277e-01
-2.528516054153442383e-01
-2.838729619979858398e-01
1.001404821872711182e-01
-2.020216584205627441e-01
-2.996377944946289062e-01
-2.403674721717834473e-01
-3.047544360160827637e-01
-2.930288910865783691e-01
-2.659107446670532227e-01
-2.409569025039672852e-01
-2.436339855194091797e-01
-3.051895499229431152e-01
-2.463483810424804688e-01
-2.590287923812866211e-01
-7.871812582015991211e-02
-3.552436828613281250e-04
-2.888866662979125977e-01
-2.629487514495849609e-01
-2.966913580894470215e-01
-2.891552448272705078e-01
-2.298364043235778809e-01
-2.766760587692260742e-01
-2.436339855194091797e-01
-3.225322961807250977e-01
-2.715525627136230469e-01
-2.927724123001098633e-01
-1.943436861038208008e-01
5.197030305862426758e-02
-2.625265717506408691e-01
-3.193047642707824707e-01
-2.778105735778808594e-01
-3.062182068824768066e-01
-2.729954123497009277e-01
-2.552457451820373535e-01
-2.831937670707702637e-01
-3.193358182907104492e-01
-2.974153757095336914e-01
-2.738003730773925781e-01
8.434426784515380859e-02
-5.843889713287353516e-02
-2.191638946533203125e-01
-2.608205676078796387e-01
-2.935876846313476562e-01
-3.054198622703552246e-01
-2.517018914222717285e-01
-2.904098033905029297e-01
-2.764697670936584473e-01
-3.293039798736572266e-01
-2.807552814483642578e-01
-3.107422590255737305e-01
-2.257493734359741211e-01
-1.972138285636901855e-01
-2.789744734764099121e-01
-3.103812336921691895e-01
-2.273588180541992188e-01
-2.966326475143432617e-01
-2.995389699935913086e-01
-3.175045847892761230e-01
-2.658761143684387207e-01
-2.207534313201904297e-01
-2.984614372253417969e-01
-3.244474530220031738e-01
-3.151853680610656738e-01
-8.738601207733154297e-02
-2.903754711151123047e-01
-2.208762764930725098e-01
-2.854511737823486328e-01
-2.570617794990539551e-01
-2.974806427955627441e-01
-1.888328790664672852e-01
-2.604016661643981934e-01
-2.151411175727844238e-01
-2.377776503562927246e-01
-1.831393837928771973e-01
5.925303697586059570e-02
-2.460902333259582520e-01
-2.954074144363403320e-01
-2.817246913909912109e-01
-2.873112559318542480e-01
-3.182401061058044434e-01
-2.711616158485412598e-01
-3.198494911193847656e-01
-3.116605281829833984e-01
-2.775605320930480957e-01
-2.850213050842285156e-01
-3.211135268211364746e-01
-2.312378287315368652e-01
-2.400792241096496582e-01
-3.188431262969970703e-01
-3.010503053665161133e-01
-2.912161946296691895e-01
-3.062282204627990723e-01
-2.787448763847351074e-01
-2.551642656326293945e-01
-2.366098761558532715e-01
-2.851172685623168945e-01
-2.651294469833374023e-01
-3.291528820991516113e-01
2.290564179420471191e-01
-2.711421847343444824e-01
-3.153195381164550781e-01
-2.784362435340881348e-01
-3.119209408760070801e-01
-2.961853742599487305e-01
-3.010383248329162598e-01
-2.659609913825988770e-01
-2.536548376083374023e-01
-2.782537937164306641e-01
-2.951635718345642090e-01
-2.669103741645812988e-01
4.774498045444488525e-01
-2.836401462554931641e-01
-3.120103478431701660e-01
-2.485197186470031738e-01
-2.820003628730773926e-01
-2.796081304550170898e-01
-2.844637632369995117e-01
-2.789427638053894043e-01
-2.792919874191284180e-01
-2.806648015975952148e-01
-2.920923829078674316e-01
-2.925199866294860840e-01
1.065397411584854126e-01
-3.132284283638000488e-01
-3.023329973220825195e-01
-2.846352458000183105e-01
-2.891511321067810059e-01
-2.953233718872070312e-01
-2.874423861503601074e-01
-3.014824390411376953e-01
-2.946943640708923340e-01
-2.936776280403137207e-01
-2.897286415100097656e-01
-3.136390447616577148e-01
4.067847728729248047e-01
1.549026221036911011e-01
-2.755924463272094727e-01
-2.648290395736694336e-01
-2.663044929504394531e-01
-3.149800300598144531e-01
-2.981028556823730469e-01
-2.784401774406433105e-01
-2.924126982688903809e-01
-2.576702237129211426e-01
-2.775805592536926270e-01
-3.292189836502075195e-01
-3.218207359313964844e-01
-1.130378842353820801e-01
-2.678008079528808594e-01
-2.070593833923339844e-01
-2.830278277397155762e-01
-2.435241341590881348e-01
-2.593324184417724609e-01
-3.049541115760803223e-01
-2.032114267349243164e-01
-2.634188532829284668e-01
-3.117803931236267090e-01
-3.275672197341918945e-01
-7.880067825317382812e-02
-1.619354486465454102e-01
-2.307614684104919434e-01
-1.976836919784545898e-01
-2.763804197311401367e-01
-3.066014051437377930e-01
-2.776841521263122559e-01
-2.679457664489746094e-01
-2.795182466506958008e-01
-3.035097122192382812e-01
-2.901414632797241211e-01
-3.184323906898498535e-01
1.215748190879821777e-01
-1.206233799457550049e-01
-2.083088755607604980e-01
-2.439154982566833496e-01
-2.937626838684082031e-01
-3.035156726837158203e-01
-2.822872996330261230e-01
-3.150478005409240723e-01
-3.117916584014892578e-01
-3.066480159759521484e-01
-2.866297364234924316e-01
-3.154737949371337891e-01
-1.157271265983581543e-01
-3.831472396850585938e-01
-2.733567357063293457e-01
-2.439166903495788574e-01
-2.590616345405578613e-01
-2.315024137496948242e-01
-2.806500196456909180e-01
-2.945751547813415527e-01
-2.564164400100708008e-01
-2.650973796844482422e-01
-2.802593111991882324e-01
-3.129958510398864746e-01
-2.302799224853515625e-01
-1.966839432716369629e-01
-2.538220286369323730e-01
-2.565244436264038086e-01
-2.421025633811950684e-01
-3.292185068130493164e-01
-2.973855733871459961e-01
-2.799013853073120117e-01
-2.465453147888183594e-01
-2.827144265174865723e-01
-2.972093224525451660e-01
-3.270870447158813477e-01
-1.878113150596618652e-01
-2.238848805427551270e-01
-2.672817111015319824e-01
-2.511571645736694336e-01
-2.974079251289367676e-01
-3.290976881980895996e-01
-2.373017668724060059e-01
-2.927185297012329102e-01
-2.466024160385131836e-01
-2.158926725387573242e-01
-2.755231261253356934e-01
-3.072953224182128906e-01
7.327448129653930664e-01
-3.691661357879638672e-01
-2.635878324508666992e-01
-2.189370989799499512e-01
-2.902308702468872070e-01
-2.650803327560424805e-01
-2.813566923141479492e-01
-2.155187129974365234e-01
-2.796218991279602051e-01
-3.086677193641662598e-01
-2.662765383720397949e-01
-2.822206616401672363e-01
1.049670815467834473e+00
-3.074203133583068848e-01
-2.702607512474060059e-01
-2.350831627845764160e-01
-2.780681848526000977e-01
-2.402378320693969727e-01
-2.452220916748046875e-01
-2.644777297973632812e-01
-2.756376862525939941e-01
-2.891476154327392578e-01
-2.813282012939453125e-01
-2.961570620536804199e-01
-1.895146369934082031e-01
5.848438739776611328e-01
-3.077287673950195312e-01
-2.963902354240417480e-01
-2.985678911209106445e-01
-2.819851040840148926e-01
-2.563574314117431641e-01
-2.959278225898742676e-01
-2.777078151702880859e-01
-2.276813387870788574e-01
-3.359674215316772461e-01
-2.316370010375976562e-01
-2.929969429969787598e-01
2.319067716598510742e-01
-2.894428968429565430e-01
-3.088014721870422363e-01
-2.644829154014587402e-01
-2.663152813911437988e-01
-2.963455915451049805e-01
-2.753964662551879883e-01
-2.662760019302368164e-01
-2.564343214035034180e-01
-2.818601131439208984e-01
-2.700154781341552734e-01
-3.204037547111511230e-01
3.024764657020568848e-01
-3.051595687866210938e-01
-2.723248004913330078e-01
-3.054153919219970703e-01
-3.083541989326477051e-01
-2.958079576492309570e-01
-2.847675085067749023e-01
-3.154579401016235352e-01
-2.362787127494812012e-01
-2.820573449134826660e-01
-2.856975197792053223e-01
-2.795550227165222168e-01
8.248186111450195312e-01
-2.814605236053466797e-01
-3.294314146041870117e-01
-2.757262587547302246e-01
-3.068860173225402832e-01
-2.572500109672546387e-01
-2.550343275070190430e-01
-2.816813588142395020e-01
-2.646182179450988770e-01
-2.660055160522460938e-01
-2.615281343460083008e-01
-3.766401410102844238e-01
7.976864576339721680e-01
-2.660326361656188965e-01
-2.007982730865478516e-01
-2.967545986175537109e-01
-2.516932487487792969e-01
-2.776182889938354492e-01
-2.788921594619750977e-01
-2.776166200637817383e-01
-2.662521004676818848e-01
-2.666841149330139160e-01
-2.662677764892578125e-01
-3.202561736106872559e-01
7.893294692039489746e-01
-2.860912084579467773e-01
-3.058390617370605469e-01
-2.541738152503967285e-01
-3.297116756439208984e-01
-3.018960952758789062e-01
-2.952924966812133789e-01
-2.694376707077026367e-01
-2.662944793701171875e-01
-2.957685589790344238e-01
-2.999026775360107422e-01
-2.819772362709045410e-01
3.964922428131103516e-01
-2.366821765899658203e-01
-2.448939681053161621e-01
-2.729181647300720215e-01
-2.742005586624145508e-01
-2.658120989799499512e-01
-2.750649452209472656e-01
-2.460586428642272949e-01
-2.663238048553466797e-01
-2.490162253379821777e-01
-2.807415127754211426e-01
-4.595234990119934082e-01
3.776938021183013916e-01
-2.390034198760986328e-01
-2.048645019531250000e-01
-2.806379795074462891e-01
-2.449705600738525391e-01
-2.835432887077331543e-01
-2.818779349327087402e-01
-2.823679447174072266e-01
-2.621861100196838379e-01
-2.719219326972961426e-01
-2.802066206932067871e-01
-3.647564649581909180e-01
2.360456734895706177e-01
-2.182604074478149414e-01
-3.093127012252807617e-01
-2.632498741149902344e-01
-2.868654727935791016e-01
-2.587478160858154297e-01
-2.974095344543457031e-01
-2.678603529930114746e-01
-2.646293044090270996e-01
-2.804394364356994629e-01
-2.373507022857666016e-01
-3.857847452163696289e-01
3.376731872558593750e-01
-2.177033424377441406e-01
-3.068829774856567383e-01
-2.568063139915466309e-01
-2.238195538520812988e-01
-3.108544945716857910e-01
-2.804875969886779785e-01
-2.820802330970764160e-01
-2.812755107879638672e-01
-2.620264291763305664e-01
-2.954195737838745117e-01
-3.242803812026977539e-01
2.393562346696853638e-01
-2.714853286743164062e-01
-2.849683165550231934e-01
-3.060743808746337891e-01
-3.219584822654724121e-01
-2.568507790565490723e-01
-2.506307363510131836e-01
-2.929929494857788086e-01
-2.940126061439514160e-01
-2.633039355278015137e-01
-2.993972897529602051e-01
2.577006816864013672e-02
5.654333829879760742e-01
-2.813222408294677734e-01
-3.366160988807678223e-01
-2.770426869392395020e-01
-2.917414307594299316e-01
-2.545889019966125488e-01
-2.717255949974060059e-01
-2.789188623428344727e-01
-2.585060000419616699e-01
-2.660388946533203125e-01
-2.867689132690429688e-01
-3.252643942832946777e-01
7.371520996093750000e-01
-2.452213764190673828e-01
-3.055870532989501953e-01
-2.686282396316528320e-01
-2.957475781440734863e-01
-2.905305624008178711e-01
-2.666763067245483398e-01
-3.070101141929626465e-01
-1.657775044441223145e-01
-2.463691234588623047e-01
-2.286545634269714355e-01
-4.377284049987792969e-01
7.972214221954345703e-01
-2.659391760826110840e-01
-2.391498684883117676e-01
-2.852367162704467773e-01
-2.387242913246154785e-01
-2.450427412986755371e-01
-2.816256880760192871e-01
-2.660363316535949707e-01
-2.795506715774536133e-01
-2.707161903381347656e-01
-2.400876283645629883e-01
-4.236057400703430176e-01
7.768493890762329102e-01
-2.768136858940124512e-01
-2.132720351219177246e-01
-2.627417445182800293e-01
-3.207343220710754395e-01
-2.801452875137329102e-01
-3.067666292190551758e-01
-2.970671653747558594e-01
-2.873970270156860352e-01
-2.756578326225280762e-01
-3.163698911666870117e-01
-2.057971358299255371e-01
5.827142000198364258e-01
-2.910112142562866211e-01
-2.816683053970336914e-01
-2.730152010917663574e-01
-2.351447939872741699e-01
-2.473459839820861816e-01
-2.622252702713012695e-01
-2.258428931236267090e-01
-2.134653329849243164e-01
-2.363122105598449707e-01
-2.717533707618713379e-01
-1.401846408843994141e-01
5.830395221710205078e-01
-2.043868303298950195e-01
-2.992246150970458984e-01
-2.769814133644104004e-01
-3.198830485343933105e-01
-2.655199170112609863e-01
-2.907417416572570801e-01
-2.574181556701660156e-01
-2.357754111289978027e-01
-2.662702798843383789e-01
-2.960901260375976562e-01
-4.756973385810852051e-01
8.818516135215759277e-02
-2.483458518981933594e-01
-2.539795637130737305e-01
-2.603521347045898438e-01
-2.683469653129577637e-01
-3.304562568664550781e-01
-2.974153757095336914e-01
-2.286300659179687500e-01
-2.495740652084350586e-01
-2.662771940231323242e-01
-3.088012933731079102e-01
-5.328257083892822266e-01
5.340555310249328613e-02
-2.636057734489440918e-01
-2.746256589889526367e-01
-3.061948418617248535e-01
-2.583836317062377930e-01
-2.660819888114929199e-01
-2.760596275329589844e-01
-2.879810333251953125e-01
-2.760504484176635742e-01
-2.753478288650512695e-01
-2.760504484176635742e-01
-2.686981558799743652e-01
9.210662841796875000e-01
-2.552844882011413574e-01
-3.104491829872131348e-01
-2.507296204566955566e-01
-2.829490900039672852e-01
-2.645698189735412598e-01
-2.903264164924621582e-01
-2.944644689559936523e-01
-2.919189333915710449e-01
-2.174341678619384766e-01
-2.567937374114990234e-01
-4.380470514297485352e-01
7.525956034660339355e-01
-2.516603469848632812e-01
-2.892062664031982422e-01
-2.406936883926391602e-01
-2.345521450042724609e-01
-2.506619095802307129e-01
-2.674475908279418945e-01
-2.811841368675231934e-01
-2.518087625503540039e-01
-2.991573214530944824e-01
-1.330036818981170654e-01
2.013042569160461426e-02
6.141617894172668457e-01
-2.349795103073120117e-01
-2.330770492553710938e-01
-2.801057696342468262e-01
-2.085902094841003418e-01
-2.664768695831298828e-01
-2.465384602546691895e-01
-2.678237557411193848e-01
-2.789028882980346680e-01
-2.784366011619567871e-01
-2.766075134277343750e-01
-2.766475081443786621e-01
4.962939023971557617e-01
-2.311836481094360352e-01
-2.584033608436584473e-01
-2.908041477203369141e-01
-2.332935333251953125e-01
-2.819829583168029785e-01
-2.064172625541687012e-01
-2.570434212684631348e-01
-2.796981930732727051e-01
-2.544387578964233398e-01
-2.329111695289611816e-01
-3.951930999755859375e-01
6.384498476982116699e-01
-2.848764061927795410e-01
-2.050822973251342773e-01
-2.915912270545959473e-01
-2.396141886711120605e-01
-2.774030566215515137e-01
-2.740772366523742676e-01
-2.662293314933776855e-01
-3.047384619712829590e-01
-2.816976308822631836e-01
-2.750893831253051758e-01
-3.424249291419982910e-01
8.204324245452880859e-01
-2.494492530822753906e-01
-2.258226275444030762e-01
-2.944464087486267090e-01
-2.484076619148254395e-01
-2.452111840248107910e-01
-2.219567894935607910e-01
-2.174063324928283691e-01
-2.109000086784362793e-01
-2.182618379592895508e-01
-2.226809263229370117e-01
-4.304741024971008301e-01
