-4.211474068380612751e-02
-5.786631092020699807e-02
-7.273927520290446314e-02
-8.996853725294598481e-02
-1.203225697404538969e-01
-1.599142770901871846e-01
-1.843911672280837133e-01
-1.832695779000934055e-01
-1.722557382770011081e-01
-1.510037981680521779e-01
-1.120414688471115527e-01
-6.073074182243917707e-02
1.164768374175888591e-02
1.267380892150185012e-01
2.642915726727279035e-01
3.593704600171092056e-01
3.886633558501667585e-01
3.723539909637902379e-01
3.254762690054809893e-01
2.606656442348618263e-01
1.891474001518038961e-01
1.155568740184136772e-01
4.051849984464183513e-02
-3.393263088947868350e-02
-1.018058897660416989e-01
-1.545366158122502553e-01
-1.862906509053599557e-01
-1.955789861606095359e-01
-1.781878005416621946e-01
-1.274716122620102032e-01
-5.741755415541942992e-02
-5.407422972020705515e-04
2.967873996756111715e-02
3.794102754256994947e-02
2.877880598647306401e-02
8.882736863074605291e-03
-1.313195617676755911e-02
-3.047674115766441788e-02
-3.705324895371950311e-02
-3.062860439359879269e-02
-1.615296845458866898e-02
5.738767497251442799e-03
4.081716000434449515e-02
7.970255926948011105e-02
1.000738844674812916e-01
9.518275271684525918e-02
7.142423927393302951e-02
3.334265365751376553e-02
-1.460402711772380326e-02
-6.194325565199700762e-02
-9.352916004113411008e-02
-1.029372412708049328e-01
-8.611148070618543371e-02
-5.017225571107485071e-02
-2.257789352530248719e-02
-1.374827295199221137e-02
-1.583612811055785247e-02
-2.600501789170028138e-02
-4.190736439019979165e-02
-5.318254111972162135e-02
-4.799623635648937042e-02
-2.100695345170423139e-02
1.650693894292367542e-02
4.044739330911789610e-02
4.323319967019875754e-02
3.476224895823327998e-02
2.373868965187048846e-02
1.384299330868217319e-02
9.703600068291556163e-03
2.005127477480484616e-02
5.519718388954826527e-02
1.093280345073200654e-01
1.615299358270245733e-01
2.065045423619863985e-01
2.458809655843836872e-01
2.699307719058594568e-01
2.704196791917399256e-01
2.485644700536719376e-01
2.081961145700452209e-01
1.514941256133758296e-01
7.956088822088937251e-02
-5.552037125012201230e-03
-9.799524213062246747e-02
-1.909648869957849548e-01
-2.778121513728463166e-01
-3.489762991709501327e-01
-3.898868331894863593e-01
-3.876724299225662307e-01
-3.370211888315960413e-01
-2.658090885618479837e-01
-2.240002652319752208e-01
-2.142496675044356924e-01
-2.040387706935684053e-01
-1.932387258267183050e-01
-2.085770416738607635e-01
-2.524526714944215211e-01
-3.031436877614860914e-01
-3.237998775130104256e-01
-2.599802638518560749e-01
-8.613751937798300173e-02
1.722357974870504793e-01
4.523067412423766309e-01
6.650520653082978573e-01
7.599331204708444920e-01
7.457479387634753376e-01
6.448158787869443520e-01
4.799694052694883917e-01
2.657125685665693293e-01
2.195225784067857122e-02
-2.201384243601280100e-01
-4.387771426276967368e-01
-6.079659479827816959e-01
-6.900975212864468578e-01
-6.733202768548698369e-01
-5.752834395557735458e-01
-3.902357128423716293e-01
-9.763261101324928470e-02
2.591437632210816244e-01
5.624318506128261896e-01
7.282045806483812278e-01
7.633230578056519056e-01
7.005385046125929271e-01
5.632043769947532308e-01
3.767482690288370684e-01
1.633142013463697029e-01
-5.482787036874312014e-02
-2.531138489841741612e-01
-4.121536640728359902e-01
-5.203069243106136499e-01
-5.571374639530769501e-01
-4.846070227524830187e-01
-3.182440548623906018e-01
-1.277376366388203455e-01
6.752914865369225028e-02
2.600064564487439833e-01
3.961061949243231406e-01
4.498720713637225366e-01
4.379354343304834862e-01
3.779452483273331720e-01
2.870272827668097215e-01
1.861434028137555485e-01
9.251702216791876654e-02
1.370154735167173135e-02
-4.811102640533591185e-02
-8.871890217641499599e-02
-1.155067333879939012e-01
-1.518269140623964841e-01
-2.083088527188150796e-01
-2.749995796443491791e-01
-3.340795867365813909e-01
-3.657970745237907328e-01
-3.529224771182497555e-01
-2.811633757773841502e-01
-1.786871993071397213e-01
-1.137302274775521954e-01
-1.059530036421122423e-01
-1.336328363816320086e-01
-1.805780416601769356e-01
-2.245299053965645053e-01
-2.353204704309662665e-01
-1.787818440068344727e-01
-7.717508624490838909e-02
-1.513036331240731613e-02
-1.949110877952812959e-02
-5.088920707826100065e-02
-6.717011401368894186e-02
-3.035224052036993719e-02
5.026687407552681702e-02
1.213369378096071372e-01
1.771540473026714801e-01
2.598565915471892085e-01
3.687249821981696818e-01
4.497441192365573270e-01
4.751808167409642403e-01
4.560063463943809792e-01
4.073861997998014517e-01
3.450409845221683591e-01
2.889701848024099351e-01
2.466543637335546213e-01
2.012618605607651157e-01
1.432283034983120040e-01
7.836196488612273692e-02
6.465649111553152528e-03
-7.956768617678935951e-02
-1.781453573233115484e-01
-2.792917861460694762e-01
-3.725621034338962856e-01
-4.452860527438329274e-01
-4.841467717394606352e-01
-4.734937149150268976e-01
-3.922513263247288107e-01
-2.425272677237346741e-01
-5.554317886567226165e-02
1.572146789202839290e-01
3.726276257595710351e-01
5.311513226720163683e-01
6.114797392576611923e-01
6.294780083132260895e-01
5.937562037164337836e-01
5.093118295302194731e-01
3.833464304283684676e-01
2.262803633523355895e-01
4.705418471643568745e-02
-1.505787404323268297e-01
-3.562598056039168459e-01
-5.507471443953878554e-01
-7.156814477615522918e-01
-8.339780093834318064e-01
-8.872725809292819621e-01
-8.531436331510008353e-01
-7.064183458802910653e-01
-4.725849122181307038e-01
-2.222977452161628564e-01
-9.349190950688781448e-03
1.138354914266527518e-01
1.287760018531477202e-01
7.780686852154324040e-02
1.662294824835866547e-02
-2.665700441068591386e-02
-4.743963975282694534e-02
-1.968992988061860766e-02
6.587972847610587546e-02
1.740177487531681666e-01
2.669090294769874139e-01
3.213604629498953980e-01
3.546008604586006752e-01
4.123374106672899053e-01
4.923204924180352160e-01
5.300768417851555725e-01
4.872572926513018543e-01
3.770220549726491788e-01
2.195476593720563918e-01
3.489684029963439904e-02
-1.511870422939012304e-01
-3.107628254590156236e-01
-4.202183037803765009e-01
-4.580923718425057856e-01
-4.060534690275704461e-01
-2.508828057430783076e-01
-2.895166036766468054e-02
1.725896294757485461e-01
3.074049694774659280e-01
3.763731929297019496e-01
3.927764975969513794e-01
3.761521471880399647e-01
3.385851547694015418e-01
2.847936745839246830e-01
2.161075341049809584e-01
1.321863036454626050e-01
4.266162695093979329e-02
-3.301687783830995621e-02
-8.566146013009817706e-02
-1.158475486102073654e-01
-1.290452175740611773e-01
-1.357436942765609111e-01
-1.435025638254348590e-01
-1.551010387606692742e-01
-1.715320556516952977e-01
-1.942935493511989686e-01
-2.239295945957016087e-01
-2.582195758855764245e-01
-2.952884999919501152e-01
-3.330429472392720247e-01
-3.614846715991990589e-01
-3.626123485719824902e-01
-3.249132283481616090e-01
-2.496879283963812368e-01
-1.369407726766804778e-01
2.509920507151262858e-02
2.048837624276199643e-01
3.227801802216078153e-01
3.537902458524500027e-01
3.237796527327805318e-01
2.533670681623834131e-01
1.613270244047279034e-01
6.661430662072072295e-02
-1.267932351875775479e-02
-6.020184298232003628e-02
-6.366615077400425426e-02
-2.134337243907869289e-02
6.068488344480232888e-02
1.577172246012524259e-01
2.237008109944234047e-01
2.380231328691707893e-01
2.115807718892659950e-01
1.590589341384138489e-01
9.053338961824865250e-02
9.530552055397347594e-03
-7.703771196254255438e-02
-1.585876619463963133e-01
-2.259898024039163345e-01
-2.695364023703365475e-01
-2.865732401009298824e-01
-2.834127631069343067e-01
-2.576661891077692834e-01
-1.951962044384266959e-01
-8.174461565076679426e-02
5.662057047990652625e-02
1.594714863423054296e-01
2.058931794858520348e-01
2.069824716979655754e-01
1.749697423514340322e-01
1.256951383469991357e-01
7.224666872238111326e-02
2.238083213271458913e-02
-1.994040278054505511e-02
-4.791771945183232601e-02
-6.184261193913877935e-02
-7.237031951672366625e-02
-7.918025135724965358e-02
-6.937584357421056058e-02
-2.746610279829300033e-02
5.803536902848335094e-02
1.673665156995581826e-01
2.558326068800433895e-01
3.057157437879896023e-01
3.265496513007676294e-01
3.258905089975295821e-01
3.043361566823905573e-01
2.584641782503001028e-01
1.852737797012954379e-01
8.706422592321749754e-02
-2.769276089513176414e-02
-1.500315317424634198e-01
-2.758731099295013700e-01
-4.045879908402320035e-01
-5.321503916965377723e-01
-6.481026576123778415e-01
-7.353206801755598487e-01
-7.718271116951204158e-01
-7.327896683265947564e-01
-5.962974674704625277e-01
-3.456341599460637792e-01
-1.933875384805398834e-02
2.903251492247310717e-01
5.265840974627055138e-01
6.662591143233931312e-01
7.052969551291489170e-01
6.611173235774160384e-01
5.565713607110576167e-01
4.166023026330521462e-01
2.621231556279831065e-01
1.106673438053124015e-01
-2.255823588090840812e-02
-1.245564589067490041e-01
-1.842085397545231984e-01
-1.926520154083987135e-01
-1.512401334136313502e-01
-8.727265884835505583e-02
-3.593764787103706504e-02
-4.979592778014794649e-03
1.229309594878827232e-02
1.812050777186935066e-02
1.695003252955114628e-02
1.595774879663796816e-02
1.965039781699150223e-02
2.922347287237362853e-02
4.087449430228495828e-02
4.682064976440560022e-02
4.401156965238271768e-02
3.523601141530595393e-02
2.259958881141847786e-02
6.286679376121402998e-03
-1.432405762296706450e-02
-4.050844129343560140e-02
-7.138167620722672690e-02
-1.040074819760325037e-01
-1.338446663142715820e-01
-1.574149984801767876e-01
-1.763718805634146569e-01
-1.904268798361261061e-01
-1.940453654543629336e-01
-1.794825897132520665e-01
-1.399434945220260074e-01
-7.135536408917936280e-02
2.348965242208881851e-02
1.219360001086300382e-01
1.970480267852760536e-01
2.427077254118585881e-01
2.642005097568669858e-01
2.671555157011021309e-01
2.565932985570250624e-01
2.356380834232810750e-01
2.096002818456730865e-01
1.851600395712070246e-01
1.614921436453483627e-01
1.342915413470784913e-01
1.047078419458523924e-01
7.579595002429909134e-02
4.901842433770114971e-02
2.561850074261622784e-02
7.303227916369482708e-03
-6.033069901394211287e-03
-2.058293164624769994e-02
-4.484573469540484997e-02
-8.159958981994222538e-02
-1.317617279987850498e-01
-1.977705275957877540e-01
-2.807614160903937339e-01
-3.748214811177672523e-01
-4.631347690096034864e-01
-5.282336101553207763e-01
-5.632993437156149641e-01
-5.670143832876117784e-01
-5.253634137755360811e-01
-4.416587269495997892e-01
-3.480852980538261532e-01
-2.488677149400042310e-01
-1.369455620792113248e-01
-3.139515422366162545e-02
5.757217437865930210e-02
1.436751205762348271e-01
2.455590089947313204e-01
3.772982590389034052e-01
5.434896360630616652e-01
7.087690693711958811e-01
8.051450473158228149e-01
8.097508101401946767e-01
7.458592578671477957e-01
6.396860224881336654e-01
5.160856061828124064e-01
3.979275747620867887e-01
3.035597042301659831e-01
2.281513927872773351e-01
1.441775831160685972e-01
4.513306320053685206e-02
-4.931820782887616494e-02
-1.309678080656657140e-01
-2.047115012299811909e-01
-2.773636128986091132e-01
-3.554765574342428902e-01
-4.368649138904062701e-01
-5.169406617682231753e-01
-5.976019991671137621e-01
-6.757936498244995205e-01
-7.387996134880447929e-01
-7.712354155764852282e-01
-7.533548706955611740e-01
-6.574715761316809459e-01
-4.884670289109213637e-01
-2.886812523607572012e-01
-6.520552409546583050e-02
1.982720972797709091e-01
4.725002246117775417e-01
7.121970078959495298e-01
8.824432056322683016e-01
9.398379536444690929e-01
8.794900612485588853e-01
7.381198854047176239e-01
5.476683044338270800e-01
3.319027317795093524e-01
1.183492151226321343e-01
-5.773683097525196539e-02
-1.711710937845091762e-01
-2.282996788986431658e-01
-2.531796739739272661e-01
-2.523258023953715568e-01
-2.168901426917734243e-01
-1.570303167629669150e-01
-9.849037729642495798e-02
-4.356256507591691612e-02
8.584007462351363194e-03
4.549602670432904838e-02
7.128309400259340289e-02
9.731800159981841836e-02
1.040388212970192877e-01
5.302876484865569340e-02
-5.737304088680288128e-02
-1.995362202835518628e-01
-3.497241313003872643e-01
-4.819083751664099413e-01
-5.595893814908112773e-01
-5.428852099917007568e-01
-4.469080568766333750e-01
-3.356788085610435957e-01
-2.324196577955302823e-01
-1.263594541992010822e-01
-1.565578901559942782e-02
9.628262565854693589e-02
1.943939114596535123e-01
2.410450894868079175e-01
2.261453305284710225e-01
1.853045958943148885e-01
1.632123877144115442e-01
2.076960756966919619e-01
3.174351239266791636e-01
4.381598612687876426e-01
5.427578047674702644e-01
6.168032380606204290e-01
6.258690107538844583e-01
5.495786534178400684e-01
4.080486971526883777e-01
2.400765845126390241e-01
6.438084867483341578e-02
-1.181999481171642358e-01
-2.950274254618651115e-01
-4.393337178753151662e-01
-5.255919474187549234e-01
-5.285847331204315269e-01
-4.632941693567280694e-01
-3.859599426767045260e-01
-3.369820253076476479e-01
-3.359891198110536159e-01
-3.670362966605977273e-01
-3.827743161385303017e-01
-3.300122037588087975e-01
-1.778598513305968132e-01
3.209549362318488142e-02
2.415036633571482627e-01
4.190869201627319685e-01
5.290755307057317669e-01
5.753260396271780985e-01
6.027515588730679719e-01
6.507399306596135524e-01
6.959405135231947481e-01
6.569809659870529117e-01
5.080871630703228670e-01
2.804769795235730889e-01
9.551568723587117171e-03
-2.671949681751487060e-01
-5.148718880943347065e-01
-7.019491543439247971e-01
-7.923341396558971628e-01
-7.940094870265584914e-01
-7.655408963160930114e-01
-7.255597343666450039e-01
-6.481081150255199042e-01
-5.323163968682562697e-01
-4.083790045395607193e-01
-2.657387690764201893e-01
-7.198795738296759339e-02
1.545741996592590040e-01
3.453914972298686714e-01
4.428253056538391519e-01
4.629625109972365093e-01
4.642455229835574793e-01
4.602404063492905317e-01
4.183738278860711368e-01
3.502652913158702530e-01
2.678419359357295249e-01
1.359161272754620675e-01
-3.911571827118232730e-02
-2.086504321674731433e-01
-3.354593101279654266e-01
-3.901631734424855225e-01
-3.332626836481180632e-01
-1.526731259668595575e-01
7.501699906904252257e-02
2.555939466078101518e-01
3.792201774734426656e-01
4.809101463359436446e-01
5.530284268700039751e-01
5.518152476544160301e-01
4.730657085371111625e-01
3.462208114088754507e-01
1.938462975082886619e-01
3.314430246960287096e-02
-1.208922705290182142e-01
-2.570332062064918932e-01
-3.682480528889732208e-01
-4.443532171567056155e-01
-4.709439748392630909e-01
-4.328958296274321160e-01
-3.139743241021256681e-01
-1.427739051624224431e-01
3.364284676033231503e-03
8.983521888410393730e-02
1.296376811803806317e-01
1.436644595621546228e-01
1.603148219176283584e-01
1.849503171668959722e-01
1.951435241759371941e-01
1.801347248852588345e-01
1.439849376897148758e-01
9.215626328974856063e-02
3.069522916730385922e-02
-3.644629939027694415e-02
-1.054936535801743458e-01
-1.720519443084233546e-01
-2.317025614795313049e-01
-2.759765659624905942e-01
-2.904957273375355364e-01
-2.590878196888103391e-01
-1.695024795255561378e-01
-4.468721550666392844e-02
6.004117732799729018e-02
1.177087283912856691e-01
1.317611385808260538e-01
1.106900346765059828e-01
6.934226536302648403e-02
2.074994262917779358e-02
-2.644046984054369137e-02
-6.253823847799497293e-02
-7.656472543877267112e-02
-5.509801889568601008e-02
-5.955343109109454205e-03
2.972772450717724169e-02
2.183996802748880417e-02
-2.807341083655766345e-02
-1.038164623480986037e-01
-1.840305954420002887e-01
-2.467795648100318540e-01
-2.709494770536834407e-01
-2.411295174188780310e-01
-1.473007188072973928e-01
2.581873472469303071e-02
2.448046202110814584e-01
4.218562462075031716e-01
5.202641115026975793e-01
5.541470428578806340e-01
5.374336455660481127e-01
4.835748343462847876e-01
4.010337311747931288e-01
2.956557745408298632e-01
1.758045163860359195e-01
4.792895890267115377e-02
-8.138977807663444475e-02
-2.021554094919580935e-01
-3.074355422845549413e-01
-3.940606587161799568e-01
-4.604681642567564626e-01
-5.038709234369280754e-01
-5.209566770769933353e-01
-5.070165737562420949e-01
-4.461209520266262163e-01
-3.161052105430249282e-01
-1.194851225645839621e-01
8.779245788132641892e-02
2.377399446672318617e-01
3.122990615324567898e-01
3.290494097560318076e-01
3.112593449614274310e-01
2.847200086153225951e-01
2.732594145252372209e-01
2.677944258377811804e-01
2.307116692962420945e-01
1.517114403922740218e-01
4.296112656457895529e-02
-8.499125692641873453e-02
-2.187739634880216943e-01
-3.446573127816563442e-01
-4.465051111770017012e-01
-5.077348062672329965e-01
-5.147738372186138056e-01
-4.517141777843176609e-01
-3.012651925588695767e-01
-6.228530044689822853e-02
2.019981576853369931e-01
3.980100729816251626e-01
5.007212388035369166e-01
5.288195723707790341e-01
4.974360270658116923e-01
4.264050853801944485e-01
3.364027801407952767e-01
2.405984255408009920e-01
1.447938244059574497e-01
5.451198463926559823e-02
-2.358399288161395699e-02
-8.524116513498242176e-02
-1.304175228411429965e-01
-1.623501896946237810e-01
-1.833253403121086755e-01
-1.936495236008003995e-01
-1.935662291030542381e-01
-1.807437092290696823e-01
-1.518786740038786665e-01
-1.037379592621114344e-01
-4.517864446813657509e-02
2.748647200737348514e-03
3.346286107997013121e-02
4.849105677063600406e-02
4.560418465246302705e-02
2.841013944222564591e-02
6.679783998230773984e-03
-1.136288471296780997e-02
-2.120691315704987395e-02
-1.917246352016160199e-02
-4.055589601892058832e-03
1.590878698506685215e-02
2.648782402833814442e-02
2.611516641642400507e-02
2.172540769854049147e-02
1.525450402337598377e-02
7.383713708417378660e-03
-6.198167240908107785e-04
-6.517556210544542608e-03
-8.438775118577979822e-03
-8.644062011175727978e-03
-7.301099783634057080e-03
-1.213358955109577683e-03
7.532942631484353460e-03
1.412950544949803135e-02
1.569673366283321631e-02
1.278675025225334272e-02
9.137265232293858078e-03
6.997472337366919364e-03
6.011649687965158785e-03
4.522233328145759332e-03
1.894117053487280643e-03
-1.383307065116232137e-03
-4.710757215105759906e-03
-7.239920655438721042e-03
-9.921659656043252049e-03
-1.597950499874561600e-02
-2.691040431751597420e-02
-3.912787420592476334e-02
-4.720005760413761853e-02
-4.856305604808276027e-02
-4.512565840915078869e-02
-3.956965229369996395e-02
-3.032305702823520632e-02
-1.466565896742197915e-02
5.347236241394538042e-03
2.494534161630563435e-02
4.128390280464155210e-02
5.196534616532008655e-02
5.465537392950439721e-02
5.057870936028030506e-02
4.432441405673107765e-02
3.787146842803651436e-02
3.029168203535717238e-02
2.316614125132003196e-02
1.904846422376887949e-02
1.963773238505062829e-02
2.485181134234986169e-02
3.178447882117300255e-02
3.726897913161109771e-02
4.049873402614385248e-02
4.334702639608948443e-02
4.699713209995883684e-02
5.221619006275421415e-02
5.846581197805095914e-02
6.373869476286925240e-02
6.647673667070322368e-02
6.423452226463020887e-02
5.488892649367464044e-02
3.505476634208425091e-02
7.511308130854540271e-04
-4.913067356948702669e-02
-1.133475444018129386e-01
-1.863036833941685289e-01
-2.607170423596450459e-01
-3.325884183384706927e-01
-3.948077433636495992e-01
-4.351148463919080611e-01
-4.407253231005932581e-01
-3.996809723884022225e-01
-2.991303453878837448e-01
-1.242555418045568350e-01
9.153168562623004156e-02
2.672053398572773464e-01
3.709455628160869267e-01
4.202852222949157723e-01
4.300807722744051098e-01
4.088206225003561123e-01
3.647234700352889880e-01
3.086634231973170439e-01
2.474733946686182851e-01
1.834939242904876089e-01
1.212271663618060824e-01
6.432631492421926611e-02
1.334445110817127945e-02
-3.040687773760678697e-02
-6.495708585120796297e-02
-8.874975314803017212e-02
-1.019436244767250310e-01
-1.078703595538327425e-01
-1.099037283637168405e-01
-1.079149786166078984e-01
-1.020003296471576892e-01
-9.365586168574317749e-02
-8.236951597686632820e-02
-6.913806539911317162e-02
-5.781132713159204545e-02
-4.926331836274271125e-02
-4.112632704907495662e-02
-3.035939394525155252e-02
-1.507528482655707061e-02
2.454090423475774763e-03
1.809320978023018153e-02
2.973308655944960355e-02
3.684342206085867988e-02
3.984412424334588670e-02
3.945085437838131287e-02
3.683769746758791541e-02
3.265609178486249264e-02
2.503191271973512905e-02
1.382264250352042631e-02
2.982268817450700604e-03
-5.236287814705487161e-03
-1.289500902519337411e-02
-2.310219303443057995e-02
-3.591859664171056371e-02
-4.993465821645246688e-02
-6.527177346626236720e-02
-8.132795500868643390e-02
-9.433624010394199566e-02
-9.833943873143773107e-02
-9.009870218485795113e-02
-7.068984878475539912e-02
-4.198305990531520787e-02
-4.702526014618659857e-03
4.121049109860318999e-02
8.762218671240291912e-02
1.197208859016142130e-01
1.317736219852069790e-01
1.257786996487218478e-01
1.070468360049885020e-01
8.107815679918436991e-02
5.159220795372435053e-02
2.487378845703300950e-02
7.593616865027526253e-03
3.298695671837438906e-03
1.202547033129385511e-02
2.941180616428124353e-02
4.696783047356763857e-02
5.893945838523802216e-02
6.577850642836272077e-02
6.879815353970253344e-02
6.660048180355998548e-02
5.600726916924542859e-02
3.610634599551146295e-02
8.242416359644256021e-03
-2.794300515334242202e-02
-7.275503490718132626e-02
-1.223094693007913819e-01
-1.723843601489843669e-01
-2.224507741480918066e-01
-2.696919824559128598e-01
-3.067175674741542402e-01
-3.258979121171958204e-01
-3.197657624002501753e-01
-2.804664253094186210e-01
-2.002334770771589390e-01
-7.080209513640822738e-02
8.166418092644135707e-02
1.982042310441572419e-01
2.586730686671521173e-01
2.794441001981523010e-01
2.743418690675412108e-01
2.517310323794197946e-01
2.167042103526210239e-01
1.761517198937856410e-01
1.392446741496901341e-01
1.090580424553775074e-01
7.906789650108636547e-02
4.568236111282608647e-02
1.379998035067398626e-02
-1.103866373827685522e-02
-2.707431182008003881e-02
-3.311463059745942822e-02
-2.781289537166639278e-02
-1.418981187221165369e-02
2.262195103311749611e-03
1.842202443142285095e-02
3.331157553455783155e-02
4.770389804623846597e-02
6.183587003135900678e-02
7.223970016564928986e-02
7.678692091491598481e-02
7.679886387713855123e-02
7.300398792160284200e-02
6.643586107969701171e-02
5.879495466433092010e-02
4.898233998911048770e-02
3.213345539562310893e-02
5.691714723360458833e-03
-2.899570585978319265e-02
-7.304034540176285173e-02
-1.277276713714082801e-01
-1.910412159375121655e-01
-2.599653876662397778e-01
-3.314782346049236494e-01
-4.005101362863582870e-01
-4.586493201065091063e-01
-4.946443317683184571e-01
-4.977977417914751235e-01
-4.600892786047921512e-01
-3.664060572039429808e-01
-1.935622874934557758e-01
6.570470897694949408e-02
3.485860522512292947e-01
5.567631892209612410e-01
6.644978738327673717e-01
6.983337397839571858e-01
6.804619119198253019e-01
6.293820433412841142e-01
5.588502862295618989e-01
4.774348393671113966e-01
3.925128486014516360e-01
3.126446408817730171e-01
2.435743852456680736e-01
1.836277985724321660e-01
1.260962229899634246e-01
6.243371896263492926e-02
-1.442941960582272420e-02
-1.069658602428168320e-01
-2.153002536436975645e-01
-3.373948747650067359e-01
-4.696340196229812358e-01
-6.046438754800311788e-01
-7.267280470940749026e-01
-8.172011146297490924e-01
-8.579746181813360240e-01
-8.264610366088557258e-01
-7.436778032918176518e-01
-6.777355614639056780e-01
-6.384489177126101422e-01
-5.747812929410066607e-01
-4.564230011225046124e-01
-2.745874553628106507e-01
4.508477189763299142e-03
3.828028912584011123e-01
7.464176191926781279e-01
9.729949080828792507e-01
1.049872914630038512e+00
1.019388992523252213e+00
9.170593219492358950e-01
7.707063653770607203e-01
6.045836750234595547e-01
4.384681123661902102e-01
2.838118815128355399e-01
1.469820119789377599e-01
3.373550114270895683e-02
-5.636483944000619806e-02
-1.291409465964742376e-01
-1.839318932335742007e-01
-2.138156747056524365e-01
-2.207132218821730441e-01
-2.167949745196140199e-01
-2.066275445319648851e-01
-1.871961141922526273e-01
-1.581694194987549595e-01
-1.232095547142145753e-01
-8.796576183552126671e-02
-5.643335759541964758e-02
-2.978325705082985470e-02
-7.060210204340415172e-03
1.198258692736168390e-02
2.539956783361690257e-02
3.265507101858904082e-02
3.650359116362887624e-02
3.949003965077534095e-02
4.203890120852282752e-02
4.344549364520343404e-02
4.312228177139595942e-02
4.265042473229312819e-02
4.488274850697895890e-02
4.937952971358462034e-02
5.196338530518344878e-02
4.962685058233064217e-02
4.314406818577477820e-02
3.385745708096846163e-02
2.151784320587633859e-02
8.249326993507444250e-03
-1.230265565163968927e-03
-6.920850011814187741e-03
-1.341992366131144684e-02
-2.108027911823764575e-02
-3.399036444341898416e-02
-6.401757204643197807e-02
-1.132685267821028630e-01
-1.769385184230838348e-01
-2.489868378729798160e-01
-3.243475577579046365e-01
-4.029288655297803001e-01
-4.726855128063930378e-01
-5.088276466999333003e-01
-5.089950572636485759e-01
-4.912817720647626452e-01
-4.468526819996951893e-01
-3.383414050842082355e-01
-1.198512979930571321e-01
2.095446022402659425e-01
5.478319999762901737e-01
7.760631417552233957e-01
8.618096844553847502e-01
8.295318266040496713e-01
7.098783270675861345e-01
5.328180022846638053e-01
3.246229002351612158e-01
1.050665811658768600e-01
-1.068316807683753200e-01
-2.918185925192017804e-01
-4.326047989941228522e-01
-5.112854513986514471e-01
-5.093974059593133763e-01
-4.041223640209583579e-01
-2.034746842585209436e-01
1.103637438949631178e-02
1.568299451167088077e-01
2.229911905938612438e-01
2.326782233326542826e-01
2.075042734646976306e-01
1.662858808142486100e-01
1.270418972285306813e-01
1.050827879919894736e-01
1.002380707114593344e-01
1.023003475030918458e-01
1.040961620521683451e-01
1.009407954671170532e-01
9.337424917260091217e-02
8.577527942748658374e-02
7.765355736000960352e-02
6.256766692793735984e-02
3.721081341127432940e-02
3.293659359642205769e-03
-3.725375544768555480e-02
-8.075084873019984510e-02
-1.228718906004228201e-01
-1.617681192752379038e-01
-1.959350359846037115e-01
-2.223627604315008555e-01
-2.361081456853890426e-01
-2.326196277959050873e-01
-2.097270239780511247e-01
-1.665560922287780687e-01
-1.032180170855918899e-01
-2.037702095836460559e-02
6.498151213177107144e-02
1.251529869325389288e-01
1.549736060945913207e-01
1.602468575614231505e-01
1.430273485987764992e-01
1.130907242808840141e-01
8.243144444018810080e-02
5.656525119305444438e-02
3.743478703640525790e-02
2.671951981403380624e-02
2.301024521243050236e-02
2.159511776042324221e-02
2.082871479064564435e-02
2.041023266160295335e-02
1.715714590393407901e-02
9.472130532914093543e-03
-3.358274512171560873e-03
-2.296505716639996725e-02
-4.746793097341309164e-02
-7.193484101654910867e-02
-9.206651907214484509e-02
-1.050191074847926509e-01
-1.084815373652847220e-01
-1.030440394712918428e-01
-9.260455068332615336e-02
-7.677692926425400133e-02
-4.910220260747926585e-02
-5.512545546412703050e-03
4.426683837436336949e-02
8.362166680059726631e-02
1.092274078213891636e-01
1.250537373371577998e-01
1.303091491711399486e-01
1.240941013231310619e-01
1.068957635032661557e-01
7.800685561473075236e-02
3.771749159580669447e-02
-1.011502093897244207e-02
-6.062148200601229220e-02
-1.098017505826129336e-01
-1.537565030000389299e-01
-1.870180271838565722e-01
-2.012893863384638549e-01
-1.875833589310157978e-01
-1.414669142090027032e-01
-6.147814303274918429e-02
3.854630298777796116e-02
1.253381922713546204e-01
1.799382382699330762e-01
2.044963176799751980e-01
2.072905690857437810e-01
1.974832839228734815e-01
1.795363047807180257e-01
1.544685183374059356e-01
1.249735395330625332e-01
9.476775644169745105e-02
6.304352933496415456e-02
2.671954356685680293e-02
-1.355575781174145865e-02
-5.450882782482022182e-02
-9.159058430668172435e-02
-1.225892730024785854e-01
-1.523994391346393529e-01
-1.885915633576479844e-01
-2.331822050242643440e-01
-2.788830166004910294e-01
-3.132926324527211537e-01
-3.251973998987641168e-01
-3.032167076912682946e-01
-2.316386568808800894e-01
-9.504961244175924584e-02
7.852026253374040643e-02
2.201219252282679562e-01
2.981917135923826123e-01
3.241146064814467431e-01
3.144998951313687230e-01
2.801440058591717630e-01
2.272945843769525465e-01
1.651041063086425287e-01
1.055471321025150677e-01
5.306816474141200224e-02
3.082918290184033516e-03
-4.157375203513101469e-02
-7.395390621663999742e-02
-9.448333437981586147e-02
-1.047045398121441984e-01
-1.024369872542099102e-01
-8.779048898289318337e-02
-6.517547898783429550e-02
-3.717851239796081397e-02
-5.513156891770227067e-03
2.263935357053356232e-02
4.063929927738560433e-02
4.900949729904439944e-02
5.189059388100588505e-02
5.213919058740060231e-02
4.738895686103741789e-02
3.578074177987496801e-02
2.125109201395121092e-02
8.964280172538465971e-03
3.963888466179491324e-03
3.344870089461017375e-03
-1.886481511856529132e-03
-1.008947186046091522e-02
-1.605738615949044157e-02
-1.849802541177899759e-02
-1.395708065753734420e-02
-1.358100276680008003e-03
1.578931534607096177e-02
3.535609390071577096e-02
5.641473011871377813e-02
7.686321070845245074e-02
9.531919718189037216e-02
1.080791290160993262e-01
1.088043968465980810e-01
9.654162638510757621e-02
7.526913353937164652e-02
4.939652110352445863e-02
2.100114588844755048e-02
-8.371927065610598045e-03
-3.205587966189581139e-02
-4.657743883647654654e-02
-6.019786543901824855e-02
-8.206614676392380570e-02
-1.184111844867731106e-01
-1.756244193978374335e-01
-2.536869527049217532e-01
-3.486839023824706563e-01
-4.538629179550845993e-01
-5.544171897564996732e-01
-6.271314669599715730e-01
-6.407286655302625311e-01
-5.589317854658505391e-01
-3.484277958776767492e-01
-2.771898821607327729e-02
2.912848275974557755e-01
4.995833748808798935e-01
5.846042294086896129e-01
5.807084564612865485e-01
5.215147880700056193e-01
4.379014112382186852e-01
3.549909333807403367e-01
2.926228939803495743e-01
2.652379087153731718e-01
2.617616759590514763e-01
2.494130023142716313e-01
2.165157671142761697e-01
1.705472686239885571e-01
1.170232160606946431e-01
5.950377958526015254e-02
3.188802420577133145e-03
-4.489239317490720249e-02
-8.214075083579411296e-02
-1.094038614586421154e-01
-1.272265993123855576e-01
-1.369549246457263392e-01
-1.426902205134976120e-01
-1.491173206053567069e-01
-1.577826180504689479e-01
-1.668788831843197318e-01
-1.745471457665993542e-01
-1.798022606995642869e-01
-1.798109827391412285e-01
-1.696897244675863725e-01
-1.437398759869046028e-01
-9.655090388561105019e-02
-2.585393695676307599e-02
5.412232100381503958e-02
1.204578656284257532e-01
1.686333839969471338e-01
2.049978151434022622e-01
2.286668746810628372e-01
2.329705928230474676e-01
2.173439559676238197e-01
1.899018553766847750e-01
1.601438987492808386e-01
1.304149170727956220e-01
9.609504477006854117e-02
5.548013441460389328e-02
7.422298888746237111e-03
-5.116868378766772918e-02
-1.209575961299177022e-01
-2.002600385636271185e-01
-2.860847846901650171e-01
-3.734620002024131580e-01
-4.554245373085429316e-01
-5.199417234111514130e-01
-5.506508470723376902e-01
-5.411468041804305962e-01
-4.931223141879127470e-01
-3.934334896989680197e-01
-2.179847855942464718e-01
2.706240126003982630e-02
2.731974487766488657e-01
4.438447447670941237e-01
5.243718274469072460e-01
5.365662232404613263e-01
5.029978083994129934e-01
4.438901399270291370e-01
3.735825850028807182e-01
3.005740638755988181e-01
2.295284167966986089e-01
1.646573217619916318e-01
1.089421041119012085e-01
6.164266151627971480e-02
2.064677644537814619e-02
-1.435836214513952838e-02
-4.170364223682373334e-02
-6.177162248486846308e-02
-7.710986924250404217e-02
-8.882008347539620263e-02
-9.854670301998488813e-02
-1.088757319480369162e-01
-1.172468331169568556e-01
-1.173441819200841951e-01
-1.088958043843361312e-01
-9.596851132692389708e-02
-8.025441650106096558e-02
-6.248686880720043246e-02
-4.451202570015730386e-02
-2.872004023940290252e-02
-1.643764503750472922e-02
-6.184179000245535948e-03
3.371527135617180711e-03
1.143395237288290581e-02
1.764757537314835117e-02
2.080737089476581911e-02
2.016160259824359424e-02
1.677305967645172438e-02
1.014301442305925657e-02
-3.347357041404066397e-05
-1.159005716439522743e-02
-2.192179480837356739e-02
-2.980260157971159965e-02
-3.431468853543902936e-02
-3.431064995232048498e-02
-3.047548154165480305e-02
-2.483124854484481184e-02
-1.872935466978024183e-02
-1.301637103444831974e-02
-6.631513247611807264e-03
2.976625150573519035e-03
1.494860371732164954e-02
2.528947483367249491e-02
3.200011874340007167e-02
3.733390782546110870e-02
4.072370817704962231e-02
3.773039477202753955e-02
2.909926743157857654e-02
1.757489722238084542e-02
3.706583421127711102e-03
-1.025812149291065525e-02
-2.138837567072265564e-02
-2.831920943526240048e-02
-2.956331145150722581e-02
-2.371752994064654091e-02
-9.308588449438694179e-03
1.443248549223524746e-02
4.468756251559186099e-02
7.476673685401163949e-02
9.804489690010222136e-02
1.121774238451584971e-01
1.168207545296955363e-01
1.145253666988953062e-01
1.101005352641545310e-01
1.048215724009872035e-01
9.549651112121598784e-02
7.830054796820455632e-02
5.339788650380040969e-02
2.192647740513208043e-02
-1.765941322710648867e-02
-6.471338676116937527e-02
-1.148301840290407577e-01
-1.655877322494916370e-01
-2.184025214611315935e-01
-2.739099316657375716e-01
-3.294272882789054946e-01
-3.815863668924583396e-01
-4.237793361589274888e-01
-4.434264116674983547e-01
-4.242731481878120881e-01
-3.451223232246349304e-01
-2.098881586936151566e-01
-5.222710427004804978e-02
1.175035310106272990e-01
2.833258504775430509e-01
4.014654350882872480e-01
4.582121883411308660e-01
4.686253752837154507e-01
4.468515714672992578e-01
4.034309593232215940e-01
3.488294514863907181e-01
2.910964262589395557e-01
2.322269650689584020e-01
1.741338445733148776e-01
1.217105591107467133e-01
8.016750468221066350e-02
5.368235833194306972e-02
4.268307173039708607e-02
4.448450700544580305e-02
5.199516305175530539e-02
5.374824141429623836e-02
4.657437091101852139e-02
3.340337825739934929e-02
1.269100921434018064e-02
-2.128060642789155604e-02
-7.274709344834842661e-02
-1.406907261553650423e-01
-2.216037456738376155e-01
-3.118468291913880641e-01
-4.073701004051401009e-01
-4.999576718041608969e-01
-5.745616214027774449e-01
-6.110612045032374207e-01
-5.832289412909211768e-01
-4.622367837269554247e-01
-2.414210756557008120e-01
3.559833831149719630e-02
2.812916924722064227e-01
4.255833245948972832e-01
4.627958019554041513e-01
4.233822527074682096e-01
3.404695559991513520e-01
2.453468255318759228e-01
1.536197337675569985e-01
6.513860664420069446e-02
-5.539370125670663170e-03
-2.637974269959509482e-02
3.050170129561283194e-02
1.714053022979728502e-01
3.370554280351208409e-01
4.333033219028874505e-01
4.336809583569482540e-01
3.647365442220217302e-01
2.521020340880721911e-01
1.180757283284118164e-01
-1.823266296080285759e-02
-1.416497563315371189e-01
-2.417905928992483966e-01
-3.068274669471978688e-01
-3.222145384076058883e-01
-2.785193959331102587e-01
-2.130039578994400995e-01
-1.970517295634679200e-01
-2.466418243258292342e-01
-3.282794075900826170e-01
-4.043869422216076481e-01
-4.345212389245806661e-01
-3.768695897523103300e-01
-2.476049729953404277e-01
-1.228989496208279519e-01
-2.039402452007063257e-02
6.423597825851623533e-02
8.978730476433317842e-02
5.038654923896382365e-02
-1.103227744599664939e-02
-4.751958434203079618e-02
-1.177098510558897970e-02
9.869609485492610024e-02
2.400410554825931353e-01
3.610150398786411419e-01
4.006186949426341348e-01
3.447009814061099409e-01
2.266997591381437749e-01
8.694489972980898318e-02
-2.745703974417984528e-02
-8.628131507954893420e-02
-7.707911652459634166e-02
2.357905946380804696e-02
2.227351974191875139e-01
4.453294629887514788e-01
5.914630274073328087e-01
6.376334430864688541e-01
6.075316750055753667e-01
5.234366027287536971e-01
4.044875270455061678e-01
2.618381964558714192e-01
9.803570817888508648e-02
-8.751635319709909211e-02
-2.914587941248301672e-01
-5.038007267579642789e-01
-7.144182215069108111e-01
-9.160440260491723441e-01
-1.092554951758604842e+00
-1.212583870236715988e+00
-1.233007935442905989e+00
-1.100447901715660759e+00
-7.867430768836292110e-01
-3.395124139156467935e-01
1.207253554003013679e-01
4.669162883388290330e-01
6.483001692586697340e-01
6.924283535812310042e-01
6.467003910303280589e-01
5.522708900207150551e-01
4.472230014102440698e-01
3.577458691203591612e-01
2.936603859247054471e-01
2.613263434662390083e-01
2.587493637751741571e-01
2.612427981914605679e-01
2.391270120417522127e-01
1.918676975705472798e-01
1.390468646255751395e-01
9.345571226118709607e-02
5.849467577431562149e-02
3.748558555190678598e-02
3.777453940419921857e-02
6.475945555881648663e-02
1.100509286665431463e-01
1.534711742840970672e-01
1.811957602113802857e-01
1.888702473882479804e-01
1.797429419220121227e-01
1.594673651860762098e-01
1.277240933870655848e-01
8.731774320703561409e-02
4.544887760275707206e-02
1.708872586465196020e-03
-4.912235653868500529e-02
-1.089915007114198447e-01
-1.765760164673880472e-01
-2.497311874908052509e-01
-3.260987782527451362e-01
-3.981551785346758576e-01
-4.660480290308781637e-01
-5.404445031560907164e-01
-6.125394084716268006e-01
-6.524290572891877638e-01
-6.258054879491498079e-01
-5.432452435805098512e-01
-4.577916711551952567e-01
-3.719023581858421079e-01
-2.459248220076687419e-01
-7.031619647182907329e-02
1.464721834908115361e-01
3.789676181341316008e-01
5.498479506777366188e-01
5.937635482539349585e-01
5.106594893722563588e-01
3.359699330574560383e-01
1.114134558149083021e-01
-1.226643626716470009e-01
-3.207803447651434436e-01
-4.336784418938188779e-01
-4.112092694985537422e-01
-2.483167071706377793e-01
1.405423186213437120e-02
3.173202017138787023e-01
5.633478331936594419e-01
6.884347612783477954e-01
7.077849912070165450e-01
6.543236216747446710e-01
5.542471424123158741e-01
4.294802528860374169e-01
2.985767655013468191e-01
1.768040947949763575e-01
7.108182333836345068e-02
-1.842553394501273561e-02
-8.950614931932021623e-02
-1.402876741845224262e-01
-1.719317551654491460e-01
-1.901713437569794163e-01
-2.001632493126342949e-01
-1.957039654607336254e-01
-1.664503575502895572e-01
-1.211421153989376970e-01
-8.289818745145755008e-02
-6.053324094374924053e-02
-5.397930474789154609e-02
-6.677128484754971116e-02
-9.818333573015028404e-02
-1.399121907676138810e-01
-1.800504082663801630e-01
-2.090271100221979816e-01
-2.216309058356431827e-01
-2.182063593372171317e-01
-1.965951740486452659e-01
-1.482182651099553106e-01
-6.870901793751059417e-02
2.526429449777795738e-02
1.002838786459279291e-01
1.444122464002446649e-01
1.629335814560870510e-01
1.556645223627497188e-01
1.269308306004903741e-01
8.857226595543662984e-02
4.764163569192653852e-02
3.236220738108308570e-03
-4.004871247856095495e-02
-7.043282382236946970e-02
-8.063938575280869825e-02
-7.522502621572113579e-02
-6.359072122259143423e-02
-4.833930022683797373e-02
-2.930246465798426805e-02
-7.220353367538127204e-03
1.940590912763871453e-02
4.974027798267639799e-02
7.786279230404244411e-02
9.923259136235126898e-02
1.120524951081342813e-01
1.153110981566055487e-01
1.105770956266587529e-01
9.905563714551317289e-02
8.061216143269260559e-02
5.727677705611290693e-02
3.271366628009141075e-02
9.789305809857611410e-03
-9.518902408079331703e-03
-2.244535030405652581e-02
-2.602191391009195040e-02
-1.870743725721616540e-02
-1.504919890826197926e-03
2.302530700765469465e-02
5.324433823339054517e-02
8.557580405087802933e-02
1.131077030340858769e-01
1.308249488827567253e-01
1.379090712715494715e-01
1.354806874359589242e-01
1.235776312716210662e-01
1.005172484930235838e-01
6.193225751087447217e-02
2.769566689949751193e-03
-7.562985797385152198e-02
-1.657872553464168064e-01
-2.590966647667349299e-01
-3.459108303270154172e-01
-4.152098822905890274e-01
-4.648464587202912335e-01
-5.005699770475052768e-01
-5.158305747368918670e-01
-4.892779505626342340e-01
-3.945556720971498676e-01
-2.511301313507101063e-01
-1.240804907212981617e-01
-2.732344130223059164e-02
7.542431351610567880e-02
2.187028754554814214e-01
3.806475486955284149e-01
4.860737911634893660e-01
5.107547896167444756e-01
4.782607992789645324e-01
4.104818816785379409e-01
3.300213005212302986e-01
2.518144336231715741e-01
1.822585181208393190e-01
1.306491358909070699e-01
1.029171511170154651e-01
8.588804502195726553e-02
5.924746516072014468e-02
1.950569259283183032e-02
-2.292827994871236147e-02
-5.850038415473306219e-02
-8.510473705535480382e-02
-1.049018887341391648e-01
-1.176192486906442181e-01
-1.224445478534034321e-01
-1.205680669617139322e-01
-1.128407725886032414e-01
-9.879555857407340547e-02
-7.955306477852552849e-02
-5.912034976227500960e-02
-3.906521330309074141e-02
-1.814831929487698003e-02
3.331659283451569344e-03
2.492652980595403550e-02
4.515893351395359329e-02
6.215377857328557160e-02
7.421637895170474231e-02
7.738060729405650540e-02
6.858263851412420287e-02
4.780657963076025141e-02
1.778764797226775607e-02
-1.683835612428362036e-02
-5.088895788079647597e-02
-7.898533005060566492e-02
-9.397310994169805198e-02
-8.975523981606811641e-02
-6.754264489225479673e-02
-3.552829769497281576e-02
-2.704153929549327207e-03
2.478411112089755342e-02
4.313524369678385650e-02
5.276979626817487889e-02
5.502373077197274254e-02
5.088491321917578553e-02
4.286641273227943805e-02
3.219138731033532874e-02
2.122271498417916194e-02
1.414332302759869001e-02
1.153534939949022418e-02
1.098967077195868620e-02
6.436350040848285228e-03
-1.349732757929606071e-02
-5.585423819278897972e-02
-1.163788506935900247e-01
-1.821165768151255249e-01
-2.391650955223461050e-01
-2.775245942422532863e-01
-2.864834589494055783e-01
-2.504087876108379573e-01
-1.536732448595347078e-01
-2.214459748226518462e-02
8.081424357362006206e-02
1.311253406565826007e-01
1.439636361351631921e-01
1.357162599797275826e-01
1.222306926627247520e-01
1.215657665543538463e-01
1.501432064432602353e-01
1.939505254822000424e-01
2.146004394128729342e-01
2.018234878922292586e-01
1.677135957246244646e-01
1.148388486955845278e-01
4.397298060788015772e-02
-3.662630281594736470e-02
-1.133273947126125641e-01
-1.723865409656626380e-01
-2.013804237103547501e-01
-1.869396807581901465e-01
-1.191531695365415366e-01
-2.060993049316284936e-02
5.947770876360677222e-02
1.026414887297122658e-01
1.201021252614725976e-01
1.193902614610914403e-01
1.043526303387204424e-01
8.431766139298241258e-02
7.154513660646612261e-02
7.394680389965170575e-02
9.865736413796044602e-02
1.552817316108000556e-01
2.302529755114106347e-01
2.856332986267872132e-01
3.079875498599057848e-01
3.068288232284067107e-01
2.850928103403581604e-01
2.415683825739877444e-01
1.745950276220617214e-01
8.569051910172022224e-02
-1.820751193211479074e-02
-1.315480093287983987e-01
-2.511153763712221654e-01
-3.710761795655668216e-01
-4.887929089984087150e-01
-6.087995240313679446e-01
-7.338994880742917282e-01
-8.577346736340863975e-01
-9.576649057418336053e-01
-9.980943432430098294e-01
-9.404102683587874933e-01
-7.410059759631103526e-01
-4.022440635653423691e-01
-3.628985874251968585e-02
2.436655240296377312e-01
4.443374000342516505e-01
6.201619096721073809e-01
7.624071526886585515e-01
8.170910930988813936e-01
7.773959416597442385e-01
6.755998848537203560e-01
5.399987867785460693e-01
4.018588840650245131e-01
2.815928639100024888e-01
1.819092612818323240e-01
1.112529493316633672e-01
8.341609644587508199e-02
8.410993652681499066e-02
7.631179379553928999e-02
4.702850713213501538e-02
7.559859942025223822e-03
-3.124108804401100337e-02
-6.211607245478183853e-02
-8.103289539405389430e-02
-8.708033734231947209e-02
-7.740840556585487642e-02
-5.412623391530943517e-02
-2.883487788315837463e-02
-6.378508392533455140e-03
1.689876006779663514e-02
3.868073800706152421e-02
4.865155988950504995e-02
4.529968368755722674e-02
3.921127045983414938e-02
3.774418212269983752e-02
3.875553401929049402e-02
3.858414528168559177e-02
2.794470744722869077e-02
-1.062000666276960784e-02
-8.269106945694802702e-02
-1.814528569264629854e-01
-2.938332282754202440e-01
-4.007035817839191827e-01
-4.873719989893740001e-01
-5.436511604602729530e-01
-5.566234761270171250e-01
-5.101336750359832806e-01
-3.858549045531404209e-01
-1.770173474446597450e-01
6.627791882330226481e-02
2.587915478317848184e-01
3.698380466475192363e-01
4.169048903752179958e-01
4.195264468993682438e-01
3.977776442745221686e-01
3.706319722296465002e-01
3.528191669975106470e-01
3.435776687957871056e-01
3.299435708004108125e-01
3.094448424884330695e-01
2.856566291343869413e-01
2.602964231129303863e-01
2.339489401005000746e-01
2.029611573440502359e-01
1.634487937221802412e-01
1.145489190561602699e-01
5.866845865378386010e-02
-7.581054494697619939e-04
-6.323512934112884842e-02
-1.294934973282518276e-01
-1.981435760453399419e-01
-2.670163445091657817e-01
-3.345463485298241224e-01
-3.952104546220717163e-01
-4.392296629637271188e-01
-4.569838060600526775e-01
-4.343893099158493976e-01
-3.941150496401198966e-01
-3.986560003829066057e-01
-4.645872708520380479e-01
-5.633052318345873610e-01
-6.652778677786262973e-01
-7.363792247964844329e-01
-7.323563483691666320e-01
-6.040057723608256435e-01
-3.542410806470225881e-01
-3.877972389352101618e-02
3.091608033370215614e-01
6.632485522078134244e-01
9.578502678139328985e-01
1.122315604059456406e+00
1.149713091056167702e+00
1.076045424893716351e+00
9.317725944619549283e-01
7.420084776001915072e-01
5.302842921052904890e-01
3.195854017158545890e-01
1.259304819056724367e-01
-4.000253323940287237e-02
-1.710903090948525107e-01
-2.646479626852300537e-01
-3.186529158822187791e-01
-3.302014837348035137e-01
-2.962195679305101303e-01
-2.310998283992408697e-01
-1.673076253319197848e-01
-1.193250902586473067e-01
-8.333810375843539453e-02
-5.636126636593205563e-02
-3.529895163927169316e-02
-1.929147440334632452e-02
-1.091250803146810028e-02
-1.067514193886798940e-02
-1.694459937260128779e-02
-2.843218494718389652e-02
-4.393260996422663350e-02
-6.446754961874230638e-02
-9.117687028528273507e-02
-1.213789293782013140e-01
-1.483996912437282600e-01
-1.678937730296762576e-01
-1.835961622340167854e-01
-1.963273126588480910e-01
-1.999413712764504525e-01
-1.881701293477760217e-01
-1.574790061149242415e-01
-1.051851994861776884e-01
-3.363724523624411766e-02
