-1.786975384299075709e-01
-3.146383933972681235e-01
-4.434621777857878366e-01
-5.572112603945803544e-01
-6.420865828221024030e-01
-6.763404001012530697e-01
-6.565490530880413456e-01
-5.975705106857801541e-01
-4.940944905483758420e-01
-3.179727557157420725e-01
-7.162593806952091691e-02
1.872470544844325457e-01
3.910708605075358668e-01
5.079625951763664382e-01
5.537975512611310602e-01
5.547262672703124897e-01
5.210279129105074292e-01
4.593493986651182581e-01
3.766632470115558462e-01
2.833667574831140179e-01
1.928082762725419896e-01
1.153404741951605805e-01
5.598805229306085679e-02
6.909884550032944356e-03
-4.834329017128191630e-02
-1.109782585247051923e-01
-1.731118042565023274e-01
-2.312015428593886535e-01
-2.811470160137001795e-01
-3.161749345030773206e-01
-3.276997957818424956e-01
-3.118281213665836105e-01
-2.656445620391051365e-01
-1.817575361562107639e-01
-5.935365212628780640e-02
7.337174400890972281e-02
1.735691247734903742e-01
2.279605103495901675e-01
2.442019180228675868e-01
2.279314908074881740e-01
1.828786710142252803e-01
1.153464920815140127e-01
4.037247854250870099e-02
-2.158895835113250339e-02
-5.109701609111232112e-02
-3.313768793542842123e-02
2.297935310008679399e-02
7.554062088872300074e-02
9.126710286761977042e-02
6.530165348494021416e-02
4.982899267111109975e-03
-7.613845063333414542e-02
-1.633980794300724793e-01
-2.410274041251503352e-01
-2.883043991851832466e-01
-2.858831719041757258e-01
-2.297773081225680525e-01
-1.223097910816830503e-01
4.590482821484732218e-02
2.390236319105581708e-01
3.746235690145353070e-01
4.183456645764477844e-01
3.830284564466118202e-01
2.867339399351414020e-01
1.541733844003875253e-01
1.226271042321478225e-02
-1.216744388554220763e-01
-2.361261597279358249e-01
-3.186841225503774244e-01
-3.579882863755349254e-01
-3.418757067807577377e-01
-2.826300705549499859e-01
-2.250284446978137731e-01
-1.804231797579823882e-01
-1.379995418080368075e-01
-1.151159688641640866e-01
-1.155443267157541115e-01
-1.179972672884658236e-01
-1.062281985253782784e-01
-6.287934303404872638e-02
1.117328367401327141e-02
8.743929328763239139e-02
1.502761538774056438e-01
1.937609577509761816e-01
2.211021905569118262e-01
2.512837040033891745e-01
2.928533316993600644e-01
3.390438717171271321e-01
3.728148241665609763e-01
3.708871727133589702e-01
3.302525187013475305e-01
2.677263464826015182e-01
1.966454913424295348e-01
1.259305652384514196e-01
5.890561402643701427e-02
-8.375565573179390849e-03
-7.887614114569457824e-02
-1.490134093902590051e-01
-2.130190903100153688e-01
-2.697069618081393005e-01
-3.180636479592919286e-01
-3.498498909728853801e-01
-3.571681258480696175e-01
-3.345599644787177751e-01
-2.757619896184098085e-01
-1.740604545861041963e-01
-1.860668340236903279e-02
1.598851628375784761e-01
2.872305355501984514e-01
3.350333256727807130e-01
3.185000727887735139e-01
2.536482631403798593e-01
1.607181291463740946e-01
6.043881285327738773e-02
-3.250094554604705810e-02
-1.082892343611758096e-01
-1.586204592034486660e-01
-1.737641373736713568e-01
-1.405373311885806109e-01
-7.857228089762524625e-02
-4.147008045928956416e-02
-4.792963797392191250e-02
-8.176301199508370643e-02
-1.292686318200947093e-01
-1.831202405489727181e-01
-2.384069977033876353e-01
-2.845277766799648722e-01
-3.068553788854869735e-01
-2.918178753186159713e-01
-2.225601017362253964e-01
-8.068214545766665136e-02
1.070994752533718508e-01
2.707768592834025045e-01
3.811563212654567878e-01
4.481466529971948609e-01
4.758680419081482427e-01
4.663038961643364844e-01
4.237329837910937536e-01
3.590993850447545821e-01
2.852963408970425330e-01
2.075976194692402688e-01
1.275665595476218328e-01
4.899098059947072648e-02
-2.447551720451920931e-02
-9.415873004050361039e-02
-1.577068256729705353e-01
-2.079435353336235026e-01
-2.440519619876451163e-01
-2.728938079522420512e-01
-3.029674424606653704e-01
-3.336217234014405841e-01
-3.522368269873160651e-01
-3.419554247981512751e-01
-2.887318739827022807e-01
-1.789732456475333078e-01
-2.955116840594529740e-02
1.046885137997871085e-01
1.985378414219079735e-01
2.575439283175819383e-01
2.830456106328195220e-01
2.807804297325402487e-01
2.610245865690928313e-01
2.294248326846575203e-01
1.864300764815864930e-01
1.311529492421954768e-01
6.253904948758284843e-02
-1.371528790004537812e-02
-7.845422211524166745e-02
-1.158044727647201261e-01
-1.288746702437391645e-01
-1.361777475739897603e-01
-1.637297896482524384e-01
-2.220952259283365815e-01
-3.005932276493796240e-01
-3.807758126696740852e-01
-4.413290128418749791e-01
-4.575767540045257986e-01
-4.062314650062928689e-01
-2.705999091623163544e-01
-7.278841044219690193e-02
1.252493344485547666e-01
2.990440502563155856e-01
4.529222050712841674e-01
5.708679238560306901e-01
6.297905148799637365e-01
6.213719197282283613e-01
5.631222830604218910e-01
4.763330277548042391e-01
3.705275256742617263e-01
2.493016723082463748e-01
1.161970193659839501e-01
-1.815587996603125476e-02
-1.415149080529423675e-01
-2.496513195283317499e-01
-3.416381891862669828e-01
-4.116410103790530961e-01
-4.541432612617961606e-01
-4.650835973687114655e-01
-4.478831159121640648e-01
-4.168747530239118593e-01
-3.736134278697679223e-01
-3.008592968614703933e-01
-1.811333407113893679e-01
-2.034884921091104429e-02
1.428658509086771777e-01
2.783022425412596812e-01
3.863904299392854069e-01
4.590193762902562424e-01
4.827512708407760700e-01
4.672478023048040052e-01
4.232490756168154067e-01
3.506214183404614548e-01
2.539647079547738828e-01
1.433320232615203083e-01
2.570358504642825462e-02
-8.899700347313560522e-02
-1.864264808027906728e-01
-2.594564537793591086e-01
-3.126371622089341162e-01
-3.582765818091457888e-01
-4.023511288977468237e-01
-4.381626026691992637e-01
-4.504164685454136174e-01
-4.216041254888094891e-01
-3.508844219669775555e-01
-2.504692553100427710e-01
-1.170308459704107046e-01
3.506441326658096130e-02
1.541057042023510348e-01
2.143776618291934888e-01
2.287502503076278004e-01
2.186523447449481294e-01
2.051007271909034424e-01
2.035171746574386820e-01
2.051831415061156350e-01
1.853724274034751485e-01
1.453073499343892627e-01
1.013497801822529631e-01
6.645360550426125668e-02
5.274482766583765692e-02
5.994726576198539797e-02
8.175864409183378201e-02
1.087924952969394760e-01
1.299482759444983704e-01
1.441520269691393685e-01
1.504427667929398860e-01
1.445773378332655679e-01
1.230799293379009618e-01
8.299795709392794596e-02
2.396675327027531291e-02
-5.143398518666414398e-02
-1.267080187650178602e-01
-1.788456885609392977e-01
-2.018627974692435711e-01
-2.010186821453723294e-01
-1.815079819463670807e-01
-1.495429777138350125e-01
-1.102440017390042826e-01
-6.842891219747467002e-02
-2.819103642919320099e-02
9.200624138084166626e-03
4.070833652983417428e-02
6.221398252643716570e-02
7.051368711944264178e-02
6.351598847718610552e-02
4.506358473460082836e-02
1.861604403133476637e-02
-1.641455276067345023e-02
-5.676183476768735525e-02
-9.682931261627530928e-02
-1.311319653474413705e-01
-1.517746580258160782e-01
-1.510851555266830570e-01
-1.226801029834004020e-01
-6.059729889373278999e-02
2.032440143114253028e-02
8.547189446078501396e-02
1.204255076195297480e-01
1.314636179099837598e-01
1.250548560445515489e-01
1.077399758929065282e-01
8.656811786417181742e-02
6.159184867485166526e-02
2.826217352598981228e-02
-1.161211647771759510e-02
-5.066798267842494152e-02
-7.703933266174071981e-02
-7.820234803442698002e-02
-5.836569333961652561e-02
-3.520307060283456996e-02
-1.414483452193392339e-02
8.950778000984274674e-03
2.569176407743112636e-02
2.026821408184123485e-02
-5.863668040746380927e-03
-3.938529230593559860e-02
-7.096699465358885517e-02
-9.297845307432046902e-02
-9.660515540256496558e-02
-5.831373303085182064e-02
1.960246078586251953e-02
8.317054868713844029e-02
1.051510353576348422e-01
9.693455325291353009e-02
7.062136472325736269e-02
3.739369974858114398e-02
4.319471583266371040e-03
-2.036887085641845424e-02
-2.893809088977348024e-02
-2.109489774038867879e-02
-9.934029014382270151e-04
2.541315397516026586e-02
5.269724979279775262e-02
7.690372568683488674e-02
9.603553063929040623e-02
1.106932371453993452e-01
1.180673266413629213e-01
1.110994609739161809e-01
8.992163269523241464e-02
6.086877228464620398e-02
2.690845991830800865e-02
-4.471464602488489301e-03
-2.107280449711125894e-02
-2.075717478269145308e-02
-1.453850305822619940e-02
-1.503250181603748084e-02
-2.484125942894748265e-02
-3.898486326142598657e-02
-5.444673601677174624e-02
-7.319112097966071206e-02
-9.508727872958622207e-02
-1.149291022945406610e-01
-1.305495444798643878e-01
-1.434279042858273012e-01
-1.469712676561814590e-01
-1.266698800817848136e-01
-8.554838979383788677e-02
-4.397339661170998615e-02
-1.210156441889081655e-02
9.886053851105480045e-03
2.215449998020454711e-02
2.674385785094567786e-02
3.072426045402308278e-02
4.308798408445282946e-02
6.388850255904612863e-02
8.777437556957921883e-02
1.176123943733805716e-01
1.454223375358437986e-01
1.461660187526641341e-01
1.125019748215457527e-01
5.767249124279860001e-02
-6.454955640926825569e-03
-7.628893486283519487e-02
-1.493119394562138491e-01
-2.170384341285555296e-01
-2.665302415790894441e-01
-2.814965244059454696e-01
-2.487705041276944140e-01
-1.592376922598737754e-01
-2.636632090081331842e-02
1.018934625557111201e-01
1.911313482261045860e-01
2.419674901391966892e-01
2.667500185116516431e-01
2.738418919260935391e-01
2.657581627050416562e-01
2.441578798280308882e-01
2.080659472843658653e-01
1.597125020522884298e-01
1.050566789374912380e-01
4.541357744860610030e-02
-1.113734001827011016e-02
-5.395724468888153658e-02
-8.606378902289636701e-02
-1.142664080271055538e-01
-1.420666140577929726e-01
-1.666658572598890276e-01
-1.792537551190830913e-01
-1.724937475942935894e-01
-1.420118004329139205e-01
-9.634022570159544996e-02
-5.581073764653589342e-02
-2.465457840018144692e-02
1.696505491491667045e-02
7.658076561744463218e-02
1.365379951298257843e-01
1.834752705671371664e-01
2.125684537382998285e-01
2.141638996643249193e-01
1.738569116343397780e-01
8.950425065604548924e-02
-2.313011599004373767e-02
-1.470259357763765706e-01
-2.745695828548653239e-01
-3.941772131877416263e-01
-4.812284845369190767e-01
-5.135341582766149715e-01
-4.737397095914269718e-01
-3.713527715979668686e-01
-2.414146006298427682e-01
-9.329165972580050203e-02
8.725740177051247159e-02
2.737830359080093978e-01
3.980684415956775024e-01
4.385295014347307951e-01
4.236271171984620776e-01
3.805266450260896272e-01
3.315440809101570796e-01
2.902387855526087912e-01
2.571332683551215137e-01
2.282029896406609637e-01
1.995921113225980759e-01
1.645474345883925771e-01
1.147167882630730079e-01
5.046369033216187294e-02
-1.908171991756307459e-02
-8.690255617652337117e-02
-1.513524720687003944e-01
-2.187377653273557265e-01
-2.911291866815199914e-01
-3.554717936359466091e-01
-3.973681760602939539e-01
-4.116313070626969051e-01
-4.004868141989239017e-01
-3.615120718311408132e-01
-2.832525770357147143e-01
-1.531964580847333390e-01
4.028780171894251472e-02
2.628482679222163276e-01
4.328435656009828048e-01
5.151285031343518783e-01
5.226369440900017205e-01
4.718960354442279792e-01
3.820443114395563611e-01
2.690938417781078562e-01
1.460164963507182556e-01
2.377362475903564698e-02
-8.922757854875795758e-02
-1.875663967829147016e-01
-2.693123872194661539e-01
-3.318298266589920220e-01
-3.687267277233817198e-01
-3.792533420512950171e-01
-3.655257481871234670e-01
-3.176104992546764372e-01
-2.207584943478023698e-01
-9.632626289959278498e-02
4.564009673727871183e-03
6.161344229190462984e-02
8.131250885929584837e-02
7.665229083802507781e-02
6.689886084860821591e-02
6.941577347954597244e-02
1.003186422426760455e-01
1.748015161827158048e-01
2.716752136049544464e-01
3.345003639955013708e-01
3.410263399895455683e-01
3.021015843127717315e-01
2.304799526281636757e-01
1.409282901138977917e-01
4.648915546816130562e-02
-4.082840988274110544e-02
-1.112088839264613466e-01
-1.613610498458906140e-01
-1.915394439655055958e-01
-1.964975926112250970e-01
-1.754002870182142793e-01
-1.468526258609497703e-01
-1.295818557802018989e-01
-1.217623012989700187e-01
-1.096620350382791764e-01
-8.361074179007724205e-02
-4.168110016965079212e-02
5.741827887174174097e-03
3.997373816220839426e-02
6.042259682629333439e-02
8.494153725304817715e-02
1.302853465085394569e-01
1.830983306948718858e-01
2.053171848124941967e-01
1.858956551116203171e-01
1.390056702512166009e-01
7.925063008752808447e-02
1.564878909674603108e-02
-4.975053390113670648e-02
-1.120993233892086799e-01
-1.592149653629864325e-01
-1.787094509098564599e-01
-1.611268405285391503e-01
-1.146275568794813404e-01
-7.882479431867388253e-02
-8.652728542760396158e-02
-1.326493363467658448e-01
-1.931359278522654654e-01
-2.467455702105000870e-01
-2.757852281597324984e-01
-2.599559164224742314e-01
-1.768295490033319484e-01
-4.719739466083878315e-02
6.427395918649979334e-02
1.376194578583384842e-01
1.986947116099317678e-01
2.706750622716215249e-01
3.452301285912887097e-01
3.877379089712488236e-01
3.892389222106056312e-01
3.621432662618143117e-01
3.153540665746613625e-01
2.567720945852664527e-01
1.871744631305876094e-01
1.026221097068402144e-01
7.888884475053793699e-03
-8.782425006706313930e-02
-1.817574414940853478e-01
-2.701924860974599940e-01
-3.400658167592022219e-01
-3.787599872782589916e-01
-3.854299519120311102e-01
-3.646673566753569906e-01
-3.132628980983167000e-01
-2.210501498203236437e-01
-1.023233520929736073e-01
1.208613457958161719e-03
7.392506521125422059e-02
1.317763058836030343e-01
1.876674615852463313e-01
2.368331348634571676e-01
2.646462110396432532e-01
2.663295102154070726e-01
2.509750726423382039e-01
2.312700244476753042e-01
2.142844080039658927e-01
2.007279206376485492e-01
1.854889105136211802e-01
1.610989298516989354e-01
1.238942156066527023e-01
7.400866876837403074e-02
9.056919929969684674e-03
-7.040715282823079013e-02
-1.495200943005560723e-01
-2.147329182119601942e-01
-2.646652759778413411e-01
-2.975918701841843705e-01
-3.093861476451549297e-01
-2.979333540983166162e-01
-2.689612147627646332e-01
-2.347036933799861447e-01
-1.969053050454737108e-01
-1.463657906712029777e-01
-7.201430498285914250e-02
1.857992376754794006e-02
1.017854899928138795e-01
1.856023769669598589e-01
2.704482585146198437e-01
3.129954629001507893e-01
2.918228440402630408e-01
2.196235204425416865e-01
1.138322450743124159e-01
-6.553541210214265667e-03
-1.186503877560868142e-01
-2.021647683699123177e-01
-2.453430281943629887e-01
-2.495486671485021568e-01
-2.232442166384803750e-01
-1.577022401414311659e-01
-6.165896121285024956e-02
2.250362082435585984e-02
6.730702101700286599e-02
7.103267402187103674e-02
4.942878028001944368e-02
2.223808178528399043e-02
-6.155146014238076224e-04
-1.340566013441110010e-02
-2.224260319149063553e-03
3.294714334341367068e-02
7.236420255552407366e-02
1.141588048948067313e-01
1.559741875016519563e-01
1.797865751167162240e-01
1.800198522140433188e-01
1.630050225468709091e-01
1.367252224827276708e-01
1.074567019340049029e-01
7.651504251526720923e-02
4.394150686353142515e-02
1.533082623691459090e-02
-2.482605195173123031e-03
-1.207209407973189319e-02
-2.050484156493604868e-02
-3.075744329627865675e-02
-4.343849214442709050e-02
-5.823087417144928030e-02
-7.248889090430334081e-02
-8.253177974831224506e-02
-8.683731938642325066e-02
-8.581000534487775999e-02
-7.939876781574688180e-02
-6.749633456065411152e-02
-5.192626920409031815e-02
-3.759558933944712883e-02
-3.013940120622801006e-02
-3.085563649435921554e-02
-3.785692092949006354e-02
-5.123159355649915120e-02
-7.159515169972667514e-02
-9.484108475816221961e-02
-1.128587590078109215e-01
-1.175625958910154062e-01
-9.971707458098877375e-02
-4.730566223949396465e-02
3.263415544963385595e-02
1.064530748611834943e-01
1.527135540494343191e-01
1.743822410200789319e-01
1.788363211725125246e-01
1.710984822854731968e-01
1.553521871654280628e-01
1.356900377304015026e-01
1.158614104781661991e-01
9.676000661978485795e-02
7.925267951380209064e-02
6.912492065378723904e-02
6.970528843472915959e-02
7.734929957915764875e-02
8.608078494296082794e-02
9.130417989570037418e-02
9.170317575807497568e-02
8.717912039097022725e-02
7.759599841221631600e-02
6.314648400366466852e-02
4.409240364018374853e-02
2.053242541056066184e-02
-8.386112371757611927e-03
-4.106430943737631595e-02
-7.277241365845484034e-02
-1.124162379763098130e-01
-1.809416364600563709e-01
-2.805020151240657511e-01
-3.967535255810143990e-01
-5.151330458208512875e-01
-6.160307646370791756e-01
-6.734124272212507201e-01
-6.585246987595245738e-01
-5.469439016179573620e-01
-3.355216596271704543e-01
-6.179758691690989680e-02
1.957705053693606367e-01
3.731066374833624799e-01
4.713924402042064532e-01
5.056664164047773857e-01
4.735735323369993366e-01
3.845492021875262512e-01
2.572728369741209553e-01
1.202601175220026491e-01
5.090546631534173527e-03
-6.655513733664429610e-02
-7.401092346936544164e-02
-2.826213705459709388e-02
2.086449801321663827e-02
5.226957239940804162e-02
7.789254479009069532e-02
1.056594921255954445e-01
1.417954582049760770e-01
1.777384431130930587e-01
1.856261784112274160e-01
1.588293084916495290e-01
1.189627875450965377e-01
8.127877025163107727e-02
4.490279186359528996e-02
1.632594325288198867e-02
1.708436852652728960e-02
4.573394727079864441e-02
7.196456893995197002e-02
8.214866953016314310e-02
8.110546170610022365e-02
7.158532195309663670e-02
5.546095208258923492e-02
3.515906415885113045e-02
1.382553046132058497e-02
-5.666977094862621356e-03
-2.395159784882941456e-02
-4.294159427884685493e-02
-6.701463760093780142e-02
-1.076875819378612653e-01
-1.702016298999161625e-01
-2.445992956890758740e-01
-3.147712767282537238e-01
-3.746945760126203506e-01
-4.227369611790124937e-01
-4.455456312942723818e-01
-4.280889356790531508e-01
-3.572058840328754536e-01
-2.158529860153545199e-01
-1.247597862757465065e-02
1.935428149839343304e-01
3.417397227797900339e-01
4.205090081533714441e-01
4.449317271229505932e-01
4.315920335086272375e-01
3.980462757847230137e-01
3.617190996979450235e-01
3.269346497712790067e-01
2.817268355465588625e-01
2.197813705479791657e-01
1.426973571498852955e-01
4.990993491167937390e-02
-5.533328916266947589e-02
-1.669736231230688484e-01
-2.736797102542309901e-01
-3.623573493470802487e-01
-4.313799135097807214e-01
-4.788754615574572493e-01
-4.958905426477056011e-01
-4.758296777027306579e-01
-4.149549833742250393e-01
-3.089161489746227174e-01
-1.537171289033030519e-01
4.304708180069523327e-02
2.363296265576352584e-01
3.718951742092989066e-01
4.406363697183963146e-01
4.586226691140833367e-01
4.392454665641198353e-01
3.948189404236311373e-01
3.344588481909888666e-01
2.638467169729703521e-01
1.892155864198966919e-01
1.192583629179969074e-01
6.178176771809477941e-02
2.189240861011671271e-02
-1.635095738823061362e-03
-1.957325615020989035e-02
-4.319673693127794312e-02
-7.539496581830734678e-02
-1.134411013870164908e-01
-1.593672903661733919e-01
-2.129917522494222115e-01
-2.625025703087133788e-01
-2.965132817556903611e-01
-3.076937886992733295e-01
-2.875886574922175698e-01
-2.249340045725708170e-01
-1.366128815268778107e-01
-6.963167252357654879e-02
-3.979284923782504257e-02
-3.004513538027065583e-02
-2.245603010691358398e-02
9.364432379884643498e-04
3.343091283772429978e-02
4.336654300830079106e-02
2.606584999837860406e-02
3.939319228639499848e-03
-3.955820777857561865e-03
1.293064210951530915e-02
4.590703349157949226e-02
7.391605780723253805e-02
9.504261335873881444e-02
1.229186399595429413e-01
1.710877393009225256e-01
2.293601659907319179e-01
2.626983204096270952e-01
2.614860660673035131e-01
2.383901300297104620e-01
2.031417246933493181e-01
1.636251359516129322e-01
1.230545264129196126e-01
8.070402974995682932e-02
3.487101726773714216e-02
-1.434766291970079183e-02
-6.452372266682965263e-02
-1.114508025802306568e-01
-1.517406940306909868e-01
-1.845433250057367247e-01
-2.108032366098907262e-01
-2.286878881328167079e-01
-2.276532500533161030e-01
-1.956908063271841081e-01
-1.301220271850731802e-01
-4.926708106023457157e-02
9.382491286290787699e-03
2.291755171527645046e-02
-2.605324300018113659e-03
-5.042542286872984947e-02
-1.046744255167979532e-01
-1.536346571762059465e-01
-1.893921924084462083e-01
-2.026284736820923860e-01
-1.797039596282567764e-01
-1.066295560595587472e-01
2.616852708112949247e-02
1.881651076083218355e-01
3.156139426156474581e-01
3.857505257387123243e-01
4.107073334012085741e-01
4.015883041459221148e-01
3.669340246142728801e-01
3.110403259371715690e-01
2.393279709408784317e-01
1.571723707880289256e-01
6.760593609030969564e-02
-2.674149557699979571e-02
-1.237862708101459402e-01
-2.218550402772406782e-01
-3.162679039822762772e-01
-3.997560389891347543e-01
-4.637186712351957785e-01
-4.979079560805593219e-01
-4.923500201958568301e-01
-4.340928636985519340e-01
-3.065561851799127879e-01
-1.257637598516453958e-01
5.167841771128611067e-02
1.927583259849800223e-01
2.940826061733875507e-01
3.574102598939903896e-01
3.876507233027374211e-01
3.789135133960334634e-01
3.303746084984925391e-01
2.561616656149346971e-01
1.740082883403714087e-01
9.747000119568674514e-02
3.327989650166506691e-02
-1.407539934544981865e-02
-4.172260836580872490e-02
-4.869654571890410372e-02
-3.569121891829802468e-02
-1.540634990108995933e-02
-1.106467000602069997e-02
-3.045339256812182316e-02
-6.809789435030630389e-02
-1.197677611145671894e-01
-1.786186414609410300e-01
-2.368648225919348649e-01
-2.841262866907943163e-01
-3.018253197931800025e-01
-2.698428505073035000e-01
-1.753020371404560018e-01
-4.170552705836255702e-02
7.352111687807338924e-02
1.448585475956936652e-01
1.836012289803556352e-01
2.029225271721793455e-01
2.146520802003593076e-01
2.217614692802951371e-01
2.173285418817954562e-01
1.994278951144605461e-01
1.733621240360469495e-01
1.439250841158765948e-01
1.137217949264946737e-01
8.333105528610001977e-02
5.213425460551492086e-02
1.898516885084413491e-02
-1.909066970065807778e-02
-6.648839089764344013e-02
-1.222732666421764980e-01
-1.798077298788711975e-01
-2.362472037617838194e-01
-2.885078837010303099e-01
-3.276273899980469140e-01
-3.466488675408363473e-01
-3.417470665278431463e-01
-3.067363826746720146e-01
-2.440846372174252377e-01
-1.645456657791241339e-01
-6.444291338209867659e-02
6.316191541506935292e-02
2.104092500949311106e-01
3.500863223199157659e-01
4.472625055111124626e-01
4.965763646052366864e-01
5.207522129005007772e-01
5.298606680396624746e-01
5.099386685895775928e-01
4.530890708190642435e-01
3.712363204015106666e-01
2.840774547672448858e-01
2.062151576694668531e-01
1.355929693512955281e-01
6.003677959918864854e-02
-2.186914886502988598e-02
-1.034077171804745482e-01
-1.848000299162474713e-01
-2.710990482316206207e-01
-3.627673820972131535e-01
-4.536659866263205165e-01
-5.336407222401509109e-01
-5.895282937927103228e-01
-6.063992076378983409e-01
-5.637733571434275781e-01
-4.686982332725947997e-01
-3.622867323876216572e-01
-2.562160974252621348e-01
-1.524726446896243204e-01
-6.746288484388932027e-02
-2.198030252411477259e-03
5.173644905832976149e-02
1.185168562747892368e-01
2.015366009889736909e-01
2.672237503624264598e-01
2.869853288523896984e-01
2.466011423182974949e-01
1.636501325267387674e-01
7.304018526820921231e-02
-1.382391984529168089e-02
-8.815326217709837375e-02
-1.256610729112136171e-01
-1.183619665379829766e-01
-6.769896601472485953e-02
3.985179431431404296e-02
2.023115448393672244e-01
3.597428622199697612e-01
4.304776909510431016e-01
3.891646842511187754e-01
2.673719992830099201e-01
1.102766587270147397e-01
-4.180706411320631033e-02
-1.535720601028092158e-01
-2.056887548948945765e-01
-1.967162029758032782e-01
-1.425064967009308514e-01
-7.565303867387142278e-02
-1.661593332157355538e-02
3.202553179917448645e-02
7.511984848196695541e-02
1.212182316180570318e-01
1.619902898583143180e-01
1.754055348248969304e-01
1.646026492847016964e-01
1.398018806784629142e-01
9.244316036339618459e-02
2.207041183465321271e-02
-5.301685339293846222e-02
-1.086088066691006382e-01
-1.360068783786218261e-01
-1.380001169720562748e-01
-1.225812360077515734e-01
-1.097663007549864317e-01
-1.031232333832060866e-01
-8.571927144996273340e-02
-5.910753972494348085e-02
-4.427714695228784914e-02
-4.223886540921457933e-02
-3.271569527940214328e-02
-1.148819574184437725e-02
1.095263562754270753e-02
3.719030328869402796e-02
7.701842349860354986e-02
1.406711925274940767e-01
2.468854535861207122e-01
3.784066116143710024e-01
4.761710055772431227e-01
5.154535952231600326e-01
5.074695148455411475e-01
4.636754965624799718e-01
3.941489544713140947e-01
3.027215499284628408e-01
1.952686413506532215e-01
7.740006119864664691e-02
-6.080156372644400509e-02
-2.287392838250452698e-01
-4.231622960622213325e-01
-6.370557225715960392e-01
-8.584787003702075703e-01
-1.065997026541764203e+00
-1.231080776297106771e+00
-1.322081018462118784e+00
-1.299372859527969215e+00
-1.165236853787809723e+00
-9.690418608317280524e-01
-7.041329771136857207e-01
-3.463768310473641643e-01
5.659919227289188226e-02
4.528037281229565503e-01
8.031384236495194839e-01
1.046244247712803110e+00
1.155620055522888601e+00
1.153976776588152342e+00
1.074782238753169805e+00
9.497592797564563538e-01
8.033539364146340400e-01
6.497471456083199204e-01
4.957067620207344927e-01
3.484490035587909373e-01
2.158792027211637043e-01
9.860172895453328534e-02
-2.320862584401083006e-03
-8.171483017191062681e-02
-1.389470039675948232e-01
-1.761447458519662668e-01
-1.981723897218423402e-01
-2.085291762014027661e-01
-2.076856306609489722e-01
-1.992498305239498724e-01
-1.909843019886351967e-01
-1.828343485808680557e-01
-1.658398177554500363e-01
-1.392103957188400298e-01
-1.060282521266698585e-01
-6.656812348930093992e-02
-2.480920844187568461e-02
1.284398638084436120e-02
4.319907176842406604e-02
6.640648241624268200e-02
8.243949569309751146e-02
9.164861892335716964e-02
8.824144010885287548e-02
6.100821776131992030e-02
8.664912306725572333e-03
-6.326864318887941152e-02
-1.495391479196139795e-01
-2.430342889566858289e-01
-3.377502758396077609e-01
-4.275625903039019793e-01
-4.994022276435378105e-01
-5.348182258862370642e-01
-5.159121630299554617e-01
-4.201054837680892051e-01
-2.208451445313311390e-01
5.607650412537426576e-02
3.110725008242118950e-01
4.680539583878052801e-01
5.254327905468927362e-01
5.098187852497115813e-01
4.455114000843171662e-01
3.529276541613575180e-01
2.480117945899472376e-01
1.432118070769427820e-01
5.428877769495339678e-02
-6.885805154128142591e-04
-8.295263360080750575e-03
1.782467349696992970e-02
3.512919796771715730e-02
1.906709747295694951e-02
-2.503741961704441382e-02
-8.460575333915394680e-02
-1.502277563127816795e-01
-2.154314980653366240e-01
-2.739570568177033816e-01
-3.187174012512360988e-01
-3.383368841541519179e-01
-3.175047242988907614e-01
-2.364831238543564085e-01
-7.205988893996301270e-02
1.389862791581576995e-01
2.997222467709234062e-01
3.709985805685049876e-01
3.720778910083809565e-01
3.241167556784573245e-01
2.473477575783592508e-01
1.597557267959635041e-01
8.035489837029680116e-02
2.724014534015791258e-02
1.323985462987113670e-02
4.895237564800730690e-02
1.191089664311973662e-01
1.727250732251613685e-01
1.755022740325038189e-01
1.294702292488752182e-01
4.829196227602181729e-02
-5.237592853659661651e-02
-1.547360020860428231e-01
-2.434445194705734949e-01
-3.090771797773566032e-01
-3.409784855335544762e-01
-3.231861574390798575e-01
-2.414204424147916028e-01
-1.125654530059514574e-01
3.444719506300243650e-03
5.697629269264405105e-02
4.189764214579443785e-02
-2.831676460927311928e-02
-1.355542093145736260e-01
-2.541217498841923939e-01
-3.551053062249938108e-01
-4.142964301625936541e-01
-4.103394033179011968e-01
-3.210449023111195954e-01
-1.303473810810688027e-01
1.280045602140183758e-01
3.604048154647744306e-01
5.018249290746430447e-01
5.549990857164844860e-01
5.415593368849428435e-01
4.810969539643254467e-01
3.929011603530803143e-01
2.916203047361674572e-01
1.874300662976087217e-01
8.496964435557037565e-02
-1.445603327241661885e-02
-1.079040700599399882e-01
-1.869686716448201447e-01
-2.401237526351018003e-01
-2.622202515381222843e-01
-2.543116209519821758e-01
-2.196143530018521139e-01
-1.588750547845857730e-01
-6.773913390747129948e-02
3.883489887294756804e-02
1.249911778599516882e-01
1.741356150327487973e-01
1.892392003071350082e-01
1.716399880659549848e-01
1.293993156874604922e-01
7.791191158859493704e-02
2.629003327653346364e-02
-2.020998914135543889e-02
-5.841701314638565040e-02
-8.966419931769892271e-02
-1.158151545626306400e-01
-1.363398061872556355e-01
-1.495312693297328188e-01
-1.542312509077115312e-01
-1.502387244832691648e-01
-1.365370832022274605e-01
-1.076360072608862350e-01
-5.839780380607185323e-02
1.208114792098308535e-02
9.216916962282291348e-02
1.587049991316260844e-01
2.006390527889878039e-01
2.204355780658451558e-01
2.220543188446001126e-01
2.106519710026178438e-01
1.920438465864644784e-01
1.693590556144438930e-01
1.421615514407028047e-01
1.138339208231037986e-01
9.128156162560734088e-02
7.515517587342919470e-02
6.008845427598910605e-02
3.768696876402549689e-02
2.791897514629868016e-03
-4.359765397830063505e-02
-9.976439095335951079e-02
-1.653981452836998656e-01
-2.387721427209689995e-01
-3.108349674584555133e-01
-3.696994061369470175e-01
-4.042366330866965507e-01
-3.985486044592855825e-01
-3.302749959197459617e-01
-2.227980524013875308e-01
-1.494073455800280781e-01
-1.345517322861281562e-01
-1.510256349020093203e-01
-1.804592958371684652e-01
-2.124036659008874117e-01
-2.276155025513998120e-01
-2.011438626096986315e-01
-1.108208375139165119e-01
3.072168348695996504e-02
1.765180197726415878e-01
3.091538262042009544e-01
4.247360813458076478e-01
4.989312191050546685e-01
5.174561098588468244e-01
4.822019559795819310e-01
4.099985790872231473e-01
3.239919179729736087e-01
2.352086250913532628e-01
1.473982209871580740e-01
6.364052485627615108e-02
-1.308133859622728074e-02
-7.727632067592962728e-02
-1.201253395765294191e-01
-1.418378524128021123e-01
-1.549098080477901984e-01
-1.665670100113801344e-01
-1.752432875825208347e-01
-1.739711599866441694e-01
-1.527088820610635056e-01
-1.037329001580915289e-01
-2.124315659494004083e-02
8.775054860754294417e-02
1.885128718646282842e-01
2.490749688341827306e-01
2.708799894550898424e-01
2.674018459784764934e-01
2.487093580949732430e-01
2.202157990319422998e-01
1.823673332009291825e-01
1.345113843303365475e-01
7.610601749761468360e-02
1.100380744714094666e-02
-5.561844624879915683e-02
-1.238301912877969035e-01
-1.939105096691612629e-01
-2.598689240574068027e-01
-3.140670348025339509e-01
-3.634340966348834079e-01
-4.249845017947332937e-01
-4.959526182015617790e-01
-5.531668766978139473e-01
-5.700369969485082899e-01
-5.197722304114035241e-01
-4.010432603342953817e-01
-2.363686272492488416e-01
-2.315174448624380057e-02
2.115438588379146001e-01
3.878266843296044319e-01
4.765317750342469294e-01
4.960608839739981679e-01
4.624680859713771186e-01
3.942255977258750099e-01
3.104792206689768186e-01
2.264054011768098229e-01
1.516172776827872937e-01
9.096029354673453027e-02
4.741586664188839062e-02
2.041564376046378984e-02
7.722900806452437372e-03
7.380809270554584273e-03
1.562931118825754140e-02
3.076163163375214213e-02
5.061115343661751198e-02
6.869884746512280871e-02
8.073320908904421667e-02
8.761538331817013414e-02
8.829120687934764733e-02
8.015909430634560184e-02
6.387594870400792324e-02
4.266283661167384611e-02
2.174463918604241375e-02
5.715056557536339621e-03
-3.507053528738056369e-03
-8.096083907624177650e-03
-1.426685143589487975e-02
-3.117418967073976727e-02
-5.807289736540175579e-02
-8.146387979524931378e-02
-9.606805902052348300e-02
-1.013239864987112715e-01
-1.001687435648404567e-01
-1.061674342362490392e-01
-1.297438832404183562e-01
-1.764131994151171834e-01
-2.422006375048194327e-01
-3.114868125935071896e-01
-3.722164535995892143e-01
-4.123787484537549952e-01
-4.117544335059580840e-01
-3.728387984821462386e-01
-3.271730811287424379e-01
-2.753942419072381576e-01
-1.808879389453907915e-01
-8.714024770020041555e-03
2.141646705160576702e-01
4.026257555037064950e-01
5.133029819662191517e-01
5.424561902402532665e-01
4.968691730194180201e-01
4.017843715181561581e-01
2.855799518906432244e-01
1.687498590682860455e-01
6.657246959308467382e-02
-2.204245793983072507e-03
-2.112287497145625553e-02
1.995606556868462222e-02
9.472146302678514929e-02
1.444404807980568251e-01
1.492734129711394964e-01
1.226411890592164627e-01
7.179162245944392673e-02
2.357963399993955739e-03
-7.398076351352028679e-02
-1.412983307995341886e-01
-1.851388552918449837e-01
-1.868143721485452380e-01
-1.393381859085114916e-01
-5.864404226896688388e-02
3.145420873780854776e-02
1.008861192150606184e-01
1.298198172417728280e-01
1.232988127932146127e-01
9.606082528997259007e-02
5.763952290409701806e-02
1.368207446770750013e-02
-3.067484590851586590e-02
-6.963772348642643939e-02
-9.331107830999355035e-02
-9.265079237513879074e-02
-6.032865778259328265e-02
-6.768213537720169093e-03
2.594726607248185740e-02
8.900911170107956433e-03
-4.719700637117033026e-02
-1.239014254423888295e-01
-2.079962623450733461e-01
-2.894880663829674794e-01
-3.656378753556684957e-01
-4.294323666421901997e-01
-4.603080521830272276e-01
-4.268950932674729359e-01
-2.964199861694330473e-01
-7.721019897681613564e-02
1.547606191799568154e-01
3.263099287287625772e-01
4.267007895952380503e-01
4.747211514913873276e-01
4.843266462624817859e-01
4.599560928020028916e-01
4.074873706936775197e-01
3.408784507647141804e-01
2.684885751112519037e-01
1.883811451797268721e-01
1.003163605139808373e-01
1.247027314477388432e-02
-6.597127157007433296e-02
-1.307390649504119873e-01
-1.806255227409154507e-01
-2.154550211799522441e-01
-2.341987375090566481e-01
-2.326942421978574482e-01
-2.013322600442277732e-01
-1.270831325912502030e-01
-2.840523020158670225e-02
5.002145385310168002e-02
9.030725599986789975e-02
9.806176600099333895e-02
8.555476381856319534e-02
6.080971453838580898e-02
2.360396902532089017e-02
-2.335314640563193600e-02
-7.423160522867376654e-02
-1.239992470177448541e-01
-1.698967733025581739e-01
-2.076592971096601348e-01
-2.242751300913062018e-01
-2.015499602559521208e-01
-1.470410467403975852e-01
-9.137266781565055174e-02
-4.289378273663411317e-02
1.245501185447924798e-02
7.453387544624293093e-02
1.279936150966293484e-01
1.633618656529401691e-01
1.741399635924897882e-01
1.609870642119400341e-01
1.319139284416095126e-01
9.587213646702247294e-02
6.591129237370146887e-02
5.215616736658764546e-02
5.733432573905855589e-02
7.569494739078438950e-02
9.983998233115340404e-02
1.278545498852635409e-01
1.609505442845460543e-01
1.913438676845201913e-01
1.985172827291989406e-01
1.737249995428798155e-01
1.208004309029848261e-01
4.118132694851026759e-02
-6.103803037824313826e-02
-1.779177320215886982e-01
-2.931718419901092609e-01
-3.863273950892780473e-01
-4.459663645779837760e-01
-4.678351615405187403e-01
-4.516420805813097794e-01
-4.039889271387267500e-01
-3.263059467626157617e-01
-1.984432412021063796e-01
-2.785160075848622241e-02
1.258613531866857871e-01
2.337062869808642640e-01
3.197250085077601445e-01
3.887690534902534800e-01
4.193062433319364457e-01
4.084519532352158810e-01
3.682745628661732162e-01
3.099344354330541007e-01
2.427944763415040008e-01
1.723558350988121934e-01
1.029670945576784541e-01
4.064221422101478576e-02
-8.784898223244481247e-03
-4.229772246305013583e-02
-5.838033626375892932e-02
-6.073355949698693718e-02
-6.323381660479591992e-02
-7.762134460334757513e-02
-1.049882421061365534e-01
-1.407878401296478454e-01
-1.783403026754796228e-01
-2.138334087094377056e-01
-2.498166882512874998e-01
-2.891227727285350380e-01
-3.263826775001269498e-01
-3.491280769341169599e-01
-3.436590621548151758e-01
-2.980585640129195801e-01
-2.064200658174427105e-01
-6.600546931126213823e-02
9.500549758470913653e-02
2.183470164186661067e-01
2.835253004467263582e-01
3.047839490228001491e-01
2.987345692011713627e-01
2.818689687838112357e-01
2.634465814692250607e-01
2.469095387891692694e-01
2.273734762764179629e-01
1.946301497964982863e-01
1.479003782267387934e-01
9.111515433692821131e-02
2.924165117786956328e-02
-2.639634761047754408e-02
-6.676026703430204545e-02
-9.025250307302312702e-02
-9.830114990852661938e-02
-9.042328518576209229e-02
-6.815930240813783403e-02
-3.956290287429595903e-02
-1.241500915043180185e-02
1.148196415463472939e-02
2.920800115954189091e-02
3.429614451789676777e-02
2.348700319127737177e-02
-3.133410462604156472e-03
-4.072725112477668108e-02
-8.081323195395979930e-02
-1.164544325326157537e-01
-1.429890301729449809e-01
-1.589622715801103370e-01
-1.655739415355715616e-01
-1.629823647821325161e-01
-1.487855661947848074e-01
-1.206403494246385266e-01
-7.479184105304576002e-02
-1.603222864894200683e-02
4.204038157310781981e-02
9.901490853611148724e-02
1.633629978575201480e-01
2.285581242415919700e-01
2.754956498376709417e-01
3.006999446654547992e-01
3.148361539367322548e-01
3.279998240005748689e-01
3.394624774936358946e-01
3.345254624332813509e-01
3.055619862032336043e-01
2.522394684610712590e-01
1.723323979819727514e-01
6.759589936555406020e-02
-5.640573744031027181e-02
-1.990539412051988144e-01
-3.600697600134519782e-01
-5.296778955967434976e-01
-6.944992277863646368e-01
-8.394957506859747065e-01
-9.342049973946252583e-01
-9.342514475787055961e-01
-8.031573969094317755e-01
-5.690840404952574039e-01
-3.124296125311352701e-01
-7.883347134158517899e-02
1.213112300664651727e-01
2.791484996076111780e-01
3.682756117959322117e-01
3.824283279409147474e-01
3.639411377160794991e-01
3.627543493778097594e-01
4.117562741018360728e-01
4.835512373657502305e-01
5.140327626473599754e-01
4.948999826789274858e-01
4.586221191249232332e-01
4.161058886143666480e-01
3.506564609295726997e-01
2.583058067593309581e-01
1.630268302224715526e-01
8.689718001976455553e-02
3.864462282236875296e-02
1.106267202266358191e-02
-9.859128780414082305e-03
-2.658401767146098549e-02
-3.670996814363611943e-02
-4.195419530017632792e-02
-4.986913055310799453e-02
-6.613408032621308219e-02
-8.582471170983702047e-02
-1.025323999488002569e-01
-1.117180943637196833e-01
-1.116673312782052035e-01
-1.085376289632263985e-01
-1.087174654458683276e-01
-1.086708099827799479e-01
-1.120839269167801383e-01
-1.335419303090490672e-01
-1.717170444851268407e-01
-2.163642241197452076e-01
-2.595956023241580701e-01
-2.906335640356127459e-01
-3.023408498236059283e-01
-2.904928117332379878e-01
-2.457779662044044799e-01
-1.576525271556422358e-01
-1.544748001859367129e-02
1.516822654560426031e-01
2.718928690474077259e-01
3.191403458332709442e-01
3.142570861469451415e-01
2.762913033401560581e-01
2.193319501364798807e-01
1.591456330016467746e-01
1.137914170985410700e-01
1.001011787560691368e-01
1.133808989000637257e-01
1.195747926796430910e-01
9.808400532006428252e-02
5.426191798493382179e-02
-5.963068870890592468e-03
-8.253538552088107716e-02
-1.720078345838869094e-01
-2.625815144532279155e-01
-3.379593444831255344e-01
-3.828579695031396612e-01
-3.862726059459405947e-01
-3.368620127537473308e-01
-2.409368386412376606e-01
-1.259864434908160025e-01
5.610794736267089508e-03
1.389511818575363822e-01
2.201071651435865806e-01
2.346081138564487245e-01
2.026207107855443612e-01
1.482403017868627049e-01
1.064330725304323128e-01
1.025561446018123102e-01
1.328656167685407508e-01
1.726857409544035327e-01
1.992178790013267031e-01
1.974994009166632647e-01
1.665404053740651424e-01
1.175830925104913577e-01
6.395361352307442349e-02
1.494061706181424101e-02
-2.566417219400422833e-02
-5.536663925675570919e-02
-7.388754352576726303e-02
-8.330215979387015079e-02
-8.613271796535987290e-02
-8.295611383545488382e-02
-7.389114052564263457e-02
-5.872732378171077738e-02
-3.654436158655693934e-02
-9.381326376463501593e-03
1.405679820176181094e-02
2.343073731250968836e-02
1.733615559128935321e-02
-2.080562177989020434e-05
-2.117635145766817717e-02
-3.630651544932962660e-02
-4.278321126423711984e-02
-4.341769566820575382e-02
-3.835912500225789612e-02
-2.531175861879003675e-02
-2.235033914824815712e-03
2.334005950828519846e-02
3.335365568033041989e-02
2.012459739869184097e-02
-9.597372675776278533e-03
-4.867222097910678391e-02
-9.321286497643153923e-02
-1.399654192236797767e-01
-1.842179959583484794e-01
-2.180001641229808718e-01
-2.306321048532646023e-01
-2.119228486529146638e-01
-1.536321294290701467e-01
-4.892884956351972042e-02
7.984290064893688477e-02
1.826700532140547173e-01
2.396552139751472188e-01
2.616970727160619625e-01
2.574661887174964359e-01
2.314030498697342286e-01
1.897612368365848012e-01
1.395123162586492382e-01
9.047005324850920793e-02
5.473240244890089506e-02
3.845088192614912193e-02
4.074935306566096482e-02
5.560826536639467549e-02
7.986531738357423305e-02
1.155681517367500577e-01
1.640194647621725510e-01
2.157744349150504393e-01
2.534640710864715651e-01
2.690867539982192413e-01
2.620280140080288866e-01
2.348712730642635027e-01
1.924473095547053203e-01
1.364051110487428109e-01
6.684822289776226611e-02
-1.539726111696772953e-02
-1.077190785548721580e-01
-2.059476187066229813e-01
-3.037045261131427476e-01
-3.892017107517823371e-01
-4.565652910482678184e-01
-5.075969695872207810e-01
-5.302999637643550646e-01
-4.972811500535824214e-01
-3.754024663344228130e-01
-1.805443382572053390e-01
-2.687074327035071653e-02
-1.842043712168645042e-02
-1.480150755792981054e-01
-3.579506995461868013e-01
-5.954303713768094308e-01
-8.024976452854352127e-01
-9.158337731031055418e-01
-8.736291024724404108e-01
-6.500112449870398823e-01
-2.805806434163155560e-01
1.674684124765429827e-01
6.077970000341692547e-01
9.369243604501088507e-01
1.087516556908364462e+00
1.078636634003349082e+00
9.780301957451209560e-01
8.502924681673987850e-01
7.134710817335533362e-01
5.442838328394961067e-01
3.520404739977085473e-01
1.702107263477962984e-01
2.510178088795624041e-02
-5.489145853692128235e-02
-4.355245931209652394e-02
3.216745752356343913e-02
8.921336559661048604e-02
8.441056419325987381e-02
2.679507349264829280e-02
-6.906256469165401868e-02
-1.893300350460897508e-01
-3.162799491104277272e-01
-4.254076869133864292e-01
-4.924623042249837712e-01
-4.990450336937571896e-01
-4.307201636662220112e-01
-2.754708694369416566e-01
-7.027837674270344392e-02
9.980651784884617128e-02
1.995538855234453568e-01
2.450313039003993998e-01
2.518648607744334300e-01
2.335564387691323462e-01
2.043882347644861153e-01
1.757632856823474199e-01
1.506802649908549341e-01
1.278435280420104625e-01
1.049573793051656462e-01
7.756002670965650436e-02
4.573888161809092079e-02
1.711439362346508022e-02
-4.059268384688431708e-03
-2.013398992781195024e-02
-3.393898166281897333e-02
-4.629082486950807096e-02
-5.759508713459268042e-02
-6.714953186117066097e-02
-7.587592126045292207e-02
-8.903345123426548158e-02
-1.106704454382197028e-01
-1.401144452111881544e-01
-1.755442503074825245e-01
-2.125863924685878759e-01
-2.404900021306085600e-01
-2.586802204111933179e-01
-2.772804822522083601e-01
-2.972156612251191099e-01
-3.124510923116213257e-01
-3.150659393345201509e-01
-2.945660247912571528e-01
-2.412040822451039790e-01
-1.457922872664948188e-01
6.437294656499752653e-03
1.901011256089286117e-01
3.311666116315331032e-01
3.985875641305063333e-01
4.096537159691926444e-01
3.821342700878179732e-01
3.300527718578326608e-01
2.644351907759695530e-01
1.946956429286464951e-01
1.287229909675094985e-01
7.279610031916797230e-02
2.955968028216645477e-02
-4.361490185271011191e-04
-1.269505842544686736e-02
-8.598196607727572049e-03
-1.316479220673214684e-03
3.953156155527885046e-03
9.622498957259414260e-03
1.440588788038146134e-02
1.709222280563633262e-02
1.695874241723135251e-02
1.280526917242237432e-02
6.694809342397809240e-03
3.044209087181011519e-03
2.354013666239836156e-03
2.656569965593668509e-03
5.642844349053252606e-04
-8.718302533420367595e-03
-2.725807736311014473e-02
-5.518248636747983410e-02
-9.026039386045224544e-02
-1.246208569528236831e-01
-1.467061801247851738e-01
-1.495723397885843908e-01
-1.337355665178225350e-01
-1.020469578330433780e-01
-5.239068638568166597e-02
7.304516842304370830e-03
5.231009743858953953e-02
7.812734713430100064e-02
9.443847939263073921e-02
9.901886372316277829e-02
9.122482955134755822e-02
7.685359885278192360e-02
6.145658643719317804e-02
4.771484924851992354e-02
3.465339060781242458e-02
1.861517421678587567e-02
-3.935140991912310267e-03
-3.646572915272449505e-02
-8.126542344830645082e-02
-1.340912805549608622e-01
-1.857096966639868452e-01
-2.274240618455781737e-01
-2.511782847819106212e-01
-2.480830356912303858e-01
-2.111531614154907865e-01
-1.451545168862557467e-01
-6.158406466893738551e-02
4.096133640230678608e-02
1.736002147608324275e-01
3.128018628169413340e-01
4.023025490638478252e-01
4.233334099355555158e-01
3.918494341358528255e-01
3.218414098861112072e-01
2.266622318575190753e-01
1.180374554168790724e-01
4.165911047237838213e-03
-1.034629358169348867e-01
-1.894534552541058126e-01
-2.458770080270022418e-01
-2.702520104018953928e-01
-2.635111885951489930e-01
-2.294831456745467790e-01
-1.678200808543982570e-01
-8.330861382421307637e-02
4.072689873757237566e-03
7.339621632810319762e-02
1.179243971231279942e-01
1.386977506788464598e-01
1.358190111500191810e-01
1.114575153560668358e-01
7.486293372318605921e-02
3.863419090570576614e-02
7.371468758164944832e-03
-2.332448410225607463e-02
-5.560908328378324356e-02
-8.581135403871538447e-02
-1.071919565618467823e-01
-1.180931343317144500e-01
-1.251775872303669546e-01
-1.289735102101878250e-01
-1.220967895735033809e-01
-9.890801567616085144e-02
-5.524467095487489710e-02
3.333770925703864480e-03
6.075416747218437968e-02
1.058998706306012449e-01
1.360250464343482901e-01
1.558295510855885746e-01
1.720314479946186137e-01
1.807440631073627402e-01
1.711657087731980331e-01
1.420244104772914462e-01
1.009955558751162719e-01
5.377941662114236326e-02
3.243244967940741175e-03
-4.686738185523042083e-02
-8.723548350572751797e-02
-1.117161408787354371e-01
-1.266629242879551975e-01
-1.354534154729975237e-01
-1.321698419031562266e-01
-1.156669731834995968e-01
-9.397381421050993167e-02
-7.307449986664477093e-02
-5.286544450491532238e-02
-3.446908470828466409e-02
-2.176012415654849860e-02
-1.586233291197640394e-02
-1.443716954476412934e-02
