-4.219495058059692383e-01
-5.069697499275207520e-01
-3.646019697189331055e-01
-3.223947882652282715e-01
-2.849812507629394531e-01
3.608225882053375244e-01
-3.003737330436706543e-01
-2.708566784858703613e-01
-1.662637591361999512e-01
-3.587400317192077637e-01
-3.127757906913757324e-01
-3.348633646965026855e-01
-1.400561630725860596e-01
-3.042913079261779785e-01
-2.968189120292663574e-01
-2.091655135154724121e-01
-3.741387128829956055e-01
-2.350795269012451172e-01
-3.309312462806701660e-01
-3.586481213569641113e-01
-2.933300733566284180e-01
-3.161416053771972656e-01
-4.420136213302612305e-01
-2.570760250091552734e-01
-3.280969262123107910e-01
-2.122859358787536621e-01
-3.688595294952392578e-01
5.549427270889282227e-01
-2.753728032112121582e-01
-1.844655275344848633e-01
-3.215673565864562988e-01
-2.522214651107788086e-01
-3.619234561920166016e-01
-2.323424220085144043e-01
-2.174541354179382324e-01
-2.746471762657165527e-01
-2.820292115211486816e-01
-1.602458357810974121e-01
-3.155472874641418457e-01
-2.885301709175109863e-01
-3.438318967819213867e-01
-3.030804395675659180e-01
-3.541260361671447754e-01
-1.958158016204833984e-01
-3.579062223434448242e-01
-2.350895404815673828e-01
-3.758900761604309082e-01
-2.617105245590209961e-01
-2.607077360153198242e-01
-1.145629286766052246e-01
-3.118115663528442383e-01
-2.893697619438171387e-01
-2.243965864181518555e-01
-2.312217950820922852e-01
-3.814684748649597168e-01
-3.052810430526733398e-01
-2.866263389587402344e-01
-2.564020156860351562e-01
-4.206449389457702637e-01
-2.717078328132629395e-01
-2.873062491416931152e-01
-2.113478779792785645e-01
-1.551979184150695801e-01
-3.593338727951049805e-01
-2.675898075103759766e-01
-3.115946650505065918e-01
-2.125036716461181641e-01
-4.501309990882873535e-01
-2.195867896080017090e-01
-2.676429152488708496e-01
-1.978150606155395508e-01
-3.571277260780334473e-01
-3.718899488449096680e-01
-2.605490088462829590e-01
-2.347562909126281738e-01
-2.671444416046142578e-01
-1.895352005958557129e-01
-3.111793398857116699e-01
-3.154310584068298340e-01
-1.757614016532897949e-01
-1.959736347198486328e-01
-2.726793885231018066e-01
-3.119426965713500977e-01
-3.032169342041015625e-01
-2.946864962577819824e-01
-2.764865159988403320e-01
-2.849323153495788574e-01
-2.135141491889953613e-01
-3.083945512771606445e-01
3.375696837902069092e-01
-3.258982300758361816e-01
-3.333861827850341797e-01
-2.678196430206298828e-01
-2.660614848136901855e-01
-2.285010814666748047e-01
-3.342126011848449707e-01
-3.064731955528259277e-01
-3.234766125679016113e-01
-3.402045369148254395e-01
-4.563874006271362305e-01
-3.110045194625854492e-01
-2.911788225173950195e-01
-2.695912718772888184e-01
-3.478450775146484375e-01
-3.745069503784179688e-01
-3.122972846031188965e-01
-3.364556431770324707e-01
-2.687950730323791504e-01
-3.622209429740905762e-01
-3.526499867439270020e-01
-3.288184404373168945e-01
-3.657898306846618652e-01
-3.214665055274963379e-01
-3.152740597724914551e-01
-2.723571658134460449e-01
-2.959327697753906250e-01
-2.956016659736633301e-01
-2.679886817932128906e-01
-2.840012907981872559e-01
-3.942933082580566406e-01
-2.831618189811706543e-01
-3.475942015647888184e-01
6.685703992843627930e-03
-2.625483870506286621e-01
-3.111402392387390137e-01
-3.217661380767822266e-01
-3.343098759651184082e-01
-3.109462857246398926e-01
-3.562259078025817871e-01
-3.067404031753540039e-01
-4.093582034111022949e-01
-3.187376856803894043e-01
-2.826411128044128418e-01
-3.395980596542358398e-01
-3.819945454597473145e-01
-2.724432945251464844e-01
-3.057497143745422363e-01
-2.324628233909606934e-01
-3.465874195098876953e-01
-3.501627445220947266e-01
-3.382738828659057617e-01
-3.250317573547363281e-01
-3.451007604598999023e-01
-2.719033360481262207e-01
-2.293240427970886230e-01
-2.661395668983459473e-01
-5.054320693016052246e-01
-3.003246188163757324e-01
-3.598523139953613281e-01
-2.437723278999328613e-01
-2.026605606079101562e-01
-3.266504406929016113e-01
-3.331654667854309082e-01
-2.863389849662780762e-01
-2.903399467468261719e-01
-3.539777398109436035e-01
-3.305172324180603027e-01
-2.981122136116027832e-01
-3.681682944297790527e-01
-3.906734585762023926e-01
-2.670145034790039062e-01
-2.876822948455810547e-01
-2.188391685485839844e-01
-3.375963568687438965e-01
-3.101351857185363770e-01
-2.637332081794738770e-01
-3.313142061233520508e-01
-3.433930277824401855e-01
-2.900009155273437500e-01
-3.201562762260437012e-01
-2.330907583236694336e-01
-2.389616966247558594e-01
-2.900495529174804688e-01
-2.751208543777465820e-01
-3.385627865791320801e-01
-2.938120961189270020e-01
-3.376209139823913574e-01
-2.632839679718017578e-01
-3.080958724021911621e-01
-2.888510227203369141e-01
-2.636120915412902832e-01
-1.930084824562072754e-01
-3.607879281044006348e-01
-2.836074829101562500e-01
-3.012562394142150879e-01
-2.097678780555725098e-01
-3.906374573707580566e-01
-3.172153830528259277e-01
-3.312987089157104492e-01
-2.830168604850769043e-01
-3.195593953132629395e-01
-3.041468858718872070e-01
-2.815957069396972656e-01
-2.010612487792968750e-01
-2.914862036705017090e-01
-2.994313836097717285e-01
-3.174344897270202637e-01
-2.924927473068237305e-01
-3.336595296859741211e-01
-2.973884940147399902e-01
-2.661195993423461914e-01
-2.767905592918395996e-01
-3.257511854171752930e-01
-3.169307112693786621e-01
-3.106048107147216797e-01
-2.997050285339355469e-01
-3.474143743515014648e-01
-2.784177660942077637e-01
-2.684303522109985352e-01
-2.553194761276245117e-01
-2.623783946037292480e-01
-2.878472208976745605e-01
-2.658565044403076172e-01
-2.814490199089050293e-01
-3.835667371749877930e-01
-2.981138825416564941e-01
-3.306075930595397949e-01
-3.675734996795654297e-01
-3.171238303184509277e-01
-2.534070014953613281e-01
-2.705769538879394531e-01
-3.166244626045227051e-01
-3.448046445846557617e-01
-3.072528839111328125e-01
-3.260694146156311035e-01
-2.049539685249328613e-01
-3.137433528900146484e-01
-3.259273767471313477e-01
-2.881798148155212402e-01
-3.087322711944580078e-01
-3.703799843788146973e-01
-3.109670877456665039e-01
-3.113873004913330078e-01
-2.582264542579650879e-01
-3.465862870216369629e-01
-2.358756065368652344e-01
-2.290198206901550293e-01
-2.774151563644409180e-01
-2.713641524314880371e-01
-2.340359687805175781e-01
-2.701425552368164062e-01
-2.738227844238281250e-01
-2.618048787117004395e-01
-2.822874784469604492e-01
-2.726935744285583496e-01
-2.313755154609680176e-01
-2.638331651687622070e-01
-2.419990301132202148e-01
-2.822108864784240723e-01
-4.520456790924072266e-01
-3.498694896697998047e-01
-3.554593324661254883e-01
-3.600243926048278809e-01
-3.016161322593688965e-01
-2.617320418357849121e-01
-2.713359594345092773e-01
-3.145337700843811035e-01
-2.922390103340148926e-01
-2.816973328590393066e-01
-3.821213245391845703e-01
-2.765501737594604492e-01
-2.848732471466064453e-01
-3.110507726669311523e-01
-3.136695027351379395e-01
-3.330186605453491211e-01
-3.333129882812500000e-01
-3.523380756378173828e-01
-2.677557468414306641e-01
-3.382354378700256348e-01
-2.479057908058166504e-01
-3.142707347869873047e-01
-2.601362466812133789e-01
-3.178775310516357422e-01
-2.891132235527038574e-01
-2.978004813194274902e-01
-3.976465463638305664e-01
-2.960369586944580078e-01
-3.845943808555603027e-01
-3.003391027450561523e-01
-3.592156171798706055e-01
-3.260075449943542480e-01
-2.935664057731628418e-01
-2.910459041595458984e-01
-3.011943101882934570e-01
-2.785560488700866699e-01
-3.285576701164245605e-01
-3.075064420700073242e-01
-3.334879875183105469e-01
-3.014854788780212402e-01
-2.958722710609436035e-01
-2.821252346038818359e-01
-3.323534131050109863e-01
-2.499374151229858398e-01
-2.516449093818664551e-01
-3.492824435234069824e-01
-3.141328692436218262e-01
-3.108504414558410645e-01
-3.087970018386840820e-01
-3.293492197990417480e-01
-3.624736070632934570e-01
-2.784939408302307129e-01
-2.393673658370971680e-01
-2.916306853294372559e-01
-2.802589535713195801e-01
-2.966982722282409668e-01
-2.569705843925476074e-01
-3.415538668632507324e-01
-3.021472096443176270e-01
-2.780966758728027344e-01
-2.647858858108520508e-01
-2.731202840805053711e-01
-3.142488002777099609e-01
-3.113523125648498535e-01
-3.430454134941101074e-01
-3.469362854957580566e-01
-3.056172132492065430e-01
-2.247352600097656250e-01
-2.767389416694641113e-01
-2.469731569290161133e-01
-3.027343153953552246e-01
-2.896495461463928223e-01
-3.131557106971740723e-01
-3.086343407630920410e-01
-2.919998168945312500e-01
-2.807223200798034668e-01
-3.207821846008300781e-01
-3.537087440490722656e-01
-3.234311342239379883e-01
-2.389244437217712402e-01
-2.868096232414245605e-01
-1.921700239181518555e-01
-3.845185041427612305e-01
-3.018310666084289551e-01
-2.437699437141418457e-01
-2.372899651527404785e-01
-2.330920100212097168e-01
-3.009063601493835449e-01
-3.282939791679382324e-01
-2.620587944984436035e-01
-2.156113982200622559e-01
-3.171866536140441895e-01
-3.356462717056274414e-01
-3.001542687416076660e-01
-2.677347064018249512e-01
-3.170239925384521484e-01
-2.803424000740051270e-01
-2.914049625396728516e-01
-2.257971167564392090e-01
-3.174844384193420410e-01
-3.040890097618103027e-01
-2.596893310546875000e-01
-2.894808053970336914e-01
-3.072696924209594727e-01
-3.077090382575988770e-01
-2.526991367340087891e-01
-2.452543377876281738e-01
-3.284314274787902832e-01
-2.970156073570251465e-01
-3.051810860633850098e-01
-2.700972557067871094e-01
-3.363771438598632812e-01
-2.999649047851562500e-01
-3.747466802597045898e-01
-2.576531767845153809e-01
-3.363192677497863770e-01
-3.373078703880310059e-01
-2.790743708610534668e-01
-3.396615386009216309e-01
-2.677903175354003906e-01
-3.943758606910705566e-01
-2.286919355392456055e-01
-2.916613817214965820e-01
-2.383810877799987793e-01
-2.664479613304138184e-01
-2.698183655738830566e-01
-2.769673466682434082e-01
-2.651205062866210938e-01
-2.842134833335876465e-01
-2.426809072494506836e-01
-2.562354803085327148e-01
-2.324728369712829590e-01
-2.509542703628540039e-01
-2.844243645668029785e-01
-3.633303046226501465e-01
-2.531044483184814453e-01
-2.668932676315307617e-01
-2.372741699218750000e-01
-2.462156414985656738e-01
-2.206364274024963379e-01
-3.797479271888732910e-01
-2.538119554519653320e-01
-2.197079658508300781e-01
-2.572491168975830078e-01
-2.887142300605773926e-01
-2.411944270133972168e-01
-2.279842495918273926e-01
-2.922315001487731934e-01
-2.721721529960632324e-01
-2.785831689834594727e-01
-3.185117244720458984e-01
-2.739413380622863770e-01
-3.140569925308227539e-01
-2.896414399147033691e-01
-2.344090938568115234e-01
-2.413169145584106445e-01
-3.171665668487548828e-01
-2.404525279998779297e-01
-2.457327842712402344e-01
-2.995083928108215332e-01
-2.766767740249633789e-01
-2.891741991043090820e-01
-2.996982336044311523e-01
-3.663209676742553711e-01
-2.480830550193786621e-01
-2.970255613327026367e-01
-3.223491907119750977e-01
-2.424481511116027832e-01
-2.731359601020812988e-01
-2.788203954696655273e-01
-2.707147598266601562e-01
-2.934843897819519043e-01
-2.599524259567260742e-01
-2.608011960983276367e-01
-2.874171137809753418e-01
-2.997499704360961914e-01
-3.219438195228576660e-01
-3.570001125335693359e-01
-3.405267596244812012e-01
-2.834227681159973145e-01
-2.790074348449707031e-01
-3.071466088294982910e-01
-3.358927369117736816e-01
-3.363731503486633301e-01
-3.267373442649841309e-01
-3.841247558593750000e-01
-2.677683830261230469e-01
-2.113397121429443359e-01
-2.911259531974792480e-01
-2.437885403633117676e-01
-2.525250315666198730e-01
-2.549960017204284668e-01
-3.023456931114196777e-01
-2.789692878723144531e-01
-3.118369579315185547e-01
-2.756977677345275879e-01
-3.026661276817321777e-01
-2.418406009674072266e-01
-3.102092742919921875e-01
-3.216637969017028809e-01
-2.600575089454650879e-01
-2.661017775535583496e-01
-3.400354385375976562e-01
-3.196343183517456055e-01
-2.849654555320739746e-01
-2.109834551811218262e-01
-3.213804364204406738e-01
-2.962523698806762695e-01
-3.030064105987548828e-01
-2.809889912605285645e-01
-2.730450034141540527e-01
-3.312901258468627930e-01
-3.072159290313720703e-01
-2.282058000564575195e-01
-3.318954110145568848e-01
-2.769628167152404785e-01
-2.739654779434204102e-01
-2.705904841423034668e-01
-2.748844623565673828e-01
-3.163514137268066406e-01
-2.935132384300231934e-01
-2.231429219245910645e-01
-2.514196038246154785e-01
-3.000059723854064941e-01
-2.965990304946899414e-01
-3.268408179283142090e-01
-3.234289884567260742e-01
-4.324411153793334961e-01
-2.846261858940124512e-01
-2.832230925559997559e-01
-3.188355565071105957e-01
-2.677772641181945801e-01
-2.779635190963745117e-01
-2.294107675552368164e-01
-2.431865930557250977e-01
-2.878349423408508301e-01
-2.636393904685974121e-01
-2.697842121124267578e-01
-2.636131048202514648e-01
-2.998871207237243652e-01
-2.849746942520141602e-01
-2.547072172164916992e-01
-2.802034020423889160e-01
-2.485780715942382812e-01
-2.134917974472045898e-01
-2.883486151695251465e-01
-2.741415500640869141e-01
-2.324520349502563477e-01
-2.349051237106323242e-01
-2.492975592613220215e-01
-9.116077423095703125e-02
-3.140774369239807129e-01
-2.660652995109558105e-01
-2.277054190635681152e-01
-2.761664986610412598e-01
-3.163010478019714355e-01
-3.109579086303710938e-01
-2.907532453536987305e-01
-3.017236590385437012e-01
-3.616513609886169434e-01
-3.079065680503845215e-01
-2.568314671516418457e-01
-3.125112652778625488e-01
-2.386725544929504395e-01
-2.591298818588256836e-01
-3.326460719108581543e-01
-2.714173793792724609e-01
-3.704313635826110840e-01
-3.145416378974914551e-01
-2.943348884582519531e-01
-3.158147335052490234e-01
-3.429448008537292480e-01
-2.722929716110229492e-01
-3.204629421234130859e-01
-3.029921650886535645e-01
-2.730256915092468262e-01
-3.573887944221496582e-01
-2.807099223136901855e-01
-2.565799355506896973e-01
-2.878993153572082520e-01
-3.297882676124572754e-01
-3.702762722969055176e-01
-2.965719699859619141e-01
-2.789304852485656738e-01
-3.166055083274841309e-01
-3.276910185813903809e-01
-3.273362517356872559e-01
-3.330295085906982422e-01
-2.806867957115173340e-01
-1.466525197029113770e-01
-2.524871230125427246e-01
-3.047694563865661621e-01
-2.546344399452209473e-01
-3.072190880775451660e-01
-3.624349832534790039e-01
-2.835721373558044434e-01
-3.564379811286926270e-01
-3.120242357254028320e-01
-2.500877380371093750e-01
-2.676008343696594238e-01
-3.202382922172546387e-01
-3.812742233276367188e-01
-2.855145931243896484e-01
-3.101507425308227539e-01
-3.126870393753051758e-01
-2.800754904747009277e-01
-2.232286930084228516e-01
-3.153591752052307129e-01
-2.129800319671630859e-01
-3.199315071105957031e-01
-3.108247518539428711e-01
-3.271362185478210449e-01
-3.076148033142089844e-01
-3.320032358169555664e-01
-2.375645637512207031e-01
-2.379797101020812988e-01
-2.734444737434387207e-01
-2.375099658966064453e-01
-2.944403886795043945e-01
-2.821860313415527344e-01
-2.740969657897949219e-01
-2.478754520416259766e-01
-3.072552680969238281e-01
-2.774474620819091797e-01
-2.386270165443420410e-01
-3.315208554267883301e-01
-2.946938872337341309e-01
-2.937048077583312988e-01
-2.723124027252197266e-01
-3.683999776840209961e-01
-2.350246310234069824e-01
-3.137449622154235840e-01
-3.227268457412719727e-01
-3.603801131248474121e-01
-2.519615888595581055e-01
-2.299864292144775391e-01
-2.462877631187438965e-01
-3.299539089202880859e-01
-2.567822933197021484e-01
-2.733357548713684082e-01
-2.861967086791992188e-01
-2.197496891021728516e-01
-2.620731592178344727e-01
-2.763339281082153320e-01
-3.348001837730407715e-01
-3.441809415817260742e-01
-2.492511868476867676e-01
-3.568659424781799316e-01
-2.919573783874511719e-01
-3.540820479393005371e-01
-2.719309329986572266e-01
-3.433360457420349121e-01
-3.192021250724792480e-01
-2.282262444496154785e-01
-2.372326850891113281e-01
-2.245743870735168457e-01
-2.672871351242065430e-01
-2.045618891716003418e-01
-2.712737917900085449e-01
-2.595852613449096680e-01
-2.422661781311035156e-01
-2.877787351608276367e-01
-2.337851524353027344e-01
-2.401852607727050781e-01
-2.016960978507995605e-01
-2.889468669891357422e-01
-2.605454325675964355e-01
-2.495937943458557129e-01
-3.031193614006042480e-01
-2.730509042739868164e-01
-2.723771929740905762e-01
-3.463515043258666992e-01
-2.223590016365051270e-01
-3.280720114707946777e-01
-2.510007619857788086e-01
-2.502372264862060547e-01
-2.939480543136596680e-01
-3.435662388801574707e-01
-2.833843231201171875e-01
-3.751037120819091797e-01
-2.478517293930053711e-01
-1.920460462570190430e-01
-2.820078730583190918e-01
-2.420504689216613770e-01
-2.684944868087768555e-01
-3.883088231086730957e-01
-2.437472939491271973e-01
-3.309597969055175781e-01
-2.445561289787292480e-01
-3.091699481010437012e-01
-2.953185439109802246e-01
-2.865882515907287598e-01
-2.969330549240112305e-01
-3.020259737968444824e-01
-3.382387161254882812e-01
-2.698162198066711426e-01
-3.972093462944030762e-01
-2.900742888450622559e-01
-2.849169969558715820e-01
-2.617876529693603516e-01
-2.915226221084594727e-01
-3.288235664367675781e-01
-2.416220903396606445e-01
-2.406130433082580566e-01
-2.464454174041748047e-01
-3.145233988761901855e-01
-2.585544586181640625e-01
-2.918202280998229980e-01
-2.356137633323669434e-01
-4.565083980560302734e-01
-3.615244626998901367e-01
-2.742013931274414062e-01
-2.927055954933166504e-01
-2.347579002380371094e-01
-2.486091256141662598e-01
-2.433754801750183105e-01
-2.583234906196594238e-01
-2.848982214927673340e-01
-3.137790560722351074e-01
-2.867886424064636230e-01
-3.100934028625488281e-01
-2.381246089935302734e-01
-2.962657213211059570e-01
-3.212826848030090332e-01
-3.206110596656799316e-01
-3.795349001884460449e-01
-2.908084392547607422e-01
-2.949969172477722168e-01
-2.007210850715637207e-01
-3.020983934402465820e-01
-2.845346331596374512e-01
-3.069974780082702637e-01
-3.821122646331787109e-01
-3.046808838844299316e-01
-2.659310698509216309e-01
-2.779892086982727051e-01
-3.038311004638671875e-01
-3.772063851356506348e-01
-1.968308091163635254e-01
-3.117288351058959961e-01
-2.908440232276916504e-01
-2.787355780601501465e-01
-2.397354841232299805e-01
-2.200956344604492188e-01
-2.524091601371765137e-01
-3.558006882667541504e-01
-3.343563079833984375e-01
-2.107347846031188965e-01
-2.656353712081909180e-01
-2.931669354438781738e-01
-2.536798715591430664e-01
-3.559694886207580566e-01
-2.069781422615051270e-01
-2.438050508499145508e-01
-2.083308100700378418e-01
-2.161081433296203613e-01
-2.321331501007080078e-01
-3.218871951103210449e-01
-2.703432440757751465e-01
-3.230931162834167480e-01
-3.172858357429504395e-01
-2.297053933143615723e-01
-2.654928565025329590e-01
-2.468259930610656738e-01
-3.373333215713500977e-01
-2.123472690582275391e-01
-3.102551698684692383e-01
-2.961776256561279297e-01
-2.603688836097717285e-01
-2.186086773872375488e-01
-3.318724036216735840e-01
-2.418737411499023438e-01
-2.918691039085388184e-01
-2.517420053482055664e-01
-2.821913361549377441e-01
-2.338557243347167969e-01
-2.634930014610290527e-01
-2.972565293312072754e-01
-3.121760487556457520e-01
-2.879934906959533691e-01
-2.843674421310424805e-01
-3.889866471290588379e-01
-2.561392784118652344e-01
-2.816194891929626465e-01
-2.760672569274902344e-01
-2.434476613998413086e-01
-2.660990357398986816e-01
-2.565484642982482910e-01
-3.227280378341674805e-01
-3.188987970352172852e-01
-2.820115685462951660e-01
-3.020755648612976074e-01
-2.146684527397155762e-01
-2.459867000579833984e-01
-3.160227537155151367e-01
-2.613078951835632324e-01
-2.951528429985046387e-01
-2.314311861991882324e-01
-2.420573830604553223e-01
-2.309108376502990723e-01
-5.196359753608703613e-01
-3.248865604400634766e-01
-3.530769944190979004e-01
-2.089928388595581055e-01
-3.183884620666503906e-01
-3.693954944610595703e-01
-3.242104053497314453e-01
-3.060230612754821777e-01
-2.784207463264465332e-01
-3.704657554626464844e-01
-3.303491473197937012e-01
-2.872241735458374023e-01
-3.021723031997680664e-01
-3.258031606674194336e-01
-3.279590606689453125e-01
-2.443928122520446777e-01
-3.125263452529907227e-01
-3.367992043495178223e-01
-3.157647252082824707e-01
-3.304789662361145020e-01
-3.359639048576354980e-01
-3.393977284431457520e-01
-2.857992649078369141e-01
-2.801730632781982422e-01
-3.417491316795349121e-01
-3.215197324752807617e-01
-2.992374300956726074e-01
-2.601214051246643066e-01
-2.485810518264770508e-01
-4.607265591621398926e-01
-3.393198847770690918e-01
-3.425703644752502441e-01
-3.525612950325012207e-01
-4.087654948234558105e-01
-3.700508475303649902e-01
-2.812949419021606445e-01
-3.386620879173278809e-01
-3.610435128211975098e-01
-3.017288446426391602e-01
-3.292747735977172852e-01
-3.039897680282592773e-01
-3.398693203926086426e-01
-4.190844893455505371e-01
-3.307167291641235352e-01
-2.852261662483215332e-01
-2.955752015113830566e-01
-2.739784717559814453e-01
-2.673698663711547852e-01
-2.668101191520690918e-01
-2.611818313598632812e-01
-2.996465563774108887e-01
-2.751080989837646484e-01
-3.110479116439819336e-01
-2.537981271743774414e-01
-2.991873025894165039e-01
-3.095816373825073242e-01
-2.347714304924011230e-01
-2.615039348602294922e-01
-2.100710868835449219e-01
-2.608981728553771973e-01
-1.849191188812255859e-01
-2.431348562240600586e-01
-2.639508247375488281e-01
-2.795318961143493652e-01
-3.249483704566955566e-01
-2.109804153442382812e-01
-2.568337321281433105e-01
-2.945882081985473633e-01
-2.871689200401306152e-01
-2.741510272026062012e-01
-2.400817871093750000e-01
-3.518929481506347656e-01
-2.907339930534362793e-01
-3.194584846496582031e-01
-2.935043573379516602e-01
-2.547826766967773438e-01
-3.054147362709045410e-01
-3.290600776672363281e-01
-3.515810370445251465e-01
-3.391555547714233398e-01
-3.821243643760681152e-01
-2.991687655448913574e-01
-2.890009284019470215e-01
-2.810508012771606445e-01
-2.892181277275085449e-01
-2.906689643859863281e-01
-2.838753461837768555e-01
-3.152642846107482910e-01
-4.081616401672363281e-01
-2.732412815093994141e-01
-3.043210506439208984e-01
-3.160232305526733398e-01
-3.708364963531494141e-01
-3.519924879074096680e-01
-3.511788249015808105e-01
-3.201907277107238770e-01
-3.402544260025024414e-01
-3.250890970230102539e-01
-2.667751312255859375e-01
-2.722012400627136230e-01
-2.497068643569946289e-01
-3.046674728393554688e-01
-3.108671307563781738e-01
-2.594137191772460938e-01
-2.969773411750793457e-01
-3.290092349052429199e-01
-2.511264681816101074e-01
-2.530832290649414062e-01
-3.353233933448791504e-01
-2.849869132041931152e-01
-3.117708563804626465e-01
-2.597447037696838379e-01
-3.230471014976501465e-01
-2.622739076614379883e-01
-2.707127332687377930e-01
-3.294163346290588379e-01
-2.868219614028930664e-01
-3.236963152885437012e-01
-2.642523646354675293e-01
-3.282548785209655762e-01
-3.532879948616027832e-01
-3.553235530853271484e-01
-2.990875840187072754e-01
-3.071476221084594727e-01
-3.689142465591430664e-01
-3.111397624015808105e-01
-3.417122960090637207e-01
-3.044309020042419434e-01
-3.763894438743591309e-01
-2.643924951553344727e-01
-3.339310884475708008e-01
-2.889047265052795410e-01
-2.930992245674133301e-01
-2.489677667617797852e-01
-2.345651388168334961e-01
-2.766241431236267090e-01
-3.768270015716552734e-01
-2.809221148490905762e-01
-2.670589089393615723e-01
-2.580968141555786133e-01
-2.804332375526428223e-01
-2.452271580696105957e-01
-2.363823056221008301e-01
-3.002269864082336426e-01
-4.107529520988464355e-01
-2.726448178291320801e-01
-2.062190771102905273e-01
-3.166831731796264648e-01
-2.503739595413208008e-01
-2.329004406929016113e-01
-2.739562988281250000e-01
-2.507972121238708496e-01
-3.848302960395812988e-01
-3.160469532012939453e-01
-3.378477096557617188e-01
-3.499209284782409668e-01
-3.465967178344726562e-01
-2.425840497016906738e-01
-2.212203145027160645e-01
-2.955418825149536133e-01
-3.376900553703308105e-01
-2.845218181610107422e-01
-3.002468943595886230e-01
-2.902439236640930176e-01
-3.232642412185668945e-01
-3.334407210350036621e-01
-3.499690890312194824e-01
-3.626841902732849121e-01
-3.168815970420837402e-01
-2.259038090705871582e-01
-2.092644572257995605e-01
-2.945863008499145508e-01
-3.549692034721374512e-01
-2.473003268241882324e-01
-3.220002651214599609e-01
-2.560088038444519043e-01
-3.168043494224548340e-01
-3.310963511466979980e-01
-3.529430031776428223e-01
-3.343046307563781738e-01
-4.007301330566406250e-01
-3.302675485610961914e-01
-2.867529392242431641e-01
-3.612596988677978516e-01
-3.226446509361267090e-01
-3.869591355323791504e-01
-3.185627460479736328e-01
-3.848333358764648438e-01
-3.316078186035156250e-01
-2.763191461563110352e-01
-3.005746006965637207e-01
-3.351953625679016113e-01
-3.586536645889282227e-01
-2.903031706809997559e-01
-2.851855754852294922e-01
-3.750900626182556152e-01
-3.154735565185546875e-01
-2.861348390579223633e-01
-2.631517052650451660e-01
-2.772630453109741211e-01
-3.403983116149902344e-01
-3.484083414077758789e-01
-2.516983151435852051e-01
-3.302122950553894043e-01
-2.907688617706298828e-01
-2.435554862022399902e-01
-3.052735924720764160e-01
-3.377183675765991211e-01
-2.967035174369812012e-01
-2.336314916610717773e-01
-2.670280933380126953e-01
-2.870087623596191406e-01
-2.758074998855590820e-01
-2.518568038940429688e-01
-2.455582022666931152e-01
-2.807830572128295898e-01
-3.306578993797302246e-01
-2.864948511123657227e-01
-2.348951101303100586e-01
-3.179708123207092285e-01
-3.227205872535705566e-01
-3.538566231727600098e-01
-3.035367727279663086e-01
-3.272346258163452148e-01
-2.988459467887878418e-01
-2.748402953147888184e-01
-2.584665417671203613e-01
-3.084014058113098145e-01
-3.194392919540405273e-01
-2.850791811943054199e-01
-2.924857139587402344e-01
-3.265125751495361328e-01
-3.516709208488464355e-01
-3.016252517700195312e-01
-3.212649226188659668e-01
-3.376958370208740234e-01
-2.346365451812744141e-01
-2.491270303726196289e-01
-2.743177413940429688e-01
-3.377499580383300781e-01
-3.952496647834777832e-01
-3.282019495964050293e-01
-3.138194084167480469e-01
-3.426765799522399902e-01
-2.261701822280883789e-01
-3.259422779083251953e-01
-3.236746191978454590e-01
-3.468558788299560547e-01
-2.327487468719482422e-01
-2.330644726753234863e-01
-4.148039221763610840e-01
-3.167250752449035645e-01
-2.791616320610046387e-01
-2.819633483886718750e-01
-3.017448782920837402e-01
-3.249223828315734863e-01
-3.232522606849670410e-01
-3.069130182266235352e-01
-3.262202739715576172e-01
-3.062166571617126465e-01
-3.495029211044311523e-01
-3.763316869735717773e-01
-3.672897815704345703e-01
-3.539850115776062012e-01
-3.659130930900573730e-01
-3.145280480384826660e-01
-3.464818000793457031e-01
-3.668379783630371094e-01
-3.001290559768676758e-01
-3.591268658638000488e-01
-3.338664770126342773e-01
-4.250311255455017090e-01
-3.291543126106262207e-01
-3.719573020935058594e-01
-2.253461480140686035e-01
-3.186317086219787598e-01
-2.948472499847412109e-01
-2.584923505783081055e-01
-2.904701232910156250e-01
-3.153715729713439941e-01
-3.275668621063232422e-01
-3.111604452133178711e-01
-3.863368630409240723e-01
-2.925339341163635254e-01
-2.097885608673095703e-01
-2.850925326347351074e-01
-3.382280468940734863e-01
-2.640810608863830566e-01
-3.196027278900146484e-01
-3.025179505348205566e-01
-3.533970713615417480e-01
-3.527923226356506348e-01
-2.747766971588134766e-01
-3.270002007484436035e-01
-3.206718564033508301e-01
-3.119906783103942871e-01
-3.029813170433044434e-01
-2.614769935607910156e-01
-2.817165255546569824e-01
-3.281453251838684082e-01
-3.230902552604675293e-01
-2.991871237754821777e-01
-2.880633473396301270e-01
-3.094284534454345703e-01
-3.183769583702087402e-01
-3.226433992385864258e-01
-3.228021264076232910e-01
-2.586184144020080566e-01
-2.681294083595275879e-01
-2.567359209060668945e-01
-2.787322998046875000e-01
-2.800839543342590332e-01
-3.020138144493103027e-01
-2.688947319984436035e-01
-2.927595973014831543e-01
-2.182616591453552246e-01
-3.022760748863220215e-01
-3.375943303108215332e-01
-3.382440209388732910e-01
-2.348803281784057617e-01
-2.496459484100341797e-01
-3.259077668190002441e-01
-2.563210725784301758e-01
-3.467791080474853516e-01
-3.089600801467895508e-01
-3.118329644203186035e-01
-2.864781022071838379e-01
-2.691923379898071289e-01
-2.710564732551574707e-01
-3.047466874122619629e-01
-2.461311817169189453e-01
-3.457657694816589355e-01
-3.195730447769165039e-01
-2.283176183700561523e-01
-2.569341063499450684e-01
-2.905348539352416992e-01
-2.582705020904541016e-01
-3.520678877830505371e-01
-2.357750535011291504e-01
-2.749552130699157715e-01
-2.093884944915771484e-01
-2.063810229301452637e-01
-3.105956912040710449e-01
-3.407474160194396973e-01
-3.346444368362426758e-01
-3.307302594184875488e-01
-2.254706025123596191e-01
-2.495890855789184570e-01
-3.066118359565734863e-01
-2.911030650138854980e-01
-2.673470377922058105e-01
-2.553825378417968750e-01
-3.601221442222595215e-01
-3.174261450767517090e-01
-2.766028046607971191e-01
-2.522047758102416992e-01
-2.847329974174499512e-01
-3.520857095718383789e-01
-3.024854063987731934e-01
-2.486120462417602539e-01
-2.900329232215881348e-01
-3.231147527694702148e-01
-3.135082721710205078e-01
-3.098422288894653320e-01
-3.300993442535400391e-01
-2.699364423751831055e-01
-2.901994585990905762e-01
-3.107084035873413086e-01
-2.586069107055664062e-01
-2.678677439689636230e-01
-3.614042997360229492e-01
-3.317403793334960938e-01
-3.272216320037841797e-01
-3.722672462463378906e-01
-3.364523649215698242e-01
-2.444847226142883301e-01
-3.324089050292968750e-01
-3.407913446426391602e-01
-2.568559050559997559e-01
-2.736143469810485840e-01
-2.458302378654479980e-01
-3.165435791015625000e-01
-2.453234791755676270e-01
-2.742383480072021484e-01
-2.484362125396728516e-01
-3.098648190498352051e-01
-3.113660216331481934e-01
-3.021612763404846191e-01
-2.539891600608825684e-01
-5.415220260620117188e-01
-3.060003519058227539e-01
-3.457161784172058105e-01
-2.984973788261413574e-01
-2.893815636634826660e-01
-2.621597647666931152e-01
-3.116416335105895996e-01
-2.909876108169555664e-01
-1.916202902793884277e-01
-3.481378555297851562e-01
-2.523006200790405273e-01
-3.595603704452514648e-01
-3.095219731330871582e-01
-3.023217916488647461e-01
-2.430220842361450195e-01
-3.514450192451477051e-01
-2.611617445945739746e-01
-2.667286396026611328e-01
-3.194845914840698242e-01
-2.437737584114074707e-01
-2.748957872390747070e-01
-3.185252547264099121e-01
-2.898787260055541992e-01
-2.415837049484252930e-01
-2.566954493522644043e-01
-2.865048050880432129e-01
-2.256939411163330078e-01
-3.419567942619323730e-01
-1.450053453445434570e-01
-3.015957474708557129e-01
-2.960982918739318848e-01
-2.459541559219360352e-01
-2.233038544654846191e-01
-2.369495630264282227e-01
-2.678343653678894043e-01
-3.102000355720520020e-01
-3.388410210609436035e-01
-3.418372869491577148e-01
-3.296685218811035156e-01
-3.068914413452148438e-01
-2.628805637359619141e-01
-3.375690579414367676e-01
-3.588941693305969238e-01
-2.891256809234619141e-01
-2.677186727523803711e-01
-2.561967372894287109e-01
-2.143029570579528809e-01
-3.230651021003723145e-01
-3.415895700454711914e-01
-3.215975761413574219e-01
-3.132823109626770020e-01
-3.326706886291503906e-01
-2.596876025199890137e-01
-3.132243156433105469e-01
-3.103923201560974121e-01
-3.085339665412902832e-01
-2.602576613426208496e-01
-2.601925730705261230e-01
-2.958309650421142578e-01
-2.979245185852050781e-01
-2.701601386070251465e-01
-2.548721432685852051e-01
-3.155132532119750977e-01
-2.825724482536315918e-01
-3.965849876403808594e-01
-2.563431262969970703e-01
-2.800153493881225586e-01
-2.185185551643371582e-01
-2.414299845695495605e-01
-3.310494422912597656e-01
-3.157227039337158203e-01
-3.013619184494018555e-01
-2.936357855796813965e-01
-2.737826704978942871e-01
-2.730317115783691406e-01
-2.981004118919372559e-01
-3.044766783714294434e-01
-3.338776826858520508e-01
-2.974893450736999512e-01
-3.398093581199645996e-01
-2.783707976341247559e-01
-3.139936327934265137e-01
-2.954980731010437012e-01
-3.124694824218750000e-01
-2.768297195434570312e-01
-2.605214118957519531e-01
-2.770934700965881348e-01
-3.104444146156311035e-01
-3.988143801689147949e-01
-2.910869121551513672e-01
-2.750529050827026367e-01
-2.892649173736572266e-01
-3.008744120597839355e-01
-2.755205035209655762e-01
-2.205577492713928223e-01
-2.712566256523132324e-01
-2.359497547149658203e-01
-2.896283864974975586e-01
-2.780870795249938965e-01
-2.721680402755737305e-01
-3.105499744415283203e-01
-3.080272674560546875e-01
-2.532696127891540527e-01
-2.807425260543823242e-01
-3.269249200820922852e-01
-3.177912831306457520e-01
-2.429935336112976074e-01
-3.223802447319030762e-01
-2.528632879257202148e-01
-2.287887334823608398e-01
-2.556998729705810547e-01
-3.524837493896484375e-01
-3.766283392906188965e-01
-2.511177062988281250e-01
-3.416129350662231445e-01
-3.020131587982177734e-01
-3.263573646545410156e-01
-2.814217805862426758e-01
-3.109861016273498535e-01
-3.109238147735595703e-01
-4.456173181533813477e-01
-3.462170958518981934e-01
-3.089694976806640625e-01
-3.379073739051818848e-01
-3.256985545158386230e-01
-2.830803394317626953e-01
-3.430612087249755859e-01
-2.775027155876159668e-01
-2.892763018608093262e-01
-3.092000484466552734e-01
-3.088610768318176270e-01
-2.610736489295959473e-01
-2.976320981979370117e-01
-2.571923732757568359e-01
-2.775352001190185547e-01
-2.944452166557312012e-01
-2.968890666961669922e-01
-3.270965814590454102e-01
-2.356584668159484863e-01
-2.462418675422668457e-01
-3.179382681846618652e-01
-3.733143210411071777e-01
-3.490793704986572266e-01
-3.486968278884887695e-01
-3.692702651023864746e-01
-3.576257228851318359e-01
-3.010056018829345703e-01
-2.406055927276611328e-01
-3.495610952377319336e-01
-3.846959471702575684e-01
-3.264386653900146484e-01
-2.603497505187988281e-01
-2.980554103851318359e-01
-2.859616875648498535e-01
-2.996926307678222656e-01
-3.077081441879272461e-01
-3.004572391510009766e-01
-2.350909709930419922e-01
-2.486545443534851074e-01
-3.100583553314208984e-01
-2.885297536849975586e-01
-3.029584884643554688e-01
-2.797722220420837402e-01
-2.532947659492492676e-01
-2.748434543609619141e-01
-3.540784716606140137e-01
-2.927080988883972168e-01
-2.394903898239135742e-01
-3.382227420806884766e-01
-2.810221910476684570e-01
-2.869451642036437988e-01
-2.401681542396545410e-01
-2.814198136329650879e-01
-3.656543493270874023e-01
-2.939683794975280762e-01
-2.726110816001892090e-01
-3.009327650070190430e-01
-3.184725642204284668e-01
-2.578966617584228516e-01
-2.824251651763916016e-01
-2.605676651000976562e-01
-4.346752762794494629e-01
-2.990611195564270020e-01
-2.839951515197753906e-01
-2.577145099639892578e-01
-3.040820956230163574e-01
-2.471479773521423340e-01
-2.532727122306823730e-01
-2.502461075782775879e-01
-3.636237978935241699e-01
-2.664136886596679688e-01
-2.360686659812927246e-01
-2.796518206596374512e-01
-2.965457439422607422e-01
-3.607006669044494629e-01
-3.130043745040893555e-01
-3.115311264991760254e-01
-3.776239156723022461e-01
-2.426834702491760254e-01
-2.898800373077392578e-01
-3.450544476509094238e-01
-2.994518876075744629e-01
-3.111296892166137695e-01
-2.958958745002746582e-01
-3.230078220367431641e-01
-3.611716032028198242e-01
-2.837472558021545410e-01
-3.002714514732360840e-01
-3.258410096168518066e-01
-3.036171197891235352e-01
-3.395950198173522949e-01
-3.003286719322204590e-01
-3.139607310295104980e-01
-2.999386191368103027e-01
-3.169404864311218262e-01
-2.339664101600646973e-01
-2.686669230461120605e-01
-3.363685607910156250e-01
-3.208223581314086914e-01
-2.254343032836914062e-01
-2.696606516838073730e-01
-2.544445395469665527e-01
-3.121029138565063477e-01
-2.719572782516479492e-01
-2.661260962486267090e-01
-3.649579286575317383e-01
-2.549567818641662598e-01
-2.452654242515563965e-01
-3.028966784477233887e-01
-2.756498456001281738e-01
-3.475056886672973633e-01
-3.020275831222534180e-01
-3.330002427101135254e-01
-3.060619235038757324e-01
-2.667353749275207520e-01
-2.601695060729980469e-01
-3.277544975280761719e-01
-3.213026523590087891e-01
-3.601180911064147949e-01
-3.101678490638732910e-01
-3.035252094268798828e-01
-2.854560017585754395e-01
-3.136365413665771484e-01
-2.698565721511840820e-01
-3.388026952743530273e-01
-3.358697295188903809e-01
-2.683236598968505859e-01
-3.146514892578125000e-01
-3.121942877769470215e-01
-2.592514753341674805e-01
-3.716707229614257812e-01
-3.184319138526916504e-01
-2.528991103172302246e-01
-3.073247075080871582e-01
-2.900021672248840332e-01
-3.008589744567871094e-01
-2.876372337341308594e-01
-3.073709011077880859e-01
-3.348413705825805664e-01
-2.977480888366699219e-01
-2.678570151329040527e-01
-2.134863734245300293e-01
-2.532766461372375488e-01
-3.211889863014221191e-01
-2.773683667182922363e-01
-2.703917026519775391e-01
-3.317273259162902832e-01
-3.091772198677062988e-01
-2.946783304214477539e-01
-2.630298137664794922e-01
-3.438848853111267090e-01
-3.508008718490600586e-01
-3.277993798255920410e-01
-2.843476533889770508e-01
-3.027423620223999023e-01
-2.291825413703918457e-01
-2.578413486480712891e-01
-2.868444323539733887e-01
-3.841893672943115234e-01
-2.867493629455566406e-01
-2.998425364494323730e-01
-2.617559432983398438e-01
-3.355597853660583496e-01
-2.852773070335388184e-01
-2.615601420402526855e-01
-2.578585743904113770e-01
-2.827973365783691406e-01
-2.119396924972534180e-01
-3.034273386001586914e-01
-2.600612640380859375e-01
-2.846390604972839355e-01
-3.152672648429870605e-01
-3.005784153938293457e-01
-3.072419166564941406e-01
-3.365690708160400391e-01
-3.284203410148620605e-01
-3.479614257812500000e-01
-3.650704026222229004e-01
-3.893083333969116211e-01
-2.906154990196228027e-01
-2.628112435340881348e-01
-2.755791544914245605e-01
-2.073962092399597168e-01
-2.524009943008422852e-01
-2.671446204185485840e-01
-3.456143140792846680e-01
-3.074317574501037598e-01
-3.265040516853332520e-01
-3.074281215667724609e-01
-3.225527405738830566e-01
-2.409262061119079590e-01
-3.224406242370605469e-01
-3.444119095802307129e-01
-3.692254424095153809e-01
-3.338656425476074219e-01
-3.125412464141845703e-01
-3.032727837562561035e-01
-3.227377533912658691e-01
-2.845200300216674805e-01
-2.479720711708068848e-01
-2.219816446304321289e-01
-3.475685119628906250e-01
-2.786155939102172852e-01
-2.539466619491577148e-01
-3.059194087982177734e-01
-2.660585045814514160e-01
-2.841637730598449707e-01
-3.123629689216613770e-01
-2.724237442016601562e-01
-2.926506400108337402e-01
-3.283382058143615723e-01
-3.942527174949645996e-01
-2.574445009231567383e-01
-2.735821008682250977e-01
-3.865232467651367188e-01
-2.653630971908569336e-01
-3.103454113006591797e-01
-2.539868354797363281e-01
-2.845853567123413086e-01
-3.178963661193847656e-01
-2.700010538101196289e-01
-2.228214740753173828e-01
-3.248374462127685547e-01
-2.940406799316406250e-01
-3.410385847091674805e-01
-2.657384276390075684e-01
-3.517389297485351562e-01
-2.866827845573425293e-01
-3.107807040214538574e-01
-2.835167646408081055e-01
-3.128725290298461914e-01
-2.764842510223388672e-01
-2.879295945167541504e-01
-2.715677022933959961e-01
-3.107397556304931641e-01
-2.570708990097045898e-01
-2.235836386680603027e-01
-2.792314291000366211e-01
-2.329022884368896484e-01
-2.970338463783264160e-01
-2.438778281211853027e-01
-4.049341082572937012e-01
-3.312065601348876953e-01
-2.795106172561645508e-01
-2.801197171211242676e-01
-3.147361874580383301e-01
-3.240097165107727051e-01
-3.527150750160217285e-01
-3.003678917884826660e-01
-2.635138630867004395e-01
-3.439544439315795898e-01
-2.963766455650329590e-01
-2.656638622283935547e-01
-3.070373535156250000e-01
-2.736495137214660645e-01
-1.936472058296203613e-01
-2.290711998939514160e-01
-2.082921266555786133e-01
-2.951376438140869141e-01
-2.727288007736206055e-01
-2.509409189224243164e-01
-3.011653423309326172e-01
-3.128684163093566895e-01
-3.236348032951354980e-01
-2.808303833007812500e-01
-2.890213727951049805e-01
-3.178785443305969238e-01
-2.817001342773437500e-01
-3.010422587394714355e-01
-2.957356572151184082e-01
-4.768033623695373535e-01
-2.086411714553833008e-01
-3.036375641822814941e-01
-2.694247961044311523e-01
-4.078336954116821289e-01
-2.559043169021606445e-01
-2.816034555435180664e-01
-3.128044009208679199e-01
-3.437042832374572754e-01
-2.601594328880310059e-01
-2.654681205749511719e-01
-3.127762675285339355e-01
-2.174421548843383789e-01
-2.833659052848815918e-01
-2.712604999542236328e-01
-2.952405214309692383e-01
-2.820591330528259277e-01
-2.467367649078369141e-01
-2.656174302101135254e-01
-2.627151012420654297e-01
-3.111479878425598145e-01
-2.497057914733886719e-01
-3.541345596313476562e-01
-3.447473645210266113e-01
-3.375064134597778320e-01
-3.366068005561828613e-01
-3.396074771881103516e-01
-3.158099651336669922e-01
-3.119985461235046387e-01
-3.123273253440856934e-01
-3.118403553962707520e-01
-5.079033374786376953e-01
-3.251362442970275879e-01
-2.391853332519531250e-01
-2.326831817626953125e-01
-3.263342976570129395e-01
-2.828512191772460938e-01
-3.060659170150756836e-01
-2.668343186378479004e-01
-3.479443788528442383e-01
-2.705116868019104004e-01
-2.916133999824523926e-01
-3.198838829994201660e-01
-2.762042880058288574e-01
-3.269982933998107910e-01
-2.945460677146911621e-01
-2.926339507102966309e-01
-2.532765269279479980e-01
-2.835382223129272461e-01
-2.488099932670593262e-01
-3.504810333251953125e-01
-3.043879270553588867e-01
-3.234848976135253906e-01
-3.318551778793334961e-01
-3.089100718498229980e-01
-3.214411139488220215e-01
-2.993677854537963867e-01
-3.130639195442199707e-01
-2.911424040794372559e-01
-3.494901061058044434e-01
-2.647175192832946777e-01
-3.488085269927978516e-01
-2.296369671821594238e-01
-3.259148597717285156e-01
-3.265055418014526367e-01
-2.975105047225952148e-01
-2.885419130325317383e-01
-2.806392312049865723e-01
-3.792341351509094238e-01
-3.340662121772766113e-01
-3.518264889717102051e-01
-2.816183567047119141e-01
-3.561189770698547363e-01
-3.265838027000427246e-01
-2.593342065811157227e-01
-3.141938447952270508e-01
-3.623769283294677734e-01
-2.554181218147277832e-01
-3.116493225097656250e-01
-2.919393777847290039e-01
-2.961895465850830078e-01
-3.277375102043151855e-01
-2.596647739410400391e-01
-2.879784107208251953e-01
-3.358489274978637695e-01
-3.613151907920837402e-01
-2.707245945930480957e-01
-3.245029449462890625e-01
-3.491999506950378418e-01
-2.771942615509033203e-01
-2.981327772140502930e-01
-2.713816165924072266e-01
-2.716906070709228516e-01
-2.124463319778442383e-01
-2.653742432594299316e-01
-3.168004155158996582e-01
-3.761985898017883301e-01
-3.372983932495117188e-01
-2.818667888641357422e-01
-3.458272218704223633e-01
-2.246589660644531250e-01
-2.546008229255676270e-01
-3.108080029487609863e-01
-2.993355989456176758e-01
-2.446314096450805664e-01
-2.531682848930358887e-01
-2.615199089050292969e-01
-3.001300096511840820e-01
-3.179609179496765137e-01
-3.124939203262329102e-01
-2.595348954200744629e-01
-2.498437762260437012e-01
-2.933094501495361328e-01
-2.466847300529479980e-01
-2.850627899169921875e-01
-2.937674522399902344e-01
-3.995004296302795410e-01
-3.052449226379394531e-01
-3.424252271652221680e-01
-3.242657780647277832e-01
-2.852051258087158203e-01
-2.748638391494750977e-01
-2.435422539710998535e-01
-3.122351765632629395e-01
-3.757570981979370117e-01
-2.795082926750183105e-01
-2.520877718925476074e-01
-2.786584496498107910e-01
-2.798749804496765137e-01
-3.093813657760620117e-01
-3.036930561065673828e-01
-3.161537647247314453e-01
-2.567251324653625488e-01
-3.192863464355468750e-01
-3.444898128509521484e-01
-2.441585063934326172e-01
-3.132662773132324219e-01
-2.988659143447875977e-01
-2.770886421203613281e-01
-2.991867065429687500e-01
-3.711514472961425781e-01
-3.737387657165527344e-01
-3.053260445594787598e-01
-2.519359588623046875e-01
-2.719737887382507324e-01
-2.557046413421630859e-01
-3.895208239555358887e-01
-3.128622770309448242e-01
-3.007248044013977051e-01
-2.891489267349243164e-01
-3.879829645156860352e-01
-2.384878993034362793e-01
-2.838286757469177246e-01
-3.201666474342346191e-01
-3.906735777854919434e-01
-2.728044986724853516e-01
-2.571722865104675293e-01
-2.650260925292968750e-01
-3.320714831352233887e-01
-2.763234972953796387e-01
-3.310862183570861816e-01
-2.681387662887573242e-01
-3.673528432846069336e-01
-3.537694811820983887e-01
-3.099513649940490723e-01
-2.920563817024230957e-01
-2.874389290809631348e-01
-2.470054030418395996e-01
-2.920120954513549805e-01
-2.533624172210693359e-01
-3.559556603431701660e-01
-3.073180317878723145e-01
-3.275720477104187012e-01
-2.912303805351257324e-01
-3.084726929664611816e-01
-2.857577204704284668e-01
-3.625996708869934082e-01
-2.754675149917602539e-01
-3.189459443092346191e-01
-2.678946852684020996e-01
-3.125542402267456055e-01
-2.907835841178894043e-01
-3.686440587043762207e-01
-2.689615488052368164e-01
-3.108249306678771973e-01
-2.295255661010742188e-01
-4.162845611572265625e-01
-2.550175786018371582e-01
-2.805706858634948730e-01
-2.255241870880126953e-01
-3.562089204788208008e-01
-3.373857736587524414e-01
-2.817859649658203125e-01
-3.498958349227905273e-01
-2.774405479431152344e-01
-2.919945120811462402e-01
-3.052050471305847168e-01
-2.620288729667663574e-01
-3.149141073226928711e-01
-3.203702569007873535e-01
-2.907996177673339844e-01
-2.618484497070312500e-01
-2.877339720726013184e-01
-2.606365680694580078e-01
-2.603201866149902344e-01
-2.605051398277282715e-01
-2.856553792953491211e-01
-2.399666309356689453e-01
-2.122799158096313477e-01
-2.556235194206237793e-01
-2.923125028610229492e-01
-2.913638949394226074e-01
-2.589193582534790039e-01
-1.904852390289306641e-01
-3.523363471031188965e-01
-2.386959791183471680e-01
-3.069525361061096191e-01
-2.544074654579162598e-01
-3.017956018447875977e-01
-2.841031551361083984e-01
-2.716135978698730469e-01
-2.984049320220947266e-01
-2.994095683097839355e-01
-3.378227949142456055e-01
-3.475123643875122070e-01
-2.854545116424560547e-01
-2.941710352897644043e-01
-3.262258172035217285e-01
-2.547729015350341797e-01
-3.443805575370788574e-01
-3.658303618431091309e-01
-2.711759805679321289e-01
-2.983121871948242188e-01
-2.330529689788818359e-01
-3.309792280197143555e-01
-3.341130018234252930e-01
-3.376721143722534180e-01
-3.246030211448669434e-01
-3.086692094802856445e-01
-2.982841730117797852e-01
-2.529376745223999023e-01
-3.241395354270935059e-01
-2.498580813407897949e-01
-2.547896504402160645e-01
-3.429255485534667969e-01
-3.175795674324035645e-01
-3.268712162971496582e-01
-3.122584223747253418e-01
-3.110741972923278809e-01
-3.103926777839660645e-01
-2.915053367614746094e-01
-2.413791418075561523e-01
-3.528066873550415039e-01
-2.953770160675048828e-01
-3.941090703010559082e-01
-2.861034274101257324e-01
-4.035670161247253418e-01
-3.260513544082641602e-01
-2.999246120452880859e-01
-2.984621524810791016e-01
-3.568296432495117188e-01
-2.704879045486450195e-01
-2.725719213485717773e-01
-2.276713848114013672e-01
-3.141977787017822266e-01
-2.457587718963623047e-01
-3.581792116165161133e-01
-2.813856601715087891e-01
-3.517871499061584473e-01
-2.901501059532165527e-01
-2.404545545578002930e-01
-3.158722519874572754e-01
