-4.609922024367034410e-02
-4.933886554048515227e-02
-5.844315366496591335e-02
-7.730967193650667424e-02
-1.049703439875286637e-01
-1.333445434146388886e-01
-1.529721984919727995e-01
-1.594868314303327372e-01
-1.479589365219609598e-01
-1.079558245983257003e-01
-3.931875686076027887e-02
3.401987294846540999e-02
8.642462707941245270e-02
1.118596801219192693e-01
1.142249277196756146e-01
9.593265790067129206e-02
5.674904425977643496e-02
-2.011950833217120496e-03
-7.512587164427507458e-02
-1.537091431547434051e-01
-2.267501081693598375e-01
-2.826257549863016028e-01
-3.124848239754304813e-01
-3.274222110272520525e-01
-3.501950929791640688e-01
-3.837035161786200299e-01
-4.091161724812824030e-01
-3.965354483254680540e-01
-3.234462448898123843e-01
-2.004532119076187502e-01
-6.825768910229484954e-02
5.150477480348354675e-02
1.650198541287734855e-01
2.600599581990303832e-01
3.242325392458139111e-01
3.703299714735291959e-01
4.186412001696250273e-01
4.702272159849049116e-01
4.942396866181135162e-01
4.697265553571062235e-01
4.038027482796016088e-01
3.104771168161674089e-01
2.067210005758303160e-01
1.025233478102943879e-01
-3.121885692001179907e-03
-1.088873955002310490e-01
-2.105433945569349929e-01
-2.990124365687260588e-01
-3.569364889250342676e-01
-3.668360879114800355e-01
-3.404561186406709905e-01
-3.200995559325874873e-01
-3.230434320842752727e-01
-3.378124826334242825e-01
-3.512224996209028505e-01
-3.440882582524016353e-01
-2.882694599023369886e-01
-1.432438262643276339e-01
1.005394611194740384e-01
3.571512669891820924e-01
5.162780298360066800e-01
5.546525410367391107e-01
5.076483766345949444e-01
4.075639966673463288e-01
2.795238217881454990e-01
1.510233315511924079e-01
4.148362601874093503e-02
-4.660121955013248746e-02
-1.114062118829774045e-01
-1.349423154014257609e-01
-1.031215301797116790e-01
-4.865772241144665500e-02
-1.701184860895830694e-02
-7.572122076574873753e-03
1.785934954674762293e-03
1.874276786298631134e-02
4.172575732091980683e-02
6.760075682644249573e-02
8.732075506096256823e-02
9.151597677017714316e-02
7.818081077539777712e-02
4.525644522592233571e-02
-4.687972530768592591e-03
-4.801378364778377539e-02
-6.326551359055998525e-02
-5.782219039488328133e-02
-4.624929911068249855e-02
-3.598066236045454475e-02
-2.907834495517811618e-02
-2.319789366717629406e-02
-1.753388426393674704e-02
-1.219230537140099553e-02
-8.431556705436257793e-03
-8.279711977673475526e-03
-1.196926547396567203e-02
-2.082137070263596554e-02
-4.030719106902204418e-02
-7.453566530647434685e-02
-1.206954877919141217e-01
-1.714484331815576135e-01
-2.191664667677610256e-01
-2.588912639613831779e-01
-2.863129290264343485e-01
-2.924042343816642964e-01
-2.638853241519272808e-01
-1.864516415368416002e-01
-4.532365715490541125e-02
1.248514816859981752e-01
2.429461040544476091e-01
2.807770230467429573e-01
2.583535694018384010e-01
1.942360871151189716e-01
1.058946391681545168e-01
8.955823310702965001e-03
-8.114285160510645301e-02
-1.484932415621075807e-01
-1.775751708461564826e-01
-1.542699119922375794e-01
-6.590625282628581605e-02
6.238881031693718077e-02
1.685983675913844126e-01
2.283645530685322611e-01
2.528684326721726272e-01
2.503552944926287771e-01
2.274881755054704580e-01
1.904067864742321481e-01
1.447045254684813098e-01
9.644767073953830483e-02
5.184530964399849950e-02
1.418648017547974143e-02
-1.590708630907825341e-02
-3.783474591343310989e-02
-5.021802982657151693e-02
-5.322175442164283482e-02
-4.997595017903418146e-02
-4.351077471671614683e-02
-3.563231509020287763e-02
-2.850355734876298258e-02
-2.421987347313804204e-02
-2.333353586057965515e-02
-2.523012340130614123e-02
-2.915713696409062000e-02
-3.597473066125449898e-02
-4.478599685790235485e-02
-5.039461784364257513e-02
-5.147002323962871634e-02
-5.057784628364139085e-02
-4.840140177866617682e-02
-4.468058690391005228e-02
-3.957951214314262001e-02
-3.449116338166609286e-02
-3.071738035773808120e-02
-2.846356137473448136e-02
-2.806496989085776814e-02
-2.935055221476400716e-02
-2.919220883624840460e-02
-2.474344166260139186e-02
-1.750486774459333872e-02
-8.560407312978447758e-03
2.803758078920404011e-03
1.583780175224531322e-02
2.958616595025179846e-02
4.393613228183666092e-02
5.782355611179893634e-02
6.883157801268836862e-02
7.402969203345916016e-02
6.982462567149981536e-02
5.657608079267432283e-02
4.250748759740893140e-02
3.467352181080165380e-02
3.243350592705770974e-02
3.294280749525263507e-02
3.487111794753177535e-02
3.686556712790604873e-02
3.707546003555557690e-02
3.418845398193347263e-02
2.705687453160535855e-02
1.442500777346290841e-02
-5.569591121681058930e-03
-3.411445597588640133e-02
-6.901872185874860510e-02
-1.068455473917710868e-01
-1.463517230764929955e-01
-1.873945269390945856e-01
-2.282351180303249516e-01
-2.647616670295644403e-01
-2.900258865900918748e-01
-2.942216396357619779e-01
-2.657829140452473982e-01
-1.924318929008409784e-01
-6.336703003500536446e-02
9.534803673811373392e-02
2.238418297410745827e-01
2.983597268725655116e-01
3.294657278483651419e-01
3.277017259104512692e-01
3.030023795265053832e-01
2.637678981235372921e-01
2.172467307828031546e-01
1.693725822759478694e-01
1.241859090881877736e-01
8.380451577606105873e-02
5.024919720279575480e-02
2.759696431808936895e-02
1.756953578015573239e-02
1.615280454395228230e-02
1.997553194918735495e-02
2.683066714225784688e-02
3.393868833367610915e-02
4.112538907602392158e-02
4.909408857829683503e-02
6.036777218607768114e-02
7.992051636068209231e-02
1.099730222414383729e-01
1.505101586269964875e-01
1.889540186024723234e-01
1.986514228242208246e-01
1.656832955966384691e-01
9.145054922287558508e-02
-1.937840193961575322e-02
-1.587600033098630625e-01
-3.162831924134031358e-01
-4.793967888058791593e-01
-6.326707885043534318e-01
-7.573352802234876169e-01
-8.309023459731238459e-01
-8.279925142560700113e-01
-7.478956558708811375e-01
-6.124340780590944444e-01
-4.155977278362487093e-01
-1.665847152956515254e-01
6.993686529345058411e-02
2.556084898722456589e-01
4.205993665407018467e-01
5.659992043544420648e-01
6.328308391954627909e-01
6.149449665028452472e-01
5.625301579731446511e-01
5.232663930328392832e-01
4.965534368925477171e-01
4.290999172605340362e-01
3.027986248049935880e-01
1.414670016664070773e-01
-3.134658406812639020e-02
-1.943126330833334081e-01
-3.270825425951917054e-01
-4.100412358592552264e-01
-4.239305494888713777e-01
-3.478171620909304429e-01
-1.962104694178652964e-01
-1.995900955203004645e-02
1.397372401966998079e-01
2.500593230142449386e-01
3.017705206484048719e-01
3.088908652007353872e-01
2.839187298020297012e-01
2.398842143375188307e-01
1.876587499942763138e-01
1.336255556928490629e-01
8.090526416109039554e-02
3.106940622875643127e-02
-1.400510375623686618e-02
-5.434318387904899655e-02
-8.840567852608710586e-02
-1.103839829196346795e-01
-1.189518382344311870e-01
-1.175651462717948181e-01
-1.095611423308123500e-01
-9.932561695989922113e-02
-8.958800056412243029e-02
-8.008593853180337452e-02
-7.205016598725912103e-02
-6.805835963331784144e-02
-6.839308048827924535e-02
-7.063913101358915148e-02
-7.071874212504128399e-02
-6.550834969681476605e-02
-5.520436354661730632e-02
-3.892042473515297529e-02
-1.521686253392142731e-02
1.385775726943806394e-02
4.472703328760124775e-02
7.319844335621775167e-02
9.639619594674764258e-02
1.146013757724440030e-01
1.279821729842105515e-01
1.364773424162930848e-01
1.383518192641712552e-01
1.280616203035234157e-01
1.035719763562078094e-01
6.638154781272356808e-02
1.793775423341934655e-02
-3.714570904247078975e-02
-8.963626380477632272e-02
-1.279801632215884499e-01
-1.448080777088774362e-01
-1.394051494773810851e-01
-1.193344961544486466e-01
-9.714654607733078095e-02
-8.536166186346166862e-02
-9.484188168732309021e-02
-1.247110906937717451e-01
-1.653226597620034155e-01
-2.015511833108148687e-01
-2.179047059636194106e-01
-2.074935029616140070e-01
-1.560796695650262245e-01
-3.484609683502138539e-02
1.332887090241282602e-01
2.639561006254146358e-01
3.197628565269480805e-01
3.185575127063389744e-01
2.811632866352848370e-01
2.222124807510632294e-01
1.522962249313160599e-01
8.764380569810092947e-02
2.809070785978494411e-02
-4.524691607741725824e-02
-1.345435484956730154e-01
-2.205854573467246060e-01
-2.764931188578318433e-01
-2.802569204787596080e-01
-2.155929491844727486e-01
-1.076082147870503491e-01
-2.155168929249798651e-02
2.088276330199615588e-02
3.582215588428078190e-02
4.195382305299780179e-02
4.798954260281104722e-02
4.269630949859759550e-02
2.787075293873222948e-02
2.281045581884120349e-02
3.583305094330466872e-02
6.336782481551757329e-02
1.096965534438780199e-01
1.651750373406989381e-01
1.973336776235020962e-01
1.953434669436472926e-01
1.721841001469417154e-01
1.404041616448210295e-01
1.065776134835998423e-01
7.141966579360786715e-02
3.337845313251787405e-02
-5.870842044397301188e-03
-4.300710947425105679e-02
-7.900298575856916361e-02
-1.144804924883364577e-01
-1.521480962896654410e-01
-1.889469384544382735e-01
-2.068638031932869548e-01
-1.959730762712252605e-01
-1.460333065125378194e-01
-6.092080005034860440e-02
1.990656918675850345e-02
7.794243978855104615e-02
1.305412377067828589e-01
1.781209035390577122e-01
1.911001857391496361e-01
1.556732280322731254e-01
8.745049485094628927e-02
9.597603658625383088e-03
-5.666467357059262050e-02
-9.101883579118358325e-02
-7.412704917545739902e-02
-1.758592865167497160e-02
3.546154558839971493e-02
6.921409399825026454e-02
1.033652454296292156e-01
1.377636141227538413e-01
1.416955337991028518e-01
1.036880375133730492e-01
4.128633032441803713e-02
-3.006877374887697435e-02
-1.049444301040155791e-01
-1.805254768368513008e-01
-2.503707685472399969e-01
-3.073129373889606497e-01
-3.468112796877400594e-01
-3.651531568993635624e-01
-3.580582943942530183e-01
-3.194161226644730567e-01
-2.413548841955926172e-01
-1.164556542633230773e-01
3.272200747631136275e-02
1.542270370020595860e-01
2.272851610885661400e-01
2.625022788654416406e-01
2.690619612219231627e-01
2.544840859813443101e-01
2.253853317436098902e-01
1.885031961125110400e-01
1.518394008353942670e-01
1.219218996594313292e-01
1.042373597972708066e-01
1.043053874460265484e-01
1.182676282332327661e-01
1.341723698662969366e-01
1.459043589598885138e-01
1.487025807669187516e-01
1.377831321272694476e-01
1.142959028856079806e-01
8.328337673033288369e-02
5.193737920026279820e-02
2.382215424555152519e-02
-2.638088084256778876e-03
-3.048613189142061752e-02
-6.132962263561022448e-02
-9.401391398799685550e-02
-1.288153016509368254e-01
-1.682919961663555952e-01
-2.109308860423146637e-01
-2.520279186700357665e-01
-2.890198968464292029e-01
-3.178772186393677979e-01
-3.306859858735832769e-01
-3.195416883631524985e-01
-2.775062109632799312e-01
-1.981350354677175185e-01
-7.391603456926301718e-02
7.267297650955382993e-02
1.870929420689948219e-01
2.468959881421913249e-01
2.615440800777465991e-01
2.421877344448598590e-01
2.017912207751228204e-01
1.507809823930386373e-01
9.751413130252573058e-02
4.921913125227189711e-02
1.266496119629133797e-02
-6.986041421156854309e-03
-9.339347830140988516e-03
-1.271641637746369173e-03
5.682157527040943186e-03
7.159105166759317102e-03
6.525166249006216466e-03
4.381411448639543904e-03
-1.846355047173120923e-03
-1.251429625963350854e-02
-2.495333307502809600e-02
-3.674412950180797055e-02
-4.627819128936119103e-02
-4.924925599561665035e-02
-4.088020560927233676e-02
-2.291937334825418227e-02
-2.849888528308459554e-03
1.432874419835922578e-02
2.822572058680833385e-02
3.935141100982447737e-02
4.774604916158659701e-02
5.147042127912491299e-02
4.856607392484278696e-02
4.128664711162007700e-02
3.367211973406745995e-02
2.811048297348926403e-02
2.695479727450154211e-02
3.230084902203012032e-02
4.349367761017430140e-02
5.879262357934684352e-02
7.654046512309888028e-02
9.559760640778489083e-02
1.147533351324597356e-01
1.305704381227025812e-01
1.382673031167686306e-01
1.335419740508770325e-01
1.130231367399283093e-01
7.490986488561120205e-02
1.798148322441391750e-02
-5.399998341123286860e-02
-1.294505431296715248e-01
-2.005922977733356483e-01
-2.661699119309867134e-01
-3.247409853622733600e-01
-3.731740966686270533e-01
-4.069077635058860332e-01
-4.175376002924071073e-01
-3.928400728388387053e-01
-3.214883377406753118e-01
-1.958854938900198295e-01
-1.196808129306044938e-02
1.951047018329786775e-01
3.533859257352633398e-01
4.345079146143797089e-01
4.531149813762854195e-01
4.248406526652729331e-01
3.628586711993953551e-01
2.776864361052130969e-01
1.817051937101645809e-01
8.859337573848663494e-02
1.208307276521206411e-02
-3.566393279139010164e-02
-4.645364340821990512e-02
-3.481826749869313536e-02
-3.772947060200126934e-02
-7.124317709024316492e-02
-1.267185833938488937e-01
-1.944376948553387663e-01
-2.665902543065400421e-01
-3.342031971831574411e-01
-3.847077755560631140e-01
-4.035618635867803117e-01
-3.758380914502817416e-01
-2.869712824703279375e-01
-1.223753379775153194e-01
8.487521628338308421e-02
2.520360932696449341e-01
3.430472007279973812e-01
3.716024771816772709e-01
3.536401995541381127e-01
3.056381676794336921e-01
2.422712269163249665e-01
1.748119200099812476e-01
1.111448693759854722e-01
5.629920257518976345e-02
1.429222557272583939e-02
-1.065358883409406147e-02
-1.882060129821220423e-02
-1.733919883956144825e-02
-1.323401081694390927e-02
-8.214085499522986653e-03
-4.332196890183513671e-04
1.071150717725549706e-02
2.320751529961783549e-02
3.537632254150172711e-02
4.542749462229043328e-02
4.925223682973429995e-02
4.343727756972107223e-02
2.751644653403902130e-02
8.599939092269925228e-03
-1.436365426802175410e-03
-1.465228605872285345e-03
2.213167127569606180e-03
6.480903770471734687e-03
9.619480596656550253e-03
1.044585859180692522e-02
8.701311557117428347e-03
3.874693164468753087e-03
-4.362367851218802717e-03
-1.444499309517535690e-02
-2.357025248065735060e-02
-3.186671520212460557e-02
-4.265650023618977604e-02
-5.734521552900848085e-02
-7.289449310258930281e-02
-1.003273778655337511e-01
-1.596949134418586824e-01
-2.399672188451399124e-01
-3.120553231750033407e-01
-3.578644716431712003e-01
-3.629749109968306020e-01
-3.104611927705631103e-01
-1.823272551199841551e-01
-1.251856563410697412e-02
1.112828711465456422e-01
1.537865974062040952e-01
1.362086971301752492e-01
8.276035580371590705e-02
1.769414335739848826e-02
-3.405721710721458517e-02
-4.756936179717377589e-02
-2.201632979566529175e-02
2.224876446633989452e-02
8.730662787698093008e-02
1.939464128851609570e-01
3.197210035516031001e-01
4.015374255876990595e-01
4.196080329274001208e-01
3.963138789587863364e-01
3.473303759009107039e-01
2.826759620781341131e-01
2.128619037522847812e-01
1.446650773051924854e-01
8.036475009318738705e-02
2.156571521939427277e-02
-2.951316160640797548e-02
-7.115870459440004625e-02
-1.089383697467783962e-01
-1.531131966316840454e-01
-2.067885243617675617e-01
-2.676498901178150369e-01
-3.321129430264228577e-01
-3.943147603192853623e-01
-4.469244708110220454e-01
-4.808297334682185564e-01
-4.845736939265511412e-01
-4.445409633560057916e-01
-3.438931663142223982e-01
-1.626902561511417433e-01
6.668809449556800661e-02
2.567534241094605041e-01
3.694828027976649887e-01
4.195071190906327629e-01
4.233356141393312955e-01
3.954882450853532960e-01
3.468167547901524483e-01
2.872897139682449308e-01
2.245589665875025454e-01
1.629093124230182599e-01
1.049699021335440408e-01
5.074527188774708569e-02
1.466750257512829808e-03
-3.891862160973481866e-02
-7.072515562431164193e-02
-9.592057172866678971e-02
-1.140465709569001840e-01
-1.240979476119842134e-01
-1.253993150550942182e-01
-1.192918676275171175e-01
-1.077712524699274976e-01
-9.221101132704381809e-02
-7.411689723851322409e-02
-5.274938705372718417e-02
-2.693397329985647293e-02
-1.485989229627988559e-04
2.241893433049943832e-02
3.838420846426639221e-02
4.793251115088549563e-02
5.194026581125735231e-02
5.124223827639990542e-02
4.682054117588659720e-02
3.881317258086672967e-02
2.797099588712165935e-02
1.614316681501613837e-02
1.990205275962093553e-03
-1.654259132136807683e-02
-3.818471713481670637e-02
-6.053593685668916258e-02
-8.227641479399526447e-02
-1.029188194910852644e-01
-1.199931243470802739e-01
-1.298187594849889992e-01
-1.310138540298684262e-01
-1.234014572026501250e-01
-1.042575526683284515e-01
-6.736083413978906365e-02
-4.427828073978326909e-03
7.672044145924362957e-02
1.489710347020148373e-01
1.976076054938646076e-01
2.241039359161223210e-01
2.326343757266639556e-01
2.273195850093066295e-01
2.074809051358879330e-01
1.711901390593608685e-01
1.213423768996641366e-01
6.195207503997185450e-02
-7.976716610132153149e-04
-5.457447782313944867e-02
-9.191563970092476998e-02
-1.150440735891063437e-01
-1.269808123641828490e-01
-1.301562352421788138e-01
-1.291480229478710051e-01
-1.272096259681278763e-01
-1.236789123249532885e-01
-1.177367625472246770e-01
-1.100548786410369823e-01
-9.948669509206278794e-02
-7.936345401054881177e-02
-3.969543270745400781e-02
1.170169883082385065e-02
4.925079113200132863e-02
6.283191479101471466e-02
5.978375459353841431e-02
4.649187262655189723e-02
2.341442804842365499e-02
-9.033394318299595160e-03
-4.386093807413930790e-02
-6.965302107018793432e-02
-7.626139902699870243e-02
-5.760911025410433983e-02
-8.476170985492546828e-03
5.683793657426133156e-02
1.038159812046485220e-01
1.191025997707392120e-01
1.090938605262928573e-01
7.961124690392107350e-02
3.837242253451916829e-02
-5.665416366802554851e-03
-4.481013611434475630e-02
-7.431674446751021512e-02
-9.000166303171049098e-02
-8.521102872571206799e-02
-5.307683273514237493e-02
-1.975875741807164507e-03
4.456996167614292459e-02
7.459823061847849213e-02
8.957438163536057818e-02
9.251287832751785289e-02
8.682673788624323263e-02
7.542818619929714252e-02
6.056773222412786817e-02
4.434822002662442558e-02
2.829685134956554798e-02
1.219645625614302481e-02
-5.113462663411388366e-03
-2.115184642657476355e-02
-3.030002013795781574e-02
-3.141707945439511929e-02
-2.673904942138929236e-02
-1.811873913954879789e-02
-8.340202628488281936e-03
-3.397222769132325626e-04
4.552940113689599513e-03
6.314008549170561750e-03
4.313815858917855600e-03
-2.977586360558308418e-03
-1.606607345599978670e-02
-3.037130451115710450e-02
-3.809112579484091876e-02
-3.702420282934525825e-02
-2.993459480387752891e-02
-1.956428305899192421e-02
-7.202871156403166907e-03
6.999660048867806933e-03
2.146015357489348269e-02
3.416959256432461345e-02
4.378297335224375086e-02
4.762106407831930011e-02
4.126114102226725866e-02
2.382128793980904310e-02
3.962073551757507722e-04
-2.600167273320588487e-02
-5.490977554285274287e-02
-8.311765679899098258e-02
-1.058843703821146925e-01
-1.201949792457043531e-01
-1.250303785133803913e-01
-1.184259522680036758e-01
-9.677816220165916250e-02
-5.368754023038632001e-02
1.957832978943451624e-02
1.093480937572114536e-01
1.799216621101730196e-01
2.181139062664940176e-01
2.312937164753506858e-01
2.254318990482722662e-01
2.066594755387974880e-01
1.791421383202807249e-01
1.453635182811939819e-01
1.063456654253730344e-01
6.029714648590554088e-02
5.948461651599750225e-03
-5.551882963521888315e-02
-1.224606423311488390e-01
-1.925691729384747530e-01
-2.621904325576349670e-01
-3.264283215376752034e-01
-3.790981567026741605e-01
-4.131656545385668511e-01
-4.269096835449229244e-01
-4.257734826004310191e-01
-4.068659161745254438e-01
-3.529298971670402629e-01
-2.413345068925102366e-01
-4.973180766845637646e-02
1.867672797249453343e-01
3.755352366832095945e-01
4.789954105092548153e-01
5.158733100926511383e-01
5.034650434374995376e-01
4.564459821567609099e-01
3.883976841515294209e-01
3.113256288286992968e-01
2.333735522136585472e-01
1.587413719663148814e-01
8.885179302748877350e-02
2.372948468252442794e-02
-3.336415224467582930e-02
-7.617076655541171748e-02
-1.034204952175554054e-01
-1.194463056856387706e-01
-1.277553267666786951e-01
-1.298635024137221872e-01
-1.251710293673105046e-01
-1.106473405751512151e-01
-8.577124772997790636e-02
-5.431166220911545772e-02
-2.387602083331794717e-02
-1.188121001751880207e-03
1.491383536837097117e-02
2.804154119918817953e-02
3.803578712931386663e-02
4.358327401066705575e-02
4.558497696540558114e-02
4.665103277774725055e-02
4.888275027414968471e-02
5.214104512347381148e-02
5.369184372114990667e-02
4.998462483611888774e-02
3.675428245976357366e-02
9.651026518496984979e-03
-3.181217324698300264e-02
-8.551634556267453946e-02
-1.499437462052298220e-01
-2.206445728291110964e-01
-2.852359140705854057e-01
-3.287628652435161669e-01
-3.491960733058597777e-01
-3.539778867794340922e-01
-3.414566828202993398e-01
-2.977384423665254687e-01
-2.026699488368273738e-01
-3.765982420015584475e-02
1.625335245404933848e-01
3.156958615947553226e-01
3.918894458720642016e-01
4.103437178545936703e-01
3.874715299226036969e-01
3.369317162978734403e-01
2.710152561470778876e-01
1.995289683347488130e-01
1.300933595800845000e-01
6.864369255673263837e-02
2.019063234486503239e-02
-9.883227715212345582e-03
-2.573777054247229287e-02
-4.062274948196906155e-02
-5.883837660628882249e-02
-7.554982834902629341e-02
-8.733303560917901609e-02
-9.407774542894294101e-02
-9.744554675781540165e-02
-9.822492266240491487e-02
-9.451235561327139822e-02
-8.414313875918147390e-02
-6.624594955583952560e-02
-3.998949841370481872e-02
-7.523864850599797094e-03
2.371713615762727212e-02
4.710508375261152764e-02
6.086567548196456651e-02
6.759060392390639493e-02
7.307317427683741873e-02
8.171606981590262553e-02
9.352954496176589527e-02
1.041362804788790453e-01
1.077424491381486493e-01
1.019953007802019002e-01
8.736662521941339354e-02
6.547680336382759314e-02
3.717643623608329895e-02
9.656742438131690059e-04
-4.238010620780535698e-02
-8.918195836073056215e-02
-1.352169554313894795e-01
-1.759651360417817667e-01
-2.044177611401520878e-01
-2.120167881787018427e-01
-1.953907276259733428e-01
-1.561826736997062037e-01
-9.558408900030759825e-02
-2.498229951324114351e-02
3.095603651104341172e-02
5.991449749508102190e-02
6.458192538901363910e-02
5.026647642025203200e-02
2.500753894433265304e-02
-3.832533034528108618e-03
-3.036473609621204509e-02
-4.850831287138194364e-02
-5.290162878323068779e-02
-3.799747570403843450e-02
1.571847239972084653e-03
5.651323721838730219e-02
1.031986892042898868e-01
1.303142366603589897e-01
1.407002930997706125e-01
1.393999717986564302e-01
1.313277588394951012e-01
1.192297652129654800e-01
1.034344785028168678e-01
8.324309257906609139e-02
5.950439720123671533e-02
3.339587522619640036e-02
5.073815404118917766e-03
-2.392735062222151043e-02
-5.123205418403559142e-02
-7.666181216964150502e-02
-1.003192495307571042e-01
-1.214349569703080806e-01
-1.392578319227760764e-01
-1.517135035340870797e-01
-1.543811189301936837e-01
-1.423390046290062827e-01
-1.129633815952770098e-01
-7.023775933294776341e-02
-2.294876413624696854e-02
2.174173353935806088e-02
5.772226381547496815e-02
8.340239262364315675e-02
1.000670996737490076e-01
1.074238793621612037e-01
1.073769470232119744e-01
1.020353520497692401e-01
9.112236564004244643e-02
7.423737594920608307e-02
5.231209534104318271e-02
2.679829214533559906e-02
-1.564313785294019817e-03
-2.772790453668844482e-02
-4.305302393020871143e-02
-4.533419177140946693e-02
-3.688765897368949387e-02
-2.008663136055035409e-02
1.213662845857660724e-03
2.216358985085487010e-02
3.855018195279510951e-02
4.854267883264993394e-02
5.096293615665464100e-02
4.294869680237512616e-02
2.079861700622060924e-02
-8.441628785735020082e-03
-2.906389975835211442e-02
-3.820566073424503523e-02
-4.114088023000213312e-02
-3.933576323813147563e-02
-3.372171795607330214e-02
-2.616529380686812706e-02
-1.874043540369244032e-02
-1.282288172857194708e-02
-9.287074761865271588e-03
-9.339054717729630348e-03
-1.433815324989354614e-02
-2.293384001187303775e-02
-3.072041991889566323e-02
-3.550467411732517037e-02
-3.785576889690984298e-02
-3.881045499784895048e-02
-3.964268149541491648e-02
-4.073094256346508624e-02
-4.222762271938133860e-02
-4.352558120477674486e-02
-4.137272464912700870e-02
-3.102834934312383858e-02
-7.924886815998084116e-03
2.334746949607348354e-02
5.046737093268956892e-02
7.053262975782714772e-02
8.717711208255347899e-02
1.011896746379027101e-01
1.126207207047315861e-01
1.212017174898931821e-01
1.249214715831920564e-01
1.209056373076247276e-01
1.061399437397864270e-01
7.640134725209614397e-02
2.820472611183461389e-02
-3.038140307052196454e-02
-8.230766085134937071e-02
-1.193280459337529853e-01
-1.419909668732089736e-01
-1.525799444789373016e-01
-1.536168034888713008e-01
-1.471538496739655255e-01
-1.348336065921517113e-01
-1.172363718443032721e-01
-9.295302449486626817e-02
-5.965268516281054673e-02
-1.551065361652909959e-02
3.329290971393304710e-02
7.359244516785158619e-02
1.018564572830031323e-01
1.213112520776237629e-01
1.323445892205693530e-01
1.334979682804537660e-01
1.257907635124198564e-01
1.146438208412600551e-01
1.036829216391986636e-01
9.153166653317389156e-02
7.152933678393834371e-02
3.443340748952247038e-02
-1.541130856968032058e-02
-5.876011785339010918e-02
-8.500014243580825135e-02
-9.479625887953554986e-02
-9.091110492054779724e-02
-7.850370834080573623e-02
-6.283397040637225817e-02
-4.680909121580432292e-02
-3.166617143709402754e-02
-1.911298651282881261e-02
-1.168383026534498652e-02
-9.403383693837669144e-03
-9.908599062573032398e-03
-1.100551225131645924e-02
-1.005523265572924943e-02
-5.515229087317576745e-03
2.397272628825867884e-03
1.250273526986908114e-02
2.306270631239526123e-02
3.307194732750792787e-02
4.181298997699127440e-02
4.743303710284470232e-02
4.803829507010246025e-02
4.449069115390532486e-02
3.907334662297195366e-02
3.105253555741123786e-02
1.694383865684307572e-02
-5.736926568699530007e-03
-3.187481792456013652e-02
-5.030514843771329014e-02
-5.781084646484478673e-02
-5.810227535028977819e-02
-5.379642914223994182e-02
-4.665928795835777576e-02
-3.729889908735131709e-02
-2.595058775587754177e-02
-1.333670521837834917e-02
-1.462601620198353616e-03
7.433112456306111351e-03
1.296520571672966915e-02
1.540689409411634403e-02
1.502140533657996511e-02
1.226691773414163508e-02
7.499890362463798935e-03
1.722595675805443233e-03
-3.041945027951394563e-03
-4.916234881910413849e-03
-2.765210906446335243e-03
2.484390043439164975e-03
8.343124656867827865e-03
1.405770323262499864e-02
1.956315424779320883e-02
2.423614271215326910e-02
2.852063652793251566e-02
3.308377219813810055e-02
3.735013432097036845e-02
3.890442689043578650e-02
3.365576891943642540e-02
1.889577733828482972e-02
-6.221656677095547053e-03
-3.556560541041661055e-02
-5.630231782627018178e-02
-6.275157596631836254e-02
-5.681693610841009878e-02
-4.204138526987469260e-02
-2.271224175494494790e-02
-1.942383429121362359e-03
1.844467488974845665e-02
3.627093554514829871e-02
4.969363497488681058e-02
5.894602741992079065e-02
6.446447530638535484e-02
6.713882436135958087e-02
6.901368964455763255e-02
7.002501474306074836e-02
6.890732991046111255e-02
6.596130146479173284e-02
6.257092029209802841e-02
5.911243020241088025e-02
5.434253921631725104e-02
4.649820884190656450e-02
3.333729405800342493e-02
1.168531659358670698e-02
-2.232078607330430231e-02
-6.544231789827902046e-02
-1.074802998926954051e-01
-1.449346389773188415e-01
-1.797692310615573164e-01
-2.118783048175497119e-01
-2.396659009248384153e-01
-2.600722064915419462e-01
-2.685193730823015601e-01
-2.590732286653809613e-01
-2.235162239931683947e-01
-1.516372986039637161e-01
-3.311163337569926479e-02
1.087126083738022275e-01
2.174450648778140094e-01
2.708734163734598521e-01
2.816558584293856748e-01
2.643794816313347340e-01
2.330913539655323219e-01
1.960440093565140596e-01
1.570941120796650048e-01
1.201020555115545896e-01
8.711526784772728738e-02
5.715461822387590818e-02
2.996702301849157174e-02
7.043889558171189183e-03
-1.136482342015835041e-02
-2.580561416562114282e-02
-3.711165496093013494e-02
-4.658295506009793585e-02
-5.425490103157604854e-02
-5.950271973405986403e-02
-6.144975116303968976e-02
-5.903303708674208228e-02
-5.292918768710971889e-02
-4.482352897815529424e-02
-3.574492733091201579e-02
-2.688068820261167030e-02
-2.072988661587551323e-02
-1.893415071260357019e-02
-2.104696973965360096e-02
-2.682236096956132354e-02
-3.484959452653859507e-02
-4.132305302146018627e-02
-4.261860406244641353e-02
-3.771323450909167679e-02
-2.772491546109375968e-02
-1.290475987661407822e-02
7.216654545774647996e-03
2.939451685215015153e-02
4.666349494792382258e-02
5.484283591449586048e-02
5.339315463748752627e-02
4.382028386447718582e-02
3.056505969428247038e-02
1.794044847422263111e-02
8.856071584668010269e-03
4.128287253686387451e-03
1.306652541953955398e-03
-1.885593684271901155e-03
-5.771869296245672742e-03
-9.491117850107422260e-03
-1.183354653335654504e-02
-1.266380721118328875e-02
-1.228305348302131082e-02
-1.020718515769236841e-02
-6.633181869384050140e-03
-2.564692576700152837e-03
1.525927046526145622e-03
4.777323075259306585e-03
6.452175911218108878e-03
7.190489018166992645e-03
7.212929588955323615e-03
5.523951361665787631e-03
2.284450418386000693e-03
-8.214613891653871998e-04
-2.767595904638906618e-03
-3.956954278968477165e-03
-4.921249717210677936e-03
-5.220662977202937538e-03
-4.154507100177808748e-03
-1.611594908596933632e-03
1.330975969216858330e-03
3.200651734212594038e-03
3.295658338096733690e-03
2.067159687703822111e-03
1.323626948579028750e-03
2.492904902651477215e-03
5.740813027607904670e-03
9.944068103581300139e-03
1.347260327369649568e-02
1.562348484928643803e-02
1.602903464721930349e-02
1.427690120358163055e-02
1.006827602467193911e-02
2.983351635070042099e-03
-7.286024512017544134e-03
-1.924910012856076436e-02
-3.009239441970240972e-02
-3.875705446441952973e-02
-4.500610428881592073e-02
-4.655696678542896316e-02
-4.104752119359580953e-02
-2.671611716385796642e-02
-1.622993695879464821e-04
3.375683477443151143e-02
6.017905656521073399e-02
7.147613099725320940e-02
6.854511558084866452e-02
5.533818187065085714e-02
4.011204199934702980e-02
2.860125647584369282e-02
1.980804801519482974e-02
1.124436178467847804e-02
2.588364293846409994e-03
-5.762690694030739996e-03
-1.451288790941628222e-02
-2.455489980849881113e-02
-3.424431361045237460e-02
-3.938311282158629689e-02
-3.769420254163559358e-02
-3.194443364886538628e-02
-2.777028679515219922e-02
-2.891313772648005861e-02
-3.572007402859073838e-02
-4.658254913077922860e-02
-5.933786742494447791e-02
-7.118576669772097576e-02
-7.875654622369006319e-02
-7.977520559106515696e-02
-7.271522815664861750e-02
-5.456038276669007703e-02
-2.072733343655331836e-02
2.231018426932125653e-02
5.698977279277424313e-02
7.712389343972023137e-02
8.669293466875754861e-02
8.837603380132569297e-02
8.562038884420837548e-02
8.177595698759350384e-02
7.797427536538877046e-02
7.245919178587451048e-02
6.107571711285420674e-02
4.182165171383381980e-02
1.676677533704928891e-02
-7.919765451569563477e-03
-2.424254955607918136e-02
-3.069382791229316454e-02
-3.181639899913740743e-02
-3.044259118066434608e-02
-2.710092645291258678e-02
-2.196278076879506699e-02
-1.433637488534122116e-02
-4.931263314706640054e-03
3.310562890351069314e-03
8.807399707865797706e-03
1.114954808070256834e-02
9.189804853831397280e-03
3.212288398080135905e-03
-3.993244607079921016e-03
-1.072580151933119792e-02
-1.665837652947009528e-02
-2.070818567407248234e-02
-2.177297434475614774e-02
-1.942471687644074796e-02
-1.425771032561953811e-02
-7.821155411692974624e-03
-1.814756376885452152e-03
2.763179049157131646e-03
6.338857534561551099e-03
1.025590938886877627e-02
1.435487995482980991e-02
1.776041986481406362e-02
2.129248926205030978e-02
2.500411832878276369e-02
2.739606429299982007e-02
2.813700393258743507e-02
2.839743723107708215e-02
2.904186389263207005e-02
2.821011136626720012e-02
2.251877772305242026e-02
1.319016441063615083e-02
5.576065158438145257e-03
1.939030699029772008e-03
1.427981817704449333e-03
2.750124423053003711e-03
4.236692280569824554e-03
5.368724965830811227e-03
6.330652347923421824e-03
5.773093686869994884e-03
2.693698254913143991e-03
-1.606884641023093377e-03
-6.724759217709900747e-03
-1.483065033868720406e-02
-2.711677068304010896e-02
-4.554300664710808633e-02
-7.447505471121011744e-02
-1.137412030944432856e-01
-1.585084549338167392e-01
-2.024025707697665044e-01
-2.371208514100029141e-01
-2.535945765793767293e-01
-2.416872317839850737e-01
-1.886364646529158084e-01
-8.106067361221458434e-02
5.848226837207828877e-02
1.722905450886805523e-01
2.364753631934562450e-01
2.614611278510365899e-01
2.575321949219215867e-01
2.340070561425031670e-01
1.984698667330516975e-01
1.566957951584384556e-01
1.136243388223575207e-01
7.343440637393489068e-02
3.895182921091280837e-02
1.208511338871159219e-02
-5.045274934858859361e-03
-1.196719169313427769e-02
-1.168096373434265173e-02
-7.594780788219403569e-03
-1.589583391338652771e-03
4.418752295615085979e-03
8.536946709274441381e-03
9.585683324774784547e-03
7.099172821952475648e-03
1.148049266624146317e-03
-7.308225988113595945e-03
-1.654914369108432398e-02
-2.554592285501870036e-02
-3.362263799934954445e-02
-4.109941158344624507e-02
-4.929215493699445894e-02
-5.856520073984059632e-02
-6.896936395570352207e-02
-7.973409946129848824e-02
-8.825890465605508439e-02
-9.180097069740900118e-02
-8.731421204651713952e-02
-7.184793030953835757e-02
-4.376619488365594141e-02
-9.139027271798060709e-03
1.831461687420452358e-02
3.170426107474033639e-02
3.149664891207018536e-02
1.955553823554405726e-02
-4.983403271560729597e-04
-2.338303063725067493e-02
-4.230640097392152077e-02
-5.080701588454867440e-02
-4.473762635118828240e-02
-2.104420207988126276e-02
2.470591604001343838e-02
8.422733892513048493e-02
1.346216487710527876e-01
1.638792206696615128e-01
1.732118277173408660e-01
1.660128608150278351e-01
1.471424234667496056e-01
1.214605761520348298e-01
9.073239127587673369e-02
5.508384667215501102e-02
1.588475324838694441e-02
-2.534928372088622595e-02
-6.807158683715031078e-02
-1.072048366579537726e-01
-1.331303379738947301e-01
-1.450281219860656834e-01
-1.497169821786823174e-01
-1.522794331194938788e-01
-1.553133856327146844e-01
-1.592379978391773032e-01
-1.618416499868700342e-01
-1.581231117021144328e-01
-1.413743661078741276e-01
-1.037758130788637989e-01
-3.659957455584170877e-02
4.941934316366605046e-02
1.217972492857606892e-01
1.643177939569124002e-01
1.818914802872131642e-01
1.840540992667546449e-01
1.769836186419971036e-01
1.593786143077236539e-01
1.312562191449469229e-01
9.670906279864739663e-02
5.872882443348330372e-02
1.868307433448560331e-02
-2.265494960016265630e-02
-5.913819227223960501e-02
-8.014894313584450258e-02
-8.361752674246820949e-02
-7.655038080831175207e-02
-6.652924390080532102e-02
-5.601594187819563392e-02
-4.385526821666750619e-02
-3.031421454219301176e-02
-1.679692982934224629e-02
-3.774209251336332546e-03
1.001802347245798162e-02
2.554677878644340261e-02
4.204665752905899223e-02
5.691903610809748160e-02
6.601238628741225301e-02
6.840107704601693095e-02
6.841701596328135515e-02
6.960734882612301666e-02
7.154539829328851464e-02
7.251398984770493494e-02
6.973197877537899714e-02
5.965029541956255732e-02
4.032072061824410608e-02
1.020896284019463807e-02
-2.699146816351546269e-02
-6.124964256573253718e-02
-8.874138779484803952e-02
-1.105294209106413017e-01
-1.254274857580947033e-01
-1.326566229257678808e-01
-1.326577762959674778e-01
-1.265989035437505295e-01
-1.149296957879976516e-01
-9.569678150300615915e-02
-6.453514967543119707e-02
-1.517314807990648336e-02
4.428531964402714072e-02
8.867829809348753978e-02
1.062379754029968010e-01
1.020623500446961041e-01
8.149739727704896630e-02
4.875201948334473290e-02
9.186066473814116090e-03
-3.005375004883221318e-02
-6.144424947516615582e-02
-7.862819455817762759e-02
-7.544273761591717420e-02
-4.528317049992346133e-02
1.936705279190311865e-03
3.945024368167076440e-02
5.567871078257177753e-02
5.527878897824090726e-02
4.357949179436013121e-02
2.455237843782420368e-02
1.022603730795641416e-03
-2.254449561230750798e-02
-4.014229090849939091e-02
-4.596177201529560996e-02
-3.567246409287973957e-02
-7.401936489957980023e-03
2.915056548548154713e-02
5.523010071376652230e-02
6.526504947579267468e-02
6.635422880045388494e-02
6.485322124842397840e-02
6.473112819715874655e-02
6.567346932623310818e-02
6.336202856510900205e-02
5.483192656524900344e-02
4.047447573668284948e-02
2.219439657616936734e-02
7.547285908830829969e-04
-2.042393904379066066e-02
-3.469554194116614143e-02
-4.168766797385416167e-02
-4.515055630476502713e-02
-4.700010725987260884e-02
-4.851117530715051696e-02
-5.068299815696383770e-02
-5.325027116792041548e-02
-5.421657123487105823e-02
-5.098507886826575408e-02
-4.053244082413963445e-02
-1.986826442449442578e-02
8.011387591356972093e-03
3.397667084695104450e-02
5.208852736106213410e-02
6.088557557360768646e-02
6.077058845114888253e-02
5.328602268437698797e-02
4.104274864301320908e-02
2.756346616381049469e-02
1.527553284309531544e-02
5.787079844470038696e-03
2.910730479592999256e-04
-3.590881626223917100e-04
2.628783139462477145e-03
4.342593328844435684e-03
4.771549602168405346e-04
-9.984401269165865331e-03
-2.573043963845280876e-02
-4.276717869270590944e-02
-5.434540359468687659e-02
-5.226549444958762669e-02
-2.953471294538726963e-02
1.741916549899789543e-02
7.439866184782305270e-02
1.119501566495900713e-01
1.188646752559936598e-01
1.025970858561029292e-01
6.991921287726779455e-02
2.462022211526532223e-02
-3.156398817863163841e-02
-9.507232655081787609e-02
-1.581674808508762853e-01
-2.118240363296516049e-01
-2.458784036055673139e-01
-2.481315679937539931e-01
-2.073103372913670805e-01
-1.119958301876928797e-01
1.335149855886557865e-02
1.054336898228674518e-01
1.380261445825811117e-01
1.244157443177534711e-01
7.812907990639604561e-02
1.105504734440506537e-02
-6.523969776402199772e-02
-1.376903472486046831e-01
-1.898268583713064728e-01
-2.042825975057347421e-01
-1.648756056550888527e-01
-5.355532430127821902e-02
1.023385067718917685e-01
2.281681841659806975e-01
2.947050168224664701e-01
3.173524467602956700e-01
3.081323061386013751e-01
2.759557969353096940e-01
2.288547380171679080e-01
1.737928582584241655e-01
1.164150225760572782e-01
6.161214432700112126e-02
1.310783766694314720e-02
-2.732600358123478054e-02
-5.971354263709944404e-02
-8.511831340754111297e-02
-1.068262732509940305e-01
-1.295323875447391693e-01
-1.556106084481636287e-01
-1.838348793845414608e-01
-2.097507224809346538e-01
-2.262552477193816303e-01
-2.259718578179459314e-01
-2.024168740649805454e-01
-1.498882954370374943e-01
-6.336270540644203808e-02
4.043381636410095514e-02
1.226021853002602080e-01
1.674493564627262399e-01
1.813309088635115529e-01
1.698470910225962638e-01
1.421910676015736286e-01
1.075490325565489902e-01
7.193300417485119780e-02
4.029624365838203881e-02
1.564097514905223030e-02
-9.018175599350931534e-04
-9.740215536371799390e-03
-1.080204023538747053e-02
-2.415318468410367417e-03
1.369597975057613472e-02
3.258278000618020087e-02
5.095421888699774859e-02
6.696942009094482284e-02
7.916833689817689979e-02
8.603577816198423878e-02
8.631909504504187147e-02
7.912500846294859280e-02
6.253890251747576401e-02
3.375324664679379277e-02
-3.779143721550205434e-03
-4.025106839706350109e-02
-7.151920676584094805e-02
-9.978084582374824318e-02
-1.263914230082640588e-01
-1.501663557771747981e-01
-1.699387877042755901e-01
-1.849435887763382913e-01
-1.930577207416446228e-01
-1.888498094392478399e-01
-1.538211600016016201e-01
-5.895278948325061857e-02
7.195338647996768477e-02
1.631580198755185063e-01
1.863913786835305619e-01
1.610989177273504103e-01
1.058881863740387397e-01
3.691739531810545039e-02
-3.412966386686446668e-02
-1.016168555826947734e-01
-1.567023885637204295e-01
-1.838484695456890916e-01
-1.638916518392146693e-01
-7.708210524240616257e-02
4.695261784122591042e-02
1.333338819276838061e-01
1.540568998330838768e-01
1.254880267240143232e-01
6.404762136455754984e-02
-1.546591934369564991e-02
-9.970691455660674052e-02
-1.746766492651069258e-01
-2.250938722865037100e-01
-2.349677677392541797e-01
-1.902704495922795391e-01
-7.885884975842469280e-02
6.911265782032677274e-02
1.827442794398767001e-01
2.359482147563930488e-01
2.449916627212595788e-01
2.231422146320155009e-01
1.806755423362703117e-01
1.279461640143204071e-01
7.619757044227230824e-02
3.579512994766966688e-02
1.460747115518765300e-02
1.711016224254888890e-02
4.600813299009434698e-02
9.025512647916811293e-02
1.242757192883808814e-01
1.365434418378667081e-01
1.307270743429578275e-01
1.105620504462661163e-01
8.135094741355154702e-02
4.875454233695360184e-02
1.586198294486176885e-02
-1.443849947028233438e-02
-3.826587458141513659e-02
-5.293912013257555393e-02
-5.766927844324918478e-02
-5.587284798046914663e-02
-5.508704699224603596e-02
-6.126198858131641500e-02
-7.738055955269260155e-02
-1.032706991962030751e-01
-1.347002858349732324e-01
-1.643009544415753309e-01
-1.831633598574601840e-01
-1.835430874585742833e-01
-1.592914776764582097e-01
-1.037658016208832246e-01
-8.803481773263517607e-03
1.022388428172745639e-01
1.750111563904857281e-01
1.897886931282413703e-01
1.601494549599844219e-01
9.733936053216479811e-02
9.736363865339596468e-03
-9.282328204055612098e-02
-1.979584482594267669e-01
-2.928536279445330126e-01
-3.624099727968211893e-01
-3.887253541032276716e-01
-3.528318997381263977e-01
-2.329143108648319138e-01
-4.048599760934451508e-02
1.456919949515420309e-01
2.503088576595167147e-01
2.649299480156769304e-01
2.153342682274251296e-01
1.289303028996549305e-01
3.077643085915121590e-02
-5.528898591996625478e-02
-1.061187857468635781e-01
-1.019172262624124248e-01
-2.591291426662962680e-02
9.797703948513426797e-02
2.036515568314871127e-01
2.617624657426730339e-01
2.826202571814893649e-01
2.753756547363466756e-01
2.481900109075870775e-01
2.105448865162425909e-01
1.695183840362506911e-01
1.268295800256609707e-01
8.210882743633973746e-02
3.568448962117299478e-02
-1.308166587284507673e-02
-5.716002942511762275e-02
-8.404028072694147422e-02
-9.420597648115308642e-02
-9.472240599089770674e-02
-8.900196302407746562e-02
-8.018539235821936506e-02
-7.106187792199140929e-02
-6.348282677427144471e-02
-5.922514538087182007e-02
-5.850692985835546922e-02
-5.912575346642559571e-02
-5.938049369896888918e-02
-5.962913907570469713e-02
-6.038751649596989235e-02
-6.130832417031892995e-02
-6.215409917189870792e-02
-6.731062232879485296e-02
-8.184596659813335451e-02
-9.962394698555983308e-02
-1.109025048611139985e-01
-1.143401654936243989e-01
-1.075470709832620914e-01
-7.983702995862035356e-02
-2.170340366064123575e-02
5.644263360472737828e-02
1.274416874590439397e-01
1.776808272174370540e-01
2.091914924691049282e-01
2.251766416145990213e-01
2.264344892437109569e-01
2.137458124382042302e-01
1.928480263475041423e-01
1.674977912992342832e-01
1.337947016173632042e-01
8.758216088099342322e-02
3.064016072474990554e-02
-3.176889168710618494e-02
-9.674941745384545155e-02
-1.650391139292713139e-01
-2.370630641152762785e-01
-3.107866499727467424e-01
-3.815492682063487129e-01
-4.422713213158666057e-01
-4.830167264021569817e-01
-4.903770488346809175e-01
-4.479612168319657695e-01
-3.377889871416733247e-01
-1.420101585050928261e-01
1.031841574178166965e-01
3.070637706190247895e-01
4.306904704919521376e-01
4.877407699327089841e-01
4.904870559408143205e-01
4.509864705513807470e-01
3.849984328384713494e-01
3.071888772058662398e-01
2.256205834892071882e-01
1.466391151179466112e-01
7.589319779508986452e-02
1.374271377955353646e-02
-3.835003236784656488e-02
-7.643579641237013833e-02
-1.027321811983648719e-01
-1.212252464495843784e-01
-1.337405759260028582e-01
-1.417624135196987878e-01
-1.449993329603889991e-01
-1.428719753523321201e-01
-1.357450918395426975e-01
-1.230774316536324409e-01
-1.025765471846057236e-01
-7.050299271508655985e-02
-2.822191049953991226e-02
1.319657925917974706e-02
4.479164340947890122e-02
6.690490134414714407e-02
8.239625976970850474e-02
9.363708964149693170e-02
1.021561282123273073e-01
1.073218570958919260e-01
1.075644801663849653e-01
1.005048663122233565e-01
8.303251180624963979e-02
5.205827991568219570e-02
1.332760906838307419e-02
-1.901294999371004601e-02
-4.055436163346079481e-02
-5.424787534334325756e-02
-6.017794965386071004e-02
-5.824083792424475381e-02
-5.005980166742621251e-02
-3.776505621611737917e-02
-2.443878287234046986e-02
-1.402073727475811743e-02
-8.752243978493471840e-03
-9.528944908340150621e-03
-1.434878466528306806e-02
-1.953452568907841289e-02
-2.433857596670828752e-02
-2.896244175699594012e-02
-3.373055284255976893e-02
-3.920095604393018796e-02
-4.424809204079187264e-02
-4.664260513545889775e-02
-4.440757133431044029e-02
-3.509138045006636453e-02
-1.596574996502771876e-02
1.534522446705311946e-02
5.072705055465430435e-02
7.064924760749230481e-02
6.661929359597809630e-02
4.168216393506901651e-02
-1.342576788046608710e-03
-5.751495044034401344e-02
-1.176701483312579261e-01
-1.707332522440236089e-01
-2.066339481769794428e-01
-2.159995267085441650e-01
-1.864322794111715198e-01
-1.031976772859374281e-01
1.480994698710119337e-02
1.157731112912477323e-01
1.775002167619239568e-01
2.073940993891899565e-01
2.132661106173711629e-01
2.026729763131685236e-01
1.818655480748382347e-01
1.554104181730897871e-01
1.263041869618281021e-01
9.650215337100442881e-02
6.703117491869528544e-02
3.792771705086851741e-02
1.089820315518738071e-02
-1.065793902607110183e-02
-2.686484182253090491e-02
-4.091765247182938686e-02
-5.424676394810702684e-02
-6.652148110231356770e-02
-7.705916563671905140e-02
-8.446351942787914957e-02
-8.768402352803286726e-02
-8.578183148984254436e-02
-7.689423952197696477e-02
-5.930255641225910812e-02
-3.615581510628007589e-02
-1.475967702452573443e-02
1.963076094196138533e-03
1.469430253565855160e-02
2.383404154214355600e-02
2.983211117637514509e-02
3.242340317896375695e-02
3.158112926910748575e-02
2.835175618461128338e-02
2.309764524648147410e-02
1.552530012266973430e-02
6.643468104376982347e-03
-9.487328989258205902e-04
-4.483082116070847591e-03
-2.869166666176608052e-03
2.783804111217810968e-03
1.045403615943400928e-02
1.867914128058979426e-02
2.616483514760572712e-02
3.166458458050343261e-02
3.466938489057701939e-02
3.466793846323307920e-02
3.055340230649526354e-02
2.073471348933798517e-02
5.765678476303339427e-03
