5.343477324214630092e-03
3.723140271230114540e-03
-7.756417445401817684e-04
-1.223358655015121567e-02
-3.055850281441102601e-02
-4.996734332552532631e-02
-6.562478529909326896e-02
-7.580571323125091798e-02
-8.021463414014910753e-02
-8.190967019662077908e-02
-8.386829805246445724e-02
-8.333110926420188302e-02
-7.515181665041245629e-02
-5.704894942657494361e-02
-3.221311504742185861e-02
-9.523600080934181353e-03
5.676650097903884751e-03
1.620989321500038854e-02
2.500555635523659878e-02
2.985401743904349259e-02
2.899995561136191335e-02
2.540089421561314217e-02
2.165563729347424332e-02
2.040919576392278070e-02
2.303970954933333426e-02
2.527835098972232991e-02
2.455102761551829563e-02
2.106770381047093701e-02
1.372668038459712303e-02
3.732575054774386544e-04
-1.761682287444299444e-02
-3.373015616855429971e-02
-4.234148825855405668e-02
-3.727520680980549866e-02
-1.384298354603853871e-02
1.988316272886044012e-02
4.674946753678748540e-02
5.757826838530213931e-02
5.630671020705437652e-02
4.936648363291308572e-02
3.909220825111876796e-02
2.811250132805252072e-02
1.812569504499142795e-02
1.027123069633256031e-02
6.958907634751462616e-03
7.665061797329027378e-03
1.059230948048256460e-02
1.289873247417704441e-02
9.780431989470900200e-03
7.454128674271517929e-04
-1.280431265185354855e-02
-3.420106432218982667e-02
-6.436456530381656771e-02
-9.773996553632560702e-02
-1.296873453779169849e-01
-1.535895185475870117e-01
-1.546741494817080453e-01
-1.223413836029053903e-01
-6.041736482747619985e-02
9.229395858731635760e-03
5.952628236870392830e-02
8.387828072088465703e-02
9.044168912754696477e-02
8.589300723502807378e-02
7.324221831588545450e-02
5.486720285452772322e-02
3.976967629488969286e-02
3.954433910441411404e-02
4.799297526741466702e-02
4.815050873190689779e-02
3.849286817762017504e-02
2.935840640395915441e-02
2.789252292203736952e-02
3.203788177006482857e-02
3.421825993214517442e-02
2.668416986372472086e-02
7.738752930181509726e-03
-1.609357082248328089e-02
-3.899739468031183237e-02
-5.835508960776773085e-02
-7.116187651020734750e-02
-7.473708352910801711e-02
-6.928513721783076396e-02
-5.550819989910234231e-02
-3.689761912875904465e-02
-2.257951798964173348e-02
-1.640493166035441111e-02
-1.497749899744420590e-02
-1.608503760500185065e-02
-1.470927679753294449e-02
-2.884716126356184039e-03
1.991087320800338789e-02
4.854405966485827312e-02
7.924588279458459616e-02
1.027879827199841278e-01
1.080378619585174310e-01
9.689730070838011022e-02
7.668702549900863197e-02
5.382580442727358250e-02
3.589221754924710323e-02
2.492512846621009609e-02
1.939418043694643434e-02
1.923822801848466824e-02
2.135976429179311381e-02
2.114852096483862964e-02
2.046148126395076067e-02
1.876296824057450963e-02
6.757256858333884550e-03
-1.972351406371446528e-02
-5.555865835625941468e-02
-9.353381522957213146e-02
-1.298181017926600400e-01
-1.641513131505733247e-01
-1.930840442431217552e-01
-2.086227970211161353e-01
-2.044915889796634079e-01
-1.760231836021150520e-01
-1.189229302415820144e-01
-4.329482585352654317e-02
2.462923588590154242e-02
6.844152191073560321e-02
9.067603822567582572e-02
9.982960844020546953e-02
1.040472311450814369e-01
1.096003517139614997e-01
1.217775294848703199e-01
1.383611350675314489e-01
1.459983919577691747e-01
1.364955758673148112e-01
1.116171596527717608e-01
7.591827208994604559e-02
3.602737350275653921e-02
-4.110090662957999533e-04
-2.860039039886713361e-02
-4.715664188099755183e-02
-5.542757605732724635e-02
-5.657037262879673761e-02
-5.632639129596997418e-02
-5.768888374801223878e-02
-5.958176453476089068e-02
-5.801529428053577020e-02
-5.142619510976225577e-02
-4.037987537819742040e-02
-2.570326320219198935e-02
-9.854477799149942777e-03
5.352824868563079048e-03
1.813521069538570965e-02
2.411365615273111662e-02
2.240110244423462391e-02
1.943616826062795691e-02
1.905506820018097389e-02
1.774199096744836709e-02
1.207411235266239030e-02
2.032198754765938802e-03
-1.264772266066461689e-02
-3.001553270322827177e-02
-4.329705982133844749e-02
-4.649955895572981113e-02
-3.897980426042303020e-02
-2.609516155890515346e-02
-1.302788035526833595e-02
-3.695204429103996803e-04
1.120909138249709565e-02
2.021251635011760139e-02
2.678274969142190043e-02
3.117084885761079588e-02
3.355256830474975110e-02
3.316335197251925326e-02
2.952203574503328015e-02
2.598402748310558660e-02
2.615231424658042564e-02
3.075261505814904511e-02
3.835229839166803129e-02
4.638882178624832014e-02
5.307873981638369654e-02
5.688046303765696005e-02
5.639092124006776785e-02
5.141997214746130140e-02
4.064347173710774336e-02
2.678926228960223227e-02
2.019272400650209964e-02
2.650499119452718114e-02
4.210588444094474220e-02
6.214636729760618372e-02
8.303403685393682954e-02
9.994647616483666452e-02
1.071483375312517888e-01
1.029658008682820675e-01
8.920116445817478923e-02
6.463620022510789542e-02
2.434259022467488709e-02
-3.107898182221002434e-02
-9.211998641610739946e-02
-1.534888028842642249e-01
-2.144356539938961359e-01
-2.728427957089517020e-01
-3.276340320818519891e-01
-3.755152966293083816e-01
-4.081869030478353366e-01
-4.148312587832888032e-01
-3.867520531403202400e-01
-3.145834041976881545e-01
-1.863443582579707436e-01
7.065879989969294644e-03
2.248522140091941957e-01
3.822424418774391097e-01
4.483465974102343043e-01
4.417631682799404436e-01
3.805324160274846657e-01
2.839220857233040185e-01
1.685827473491195438e-01
4.657236002413788628e-02
-6.787087362726476614e-02
-1.547642655551738078e-01
-1.924659565673206285e-01
-1.872591988637136717e-01
-1.698797683413474646e-01
-1.453082703667471498e-01
-1.056686034143095310e-01
-5.274949294874465427e-02
1.806069808050397851e-02
1.176135581691748755e-01
2.286040492506554445e-01
3.046835540927486097e-01
3.266574079909798090e-01
3.034596760653359704e-01
2.433039926753816085e-01
1.566330267645351104e-01
5.999794871185243350e-02
-3.142307917859787914e-02
-1.110376723132116134e-01
-1.784034338476436499e-01
-2.317540439482390358e-01
-2.656335897817886926e-01
-2.746610311488894007e-01
-2.553903092401829111e-01
-2.051798383924025859e-01
-1.154887519830713749e-01
5.323347930094000924e-03
1.170166496265852424e-01
1.903833257444342564e-01
2.250728639010032839e-01
2.310046774025020788e-01
2.181029306408703017e-01
1.941333835426297116e-01
1.642396713373149852e-01
1.297284349184911478e-01
9.106945115603000407e-02
4.670248268181094453e-02
-5.801221741533879941e-03
-6.313816996350471444e-02
-1.164059492145572139e-01
-1.541903559922549460e-01
-1.656943281991742623e-01
-1.509093747373185801e-01
-1.206134866949808704e-01
-8.699776408543766215e-02
-6.169750497775799980e-02
-4.901576763131117870e-02
-4.736694781836987833e-02
-5.598531251969496303e-02
-7.473422862196647809e-02
-1.031226348714007757e-01
-1.333165201235253228e-01
-1.535929305836530867e-01
-1.594173632352197389e-01
-1.481098472891198559e-01
-1.113313714494113538e-01
-5.234189755795459753e-02
7.673742568689150348e-03
6.015228518898121934e-02
1.165929866432782874e-01
1.720187322057830648e-01
2.015607890443987527e-01
1.982936086273277831e-01
1.739803437710751299e-01
1.421679320345023423e-01
1.124133714031299303e-01
8.503395740630502464e-02
6.015391135686022628e-02
4.119816229869904117e-02
2.630505732372374200e-02
1.220032840443189583e-02
-1.609308431020966580e-03
-1.395205099462808011e-02
-2.383204975974503523e-02
-3.391706453363144830e-02
-4.472810008306801755e-02
-5.190835709433833101e-02
-5.143244382927067426e-02
-4.339232598314921030e-02
-3.072981172491776741e-02
-1.323028598807463388e-02
1.126476286493716464e-02
3.984085026461114953e-02
6.334855983156897907e-02
7.364088422056228045e-02
6.754981533520307280e-02
4.521105483404800479e-02
1.462454576905714357e-02
-1.276752809898169805e-02
-3.467934929743955036e-02
-5.473820778599708392e-02
-7.370194027107956902e-02
-8.880056440223015046e-02
-9.877785345384321181e-02
-1.043060730029813782e-01
-1.040633203276107310e-01
-9.681497391698415389e-02
-8.305546137225361392e-02
-6.004830573086978457e-02
-2.533210809236514233e-02
1.380045304581154972e-02
4.934412702479230167e-02
7.796529295156809369e-02
9.554816791458349556e-02
1.003694179219441762e-01
9.370646299918469757e-02
7.900349691163940924e-02
6.109396837533186825e-02
4.248438942586384159e-02
2.253614711710912391e-02
1.300913906290394190e-03
-1.687203793216215247e-02
-2.728254147707828009e-02
-2.750128480099291173e-02
-1.883543421799543580e-02
-7.565998618204968981e-03
1.588582337591130239e-03
7.280394734156188027e-03
9.301274955667730715e-03
9.074907582708837891e-03
7.034333079401679928e-03
1.897981002855272416e-03
-4.376250662217483038e-03
-6.998533916772848099e-03
-6.418159994752669663e-03
-9.161678947946600912e-03
-2.072310823718990017e-02
-3.758248729356696710e-02
-4.957836675226753864e-02
-5.138532066219024530e-02
-4.346040123188317505e-02
-2.857394188611435057e-02
-1.137836427345169030e-02
2.441931106090927325e-03
1.103391266927563480e-02
1.517747813496806569e-02
1.393335910735696639e-02
1.154383350783491288e-02
1.293702507304323249e-02
1.653401150730555297e-02
2.103353832795549355e-02
2.581302592416405417e-02
3.057626893570922905e-02
3.634762444200070886e-02
4.107809122075327390e-02
4.179045182723275381e-02
3.961763444615341162e-02
3.814902512636454690e-02
3.871423035650974759e-02
3.816209733372007834e-02
3.343805290359401494e-02
2.623152597376214590e-02
1.938865396233912727e-02
1.397078038551094470e-02
8.676780411259892717e-03
-4.720722536209771142e-04
-1.654663580699804876e-02
-3.993466322223053477e-02
-6.931949920766214412e-02
-1.002674843766161450e-01
-1.283130312538479367e-01
-1.527277405158901369e-01
-1.721293285868130685e-01
-1.817957440252419010e-01
-1.747944134681955475e-01
-1.472149150953286079e-01
-9.895791709752915777e-02
-2.674907520495772503e-02
5.638115952932943459e-02
1.196657070310870874e-01
1.526672930746211798e-01
1.616159065325729061e-01
1.528792292947967479e-01
1.357047319204143510e-01
1.163941865003637055e-01
9.895177650063316510e-02
8.648496286138560030e-02
7.887115497747840265e-02
7.484291562236437823e-02
7.053079286240968027e-02
6.034463255307029317e-02
4.072316644611564951e-02
1.097951430191615972e-02
-2.186190263152641700e-02
-4.701063899547980318e-02
-6.237379618473426479e-02
-6.949626957217315548e-02
-6.815009300375046708e-02
-5.933394949885596736e-02
-4.485469535410215036e-02
-2.752487804674576266e-02
-9.184379344409984366e-03
1.032019949925650805e-02
2.824401002253228848e-02
3.894587908998714543e-02
4.127968854149496186e-02
3.659123547506275970e-02
2.475616167878853455e-02
6.849906427622358754e-03
-1.360714877646614085e-02
-3.355091567670209080e-02
-5.203032078649703907e-02
-6.917012283618545476e-02
-8.563623439869717802e-02
-9.990608409744497487e-02
-1.092768522825967314e-01
-1.110995021648375214e-01
-1.021076662348034125e-01
-8.247292020475974206e-02
-5.513024019371644269e-02
-2.068394028735745516e-02
2.183563272631759006e-02
6.692904054550696813e-02
1.016563559934852562e-01
1.181490088369475805e-01
1.185107406870364866e-01
1.094524575192626220e-01
9.528237298421105006e-02
7.619174368512972306e-02
5.338035628670042415e-02
3.092748463335332973e-02
1.188481316340686544e-02
-3.836735542029496779e-03
-1.611197224750122656e-02
-2.380262863097730788e-02
-2.773184342799876745e-02
-2.953967313384067706e-02
-2.833248422126749544e-02
-2.363906257147432161e-02
-1.829160362248413718e-02
-1.572629624023407988e-02
-1.651184407693217365e-02
-1.842519681855370531e-02
-1.886273540631799861e-02
-1.832542219758251378e-02
-1.959771161979510096e-02
-2.275427204772968379e-02
-2.623714837168686712e-02
-2.832563683305725291e-02
-2.623414110939045751e-02
-1.754917380429086779e-02
-2.240812768570938675e-03
1.737446027124667225e-02
3.751849536668448032e-02
5.241967332484804426e-02
5.710871009467243659e-02
4.932751028441187402e-02
2.962011822135329417e-02
4.768574282171009898e-03
-1.482097618078883489e-02
-2.113866414141758049e-02
-1.166030002685472695e-02
1.348320628120809432e-02
4.567313025747622712e-02
6.409558438238362188e-02
6.301952653818444772e-02
5.663944213296337460e-02
5.241232858897992841e-02
5.029152051316412853e-02
5.246263201473314042e-02
5.808340338910192996e-02
6.320438342323136949e-02
6.635208879786629044e-02
6.653768136075444151e-02
6.117003412651394328e-02
4.844165557461380806e-02
2.694296941270670626e-02
-3.867027654647010523e-03
-4.405262538390495447e-02
-9.535679603303080787e-02
-1.569091051274783544e-01
-2.243183576875006913e-01
-2.929594867979004591e-01
-3.581723439974046075e-01
-4.106728133753293486e-01
-4.387749752595850872e-01
-4.341905207628213859e-01
-3.868356317291217761e-01
-2.802550752323889616e-01
-9.390777964963517577e-02
1.386145687982454910e-01
3.283885636385052154e-01
4.398118285220298240e-01
4.912034416564110550e-01
4.974891308373909360e-01
4.670653177016421687e-01
4.064174669019340325e-01
3.260089684656587439e-01
2.391163592338911570e-01
1.550493056957533700e-01
7.857086268270950524e-02
1.416287441897061752e-02
-3.807997048295248821e-02
-8.147363083691563923e-02
-1.139735466265714009e-01
-1.346259492713626216e-01
-1.469559520931305874e-01
-1.527669491988811745e-01
-1.511704746351498485e-01
-1.414481016502422972e-01
-1.234922246715141059e-01
-9.360448400070839337e-02
-4.695926068907985140e-02
5.021935323835761966e-03
3.898199345356488654e-02
5.056275568524466052e-02
4.862807956370987506e-02
3.576325992024403932e-02
1.316133026204687438e-02
-1.397282460355982886e-02
-4.063482939197401306e-02
-6.608220356868320378e-02
-8.937358054720444256e-02
-1.065140518549582693e-01
-1.140428767766918372e-01
-1.090111590904132705e-01
-8.630898719749742487e-02
-3.947751539035965901e-02
2.303463774499146105e-02
7.591568137544658923e-02
1.072954333698828561e-01
1.228323343147196267e-01
1.293624648666507337e-01
1.299011323771872561e-01
1.237746328640372262e-01
1.088123728623804354e-01
8.518174545340422010e-02
5.546881174319275021e-02
2.072977720140077584e-02
-1.676268942671132675e-02
-5.281728815995311715e-02
-8.494181860022327613e-02
-1.135608870391236341e-01
-1.385140521990447238e-01
-1.557947704569898895e-01
-1.619346196232918089e-01
-1.544959134606916362e-01
-1.262749881485133452e-01
-6.719996259360871971e-02
9.770382832391960246e-03
7.035318189677226830e-02
1.022021783907568621e-01
1.130922557016870722e-01
1.094103531936510970e-01
9.707211960838901810e-02
8.046494440170508244e-02
6.290938298327926337e-02
4.807225413390767144e-02
3.714034745263112419e-02
3.056466343615321657e-02
3.015485766938408654e-02
3.267247372698660335e-02
2.845697832559557910e-02
1.266388770285968579e-02
-1.026225731569769574e-02
-3.455045303842179533e-02
-5.808129108212239239e-02
-7.722661091228485986e-02
-8.536485858860229370e-02
-8.175819472837909940e-02
-6.877587050824779391e-02
-4.617904413803602948e-02
-1.412191436363949976e-02
2.428459231050111508e-02
6.281322529719750303e-02
9.506437626868539936e-02
1.196098958976580251e-01
1.400712359399916285e-01
1.587878080913368017e-01
1.750194355658288015e-01
1.840012950831414196e-01
1.781168982221415786e-01
1.530659637232276715e-01
1.096132241760141290e-01
4.901407166411538008e-02
-2.530610147133914578e-02
-1.036047740603134454e-01
-1.786387407232668811e-01
-2.488007719908693904e-01
-3.118547279714177778e-01
-3.641887450982764785e-01
-4.010861883785673543e-01
-4.172169228455115952e-01
-4.071395991285588489e-01
-3.645695231111338308e-01
-2.810472250571845465e-01
-1.453525664945004015e-01
3.160735822120751271e-02
1.995840157599744202e-01
3.136602172904342511e-01
3.687602130698893754e-01
3.774722565247546902e-01
3.520458326770748991e-01
3.063962182254039712e-01
2.499851734504716927e-01
1.873159264254434242e-01
1.253881877532188327e-01
7.059486906369218107e-02
2.427733972347836250e-02
-1.440738498647910378e-02
-4.399666274037272728e-02
-6.259428932332362916e-02
-7.259138664876721436e-02
-7.919593028662681722e-02
-8.558098581782898340e-02
-9.041681150555519464e-02
-8.852478283640377588e-02
-7.647324522082316056e-02
-5.470887071541642721e-02
-2.475872591683493662e-02
1.210896783048848527e-02
5.035139365531447753e-02
8.108630315447674930e-02
9.995617327953194853e-02
1.063973805759386715e-01
1.011059435123040084e-01
8.379707713473200092e-02
5.547471144564648099e-02
2.156016092005674789e-02
-1.226393717219828074e-02
-4.289896596913968935e-02
-6.778385869520164864e-02
-8.377718670155596958e-02
-8.865677318424319830e-02
-8.237541136767285999e-02
-6.749521233631806949e-02
-4.843687241007021971e-02
-2.802855185214877393e-02
-8.368354486500055242e-03
6.648935156585484077e-03
1.504972739515582705e-02
1.549637167716257785e-02
6.880058993854610248e-03
-9.084573216039067145e-03
-3.003976218547545901e-02
-5.246500162258468242e-02
-7.282894832207163771e-02
-9.006560029410332069e-02
-1.011943427239823667e-01
-1.013421125304617421e-01
-8.608872639176527730e-02
-4.617104637820993590e-02
1.587722124237127275e-02
7.609850697551225063e-02
1.191303370577279364e-01
1.443051495701044296e-01
1.523228654159361484e-01
1.446955437350671558e-01
1.262397481146156353e-01
1.034381828444922574e-01
7.928150225753764768e-02
5.340099772876989032e-02
2.440927216080696766e-02
-7.559232535830082492e-03
-4.012589532406200116e-02
-6.849445862604396085e-02
-8.759924334737644036e-02
-9.454756367718193666e-02
-8.698884046783450508e-02
-7.044347815972212823e-02
-5.893646738940339080e-02
-5.923531289714651510e-02
-6.793339394509761986e-02
-7.777922815718112115e-02
-8.182312936378437207e-02
-7.487292694939623461e-02
-5.424060640782814996e-02
-2.300329195613729644e-02
1.330397559366817625e-02
5.424894204890919752e-02
9.944319402605446279e-02
1.388028072471903795e-01
1.609549034583559468e-01
1.632448551097414879e-01
1.462126440823780238e-01
1.118560207606996704e-01
6.636604666435211297e-02
1.809903785827169168e-02
-2.411680023742414358e-02
-5.595382624102071545e-02
-7.617153815131955108e-02
-8.132202483244552194e-02
-6.974126688052943723e-02
-5.015615697261888162e-02
-3.657036679159952897e-02
-3.206137528635344403e-02
-3.539389196700074708e-02
-4.842942665967434057e-02
-6.702895457748708763e-02
-8.222265807264400594e-02
-8.926688530626189499e-02
-8.776316271970073524e-02
-7.548435712176544687e-02
-4.890335806494096327e-02
-5.337772157857931764e-03
4.456757666947917113e-02
7.966052449324191598e-02
9.640982866285657815e-02
1.015879516968085788e-01
9.471587865947005136e-02
7.438487800768017744e-02
4.516672960826394884e-02
1.556419845890919841e-02
-7.552618814126390093e-03
-1.932844638601171131e-02
-1.663645175238808588e-02
2.540521700969241431e-03
3.303294587934280796e-02
6.168954253997455117e-02
8.066409858773231079e-02
8.863525243160365330e-02
8.681778732948836064e-02
7.860149625836403142e-02
6.632408382997008467e-02
5.178506006354602342e-02
3.730325212784612460e-02
2.216714196255448188e-02
4.248940711422099711e-03
-1.481175261102824284e-02
-3.410686101110003282e-02
-5.550695531067177668e-02
-8.108709281294212978e-02
-1.131459760518985225e-01
-1.520094140475800049e-01
-1.942364045257624905e-01
-2.321529351287225651e-01
-2.584980845272945582e-01
-2.705719883277242777e-01
-2.639094146213200598e-01
-2.294607401380578948e-01
-1.530030614600530470e-01
-4.214605278737724309e-02
6.520791158255959119e-02
1.527214974388949598e-01
2.205077163715050970e-01
2.593391075214820374e-01
2.652247571703651996e-01
2.415671293793213992e-01
1.990947224922780534e-01
1.501523657269965006e-01
1.034333974561486569e-01
6.597398945149067495e-02
4.348104389401399178e-02
3.938762684522283120e-02
4.608806588578588659e-02
5.131754234284605781e-02
5.374044044084471533e-02
5.735544870913730775e-02
6.229470146678575682e-02
6.536691545770118017e-02
6.279196381031484919e-02
5.273764774287172108e-02
3.307610865597908345e-02
1.152603624298987814e-03
-4.709442975470702619e-02
-1.082594886733965894e-01
-1.640104083606857555e-01
-2.036898909227286003e-01
-2.277561718365246346e-01
-2.344086183057136619e-01
-2.229164098875142108e-01
-1.944589760322740779e-01
-1.499870297516601170e-01
-9.182984881909612984e-02
-2.882724305261520972e-02
2.812801535778269857e-02
7.703510989721849833e-02
1.199719714980265750e-01
1.551833234853255139e-01
1.786927795413398301e-01
1.888154742147315490e-01
1.873245523565567616e-01
1.774331646470967139e-01
1.614296890898050951e-01
1.389465716629250946e-01
1.111010576223077917e-01
8.072115209188716889e-02
4.836685162524193005e-02
1.465307110279788494e-02
-1.657614568226160184e-02
-4.309485460927861555e-02
-6.784812907624168665e-02
-9.225172732901507078e-02
-1.137927713985681516e-01
-1.294917074265650447e-01
-1.366012322056338324e-01
-1.348432426712229404e-01
-1.245268830574028374e-01
-1.123566969931393544e-01
-1.124004893520111070e-01
-1.243656696801788419e-01
-1.337746556919387764e-01
-1.343581590080562271e-01
-1.275766822120327215e-01
-1.171051305027780848e-01
-1.121227239199472647e-01
-1.114028306228121851e-01
-1.027858388076817731e-01
-7.611740193142116362e-02
-1.989482446106592348e-02
6.678477131955601331e-02
1.577227146622597054e-01
2.212982837712618722e-01
2.512794569567999847e-01
2.576239202465405165e-01
2.488921531201527815e-01
2.315759143397146946e-01
2.117156794356939709e-01
1.950101634820522734e-01
1.840091954508515926e-01
1.788837476755333888e-01
1.784605156449548258e-01
1.774925460267369748e-01
1.674167860824059550e-01
1.401089089812919408e-01
9.285309831889099197e-02
2.601793332007766926e-02
-6.100857512709999264e-02
-1.635942766890663980e-01
-2.685802139517669551e-01
-3.639491593372887190e-01
-4.460588926275446120e-01
-5.086824546156210047e-01
-5.383954888540485317e-01
-5.234834996876408519e-01
-4.522395220726298515e-01
-3.168278185306824812e-01
-1.193486794356699021e-01
9.999610952635223926e-02
2.704310331818642887e-01
3.668523780488953667e-01
4.036390967180186196e-01
3.953714244185818627e-01
3.581879099540448697e-01
3.039293052944119777e-01
2.404871497835240624e-01
1.729763743429590384e-01
1.060256318855228030e-01
4.407628681615596150e-02
-9.529447310567346063e-03
-5.182295764678759853e-02
-8.295348293057255851e-02
-1.050712809108272083e-01
-1.182371501400663466e-01
-1.201108362896558118e-01
-1.113796028605960747e-01
-9.552248829221726689e-02
-7.484195744982308218e-02
-5.136240163598990160e-02
-2.635341715741555332e-02
-5.788283017974463901e-04
2.204659168842957803e-02
3.756910529955794636e-02
4.654192067496017160e-02
5.144411652150684966e-02
5.434414431626958392e-02
5.451771343579064205e-02
5.129718859727884495e-02
4.770449415180996050e-02
4.442741510140366112e-02
3.949800172323301301e-02
3.332938932953120881e-02
2.700372186720664119e-02
1.979554286675826169e-02
9.910860372287381981e-03
-3.154478049306658205e-03
-1.898155169235532166e-02
-3.789668590457176411e-02
-5.671641979259189892e-02
-7.109076981662883210e-02
-8.119672612925514510e-02
-8.740840819629649983e-02
-9.007317322720491404e-02
-9.065372411220418147e-02
-8.889453121625164045e-02
-8.095094034407608607e-02
-6.296311566911906576e-02
-3.669857604393246542e-02
-7.230446826839981647e-03
2.167012144725129555e-02
4.956602111127248605e-02
7.634448656854989079e-02
9.751625069846084348e-02
1.069361779044884359e-01
1.019496307233590388e-01
8.170250159632505560e-02
4.732020358312639952e-02
7.384405360844410043e-03
-2.611369148990594705e-02
-4.709752079798833896e-02
-5.419272445862263060e-02
-4.674799398158992203e-02
-2.769139681891005095e-02
-4.742705047586908210e-03
1.387424592720044869e-02
2.447858324511658842e-02
2.894142834567428949e-02
2.989178917057707871e-02
2.677815741810954039e-02
2.006266822083736800e-02
1.410738582911096051e-02
1.160015822445489148e-02
1.164668910609799150e-02
1.133868317738917844e-02
7.376551946453551237e-03
-7.111683174513174898e-04
-1.105881927198532934e-02
-2.227704799744053416e-02
-3.327713145453072008e-02
-4.149237921093668069e-02
-4.367334080411765934e-02
-3.773469746251623125e-02
-2.747378855039996765e-02
-2.018702073696687291e-02
-1.552178792625122025e-02
-7.786563939463033227e-03
4.183715307429365128e-03
1.639695186664078333e-02
2.620465217901426017e-02
3.301936963944046566e-02
3.564633292012328591e-02
3.484092255027246288e-02
3.175818154551727363e-02
2.622112034480916093e-02
1.933561757778285220e-02
1.320809032288563535e-02
8.870156981366925791e-03
5.299177518982528361e-03
9.102490605442693783e-04
-3.921899445654876241e-03
-8.570813597650550619e-03
-1.383371136408508527e-02
-1.843927733683253800e-02
-1.977109681444193592e-02
-1.607024872674516630e-02
-5.091206658679908389e-03
8.358081972454592390e-03
1.339411471824617644e-02
6.376892567600607464e-03
-9.657272959928910397e-03
-3.293130632651980472e-02
-6.273722566293421510e-02
-9.293300698113123037e-02
-1.130357756009847947e-01
-1.137137115131339887e-01
-8.670216344883893700e-02
-2.332532760928255136e-02
6.116830577913157790e-02
1.258610334811586795e-01
1.525383214916612440e-01
1.465349688064039313e-01
1.128424772593627085e-01
5.899946416237204783e-02
-6.054748333065743809e-03
-7.391667865558414208e-02
-1.349093267905935312e-01
-1.782202158784235990e-01
-1.909674608977244004e-01
-1.621435117539230253e-01
-8.070801201475662212e-02
3.642661841427934089e-02
1.376886242256386561e-01
2.000881384967441723e-01
2.320949815359691082e-01
2.442643317451884122e-01
2.445131299068206698e-01
2.306277366350616143e-01
2.000808012066928876e-01
1.580878923188190899e-01
1.098511099585061240e-01
5.691998240342867332e-02
-6.680457278474584426e-04
-6.421871913184321046e-02
-1.333189919656040112e-01
-2.036394765455640798e-01
-2.703786265254928267e-01
-3.312061420544881729e-01
-3.846070440629284493e-01
-4.252397987629221721e-01
-4.412217233101316527e-01
-4.165249394580597952e-01
-3.362309942507150651e-01
-1.920994807667001092e-01
8.868902797340209171e-03
2.150126806630625886e-01
3.548903017266432647e-01
4.082206224803494043e-01
3.948674444038304809e-01
3.410569723496018613e-01
2.719689952130577293e-01
2.048220972458000555e-01
1.475598070582771482e-01
1.012618285135015728e-01
6.678160920992075311e-02
4.420153809257854061e-02
3.001555932686678779e-02
1.789106111583983402e-02
5.682904928784985460e-03
-2.244917957807776587e-03
-5.317293631516464836e-03
-8.517799112952015306e-03
-1.398644585790516370e-02
-2.135623409030365169e-02
-3.381367128356198293e-02
-5.253014121959780069e-02
-7.219762750842981247e-02
-8.659022724700445039e-02
-9.408401907839396283e-02
-9.754114829906188056e-02
-9.880242507794854967e-02
-9.776220833235275964e-02
-9.549205955948253388e-02
-9.466939417471363638e-02
-9.401592465881067340e-02
-8.876320844637765328e-02
-7.850444749207070860e-02
-6.362472042474165423e-02
-3.920517219808239417e-02
3.525443284419882244e-04
4.720343266511557723e-02
8.413026861175106064e-02
1.075404061861728877e-01
1.209458080397226576e-01
1.233237703277025865e-01
1.172366438840457825e-01
1.082459161180688023e-01
9.800653753448371197e-02
8.464348803889452932e-02
6.684020519188993426e-02
4.476151647089032098e-02
1.891848654844047184e-02
-7.434164695372732536e-03
-2.978606522695068787e-02
-4.759284273932579135e-02
-5.966096129285764632e-02
-6.277301270410853840e-02
-5.679346132638780908e-02
-4.435023457910885342e-02
-3.111989358637670677e-02
-2.109655903513510400e-02
-1.147592327249582177e-02
-1.522624976501000052e-03
3.475508853149040546e-03
1.960703969481704390e-03
2.545069688474107649e-04
4.193469610504994664e-03
1.335631204713731354e-02
2.223427788902759480e-02
2.478795353805614624e-02
1.893229444993234714e-02
4.647799443602213323e-03
-1.495282920796526388e-02
-3.329270444493661468e-02
-4.291809627793854304e-02
-4.490322170015409453e-02
-4.966657009380913423e-02
-5.954494649159886022e-02
-7.025518156778196022e-02
-7.805338604765878208e-02
-8.080471247580112149e-02
-7.931672831678822366e-02
-7.236922738556966772e-02
-5.707730002907424049e-02
-3.322547553028465384e-02
-4.626032478498492972e-03
2.396286925625711745e-02
5.139523498890858494e-02
7.706638592669277921e-02
9.787892944112162874e-02
1.117469038927099145e-01
1.178099840466862169e-01
1.158755610037713185e-01
1.079966186084260482e-01
9.617508704837754441e-02
8.179605867259946705e-02
6.530757648307046470e-02
4.476980283279989592e-02
1.902982359923243577e-02
-1.183448868625242879e-02
-4.386359966179730757e-02
-6.962358225876058571e-02
-8.746588142757819040e-02
-9.861127080700038405e-02
-1.009429182228342298e-01
-9.255709231468325915e-02
-7.491027274065920061e-02
-5.259697813824106005e-02
-2.915832179542309291e-02
-6.457316136987235194e-03
1.368486193028421727e-02
3.090862048600725304e-02
4.520468115906535467e-02
5.579899488938007412e-02
6.277793926272799696e-02
6.760112971163378948e-02
7.108069349998638597e-02
7.340495597625432134e-02
7.387254686747460330e-02
7.079914715917474954e-02
6.406770281116390409e-02
5.598771414165552157e-02
4.736404814352416365e-02
3.514427700605491506e-02
1.951491999513911557e-02
4.705125202750964561e-03
-8.940269688218632077e-03
-2.485236043453475235e-02
-4.519977035024003165e-02
-6.908097288581865891e-02
-9.514470469465705071e-02
-1.233068275300703981e-01
-1.539033502341562443e-01
-1.844372654423039048e-01
-2.071914142555837390e-01
-2.144302762473349611e-01
-1.989993888809303002e-01
-1.536095574297940414e-01
-7.316554447358229740e-02
2.708124127970061579e-02
1.107548659256996637e-01
1.617441247804916604e-01
1.863195595793178949e-01
1.906875024334886981e-01
1.795385014530986867e-01
1.560495015989628864e-01
1.237775950419377768e-01
8.689765754820408250e-02
5.157205364488062771e-02
2.366949840090388016e-02
3.779552813317253648e-03
-1.212963011096026243e-02
-3.004208515821535017e-02
-5.306825644041301970e-02
-8.081519330782056809e-02
-1.086476303337198385e-01
-1.276381946527508637e-01
-1.284754251317226925e-01
-1.034557588626471292e-01
-5.228440786530252904e-02
1.039827581536375070e-02
6.282262088141787881e-02
9.361907613160488917e-02
1.041816457481148928e-01
9.965559919574416836e-02
8.568335160083266622e-02
6.796820717357544839e-02
5.050079355110878576e-02
3.552632698715259274e-02
2.509478678218889439e-02
2.129222911683421524e-02
2.424813246893158664e-02
3.094103941486879561e-02
3.679312652096863173e-02
4.005962460527751762e-02
4.181623701583256358e-02
4.242022357934815274e-02
4.117423284236389203e-02
3.600484167009426056e-02
2.324574193722552320e-02
-8.752110101481564916e-04
-3.700880785736967993e-02
-8.175668702681979094e-02
-1.314796757575757979e-01
-1.780374060375048417e-01
-2.064968799168941382e-01
-2.043541535173221957e-01
-1.773937372264538237e-01
-1.475512832650041906e-01
-1.275171751085732719e-01
-1.179785388040668903e-01
-1.136662620814037489e-01
-1.036402626220516709e-01
-7.813199972562552553e-02
-2.926796898114831028e-02
5.294418812317704115e-02
1.553969173441081542e-01
2.378664250945673742e-01
2.808998843107007870e-01
2.887015734073919426e-01
2.694920204189172330e-01
2.360740342599308150e-01
1.990002073952567840e-01
1.635450624461529945e-01
1.314639548018347315e-01
1.018745346939659707e-01
7.272712125551125673e-02
4.287746975355057749e-02
1.673992225560708147e-02
-1.163562598002446102e-03
-1.222280537498148661e-02
-1.679295248231148924e-02
-1.539446638388358019e-02
-1.285905038641020973e-02
-1.578175718758208917e-02
-3.059549140198896885e-02
-6.196854818841805723e-02
-1.128959781944593177e-01
-1.827301465699265881e-01
-2.649102743003488025e-01
-3.519509790754581924e-01
-4.348400343882816155e-01
-4.977882802540455343e-01
-5.252232218500163530e-01
-5.051826662660477973e-01
-4.218016578146636109e-01
-2.539936028290666892e-01
-3.358429699473047814e-02
1.543287418431033564e-01
2.816084037740388957e-01
3.735540461797716150e-01
4.498507221399199452e-01
5.047733275444319379e-01
5.118540639140463089e-01
4.696030852965533131e-01
3.984926551345918111e-01
3.155068676900809055e-01
2.315644926544331017e-01
1.505823798851342321e-01
7.311015013992973322e-02
1.551232218404127727e-03
-5.898379771446222997e-02
-1.053836323024331806e-01
-1.388108353344006396e-01
-1.604745926905815356e-01
-1.710476745953314892e-01
-1.740251812182460334e-01
-1.715884109931775370e-01
-1.611376486444787426e-01
-1.408431227717708289e-01
-1.121273870994333732e-01
-7.767374183496469908e-02
-3.942200736695291446e-02
-1.020932438719037230e-04
3.451444818265522740e-02
6.277754042150715530e-02
8.510454215165633163e-02
9.954984221902170305e-02
1.032788128187118321e-01
9.238802291722159055e-02
6.804805135991913445e-02
3.667434461362120007e-02
2.932713260938092301e-03
-3.038371287136785309e-02
-5.781485513460477704e-02
-7.426923146275753174e-02
-7.924884814129426469e-02
-7.502108300636521621e-02
-6.422402104274457790e-02
-4.967856104904883746e-02
-3.741866779660686648e-02
-3.135656470267803031e-02
-2.706010013117575788e-02
-2.092637242533660485e-02
-1.488402853472768107e-02
-9.046741603058433556e-03
-1.196331874523459855e-03
7.855615172286063708e-03
1.494386429275852343e-02
1.591529402545591859e-02
1.166926562664661118e-02
9.498843324061936877e-03
1.094027834463479759e-02
1.371379811088815556e-02
1.741384561790225091e-02
2.302668975556988046e-02
3.230321414346355030e-02
4.498313552180947111e-02
5.880917480763177274e-02
7.076293526034831138e-02
7.934241918916559722e-02
8.316374463522052674e-02
8.060391019539646373e-02
6.990548491567562250e-02
4.835672980880097865e-02
1.735182535486373689e-02
-1.548762846931276381e-02
-4.160539498920545753e-02
-5.804293698232802085e-02
-6.685811266867228153e-02
-7.177169238434791265e-02
-7.773193652473876780e-02
-8.594489753497884521e-02
-9.187334994899498675e-02
-8.839643357236580401e-02
-7.337680592001039059e-02
-5.309958287435133373e-02
-3.282655052660123779e-02
-1.462620326818120028e-02
1.677355657793775344e-03
1.915672548683396842e-02
3.722483607047979287e-02
5.192590375359155963e-02
6.021895273806927851e-02
5.799574209782497325e-02
4.539619182340466630e-02
2.988787620088000085e-02
1.709119469711375267e-02
6.857740968675954743e-03
-3.228021981830545006e-03
-1.447067898956672614e-02
-2.643722917398360489e-02
-3.832633932952868999e-02
-4.820989309931313777e-02
-5.312393780831594498e-02
-5.084196969415881451e-02
-4.029357345587528116e-02
-2.080266248390895412e-02
3.812105838123947942e-03
2.487090722048025671e-02
4.003070447732870463e-02
5.265673181852364992e-02
6.287424157696416827e-02
6.763771341203281273e-02
6.578287251486651666e-02
5.883198475379008974e-02
4.865143348783136645e-02
3.820492278453242047e-02
2.919457428206821345e-02
2.123730021785309729e-02
1.599012846824528558e-02
1.389434086206362169e-02
1.149505204192167659e-02
5.397134922313655617e-03
-5.352070167766249248e-03
-1.774435856977064213e-02
-2.777393798369608494e-02
-3.513517874276624042e-02
-4.067697024991422106e-02
-4.299771079439833332e-02
-4.117198668209822582e-02
-3.656784378210324593e-02
-3.006147134405508931e-02
-2.297462119863345406e-02
-1.922206767488016804e-02
-2.056013876475367916e-02
-2.521277118652413135e-02
-3.119393297092907386e-02
-3.534268400257301740e-02
-3.389577672792896262e-02
-2.533665737534258194e-02
-1.020384209233909240e-02
8.055174692172614379e-03
2.366971995653616850e-02
3.296767180674087250e-02
3.538775330152251625e-02
3.190577726579592321e-02
2.457404264051005552e-02
1.578418974977944395e-02
7.291611138807677084e-03
-1.341443126220617614e-03
-1.163839675901354349e-02
-2.289295042820874496e-02
-3.121268610622099371e-02
-3.140040941765144533e-02
-2.241980445819457407e-02
-1.036634237893759199e-02
-1.664521323076597996e-03
3.651201617871665910e-03
9.343414131321867849e-03
1.836304409687111727e-02
2.946927653451832801e-02
3.821576531574435304e-02
4.115035118502213818e-02
3.704583541191858176e-02
2.779888911200936036e-02
1.605763741357290816e-02
1.367464367581830084e-03
-1.397060069178027511e-02
-2.288838360988696558e-02
-2.306817869907619098e-02
-1.531168089032269863e-02
1.346909695084734862e-03
2.378996581970319046e-02
4.422040902455905836e-02
5.704969006164870016e-02
6.048226641821345673e-02
5.414573359594242880e-02
3.821807175146377938e-02
1.488632239447335373e-02
-9.149699615898475302e-03
-2.706536203205543029e-02
-3.643512726130545415e-02
-3.911054805714563043e-02
-3.762301951491992674e-02
-3.205453447682916901e-02
-2.329663626027281276e-02
-1.172672879554416750e-02
2.506789648385901112e-03
1.700215165474690607e-02
2.993987598858859414e-02
3.913221644643342934e-02
4.434831480457348402e-02
4.791121659885048262e-02
5.046695047092561448e-02
5.178369235082543737e-02
5.030132293312401109e-02
4.444639918830436270e-02
3.398560202585660522e-02
1.989268544696849370e-02
4.225766600093465095e-03
-1.364936451490620685e-02
-3.708473766476483996e-02
-6.855956079751077126e-02
-1.080950755481674408e-01
-1.545216109355125600e-01
-2.064360031368984993e-01
-2.590166710646039649e-01
-3.026831750837088442e-01
-3.257794000955067659e-01
-3.160802409757047515e-01
-2.629885962474198258e-01
-1.574991039410814642e-01
-1.839520849426251256e-02
1.080304670218907998e-01
2.062441144260167558e-01
2.800764119190253809e-01
3.223657081831707849e-01
3.347949937268512866e-01
3.258544919125352379e-01
2.986580942715850728e-01
2.546272813148005576e-01
1.987573201131912215e-01
1.391228789992299819e-01
8.550186334205557570e-02
4.289681937516816312e-02
8.331522886828288815e-03
-2.302874603058068306e-02
-5.237415425409717995e-02
-7.664993407151153570e-02
-9.182036839665053130e-02
-9.847083810890694400e-02
-1.013427126468077200e-01
-1.003627538751363790e-01
-9.394964687811531434e-02
-8.629843222433654371e-02
-8.216626215727235172e-02
-7.967870597936047017e-02
-7.341359171306011122e-02
-6.060255869046804467e-02
-4.341059619159490235e-02
-2.703823055934597222e-02
-1.448556679085745078e-02
-5.770043832425486921e-03
7.025964500081745973e-04
7.592547582776512649e-03
1.800552669255488930e-02
3.196328936037232116e-02
4.613369149471742425e-02
5.573269556940056713e-02
5.578082149260921857e-02
4.516113065874854254e-02
2.908782124765301597e-02
1.669710470933626761e-02
1.149425439848800364e-02
9.985536863722875925e-03
9.801161684203670357e-03
1.122572444199189043e-02
1.398705270080300225e-02
1.546662958229346602e-02
1.411618621452994347e-02
1.032671074576347464e-02
3.382118840522511764e-03
-5.868734988483181175e-03
-1.360231650467976644e-02
-1.465992697461278478e-02
-2.344627170746954939e-03
2.138060881079617559e-02
4.463900305090721943e-02
6.227461787737106902e-02
7.597421193861134125e-02
8.582567380143003855e-02
8.897988932554908026e-02
8.114721769938536278e-02
5.914480043371832946e-02
2.338245737646076766e-02
-2.209597900462496531e-02
-7.375731127318357894e-02
-1.301149663017701352e-01
-1.893980059763680779e-01
-2.487028830657706802e-01
-3.031368105730614659e-01
-3.436077412136371856e-01
-3.584076781885253693e-01
-3.359674879987674112e-01
-2.712973206074117405e-01
-1.662815885280232442e-01
-1.498588970125885877e-02
1.590317552711504878e-01
2.939815870700729361e-01
3.663175681884716095e-01
3.876304491168273691e-01
3.674972737093643582e-01
3.175781647799898466e-01
2.489368991489286087e-01
1.707386236780633615e-01
9.178459021410323437e-02
1.998778026597396867e-02
-3.886903069063416677e-02
-8.048781730171705728e-02
-1.013967425285507984e-01
-1.000361756395506951e-01
-7.621787377453859147e-02
-3.779175460634441597e-02
-2.135462187258973382e-03
2.198469195750975269e-02
3.615853219377399702e-02
4.286987669571200310e-02
4.543231501782043352e-02
4.516989793261969033e-02
4.010556686462284082e-02
2.900231700805737389e-02
1.291219998088647541e-02
-6.688693133943143798e-03
-2.901681248057923906e-02
-5.403487941876367051e-02
-8.047768462840289294e-02
-1.071442294941924861e-01
-1.342355841808159089e-01
-1.586641807119005265e-01
-1.740821455535902784e-01
-1.718591787353290212e-01
-1.418135946735032127e-01
-7.931803383069002678e-02
-2.260768861103348154e-03
5.931845879323893039e-02
1.007642294462147703e-01
1.278118051561825119e-01
1.350178918327635258e-01
1.236780938476606806e-01
1.032579287583803296e-01
8.186379497459603249e-02
6.287094307689529427e-02
4.507708997872440088e-02
2.751362328455291689e-02
1.089980618673875093e-02
-5.139594155359883745e-03
-2.159183287474825130e-02
-3.677503413672999349e-02
-4.765190642205719557e-02
-5.272944424287806520e-02
-5.354100092364880159e-02
-5.201369833114130592e-02
-4.808608821330120908e-02
-4.250519869624529157e-02
-3.673074456307136998e-02
-3.031514928594961425e-02
-2.104057774587834995e-02
-7.346436667448963745e-03
9.378809219656916024e-03
2.684991967857432160e-02
4.391049662716073332e-02
5.901620846483703747e-02
7.116044762032702753e-02
8.010477324004880439e-02
8.551854661476875064e-02
8.625929172280921708e-02
7.949120214678277729e-02
6.294945506556995363e-02
3.748714814992881728e-02
7.542884209128134648e-03
-1.963313185042201911e-02
-3.768901519041386455e-02
-4.580620201965270033e-02
-4.578124374378248623e-02
-3.785301902630526516e-02
-2.247939867016672533e-02
-4.929991687748977447e-04
2.865813244828650797e-02
5.911744702649107674e-02
7.665390408684083501e-02
7.274454502515453891e-02
4.913575296830170053e-02
1.059152345804611692e-02
-4.020878907244857664e-02
-9.875721627681717518e-02
-1.576405700904008056e-01
-2.114774756665915856e-01
-2.555878822239424641e-01
-2.840096080273900592e-01
-2.913796077722014544e-01
-2.710714295615309077e-01
-2.135540557593847699e-01
-1.076870927128921462e-01
3.074134491389440837e-02
1.522887939621993258e-01
2.338817371155432201e-01
2.825467829928642871e-01
3.005468698458267918e-01
2.907668670810283906e-01
2.606736483274493810e-01
2.190333031003056097e-01
1.733918239606445089e-01
1.290359224471918087e-01
8.759259331085703093e-02
4.302152500509546368e-02
-6.665833274792630839e-03
-5.073620851825505484e-02
-8.214140214387723182e-02
-1.038127014472836895e-01
-1.179709119586742350e-01
-1.218069917417903547e-01
-1.146098261349573211e-01
-9.901051891268566885e-02
-7.681101160986801568e-02
-5.078431921015992556e-02
-2.633939747875568838e-02
-7.983794601816758540e-03
4.534874120182334940e-03
1.269699165194261396e-02
1.649130563659421261e-02
1.648455704561597318e-02
1.340063298693085388e-02
6.737167771296143776e-03
-2.396766348910602494e-03
-9.707293478314640151e-03
-1.278038768519414170e-02
-1.329534030851740357e-02
-1.199710912326463867e-02
-8.015424147632538299e-03
-1.566778493482422902e-03
7.273195907379228706e-03
1.681708865348065934e-02
2.228635610882338455e-02
2.008792602684471296e-02
1.085893410604886131e-02
-1.132637237031357789e-03
-1.143272300425863738e-02
-1.735413415122961933e-02
-1.852515209481044381e-02
-1.582549289075987214e-02
-8.873199628081411550e-03
-3.778990807086733683e-04
3.035180163736846300e-03
1.047877022889443389e-03
-3.226783727748451340e-04
1.465126387162125898e-03
5.018184976735288322e-03
8.645165228860132028e-03
1.118951262975788168e-02
1.123476169221451423e-02
8.062408407252232012e-03
4.144102033238169364e-03
1.867196662636610299e-03
1.068631575892085113e-03
1.409777833709759077e-03
3.705200278233435063e-03
7.377372671590115213e-03
1.086913403517157650e-02
1.502894771749289579e-02
1.924648203424766252e-02
2.217242762821038105e-02
2.374398838018209820e-02
2.342913555156942232e-02
2.223985056139761787e-02
2.134085042993355552e-02
1.906801165168425446e-02
1.125396879224453348e-02
-3.447480698823075524e-03
-2.003379434325066807e-02
-3.205239650984550298e-02
-3.670465922110775076e-02
-3.539727673610849196e-02
-3.177316023711683479e-02
-2.926279294811193893e-02
-2.943811046143155266e-02
-3.149575204250737448e-02
-3.437577656693322631e-02
-3.785749804235111898e-02
-4.052411058412277306e-02
-3.979977024701711330e-02
-3.421360537648886896e-02
-2.359588894675043041e-02
-9.149994572207395885e-03
8.535375886101700255e-03
3.087111309408553314e-02
5.563425686049601471e-02
7.709714273797615980e-02
8.939338312844841150e-02
8.838273882002573023e-02
8.044262813197046447e-02
7.671563418598290052e-02
7.870293171622916306e-02
8.213021091480195157e-02
8.320333761036101394e-02
7.886007044710290070e-02
6.919573935761484662e-02
5.534701196189526634e-02
3.699288841859429966e-02
1.681418523694522618e-02
-2.205002463702518400e-03
-1.963451368729402305e-02
-3.975996229738214260e-02
-7.185819846608565431e-02
-1.176782192793656145e-01
-1.696547552630315314e-01
-2.209153691396029406e-01
-2.681958294966427236e-01
-3.085747577124705598e-01
-3.374326159077704057e-01
-3.469547790445852709e-01
-3.239595677993102885e-01
-2.522824968574434168e-01
-1.152877502036507018e-01
6.403998739919701533e-02
2.196729547406012228e-01
3.221223785110510773e-01
3.809042638999189934e-01
4.021069695987470327e-01
3.903901582839596207e-01
3.538940775378728865e-01
3.027171387782615630e-01
2.421993670715715252e-01
1.737486050345339317e-01
1.038616775688585570e-01
3.946389966105415953e-02
-1.815895617177525068e-02
-6.819799654746616646e-02
-1.094083328933591615e-01
-1.409395304245026903e-01
-1.634750672578069719e-01
-1.789861394627331737e-01
-1.883176893001828889e-01
-1.909810212460571477e-01
-1.823485121414374355e-01
-1.584287994665128652e-01
-1.229877425602608487e-01
-8.105101068171381706e-02
-3.110594857333487395e-02
2.230219668021477322e-02
6.360238938614286297e-02
8.827616642378652290e-02
1.028541546919696514e-01
1.100489551273405170e-01
1.090621551634197994e-01
9.851405647436575763e-02
7.961505984400209235e-02
5.740431760834668884e-02
3.609020064378017784e-02
1.782903144452674740e-02
1.170298310196156259e-03
-1.823716612290838396e-02
-3.941650812463066977e-02
-5.926033469005635712e-02
-7.523757355634462518e-02
-8.383273305746137549e-02
-8.670918246138352437e-02
-8.739719972495797740e-02
-8.479334755453508954e-02
-7.598819179768619148e-02
-5.830707069708766094e-02
-2.905163358395455170e-02
7.162328980272092589e-03
3.982846518929925028e-02
6.647239361192466833e-02
8.952036511771066518e-02
1.071399403209866569e-01
1.157316892450328816e-01
1.153287292776639106e-01
1.090680546449416255e-01
9.914133909768750585e-02
8.464417847773472725e-02
6.464625935918992539e-02
3.819115661487435670e-02
3.102711792127748128e-03
-3.729635168422226754e-02
-7.463254456719861651e-02
-1.012154477075632997e-01
-1.138233052064204637e-01
-1.134663929824955564e-01
-1.042554565624606439e-01
-9.385309127903168624e-02
-8.592451339755344253e-02
-7.758958785972601413e-02
-6.553391344728277945e-02
-4.557509791641813079e-02
-1.628527560049128700e-02
1.642803931244365620e-02
4.856118817013997668e-02
8.156354048394756640e-02
1.182647306665527143e-01
1.540640167490815726e-01
1.768661144919463635e-01
1.836200641313051607e-01
1.785540701037939826e-01
1.635669389200780921e-01
1.363205475257140697e-01
9.179397413547504825e-02
3.289644699019939056e-02
