1.894833059996682209e-02
-6.346243432249340163e-03
-3.022440789806219233e-02
-5.050294034266577387e-02
-6.144595959369131277e-02
-5.558003906665723304e-02
-3.146354964690531442e-02
2.157886174474389282e-03
3.161683170407413729e-02
4.514793082215443065e-02
4.031716929470285232e-02
2.569064896395523850e-02
1.153055465191470813e-02
3.155094836171819933e-03
2.575526134303652258e-03
8.359149995561990232e-03
1.437444887481743178e-02
1.329590727018706807e-02
1.064849012586190644e-03
-1.957028396269375539e-02
-3.843448092206176031e-02
-4.616799421117608049e-02
-4.246638005010269779e-02
-3.231242769103160467e-02
-1.948091859472955018e-02
-6.717260580926072942e-03
3.121893962796453391e-03
9.134719811336467973e-03
1.294300049304952620e-02
1.799605035933903030e-02
2.721172548498148464e-02
3.867313786313787694e-02
4.681813701406534883e-02
4.675329855846085958e-02
3.445783641193485292e-02
8.291237851383180882e-03
-2.645427827263949205e-02
-6.106978781595061301e-02
-9.067977873279567391e-02
-1.145363128879823000e-01
-1.332043532473356495e-01
-1.467660708259538871e-01
-1.548078809998494343e-01
-1.540877232007998587e-01
-1.370848143573245581e-01
-9.680991387008797133e-02
-2.817993087164845367e-02
5.919638009984395932e-02
1.376144715724650913e-01
1.902145197041407443e-01
2.178809248066339022e-01
2.229027033104931943e-01
2.070709661299937887e-01
1.777102422625790878e-01
1.417116146053574166e-01
9.860468704352259861e-02
5.128441012683216532e-02
1.102123305881561044e-02
-1.349197038388610936e-02
-2.422476980032973667e-02
-2.866397315380476638e-02
-3.016758694014905900e-02
-2.895143501539769806e-02
-2.705191690343629329e-02
-2.833727486306062207e-02
-3.321334835047853179e-02
-3.567768085476358264e-02
-2.955237660219737356e-02
-1.604173942313126891e-02
-4.843285514150653601e-03
-5.443202893145916016e-03
-2.254361138236641096e-02
-5.451594791589158689e-02
-8.787395898582135711e-02
-1.087021658098131505e-01
-1.153727258778468878e-01
-1.123644323228665948e-01
-1.034032891451191899e-01
-8.972033999586898068e-02
-7.020432791863137623e-02
-4.459408604972012885e-02
-1.497690050437230219e-02
1.349954323497775180e-02
3.443522723564672317e-02
4.611481363024501345e-02
5.235139563324475026e-02
5.966301449344819929e-02
7.030514628941179900e-02
7.895666852907939903e-02
7.989847954278000985e-02
7.356438018613778440e-02
6.586779988076432724e-02
6.109731900580930158e-02
5.870051851286663125e-02
5.566990549481723449e-02
4.973026394149569762e-02
4.121362885563822215e-02
3.188072810377090560e-02
2.178346505406964298e-02
7.024407123568989983e-03
-1.607953118612145613e-02
-4.220761181908781051e-02
-6.180329181711023689e-02
-7.259971548477614500e-02
-7.610033144705719010e-02
-7.269281984085361470e-02
-6.243789948175701432e-02
-4.206891855112383782e-02
-8.985939647994167084e-03
3.092865788335712185e-02
6.825609493110533499e-02
9.416271567229470008e-02
1.016949803321203494e-01
8.835954789973142487e-02
5.721959103130318247e-02
1.580487421816103438e-02
-2.740671345251718960e-02
-6.470639743614092776e-02
-9.240845204611106145e-02
-1.134897830978630479e-01
-1.333907770559148720e-01
-1.532368513784164443e-01
-1.692773640654116896e-01
-1.730860720520403517e-01
-1.550202225649669752e-01
-1.099619536717961060e-01
-4.720056926577150674e-02
1.127543590845987709e-02
5.470569554439392440e-02
8.796286174319684070e-02
1.153283868052208949e-01
1.344011234002512600e-01
1.446452246279364973e-01
1.506760184895036270e-01
1.525921409942074258e-01
1.504163649865381813e-01
1.458404704103395677e-01
1.368889687996339699e-01
1.265218512972383635e-01
1.153199539630356679e-01
9.676508019037692587e-02
6.713577381762865504e-02
2.532775296133288334e-02
-2.624921159129989939e-02
-7.852083210264511337e-02
-1.184452277047337854e-01
-1.379911982136539927e-01
-1.404148803817307500e-01
-1.325888779653615068e-01
-1.183450442516580520e-01
-1.036384307061372217e-01
-9.505968882999812908e-02
-8.937380378212188281e-02
-7.828878104565327456e-02
-6.073448777617695277e-02
-3.941206180853724927e-02
-1.610418906570345449e-02
7.588004343830949579e-03
3.293032400292073697e-02
6.177495191544125214e-02
8.991291940585496856e-02
1.093653564414207024e-01
1.140389170628315768e-01
1.007073980317152173e-01
7.290673083353889361e-02
3.979738972959061261e-02
7.781105811871655807e-03
-1.897596210765492217e-02
-3.780391751006267204e-02
-4.924265908556952481e-02
-5.367915882884359557e-02
-5.047082821162449107e-02
-3.960061454631637334e-02
-2.230950291682329278e-02
-5.315204305428380960e-04
2.372729562820636781e-02
4.732170222212680327e-02
6.467862302007292008e-02
6.836766513780459520e-02
5.706683794025715906e-02
3.639477913504243767e-02
9.444129558925349471e-03
-2.168551123726335933e-02
-5.478769941505352847e-02
-9.014494932110608816e-02
-1.268342147628587491e-01
-1.572983887084556109e-01
-1.693494865683423944e-01
-1.574424481558926725e-01
-1.238069156309767049e-01
-6.846232190887986679e-02
-3.064896670426892934e-03
4.585792282483715232e-02
6.799778842798226419e-02
7.123065212679277614e-02
6.540243672135570563e-02
5.858943167933552271e-02
5.614453523295660081e-02
6.049668119368920016e-02
7.205224366310444828e-02
8.846402476344192300e-02
1.048971689872182506e-01
1.165220714393266355e-01
1.199188801614987365e-01
1.161862884397339563e-01
1.074115422660255892e-01
9.152735039393898597e-02
6.916454130179647275e-02
4.789510093317189687e-02
3.209592408145810205e-02
1.986771905453445231e-02
7.297179878554226756e-03
-1.097711858899944395e-02
-3.769546233670066637e-02
-6.974171750794354308e-02
-9.934148307799312017e-02
-1.231458867428874004e-01
-1.468783968649735872e-01
-1.725080981313184547e-01
-1.935495672972119274e-01
-2.025083588513572896e-01
-1.955098114576837021e-01
-1.743603201274416814e-01
-1.399121446037643879e-01
-8.853134068835687154e-02
-1.754447947340164946e-02
7.134997856826817697e-02
1.612627271442301780e-01
2.252857872224696967e-01
2.529433118146368065e-01
2.479415207000790489e-01
2.123016339384647122e-01
1.509110700759884460e-01
7.931071472925410593e-02
1.565229920207103845e-02
-2.947662332985054312e-02
-5.177494427749058936e-02
-5.195525251718162429e-02
-3.951438982031062197e-02
-2.942370700042853948e-02
-3.007495327200129798e-02
-3.913879452456085761e-02
-4.706099320638971323e-02
-4.477368765728945155e-02
-3.436636951642508403e-02
-2.557113210668764125e-02
-2.271482061563626781e-02
-2.321429109651812137e-02
-2.189745948007628881e-02
-1.766450807803574344e-02
-1.540893570713585368e-02
-1.400465372291520919e-02
-7.085684099455160333e-03
6.420944902095895856e-03
2.470819068697437462e-02
4.546552767977058568e-02
6.354164387815934567e-02
7.170358743868518459e-02
6.470279811069952480e-02
4.085621592835841920e-02
9.027011920882122009e-04
-4.606576035250055379e-02
-8.156403374282389374e-02
-9.316331197232075034e-02
-8.614547143701606347e-02
-7.316116735648006686e-02
-5.936239618536416629e-02
-4.674265349977912987e-02
-3.949546948042682165e-02
-3.866490779226514768e-02
-3.823293944116533394e-02
-3.112379250606178704e-02
-1.713640354970295820e-02
3.512492075753480616e-04
1.842751240786331957e-02
3.436448370012520209e-02
4.633821203315662690e-02
5.524163660750112947e-02
6.295985839423545727e-02
6.899973471990453189e-02
7.352578272548669636e-02
7.552162220478973731e-02
7.196497943978934220e-02
6.553928544186196636e-02
6.076741377656218884e-02
5.674460524038629772e-02
4.923049715807843729e-02
3.506388690764192240e-02
1.571019355336597534e-02
-1.441880373520056449e-03
-1.008962359411399480e-02
-1.171735722019640914e-02
-1.233347984642529406e-02
-2.067176401224938773e-02
-4.251722375283002037e-02
-7.000435101014090833e-02
-8.850671925123272665e-02
-8.875746942247730864e-02
-6.952630371978932300e-02
-4.005765026324470401e-02
-1.240744300208950629e-02
8.015237226587829805e-03
2.139062476445145397e-02
3.086360009161535217e-02
3.843897186656644593e-02
4.190624116132900950e-02
3.941417416010953301e-02
3.204264065069321876e-02
1.886639748671452982e-02
-3.798966138737281187e-04
-2.153201589301171823e-02
-3.875251876394901485e-02
-4.971707490993999834e-02
-5.825248098090137633e-02
-6.485623740505126744e-02
-6.422146620969985953e-02
-5.514694514812854692e-02
-4.100656562477811989e-02
-2.236388870750588218e-02
3.642770120994554255e-03
3.140523880725660383e-02
4.789479700934015649e-02
4.954903061036509265e-02
4.148310013097478155e-02
2.788252229757617537e-02
1.152551343610853408e-02
-2.128195171455057010e-03
-7.201158914451677613e-03
-2.929812777564495384e-03
7.389268464928886240e-03
1.976590490808000436e-02
2.915431607533522373e-02
2.954316012832135241e-02
2.100508748080389537e-02
1.136961280243475696e-02
5.448491935937890308e-03
1.533549242683145651e-03
-2.039912683114159485e-03
-6.189839220066676619e-03
-1.113979406887910702e-02
-1.425254366748208122e-02
-1.226940922942172142e-02
-3.864623977672236761e-03
1.086311731437724845e-02
3.201762125932130360e-02
5.610127935945209698e-02
7.462251606392565628e-02
8.312621193275734899e-02
7.841140100433011129e-02
5.400031725971266017e-02
1.033146280761479754e-02
-4.048928990800607086e-02
-8.278095328320227153e-02
-1.095674614175685124e-01
-1.215192737939424228e-01
-1.186751959886850477e-01
-1.030160162145054431e-01
-8.035101327660579273e-02
-5.527564397813312935e-02
-3.171064634338343485e-02
-1.453398154459977637e-02
-4.791951575870654137e-03
2.812808042206540321e-03
1.445244022583342704e-02
2.970958372324730007e-02
4.463971253614127527e-02
5.795172721086003925e-02
6.843696120466223609e-02
7.373242493409393195e-02
7.333275323797017187e-02
6.492691215597141963e-02
4.412536351085594166e-02
1.320759019984591928e-02
-1.651543912210122131e-02
-3.388743307841461661e-02
-3.722135805212264947e-02
-3.095881916861021460e-02
-1.932788235898678930e-02
-4.832942177066994541e-03
9.852324721934237195e-03
2.039876895667402587e-02
2.297447106739251843e-02
1.692524402930761090e-02
9.014131654479102737e-03
8.286750553956837712e-03
1.432377396736170955e-02
1.994067011424900671e-02
1.995786662369002443e-02
1.665171904356290214e-02
1.856056759484522173e-02
3.087213061093870350e-02
5.187791355193627219e-02
7.199388147748694844e-02
7.870987303157109261e-02
6.667121612230256233e-02
3.929134709588691377e-02
2.082522941469446952e-03
-4.291349416305142300e-02
-9.023718625450410924e-02
-1.293881968271024530e-01
-1.523161664703516771e-01
-1.563283327095260355e-01
-1.462855024148154992e-01
-1.289729246407774477e-01
-1.032076861596497586e-01
-6.529287553285198498e-02
-1.392821994061822083e-02
4.840443645846446291e-02
1.062173012031461944e-01
1.402759629811992648e-01
1.453623288374462919e-01
1.278032909099814651e-01
9.658212667859780720e-02
5.711274031480424729e-02
9.903019256476627147e-03
-3.896389946314499086e-02
-7.469536392499331878e-02
-8.845622971419468683e-02
-8.455218183849216862e-02
-6.770668720503274229e-02
-4.212632385471638818e-02
-1.910519254901173886e-02
-3.964150075174459158e-03
7.386201158371152355e-03
1.877266716236026742e-02
2.981009428964003644e-02
3.576582421841364295e-02
3.426512767759631872e-02
2.930172167221772525e-02
2.511557725709712141e-02
1.967429721717431010e-02
1.003530022911139005e-02
-9.756509753513931821e-04
-7.526389498233101126e-03
-9.325664461624907572e-03
-8.656102503914103741e-03
-8.443147475956733899e-04
1.681418271101902534e-02
3.931666953166589040e-02
5.968882507141680394e-02
6.892179911499540790e-02
5.778222958159250078e-02
2.681427569348425813e-02
-1.045261984866476500e-02
-3.869426428410678576e-02
-5.046629991444505359e-02
-4.572156794837042154e-02
-3.040916216993733504e-02
-1.310847739769564931e-02
1.466426977451095598e-03
1.401584576387797376e-02
2.642275663110403225e-02
3.663358036343174196e-02
4.285219697134862171e-02
4.251630939173185741e-02
3.240378444210478825e-02
1.578215939313182964e-02
-5.343876415708818071e-03
-3.145668686124884067e-02
-5.847037932461963960e-02
-7.905717901274485204e-02
-8.872487560878702939e-02
-8.779420385308994712e-02
-7.873199162339729329e-02
-6.740473190568949113e-02
-6.010763592250176202e-02
-5.714109398686639807e-02
-5.316165053520183204e-02
-4.076366705793294659e-02
-1.169335245728632920e-02
2.742130596300086307e-02
5.662930992529801449e-02
7.131631130280548236e-02
7.767754951062913471e-02
7.905556286042060565e-02
7.682024310261395539e-02
7.093689648906253975e-02
6.237126075288670912e-02
5.252723002981025263e-02
4.340025890123860863e-02
3.576470651872960121e-02
2.858014005201124294e-02
2.378100989512789420e-02
2.282362008848829588e-02
2.218485268892596285e-02
1.711362950694321483e-02
3.874663040003975805e-03
-1.775776995001717914e-02
-4.264424616096955389e-02
-6.325741628497960622e-02
-7.513746649496089169e-02
-7.895068211440263439e-02
-7.604245375079578262e-02
-6.742619739500224640e-02
-5.494837489472040315e-02
-3.984209273882331065e-02
-2.268343540429213628e-02
-3.962915086416159832e-03
1.579947647088302334e-02
3.354527830531080224e-02
4.580229979927417233e-02
5.542127995966290854e-02
6.727546907978779189e-02
7.926283300661013387e-02
8.421527459889638356e-02
7.836681367882628035e-02
6.296025936550866953e-02
4.173041337625618685e-02
1.815237703765184771e-02
-5.626527657087791387e-03
-2.767318954720997953e-02
-4.721691835943386123e-02
-6.365390556726956139e-02
-7.573369924667455733e-02
-8.210308689213893785e-02
-8.271719304349998969e-02
-7.832738826910105867e-02
-6.927375515147331242e-02
-5.681347984286493069e-02
-3.976221035808179954e-02
-1.731268665159459152e-02
6.586969413977355678e-03
2.846052466123177513e-02
4.653946994763203532e-02
5.960137269232448909e-02
6.623938762508670142e-02
6.655777654719217951e-02
5.889288767506579286e-02
3.707916131501744206e-02
2.677936197002598814e-03
-3.320193121660743041e-02
-5.960391037928116503e-02
-7.012174489260708521e-02
-6.575498195743337271e-02
-5.223089827532791107e-02
-3.083254217092454633e-02
-9.485250743480845223e-04
3.087135282567975841e-02
5.619447824611038811e-02
7.171821286792530448e-02
7.808414044769443341e-02
7.586833596340525343e-02
6.484129860082206431e-02
4.771272212790063361e-02
2.932484324336915096e-02
1.253790390328080560e-02
-2.218857403798631112e-04
-6.884766257587084104e-03
-1.015486125401110669e-02
-1.520749103246257783e-02
-2.537660014821150820e-02
-3.991291792203247729e-02
-5.550485054200772483e-02
-6.758200642933895330e-02
-7.101743194579414331e-02
-6.530973515987434364e-02
-5.334836148731127159e-02
-3.810715832709534595e-02
-2.111749679875610589e-02
-3.190827195918020335e-03
1.320462675483394244e-02
2.576165856217057376e-02
3.448510530672543178e-02
4.200305608483354686e-02
5.028266144114869329e-02
5.841901105872478184e-02
6.398554710852254190e-02
6.417870395064355360e-02
5.649262443943428580e-02
4.010246925609244756e-02
1.983146037078671944e-02
4.328122928535281001e-03
-2.477748359446043346e-03
-4.147957719456842052e-03
-7.244895402455502412e-03
-1.369078877619895815e-02
-2.060139085751211754e-02
-2.830881160585616702e-02
-3.819371809337376161e-02
-4.669815132858944756e-02
-4.904358672771706729e-02
-4.442592587727443865e-02
-3.510974765469616204e-02
-2.312136883154993633e-02
-1.193662726790938738e-02
-6.475460621833409140e-03
-8.423006748909750430e-03
-1.390059437882838755e-02
-1.699592317461183846e-02
-1.308873473822264218e-02
-1.032068749274500218e-03
1.620004478422311378e-02
3.692448126273640413e-02
5.899599055996895131e-02
7.720918451139698047e-02
8.613310012892692880e-02
8.209459088183010400e-02
6.460930414010408740e-02
3.386478272048169813e-02
-5.036713807414197955e-03
-4.060105099321460048e-02
-6.512979323712868307e-02
-7.648007995377917312e-02
-7.576218909208984331e-02
-6.854061584354720349e-02
-6.050701093356676552e-02
-5.317412984337915871e-02
-4.841686396049143387e-02
-4.736887129632569998e-02
-4.682231323780151888e-02
-4.366031213274355893e-02
-3.599070606521478921e-02
-2.395380189912625982e-02
-9.849007603138358602e-03
5.840862719864687441e-03
2.451369004783282915e-02
4.550687637413197706e-02
6.328254456269506723e-02
7.213460313489489240e-02
7.206464940847692735e-02
6.666480836012561584e-02
6.444504933545262826e-02
7.247140801782518682e-02
8.587771123801574147e-02
9.588171061664607642e-02
9.640180765104296168e-02
8.413662199931677688e-02
5.843409458852202865e-02
2.105661561603398499e-02
-2.192386627555396525e-02
-6.014472404448786141e-02
-8.324430231952395509e-02
-8.927246591291945754e-02
-8.381137199803564974e-02
-7.152813555467540940e-02
-5.484957382220127103e-02
-3.639756177390704450e-02
-2.011966041964230456e-02
-1.129447369493268016e-02
-1.431299559968345937e-02
-2.762702597807999497e-02
-4.254436421834553034e-02
-5.089344320095087748e-02
-5.151458546145252365e-02
-4.606176591345265831e-02
-3.437582462007295059e-02
-1.844521312914239319e-02
-2.965422229293255933e-03
8.497954708185533057e-03
1.538295871150420144e-02
1.934319159272995109e-02
2.322778246739320984e-02
3.227393807188960739e-02
5.045382077321538400e-02
7.324699467352603632e-02
8.976744127516593508e-02
9.317473495767121527e-02
8.283386596481769060e-02
6.110469491604894610e-02
3.144810827492901945e-02
-3.018909519003310123e-03
-3.644733348061277717e-02
-6.209388970436795219e-02
-7.740451539294923577e-02
-8.249691306816109293e-02
-7.931261315010448842e-02
-6.934423577809806227e-02
-4.936915735071595313e-02
-1.738601917336550159e-02
2.165861353651729951e-02
5.949221233296939082e-02
8.681997131059121520e-02
9.380868258182224750e-02
7.571867583059560536e-02
3.818854771268931358e-02
-7.780463886895884473e-03
-5.246893558746762443e-02
-8.745265097349495809e-02
-1.059471347192171148e-01
-1.059215253288076364e-01
-8.912864157683822453e-02
-5.934504441783321899e-02
-2.277072580263225093e-02
1.295993281498124608e-02
4.194220087104166134e-02
6.430770383860956452e-02
8.471934106836424838e-02
1.069158823775265554e-01
1.305278606160650556e-01
1.511346276530786958e-01
1.634333439221805073e-01
1.624795800283955483e-01
1.427943240352993748e-01
9.992090028865815987e-02
3.568955315597378136e-02
-3.866498109804537148e-02
-1.089514484013203166e-01
-1.644112516160742277e-01
-1.983337599918199023e-01
-2.095291061583987036e-01
-2.012427083863864707e-01
-1.773480520893183920e-01
-1.451025295663039838e-01
-1.136451080755004062e-01
-8.426037625430340960e-02
-5.233267783628110792e-02
-1.109574552071456582e-02
3.557400834711146875e-02
6.951509920497189743e-02
8.382240794751572022e-02
8.401007736504025047e-02
7.418840661723295760e-02
5.885767551854452495e-02
4.379362783018121708e-02
3.226855479576175301e-02
2.469493243456905365e-02
2.025272598835103910e-02
1.997630245884881098e-02
2.783047257929560300e-02
4.345344994059698734e-02
5.710829603156382384e-02
5.751732273547276175e-02
4.583893455362159086e-02
3.438028343826877303e-02
2.932219109676544033e-02
2.699693183765372248e-02
2.401895018542417326e-02
1.768554934707742415e-02
4.847638883422721728e-03
-1.447729016167227656e-02
-3.892757891326602965e-02
-6.325169379194985064e-02
-7.793252089060626053e-02
-7.936427549052096908e-02
-6.913175667196375107e-02
-5.058811150366259585e-02
-3.067965471044782622e-02
-1.393475247319115110e-02
1.537608405797578903e-04
1.363646122885818664e-02
3.000209012783797841e-02
5.207395179434446547e-02
7.676142999406368461e-02
9.379262879464382585e-02
9.362599417192735141e-02
7.669631332039328342e-02
5.037434237974858925e-02
2.094578982183890534e-02
-7.624637457248784056e-03
-2.962790627831458218e-02
-3.968958026655872162e-02
-3.931051404345502903e-02
-3.402273813101752004e-02
-3.013044133780884079e-02
-3.234703371331727750e-02
-3.934644175618352141e-02
-4.647518676926722797e-02
-5.091964042313049110e-02
-5.461121690689602071e-02
-6.413946180864940616e-02
-8.096852624394541842e-02
-9.063964846117152085e-02
-8.062577768807072109e-02
-5.550997327099616019e-02
-1.888463396257614862e-02
2.643877089089356411e-02
6.888777759564902736e-02
1.009967758206630484e-01
1.233910970829263931e-01
1.370211101418319366e-01
1.421410308186191462e-01
1.380475411590744439e-01
1.224142680985496334e-01
9.598202003673592109e-02
6.434978555039885806e-02
3.146998464846147148e-02
-1.823240910376408216e-03
-3.246829506981823571e-02
-5.970888060364134414e-02
-8.605777962527401403e-02
-1.111707989315063316e-01
-1.352107841101398977e-01
-1.570183373000336169e-01
-1.728652822881712736e-01
-1.814151513807797655e-01
-1.818821418206045260e-01
-1.691008560225199797e-01
-1.285349469511112841e-01
-6.123551810214515612e-02
7.508806918791775982e-03
6.665084549533209501e-02
1.177146556657815146e-01
1.574465449743585599e-01
1.813951483581859037e-01
1.861518039406402925e-01
1.757538321955653959e-01
1.567923720258675435e-01
1.273697880754021405e-01
8.439927720182713311e-02
3.609682596155176781e-02
-2.949025147822038548e-03
-2.543296113088896332e-02
-3.351259511542253877e-02
-3.219680442610024784e-02
-2.622438328643341213e-02
-2.120973328600430155e-02
-2.434310372898422503e-02
-3.745616233391318300e-02
-5.343386822590607405e-02
-6.237249181408771603e-02
-5.730226691969999425e-02
-3.807222481954021520e-02
-1.156039784468027541e-02
1.149913897104591805e-02
2.201192186453494390e-02
1.771809267994029977e-02
2.502626003928007208e-03
-1.450191841689854426e-02
-2.216451763421573712e-02
-1.726977651972132211e-02
-6.811084249216231221e-03
-1.358904917859283341e-03
-6.718817076787265974e-03
-1.702651889779783004e-02
-2.133838726468911123e-02
-1.625287579399638249e-02
-5.609253536183824579e-03
5.886365816567296592e-03
1.447410102639637951e-02
1.802943957405405556e-02
1.814760904861545399e-02
1.988360890794991370e-02
2.275586683519460057e-02
2.073017459588573017e-02
1.593510885806703400e-02
1.477390109968988036e-02
1.778921338056415127e-02
2.164913135896929380e-02
2.362814518300212704e-02
2.319485740008610242e-02
1.939481617495066035e-02
8.838046276355092032e-03
-1.058244336930656837e-02
-3.407099174990034507e-02
-5.133663834657949121e-02
-5.436895259628450605e-02
-4.453866624047966155e-02
-3.003173536003747590e-02
-1.784745132671862466e-02
-1.041458186614217102e-02
-5.229304744456669644e-03
7.773623992303600088e-04
5.386794518394397158e-03
4.183437422024005072e-03
-3.838637625131661492e-03
-1.605157584843839094e-02
-2.704247163917574207e-02
-2.977101657954660599e-02
-2.110639515226991197e-02
-5.128362859127976250e-03
1.116596622596871015e-02
2.112744513377566927e-02
1.932245017910288326e-02
6.432542760497253140e-03
-8.804465013105737883e-03
-1.864473764805718928e-02
-1.914832465045148216e-02
-5.507860656818602818e-03
2.209584327355419014e-02
5.544367181477691947e-02
8.403814423656902344e-02
9.834853393107972908e-02
9.291448036230534613e-02
6.981783210529977912e-02
3.890488464092056731e-02
1.235858208160508197e-02
-3.477574139065573930e-03
-9.490885273183247844e-03
-1.050406186780976706e-02
-1.351646516595481420e-02
-2.140379332989935518e-02
-3.037026791689278332e-02
-3.703697772168414865e-02
-4.093446207194116615e-02
-4.240202727148524586e-02
-4.291750121940245827e-02
-4.684958103215747238e-02
-5.719414510628409443e-02
-6.637182000107967605e-02
-6.126145186261684750e-02
-3.854502525574400595e-02
-5.380741361560446162e-03
2.967914666586655287e-02
5.778813854725173976e-02
7.067438302634991565e-02
6.531260011896489193e-02
4.310932988407741029e-02
9.253777673410696486e-03
-2.679468736557431147e-02
-5.502578310881175300e-02
-6.896860304043461731e-02
-6.629366447226772707e-02
-4.888948208831964126e-02
-2.254370761176281365e-02
6.291425756398318775e-03
3.194273028718348090e-02
5.199330807506948732e-02
6.737305344984781397e-02
7.671298796038558687e-02
7.692089684575714736e-02
6.972512986464685092e-02
6.018390740421199203e-02
4.886466591310206081e-02
3.313657254539817409e-02
1.488980473418072617e-02
-2.490984827659466910e-04
-1.179956312681070679e-02
-2.432916566532934352e-02
-4.022814564896370210e-02
-5.899636336927863850e-02
-7.889011012682277391e-02
-9.533607860094236996e-02
-1.003236935121513546e-01
-8.928321115088427851e-02
-6.490515306680486041e-02
-3.275354279558945897e-02
1.992528751664131900e-03
3.671822323885056555e-02
6.812750350139856748e-02
8.910993271287452611e-02
9.763078577925771162e-02
9.904904871046397996e-02
9.421371228237777895e-02
7.757195644227704578e-02
4.633963575380035949e-02
5.156183364560234378e-03
-3.591111214524206341e-02
-7.047402825290619011e-02
-9.807154357856327775e-02
-1.166678522847632848e-01
-1.217141367504366023e-01
-1.056822229969966581e-01
-7.085336668145492123e-02
-3.245772483206163517e-02
3.942779525366250058e-03
3.843609563759219777e-02
6.496331038015737414e-02
7.946028303588210939e-02
8.474851996923690733e-02
8.490421145806670289e-02
8.110648887995926259e-02
7.171506587250778275e-02
5.303086547346730351e-02
2.392652593589875143e-02
-1.323440428238713794e-02
-5.491302364642397515e-02
-9.459404307598869022e-02
-1.267027284949825972e-01
-1.503039608164863927e-01
-1.601813033578813050e-01
-1.479173921693920368e-01
-1.146384225770089998e-01
-6.850695112674179410e-02
-1.372719570335415723e-02
4.420573241757296684e-02
9.330550287294206435e-02
1.278917721077716674e-01
1.532340564901338298e-01
1.749018965133410930e-01
1.917985456875279660e-01
1.994647650038812170e-01
1.960489408064914896e-01
1.807368807294581492e-01
1.486501549072302697e-01
9.569116256631735040e-02
2.805936572761981093e-02
-4.293123739564921187e-02
-1.095342666133154175e-01
-1.639365256824841799e-01
-1.973347653320781936e-01
-2.068362024472295002e-01
-1.970106947177735213e-01
-1.741516170651219997e-01
-1.407461662464391527e-01
-9.704787017843843899e-02
-4.295870675047960829e-02
1.894829121948255618e-02
8.019264113927884741e-02
1.315970129557424428e-01
1.631653015825780817e-01
1.645184880609147082e-01
1.335465701151695717e-01
8.235879736408306673e-02
2.920091845938778408e-02
-1.691956652093794949e-02
-5.838962402180482986e-02
-9.599856288203344190e-02
-1.203740840897848940e-01
-1.245961980971360683e-01
-1.149075326497545346e-01
-1.020231333722590727e-01
-8.940218581252566687e-02
-7.320381869345506110e-02
-4.814001432314607420e-02
-1.255133787770772343e-02
2.772219804779248870e-02
6.176759059652366102e-02
8.091611858022819403e-02
8.278465355599598507e-02
6.722556329903900396e-02
3.570915938854614391e-02
-2.032922591922954603e-03
-3.028603724796227400e-02
-3.804187828386024900e-02
-2.168686697302902450e-02
1.695793604250341730e-02
6.898870160757138159e-02
1.214779095659024588e-01
1.615709696259915173e-01
1.806223350264165861e-01
1.760415045716911819e-01
1.488709697088493045e-01
1.025188595011908566e-01
3.999370396998899735e-02
-3.299121880668643564e-02
-1.033825450243141819e-01
-1.571927292277277288e-01
-1.910345592872828013e-01
-2.076463643155989358e-01
-2.055596624661836791e-01
-1.832469965272351953e-01
-1.427208647383206852e-01
-9.140008249283161634e-02
-4.088244410684104685e-02
-1.070764960663320685e-03
1.959370173875147475e-02
2.253683900046035346e-02
2.274453316228337504e-02
3.273340863589713212e-02
5.477365323147459497e-02
8.342663473385741879e-02
1.095920838048142915e-01
1.281760399860879529e-01
1.336698130308650034e-01
1.182748507505286539e-01
8.752879105394167913e-02
5.637714911637480009e-02
3.263697548903020385e-02
1.631669013117276537e-02
4.993978597608018238e-03
-4.063561946971707903e-03
-1.134996058889275149e-02
-1.478016996351369863e-02
-1.637603136842283313e-02
-2.016468960185374346e-02
-2.718054061162314405e-02
-3.963293919585426928e-02
-5.749424584783566911e-02
-7.526920936532915940e-02
-8.655461814010244337e-02
-8.807295997029149226e-02
-8.185274378356564851e-02
-6.973870790368869033e-02
-5.144742206169186649e-02
-2.764183994755268700e-02
-1.425751226573418072e-03
2.081600938947493831e-02
3.190529594050407064e-02
2.802675941567189799e-02
1.492712516424738942e-02
4.331089552435514640e-03
4.816684661638852109e-03
1.837063710547737205e-02
3.931370661124417715e-02
5.892933800071518263e-02
7.100250791741723189e-02
7.361011695172561820e-02
6.713857376646248376e-02
5.141441745226030258e-02
2.908961416853841214e-02
4.680008816018890738e-03
-1.632584984586364640e-02
-2.487249370754755773e-02
-1.645538590063053141e-02
4.735577751180015255e-03
2.980700599132468306e-02
4.808338084978225346e-02
5.139495632352557991e-02
3.767774590743133700e-02
1.061390049839284859e-02
-2.471573779755367739e-02
-5.794004616991678402e-02
-7.433523208557656081e-02
-7.203015766739565007e-02
-6.287786176075527145e-02
-5.649754133632935160e-02
-5.029335448054925856e-02
-3.939814752222094152e-02
-2.870625729002734480e-02
-2.373760147237219745e-02
-2.417916502658664854e-02
-2.849427380651184741e-02
-3.610112407406498164e-02
-4.378589645367982758e-02
-4.460730962942941608e-02
-3.402048341342811533e-02
-9.661288689929367623e-03
3.231623078474341743e-02
8.217234298006206861e-02
1.157083606983857066e-01
1.233542598403974816e-01
1.114400735910423546e-01
8.719467642030034882e-02
5.585392534622179994e-02
2.079620966363247489e-02
-1.346085511799018433e-02
-4.210050058286220198e-02
-6.327845102303172875e-02
-7.817463748353606356e-02
-8.798660384582621119e-02
-9.191825439168421763e-02
-8.836389520226614613e-02
-7.814861949250929973e-02
-6.337945310882540928e-02
-4.397526488277606060e-02
-1.920647166666524311e-02
5.966581341578018789e-03
2.668798196079201837e-02
4.745211769925793133e-02
7.356796908166882143e-02
1.035953895699480432e-01
1.317863861763169109e-01
1.523133784467302076e-01
1.582257793268934676e-01
1.412795286575856957e-01
1.033601563972995074e-01
5.658612680030528780e-02
7.467509736361663264e-03
-4.250545348113417971e-02
-8.505776124702882357e-02
-1.093728247643737106e-01
-1.156747870440013037e-01
-1.110822228891669150e-01
-9.838475874175081626e-02
-7.750358846893236342e-02
-4.841851022655269121e-02
-1.180314227655088720e-02
2.905429600915843819e-02
6.710005988938520793e-02
9.516266075796309121e-02
1.100176391786450714e-01
1.095518642516858793e-01
8.976610872834263344e-02
5.027497305092945568e-02
-3.657557092093040307e-03
-6.536793975191226846e-02
-1.233243641399874579e-01
-1.649804958984711911e-01
-1.858195769533138586e-01
-1.848092345044186069e-01
-1.650774802824455656e-01
-1.345511835200929873e-01
-9.690435232759544992e-02
-5.198738724607337297e-02
-3.540336088790536385e-04
5.292574783943330974e-02
9.582069228777771730e-02
1.193259810374921320e-01
1.253518792481709831e-01
1.224905267633399353e-01
1.173740213040820879e-01
1.074977820735191075e-01
8.933401603204026153e-02
6.654075807832494915e-02
4.392865280614517698e-02
2.754781830840494217e-02
2.491639686165727369e-02
3.827471700111421959e-02
6.118930502182660242e-02
8.234015114053618023e-02
9.430678367570519138e-02
9.311279021632951070e-02
7.616891632460279227e-02
4.474995492423863158e-02
3.050275204913917293e-03
-4.373153073843187577e-02
-9.251471381734971411e-02
-1.359784680532926116e-01
-1.596050024188301331e-01
-1.544928959091130816e-01
-1.317717815898598044e-01
-1.166911428736995826e-01
-1.234108407102448429e-01
-1.485317072240875946e-01
-1.785540715440208648e-01
-1.981595010223262954e-01
-1.946348777316665446e-01
-1.576337633236024049e-01
-7.843487258143692908e-02
2.694013775767129318e-02
1.180261948013470452e-01
1.821818427766700166e-01
2.253177461036190155e-01
2.438826438886893544e-01
2.355938393734242908e-01
2.046356349003061459e-01
1.626647538448919295e-01
1.209058296784629311e-01
8.371404798718420914e-02
5.223946094698527637e-02
2.801556605432434233e-02
8.370468708622597065e-03
-1.162267772727210331e-02
-3.024166448452481060e-02
-4.411723756912418193e-02
-5.413680335863944870e-02
-6.236650583597044134e-02
-7.167269095825890002e-02
-8.405286337365233673e-02
-9.453509542229641960e-02
-9.515137124437546279e-02
-8.459857385092352244e-02
-7.012944670245777057e-02
-6.029425997776274165e-02
-5.513218013577679544e-02
-4.622255584961326019e-02
-2.598850875609241134e-02
4.156240805234532112e-03
3.533952532428334681e-02
5.774761154967585075e-02
6.759209717816279384e-02
7.075556755819258081e-02
7.469774594960004732e-02
8.035416970965791883e-02
8.493846041048946915e-02
8.461052474797121914e-02
7.438965862861902922e-02
5.196571118243933918e-02
2.105475605715552423e-02
-1.052279250637589043e-02
-3.819973540541549833e-02
-5.887862172788720094e-02
-6.505590939322290767e-02
-5.531002036096742402e-02
-3.787110966250943622e-02
-1.984365637272235763e-02
-6.780916604205872514e-03
-2.223814752877033025e-03
-5.154329017896573141e-03
-1.480067045850731906e-02
-2.921058834554919256e-02
-4.095918265152923010e-02
-4.007283865027701231e-02
-2.170110530505550001e-02
8.815908121904910549e-03
4.012457601488678832e-02
6.341626555475986249e-02
7.598874713652224722e-02
7.716126996923586279e-02
6.313087282612700468e-02
3.534061707704265476e-02
8.146143119045800782e-03
-8.320597088069283526e-03
-2.125086728143738696e-02
-3.917894783845319445e-02
-6.019512199046568590e-02
-8.000771535509057508e-02
-9.726615143269108643e-02
-1.071641336310935610e-01
-1.004314753022257922e-01
-7.483328772656860917e-02
-3.906929949997382800e-02
-3.765012191122369106e-03
2.621920251703304186e-02
4.773202498127156190e-02
5.762540531885761153e-02
5.805757465648954396e-02
5.247352879911186541e-02
4.060091366179531536e-02
2.300365528382613406e-02
4.478691793689596606e-03
-9.365255330040515164e-03
-1.575604131492607668e-02
-1.599358344942351101e-02
-1.297350907929087881e-02
-7.676103256329181064e-03
-1.049401914154347209e-03
3.480917081962569583e-03
4.595446445542416755e-03
8.277849743209246200e-03
2.179585726536391321e-02
4.843861694166610998e-02
8.526052691909585812e-02
1.159297651679172120e-01
1.183254212371260689e-01
8.661090517172871650e-02
3.499694385473642311e-02
-1.585751197176549915e-02
-4.928026128718285964e-02
-6.065200254672171998e-02
-5.733828279825260721e-02
-5.041176851406850568e-02
-4.692902652527870810e-02
-4.744833428016281135e-02
-4.873906879321410202e-02
-4.797055770904003896e-02
-4.452358246341037162e-02
-3.917774670694717382e-02
-3.392352087210970951e-02
-3.085291641200724189e-02
-2.978278483960751510e-02
-2.862655303154905406e-02
-2.740703844513681098e-02
-2.779904699554821418e-02
-2.844912247279793305e-02
-2.402328357820465721e-02
-1.012031629172896983e-02
1.326877742203334300e-02
4.449368239017861826e-02
7.968481554265322009e-02
1.092239227147642211e-01
1.237558865404360248e-01
1.209713544747851588e-01
1.012326620186776854e-01
6.636773234623101481e-02
2.249781462613133914e-02
-2.467997217557400119e-02
-7.041391605464954184e-02
-1.078827090447124354e-01
-1.314453584625597249e-01
-1.372833855193235642e-01
-1.241582490523917004e-01
-9.494744057105930501e-02
-5.400073244848958148e-02
-6.593560161487240293e-03
4.025772723379499735e-02
7.970335364006013446e-02
1.069827125622540009e-01
1.190620901529666209e-01
1.136139157139376687e-01
9.278960459665372418e-02
6.740384338963423261e-02
4.884069511560744370e-02
4.089046782975291200e-02
4.161051446123609221e-02
4.452617253028957889e-02
4.258363272423249662e-02
3.323466383099517307e-02
1.601671060152862897e-02
-8.027134118618332176e-03
-3.290930544938713842e-02
-5.152085157498442758e-02
-6.399413438587453484e-02
-7.444430242204339021e-02
-8.322708584069526960e-02
-8.776329286678574704e-02
-8.742911843709201547e-02
-8.445004484211345031e-02
-7.783847666630666629e-02
-6.447930235619916961e-02
-4.525595074327045525e-02
-2.425373635535287356e-02
-6.530556479287923446e-03
2.857056721661348046e-03
2.981827815890699881e-03
5.529844607165008280e-04
3.850276341862343688e-03
1.465116800819686246e-02
2.932814809424393043e-02
4.295798744935329372e-02
5.108782563128817789e-02
5.190004423243852610e-02
4.488635905908860968e-02
3.185128864598886500e-02
1.878687303523658009e-02
9.949614742137425152e-03
6.365184411153556807e-03
6.726105427332292400e-03
7.862541939920038303e-03
7.006379646615004675e-03
1.498486575888243605e-03
-1.016572326311375105e-02
-2.458045650927663181e-02
-3.223041311393296665e-02
-2.575518185920724207e-02
-6.111846744949658156e-03
2.194246334630997608e-02
5.251439165980248402e-02
7.678098775853449409e-02
8.528866512683880297e-02
7.527721525633693234e-02
5.494125521314349031e-02
3.483827741993873045e-02
1.795574942438984620e-02
2.184893103617933929e-03
-1.643689255193162349e-02
-4.120578787475011329e-02
-7.053577785394055111e-02
-9.996918155749810742e-02
-1.204926023513103184e-01
-1.189458094731129234e-01
-9.132591981418126947e-02
-4.757462403927007616e-02
-4.065616783112802231e-03
2.881414886261442557e-02
5.066226076999522099e-02
6.230571417750060959e-02
6.259916666776990657e-02
5.383858445037415646e-02
4.177426423900889446e-02
2.803856896080994532e-02
1.108440929727827831e-02
-7.960606565962998968e-03
-2.651370369298928706e-02
-4.348589603522381303e-02
-5.742708597046333047e-02
-6.563547032340791287e-02
-6.651118928341832881e-02
-6.076013522925431676e-02
-4.907760534986363443e-02
-3.154402434882465356e-02
-1.143078351682749565e-02
7.048485825237702992e-03
2.240148931550577094e-02
3.286519140017952340e-02
3.431097033809387548e-02
2.351680937944761185e-02
8.114224701011887170e-03
3.595007081360200585e-03
1.446323411758251853e-02
3.571739288937132717e-02
6.628632144031683382e-02
1.043901153279487432e-01
1.378750195245262156e-01
1.529289104199554050e-01
1.474576444679225329e-01
1.260537077491559188e-01
9.243083416596119262e-02
5.081906177609063491e-02
5.887988803726526554e-03
-3.741892261212102083e-02
-7.581161736579095090e-02
-1.080940459125192821e-01
-1.310821222121828222e-01
-1.402488486321649130e-01
-1.341849461691039247e-01
-1.154265460050119402e-01
-8.943307915516202078e-02
-6.429639410334102301e-02
-4.565523551718908557e-02
-3.192991529591363009e-02
-1.883350519608241458e-02
-4.599326425754101180e-03
1.002810206140172453e-02
2.171735638259467138e-02
2.544490011916103467e-02
1.663871034179343483e-02
-1.620565460826579179e-03
-1.800745764787104602e-02
-2.513670738444733974e-02
-2.240366972274953836e-02
-1.369021738648634051e-02
-2.857139337427523282e-03
1.112187902976562691e-02
2.881489737413181831e-02
4.554424667838041091e-02
5.479343398049815739e-02
5.210793438262679989e-02
3.755277712480721564e-02
2.301279634940026075e-02
2.332613724734396501e-02
3.833221012201835920e-02
5.669893772007319338e-02
6.682667637614576883e-02
6.293776470918996391e-02
4.854992538962160653e-02
3.423405172741314506e-02
3.057173122285591557e-02
4.143103483350317473e-02
6.238756859424259005e-02
8.673246428021262611e-02
1.097177357355356708e-01
1.248460987184314419e-01
1.236879966659952812e-01
1.003389409225939194e-01
5.325016439435286547e-02
-1.479890800624399268e-02
-9.210819334386602386e-02
-1.631239998090759369e-01
-2.237238810208455331e-01
-2.748253503182251367e-01
-3.123817802604441640e-01
-3.349417514247493566e-01
-3.445636336701022318e-01
-3.404333794540965741e-01
-3.187930071954359068e-01
-2.737355547191727689e-01
-1.960214540688874629e-01
-7.159656472730338561e-02
8.421446721056091711e-02
2.193643733211218805e-01
3.078657830862475686e-01
3.528720388412209252e-01
3.578719193278581123e-01
3.299429989096251403e-01
2.791658743204764592e-01
2.170765323959740478e-01
1.533947604760483585e-01
9.648906624886859074e-02
5.502226194020996136e-02
3.131911595218632438e-02
2.003536302099616362e-02
1.614558546843272713e-02
1.668269455662143089e-02
1.823592211687891096e-02
1.703307707308798422e-02
1.122597102946744710e-02
2.436919142408965760e-03
-7.220470873275309370e-03
-1.899545550234019858e-02
-3.899429863150812026e-02
-7.062447999140276933e-02
-1.090647525338134805e-01
-1.427532328310763543e-01
-1.576973454002675856e-01
-1.491142782909373188e-01
-1.255583609743262385e-01
-9.841737651486529015e-02
-7.035453094451185607e-02
-3.743569848942290140e-02
2.253396738034098637e-03
4.648996383425309936e-02
8.888580123708302028e-02
1.211025898806856738e-01
1.395346597200266825e-01
1.427513234986051149e-01
1.277915446542784161e-01
9.482805339535615996e-02
4.895939496633344712e-02
-6.440349068628009252e-04
-4.650136069450293286e-02
-8.636507509601196175e-02
-1.170410829004822073e-01
-1.332011492827799293e-01
-1.331610808426224590e-01
-1.175282618956073333e-01
-8.812885827494830460e-02
-5.206562832844818800e-02
-1.745077597584249185e-02
1.266471620025086051e-02
3.664888453082270486e-02
5.178623136175226210e-02
5.391283452448528135e-02
3.937558635833096621e-02
1.056903956576734846e-02
-2.720929241342464125e-02
-6.606406338251952226e-02
-8.933712487289663384e-02
-7.665723623313251689e-02
-3.241487404040149789e-02
1.261065405016716101e-02
4.214151861883351502e-02
5.981543671341731094e-02
7.115826982361668496e-02
8.046410472770483546e-02
9.116300155181587817e-02
1.040574896330741794e-01
1.156959154862769873e-01
1.217633843257000664e-01
1.201403314220292062e-01
1.093594117722565540e-01
8.603210750842460453e-02
4.966465455093548031e-02
6.146412512729784380e-03
-3.861722016714883021e-02
-8.236407404106219077e-02
-1.240289669608769796e-01
-1.570593178954469704e-01
-1.720262796741571787e-01
-1.674872677865175963e-01
-1.464981529423624307e-01
-1.111629503779778955e-01
-6.773619792237237092e-02
-2.791429846256050784e-02
2.023249162007075691e-03
2.529899454344494703e-02
4.661038961208720244e-02
6.695077168828758585e-02
8.290756759515893748e-02
9.139552133200254391e-02
9.344183254461860266e-02
9.039797030750432172e-02
8.203456986371132631e-02
6.795425492893655828e-02
4.580568044152690671e-02
1.189392302835689738e-02
-3.366626685373180078e-02
-8.240048529402331512e-02
-1.186264902698903612e-01
-1.280354398557187467e-01
-1.074678457352220007e-01
-6.448888299093925858e-02
-1.033692809510503713e-02
4.324494620896701669e-02
8.601190292761046186e-02
1.110940649581831086e-01
1.180224744756545041e-01
1.126011428689937394e-01
9.943432297207273340e-02
8.173511018864279554e-02
6.401186112975262854e-02
4.542221091040696962e-02
2.427044106880406338e-02
4.755111030036980949e-03
-1.095417539268317593e-02
-2.364224833999336445e-02
-3.304959829391608539e-02
-3.967408726380315664e-02
-4.682056735922810603e-02
-5.970525862532197886e-02
-7.966865340020459763e-02
-1.009118957496247942e-01
-1.139838449741073789e-01
-1.121518325114421871e-01
-9.533175939250386477e-02
-6.835571774952567403e-02
-3.989581457907086237e-02
-1.949808130996580693e-02
-1.100948475179481210e-02
-1.109823829154586369e-02
-1.341205779438493263e-02
-1.327693147270071067e-02
-9.017451456843647226e-03
-3.389906128514336148e-04
1.213915260954924642e-02
2.586301788310597233e-02
3.801561797025662659e-02
4.637204305687635947e-02
5.021315744935597736e-02
5.492771278231159404e-02
6.575690871278580540e-02
7.777852759570802466e-02
8.142186640837278944e-02
7.070597804893354044e-02
4.575928657125454685e-02
1.369873499079118061e-02
-1.410423665422858366e-02
-2.980216729246700988e-02
-3.349063411191245676e-02
-3.127339462721288182e-02
-3.108231182824866545e-02
-3.590109288462408482e-02
-4.475315582840107970e-02
-5.450058291350805273e-02
-5.723001294908112990e-02
-4.793197818434879326e-02
-3.091697308891033086e-02
-1.183454769822153696e-02
1.043535770066733072e-02
3.887587348519801894e-02
7.204233466620864335e-02
1.043209291636569558e-01
1.281662752619748824e-01
1.373720877428294962e-01
1.278902240571756777e-01
9.743154607228339537e-02
5.115701088680954522e-02
9.153511509460216661e-03
-9.480950070881568117e-03
-8.378483760501922659e-03
-9.519940256624247199e-04
6.927565127992963562e-03
1.227532730881993397e-02
1.217468066817150273e-02
1.192847358685887593e-02
2.105692176146126485e-02
3.675449757096878323e-02
4.574478875105775222e-02
3.959707581217443428e-02
1.768047085037465285e-02
-1.926244115236950410e-02
-7.230871696632638901e-02
-1.384142885494880348e-01
-2.049879007159637057e-01
-2.604508755049311231e-01
-3.026861282479164084e-01
-3.316452588096107101e-01
-3.423021916472006598e-01
-3.260618309937549641e-01
-2.737764371116711004e-01
-1.734971708421339243e-01
-4.363933621060352153e-02
6.227647959077403650e-02
1.253819840419270193e-01
1.621942791083973157e-01
1.862291254513843697e-01
2.067302744719716756e-01
2.290665873646698381e-01
2.501165662546470658e-01
2.591669964127911729e-01
2.535242814574314441e-01
2.393853485500559986e-01
2.180278417315442696e-01
1.859940208710162413e-01
1.432810853446730148e-01
9.420880642658370496e-02
4.687853639857345045e-02
8.425558492142690842e-03
-2.059362978222437426e-02
-4.264891833732924881e-02
-5.988379216225873936e-02
-7.289250173312422643e-02
-8.003877475809065278e-02
-8.080910726276471778e-02
-7.630095676324705201e-02
-6.767725639364981227e-02
-5.730756045042047914e-02
-4.974333636001820880e-02
-4.903050975396668759e-02
-5.298732813854201140e-02
-5.546773512055789418e-02
-5.249211604982810531e-02
-4.402864679573666173e-02
-3.351838286607317086e-02
-2.582139076307573763e-02
-2.287053497239166164e-02
-2.255670463151528485e-02
-2.271577222780234856e-02
-2.231542540213701450e-02
-2.000987913374350710e-02
-1.497596341557081746e-02
-7.912213414351726079e-03
9.571696981265655733e-04
1.077218782151155921e-02
1.926533223701198949e-02
2.491006946360364155e-02
2.658660105537535845e-02
2.178428727702650877e-02
6.928775675045158525e-03
-1.439306174821637120e-02
-3.128869395924378793e-02
-3.700617508573182668e-02
-3.143620380828754390e-02
-1.872585224644327320e-02
-4.717545623976729732e-03
6.754497213958200047e-03
1.611078018646969201e-02
2.656317364077948051e-02
3.782477679466435261e-02
4.375998363844740835e-02
3.885699517429480609e-02
2.685164338890116270e-02
1.350848997031458588e-02
-1.965645923708205650e-03
-1.813651231259560265e-02
-3.104412041615608325e-02
-3.900467218631478022e-02
-4.154904444169104510e-02
-3.873914110782770981e-02
-2.956831108735864799e-02
-1.451985002621280704e-02
1.442483959623870647e-03
1.281397532620926621e-02
1.949893145847404058e-02
2.488636758155898798e-02
2.999727465849652899e-02
3.443669983516960131e-02
3.911686484526554625e-02
4.264461702658700615e-02
4.089369392087881250e-02
3.556489107743973643e-02
3.335308677702217284e-02
3.614110574455717956e-02
4.605012803257441112e-02
6.763366816954682892e-02
9.389572522444362968e-02
1.054546152672166393e-01
8.425743749367820001e-02
3.135382768859673597e-02
-2.822974376333146213e-02
-7.358385337178768859e-02
-1.062624633144740316e-01
-1.332438838442855933e-01
-1.536701282847609262e-01
-1.634621388636172123e-01
-1.577377045574232250e-01
-1.294534915235656947e-01
-7.839716638433123774e-02
-2.036510524484670681e-02
2.539253575874267713e-02
5.213710344491499088e-02
6.150497534363376373e-02
5.918597070682017625e-02
5.133297260383987148e-02
4.092866475483863259e-02
3.137847469298224445e-02
2.564463655653264479e-02
2.357960340962743026e-02
2.168427841562614242e-02
1.769183118967661283e-02
