-5.097412272524304289e-03
-2.977762284771949541e-02
-5.802265763063155224e-02
-9.467891099381144093e-02
-1.406677573497732148e-01
-1.929923521000966868e-01
-2.453036374419144128e-01
-2.885766297034080274e-01
-3.152567296569623867e-01
-3.198141251262039964e-01
-2.933693219071784042e-01
-2.489433874474296371e-01
-2.229900844746928179e-01
-2.188460627525140034e-01
-2.060433671911591491e-01
-1.555994399648257809e-01
-7.347609980217972847e-02
7.804836862708910278e-03
6.585136271924570128e-02
8.212875334592827092e-02
5.469656631817838843e-02
2.661239548831743212e-03
-4.956425122112737697e-02
-8.305838914275281981e-02
-8.617025572761954910e-02
-3.777678148169516525e-02
3.349179159773230108e-02
4.549237665767552619e-02
-1.766807981831124141e-02
-1.186863164491568645e-01
-2.314314650407259810e-01
-3.281599667879723792e-01
-3.767304523686375584e-01
-3.462637334421065360e-01
-2.091848172415230744e-01
2.361707028738380121e-02
2.582280935305985015e-01
3.917768040773710880e-01
4.105240708929008830e-01
3.516418877405591559e-01
2.443775131179297955e-01
1.127438340625070146e-01
-1.538211741312388303e-02
-1.144876278539613823e-01
-1.645531409034805548e-01
-1.470861004612478706e-01
-4.393357330172169978e-02
1.110898096832477200e-01
2.341481899798534549e-01
2.949891476456377171e-01
3.125665075986157615e-01
3.007360782349102757e-01
2.698208337391149736e-01
2.293400837870641917e-01
1.865315978087662141e-01
1.442655338073348392e-01
1.045459368136164857e-01
6.909063810382393145e-02
2.757677040755104197e-02
-3.796940014592455753e-02
-1.293564568243339430e-01
-2.325544699807546856e-01
-3.305740613753106460e-01
-4.102997856090581097e-01
-4.681592012269262804e-01
-5.053510517865563711e-01
-5.183498455682995498e-01
-4.985943441889645333e-01
-4.359218251860327853e-01
-3.191918172885656046e-01
-1.345522293817617288e-01
8.634648026509819663e-02
2.635912172864280922e-01
3.663504406365877264e-01
4.142427194980046745e-01
4.254354053298855520e-01
4.109818432776329855e-01
3.786175100936939319e-01
3.355968378981303291e-01
2.830757941937711020e-01
2.191610850641555475e-01
1.461652550819111940e-01
7.108643411294805758e-02
3.647779912014389656e-03
-4.735808020778839444e-02
-7.968828527354791802e-02
-9.900674363305932146e-02
-1.133001142239040970e-01
-1.280170117735038027e-01
-1.454945091801294332e-01
-1.613691523939418115e-01
-1.659901309622301702e-01
-1.534020961792602611e-01
-1.238171847153996530e-01
-7.801613216481922963e-02
-2.518546337125678741e-02
1.763287169813537031e-02
4.708766225106472691e-02
6.669009783183246776e-02
7.433342260306191607e-02
6.959190390057537479e-02
5.602487266273509237e-02
3.721508289828569932e-02
1.698995660515240785e-02
1.621647862016223959e-03
-4.321671544338830107e-04
1.793451786283232346e-02
4.180871013597255159e-02
4.183461823865933238e-02
1.189364838190033920e-02
-3.716919838109159629e-02
-9.646901603694753302e-02
-1.587331587366556662e-01
-2.180812075071984213e-01
-2.682654867315110159e-01
-2.992621134632599267e-01
-2.958823440644655633e-01
-2.410311568043981556e-01
-1.190236049419472197e-01
4.088379274315699641e-02
1.665114468299835615e-01
2.314511556002643855e-01
2.518703719788806805e-01
2.416287119490276858e-01
2.138145127046870986e-01
1.781876003577821110e-01
1.409108478670808851e-01
1.059359444521997679e-01
7.598706733077234543e-02
5.256318976151487521e-02
3.564228097533185535e-02
2.186298496745153752e-02
7.944738119352557151e-03
-1.982588002265590899e-03
-3.603936622681538568e-03
2.233414659570385694e-03
1.188009971030015363e-02
2.011110427553813168e-02
2.513488193409802590e-02
2.790988465373824695e-02
2.716283198790128001e-02
2.038438866278079187e-02
4.981500812609695496e-03
-1.988856911515808276e-02
-5.009079003120511103e-02
-7.982568009254258079e-02
-1.047764389502491289e-01
-1.217886911439081676e-01
-1.297965948542427472e-01
-1.295569820232751468e-01
-1.218499188717882958e-01
-1.062893705734535288e-01
-8.117551465630357121e-02
-4.289054188896226222e-02
1.459681034341477404e-02
8.183015905936660839e-02
1.316047845064326205e-01
1.518316949136534200e-01
1.476999086495640878e-01
1.254044247547662916e-01
9.294077759232967362e-02
5.799482520569644584e-02
2.457440615332602205e-02
-5.275948338852639447e-03
-2.997473534400175998e-02
-4.825578182964419122e-02
-5.959468596080039204e-02
-6.380071211099530570e-02
-6.160443225256249933e-02
-5.631179074524204908e-02
-5.088329189882597609e-02
-4.634296625421900628e-02
-4.446106371102491461e-02
-4.532741276694798871e-02
-4.652742167847431776e-02
-4.632539291257257996e-02
-4.343082315390314752e-02
-3.602044181909147547e-02
-2.163250259359444927e-02
-1.581488128217661999e-03
1.841798235470962219e-02
3.547507491643927396e-02
5.089830068673779906e-02
6.604869253323383815e-02
8.069359237005174768e-02
9.379957435475888561e-02
1.030893978385246795e-01
1.063028163726581488e-01
1.016757955448611833e-01
8.503919708708408687e-02
5.143710611068874616e-02
5.784076929479305129e-03
-3.668353943004040718e-02
-6.660670787100307633e-02
-8.417880114116872703e-02
-9.080884972753258677e-02
-8.713523063559425186e-02
-7.600967717706527682e-02
-6.152169140782463158e-02
-4.544114279485185481e-02
-2.804644347060555529e-02
-9.881641139823742898e-03
7.092566695263572210e-03
1.965863340941222115e-02
2.718004702590769844e-02
3.254864643371539051e-02
3.839412170908428762e-02
4.443245826651626151e-02
4.998051148281081740e-02
5.586512211141941853e-02
6.163531927281883788e-02
6.547995915447214765e-02
6.441771826312811533e-02
5.355887160807395325e-02
2.755167094901623398e-02
-1.052171547983374658e-02
-4.623860837579123195e-02
-6.903033494723592733e-02
-7.781945748646242056e-02
-7.512036658565554581e-02
-6.538528980049236605e-02
-5.358032836024164552e-02
-4.248284245887592320e-02
-3.405730581446169553e-02
-2.938584687723997529e-02
-2.588213541616045041e-02
-1.999634919971673627e-02
-1.211171067876042756e-02
-5.103604567786244536e-03
-1.402080747102754654e-07
3.648237473621071536e-03
7.452905741794722122e-03
1.326009361793954212e-02
2.235811792580659485e-02
3.370239094900830124e-02
4.372555383947518415e-02
4.994925139343801834e-02
5.286827218858119320e-02
5.344821747383321497e-02
4.948359237198187571e-02
3.829793178600431058e-02
1.941710538459157434e-02
-6.543522973231897383e-03
-3.902862961740333203e-02
-7.469919063721872088e-02
-1.079210740261971474e-01
-1.359493177389974605e-01
-1.574572071679720686e-01
-1.700044433920047393e-01
-1.625125180862458385e-01
-1.146816877572754134e-01
-3.219343793536193210e-02
5.019256792864518202e-02
1.135142489414390082e-01
1.566170163206340726e-01
1.809772799414108846e-01
1.911135963751393607e-01
1.899148269193486338e-01
1.780858039632267908e-01
1.570261047378465613e-01
1.283729252558881706e-01
9.143448991039715423e-02
4.490328319183849171e-02
-5.535912986649960989e-03
-4.860232238162395801e-02
-8.055307346333225038e-02
-1.042602202196564604e-01
-1.197209974222739753e-01
-1.258038292073248299e-01
-1.234371266857728355e-01
-1.149465752173402522e-01
-1.017710038327684363e-01
-8.239950213950252011e-02
-5.348848168665157332e-02
-1.154292250216855213e-02
3.712559996393723083e-02
7.843526029576138037e-02
1.095981083340090007e-01
1.342407335328746898e-01
1.520806140698170716e-01
1.620376303712165733e-01
1.641501859555168918e-01
1.587050825163388024e-01
1.439858084050994746e-01
1.179226325018249144e-01
7.905676567541165822e-02
2.578433528211176648e-02
-3.890954073909873995e-02
-1.062443429756568247e-01
-1.709943156659929353e-01
-2.338184782067255774e-01
-2.951006414016681401e-01
-3.525695883956490584e-01
-4.017145953180916718e-01
-4.350040690905112584e-01
-4.396006345334048104e-01
-3.995118004397014144e-01
-2.989224314547356820e-01
-1.201743525849502114e-01
1.023193480237516578e-01
2.793854767248490356e-01
3.756035029589233631e-01
4.088424315003925669e-01
3.950305932612575011e-01
3.489170299535807040e-01
2.842097817389013792e-01
2.127368280703272330e-01
1.449588786474979574e-01
8.962802346857896840e-02
5.334531614083411200e-02
4.068168762330802435e-02
4.081485598252600905e-02
3.334210476971181253e-02
1.747033990386023805e-02
9.175970800986560372e-04
-1.650600212648299647e-02
-3.350712682640503981e-02
-4.943725146454054642e-02
-6.423853227376546959e-02
-7.367330568751237485e-02
-7.473720194307882647e-02
-6.846888531888178919e-02
-5.808054954216465560e-02
-4.785744457675750185e-02
-4.202169340679018372e-02
-4.059162715087703821e-02
-3.863333708149593176e-02
-3.279799022439525147e-02
-2.359361929331984034e-02
-1.257323881141614308e-02
-2.002598560142363881e-03
4.198983713095742060e-03
4.691664637158884585e-03
2.349534155408649835e-03
5.545750867922598706e-04
1.656316356736984262e-03
5.526526280983040142e-03
1.144522659668758754e-02
1.881836360146380005e-02
2.693636904337779261e-02
3.602658036747905662e-02
4.496706765310928833e-02
5.193564441834402218e-02
5.652814934169488742e-02
5.878275681375743494e-02
5.798791928357816677e-02
5.251751287980662569e-02
4.052187046739923193e-02
2.162585517342303573e-02
-1.282842955776776483e-03
-2.238211124784861283e-02
-3.775403433290561162e-02
-4.744510707422357892e-02
-5.145753639618612374e-02
-4.984497745524309187e-02
-4.301317534788430541e-02
-2.818155392446039173e-02
-2.215306391041543116e-03
3.508453730394670705e-02
7.149216940751039473e-02
8.391815616452145965e-02
6.422477709183851968e-02
1.953246533916197861e-02
-4.318154186319692750e-02
-1.167472202982058477e-01
-1.925172461588850470e-01
-2.619302799648312030e-01
-3.151360384411235338e-01
-3.388283307786148502e-01
-3.185697641573184136e-01
-2.403187497848320864e-01
-8.475183990733745065e-02
1.164715041716332944e-01
2.719188352636955353e-01
3.438529795545598455e-01
3.520212370725011586e-01
3.154831057294279484e-01
2.514984268556931801e-01
1.747067253015182342e-01
9.962510899544797793e-02
4.141897113441961320e-02
1.374516997823403350e-02
2.648705737199237228e-02
5.791872480864808381e-02
6.042729725732898238e-02
1.747013859195154645e-02
-5.790658526800512851e-02
-1.521199838612755928e-01
-2.527921399263073354e-01
-3.474254807061928907e-01
-4.215350024894458647e-01
-4.589687837046339536e-01
-4.430546418688957044e-01
-3.554086191295677266e-01
-1.755143730057568408e-01
6.073811961532349368e-02
2.602137744262370544e-01
3.850020763415019642e-01
4.494697902677447510e-01
4.642725996032019964e-01
4.415094513704340140e-01
3.950195394414683370e-01
3.363783024716141545e-01
2.735016009600103049e-01
2.087839236328055403e-01
1.390321865020414382e-01
6.023760077037156740e-02
-1.933379148194459829e-02
-8.108672431382221713e-02
-1.185882362287916103e-01
-1.368263059887021293e-01
-1.414747742085680493e-01
-1.375761635305396136e-01
-1.277592190198776345e-01
-1.134191387404431817e-01
-9.702798112401013475e-02
-8.022117941340375924e-02
-6.277240216216924129e-02
-4.806362624329646449e-02
-3.829895164450956846e-02
-2.812024029415157236e-02
-1.660520656976635992e-02
-8.756655004724472890e-03
-4.704144879182733940e-03
-1.636178662206586726e-03
1.201217297181492172e-03
3.104878943173328652e-03
3.965511174054402524e-03
3.586639763919399065e-03
6.723207152948586229e-06
-5.704633457059580040e-03
-1.851151892776910918e-02
-5.090231190166930736e-02
-1.003979802371980229e-01
-1.601449156740877011e-01
-2.304294203196434465e-01
-3.048661541706762512e-01
-3.709593332404328425e-01
-4.155041366573197226e-01
-4.235905843108995761e-01
-3.791794521527315220e-01
-2.657449099856217245e-01
-6.522943654223420373e-02
1.830941854343651198e-01
3.827873199844247232e-01
4.941404646544138024e-01
5.352041590425100637e-01
5.268737590718601815e-01
4.863980974593407058e-01
4.248398275479288722e-01
3.512947021484943422e-01
2.731850734400145253e-01
1.941613397096313975e-01
1.141936952790344184e-01
3.234584780054221287e-02
-4.389445489533347344e-02
-1.001167730218639751e-01
-1.310654143712848274e-01
-1.397517602089795030e-01
-1.302497199485818935e-01
-1.075333193611810317e-01
-7.756350730735170340e-02
-4.607345571131105100e-02
-1.817115051357235875e-02
-8.457914925160646413e-04
-1.236246248688545324e-03
-2.080490341966314410e-02
-5.102470868539649845e-02
-8.137358340141745416e-02
-1.096295643510575429e-01
-1.369052188313460983e-01
-1.616052957528440470e-01
-1.816341288186596459e-01
-1.951594419210017084e-01
-1.987559359963156358e-01
-1.893852829275443350e-01
-1.635762866357744760e-01
-1.153889149435112643e-01
-3.938411148996290301e-02
5.008688534114631025e-02
1.217712187978592653e-01
1.648232826801191153e-01
1.865228116560389005e-01
1.942073175689933984e-01
1.938522111036846129e-01
1.886667489362824912e-01
1.784946112907876137e-01
1.615146917688290162e-01
1.377082503838908678e-01
1.063676653852611287e-01
6.781423974637569574e-02
2.468242426800408562e-02
-2.148229998215443054e-02
-6.895161432682468672e-02
-1.143160709776213091e-01
-1.542714129096442455e-01
-1.869452678257864375e-01
-2.087849093468013839e-01
-2.157729529624619891e-01
-2.066943622475501674e-01
-1.786808531749269346e-01
-1.250919954635232589e-01
-3.854988449773676107e-02
6.125405330185641067e-02
1.301666548127727585e-01
1.544457598585490810e-01
1.475784836441260128e-01
1.203505548042418105e-01
7.996425871324083778e-02
3.309292110745026827e-02
-1.152181910550243923e-02
-4.605556707061946031e-02
-6.469726434930603287e-02
-6.205402844969805376e-02
-3.354450439030165487e-02
1.269509544051129063e-02
5.318401047940740645e-02
7.399826171572125577e-02
7.755765487020180315e-02
6.903162245341729064e-02
5.298079417696380938e-02
3.450870831454682514e-02
1.801323268081789913e-02
6.279034823443893978e-03
3.163465223671498711e-04
-8.001933704837324926e-04
2.399012074047607301e-04
1.893615456454236790e-04
1.632716602882685816e-03
1.000594483956994928e-02
2.400137455594955616e-02
3.810823214878556603e-02
4.777948584895148898e-02
5.111192825721952437e-02
4.946365304054955309e-02
4.502937782125270016e-02
3.701903611970829705e-02
2.222388203293471087e-02
-2.537084223120890901e-03
-3.601109602959126632e-02
-6.805138970968653556e-02
-8.886296788176659134e-02
-9.756393268966445653e-02
-9.762799647541123282e-02
-9.365155928820129150e-02
-8.957563116261367531e-02
-8.617427162312023270e-02
-8.199224151402036143e-02
-7.533109717930336346e-02
-6.510206756806825867e-02
-5.001427998710488571e-02
-3.230171788009381095e-02
-1.837641837319305485e-02
-1.049464842592126232e-02
-5.261801605181425784e-03
1.933989985943464565e-03
1.216203270778590251e-02
2.302439576280089495e-02
3.389669616394284241e-02
4.600697649639771958e-02
6.046650701120476895e-02
7.935253652464614726e-02
1.047705371426353449e-01
1.333409121529471886e-01
1.582376183140204728e-01
1.768657140882043954e-01
1.894411277851396069e-01
1.961135796437269152e-01
1.966417790945531596e-01
1.889170458274707087e-01
1.702200593524438310e-01
1.399822643092514529e-01
9.873269460417112564e-02
4.661730885363307708e-02
-1.286647424896450453e-02
-7.485417642748161404e-02
-1.386306849738458691e-01
-2.055346815287228679e-01
-2.756409959487441941e-01
-3.449805814084888067e-01
-4.044387284440463248e-01
-4.449137393873599522e-01
-4.604960589993971620e-01
-4.456857939960892079e-01
-3.917501033305479385e-01
-2.854616763990706629e-01
-1.119656838611426952e-01
9.403540036205879082e-02
2.476543208749277247e-01
3.146163183123600882e-01
3.146081753086034105e-01
2.681689281515002299e-01
1.936620336662418507e-01
1.096942046749384558e-01
3.219009555008545131e-02
-2.896973981442372420e-02
-6.361179863941013313e-02
-5.836728452639185910e-02
7.131656604251242898e-04
9.603411748546895887e-02
1.749744972875233728e-01
2.125103079578845588e-01
2.163634937595058094e-01
1.967618344253360685e-01
1.652303406570309330e-01
1.307168142991361193e-01
9.720855008772665007e-02
6.773844757381021486e-02
4.439656505230814287e-02
2.760323132281249439e-02
1.823934436927094824e-02
1.639042941018070687e-02
1.956993691276950886e-02
2.455200477164485098e-02
2.876799583797812546e-02
3.115575721855920466e-02
3.338203531837295041e-02
3.650243408050676819e-02
3.892873304128879192e-02
3.741864957788726409e-02
2.878399110352320572e-02
1.343093269734436934e-02
-6.166004401625277409e-03
-3.062802675004480668e-02
-6.415585654530292503e-02
-1.090557449377272808e-01
-1.634469115478091594e-01
-2.252060276962239149e-01
-2.905967773910196894e-01
-3.517165884590129354e-01
-3.998838634033066164e-01
-4.271662536454125525e-01
-4.228624128372964752e-01
-3.710936065709137255e-01
-2.519864383377283246e-01
-8.630544446233369416e-02
6.196083305652294593e-02
1.694488880156166943e-01
2.552146307606975029e-01
3.406947419380872422e-01
4.182151260788725677e-01
4.493957515826588756e-01
4.250330160666040413e-01
3.635934465103627389e-01
2.781459888716881768e-01
1.759832200610460806e-01
6.380150037682130737e-02
-4.159427594347666485e-02
-1.171695830545477074e-01
-1.489417965035294555e-01
-1.532927332375439433e-01
-1.719689066733507687e-01
-2.177424950878395216e-01
-2.733081608664402196e-01
-3.219023177395196056e-01
-3.459489094513457652e-01
-3.266439669159140191e-01
-2.442740856867654520e-01
-8.013108272198649074e-02
1.307091112269329891e-01
3.024126372519806982e-01
4.013250309878534927e-01
4.429930758228945997e-01
4.398423790986955573e-01
4.031052179663959789e-01
3.443335729537555512e-01
2.746696235096418026e-01
2.036351468548240062e-01
1.367394425642804168e-01
7.580053534226953438e-02
2.044410421702234221e-02
-3.409524844285404671e-02
-9.315170179450096843e-02
-1.574516952824281668e-01
-2.225946936054975789e-01
-2.811116561325058272e-01
-3.299163986634248147e-01
-3.703641222489486573e-01
-3.982377766996762491e-01
-4.018949034272246701e-01
-3.697216071456612130e-01
-2.900014825740321878e-01
-1.474924295802790830e-01
3.299575217512983050e-02
1.801713723640796239e-01
2.587087218469589223e-01
2.792565015880451029e-01
2.571086272623127056e-01
2.050800233730207256e-01
1.340406557529207898e-01
5.730579805845143621e-02
-1.022318934092840415e-02
-5.543325918873791280e-02
-6.763508352496939990e-02
-4.035997730872392664e-02
1.380129841310853353e-02
6.473906126679457307e-02
9.804567865131373627e-02
1.178672800199503379e-01
1.279318930670817200e-01
1.301744493053753615e-01
1.263774467170502014e-01
1.176735749969163858e-01
1.051733558191768891e-01
8.880914775898569868e-02
6.516581859414143085e-02
2.987059023485788556e-02
-1.679893263800635861e-02
-6.977202810034370539e-02
-1.244580946606309579e-01
-1.788352806515781379e-01
-2.307975470864311041e-01
-2.746542773649878755e-01
-3.026642169339689437e-01
-3.093690983727729882e-01
-2.900711896284449143e-01
-2.392825611335784863e-01
-1.525721039367120557e-01
-2.579707033395755439e-02
1.163161273487239439e-01
2.225864824715411971e-01
2.770452744326118433e-01
2.960989405744738900e-01
2.938714089474841473e-01
2.776796499725519562e-01
2.497218165114091504e-01
2.144608967904597097e-01
1.789788446345625395e-01
1.469662483171329803e-01
1.167828298475889898e-01
8.523811779686218948e-02
5.098596436785474140e-02
1.362584667866299781e-02
-2.720950734885264552e-02
-7.169705985440577578e-02
-1.192210807040908760e-01
-1.650820550695635269e-01
-2.020633722195858684e-01
-2.260497833191610351e-01
-2.355702556347643306e-01
-2.263141425902429615e-01
-1.872813499948250138e-01
-1.054527400920390878e-01
-3.177195116578344913e-03
6.334744153099809705e-02
7.152598421375443161e-02
3.420802926501445573e-02
-3.342259818617825118e-02
-1.171477128357947539e-01
-2.042957588410594938e-01
-2.805629875719249378e-01
-3.293404263914799790e-01
-3.321981506123087291e-01
-2.696135873622333423e-01
-1.225753009489536083e-01
7.705354683554864470e-02
2.459743765846210684e-01
3.482916757770140870e-01
3.975943674433947694e-01
4.088533468584669706e-01
3.948699851469045785e-01
3.624681019801093695e-01
3.147057791045890229e-01
2.551099611010472779e-01
1.880635844905902410e-01
1.180557854471372264e-01
4.903676963923415261e-02
-1.386835561182375026e-02
-6.675099966851000266e-02
-1.115691519720057728e-01
-1.509540368314679082e-01
-1.838659016224248044e-01
-2.092546399354520414e-01
-2.274081748364515931e-01
-2.375688266522703596e-01
-2.363833800505108496e-01
-2.171840513144699392e-01
-1.721905241094930927e-01
-9.595487348487807822e-02
-2.635540217369579385e-03
7.448973554379378914e-02
1.204827991887167660e-01
1.416148663455678025e-01
1.434546144676773494e-01
1.310695566574694715e-01
1.105589304396551731e-01
8.587418429883494908e-02
6.049027725452803261e-02
3.888215362511294321e-02
2.590109067090156161e-02
2.305867514230516835e-02
2.558962086440247363e-02
2.752000617725807938e-02
2.637247627752741658e-02
2.118963389048295412e-02
1.027417392039541716e-02
-6.216621461142695509e-03
-2.579840376388271503e-02
-4.623833857349512327e-02
-6.518600080556893883e-02
-7.880438549206313092e-02
-8.418633049742070551e-02
-8.063632784428030609e-02
-7.005308666241244486e-02
-5.831917990702397553e-02
-5.017537297086585579e-02
-4.581783883963908705e-02
-4.397637448905203361e-02
-4.248655195974196386e-02
-3.831322996303963835e-02
-3.070614028791556968e-02
-2.091284193527174345e-02
-9.009081049475908126e-03
6.671043632639890759e-03
2.873192454774668378e-02
5.149488314780648057e-02
6.245989013613185981e-02
5.999292167838250756e-02
4.961452782886302537e-02
3.455023050668577789e-02
1.820413686201457007e-02
4.635527184517714006e-03
-2.921947023329355200e-03
-4.494712539046879715e-03
-2.177448945374156793e-03
1.544543226956982939e-03
3.017245165403847299e-03
2.298428313970810218e-03
3.668299396898357361e-03
1.127213238851920013e-02
2.778973946041902662e-02
5.087753463840890417e-02
7.479585291424270532e-02
9.420336918019497907e-02
1.056288172947756621e-01
1.081920928213569166e-01
1.003149163009329076e-01
7.811165042818657422e-02
3.836305557957934986e-02
-1.199357817728212254e-02
-5.814173917076953524e-02
-9.169492761012633386e-02
-1.112636750687340248e-01
-1.201661621413004366e-01
-1.232502611350013710e-01
-1.226974520749033737e-01
-1.187164126630506217e-01
-1.103044574264980537e-01
-9.486420026132405536e-02
-6.844036665307798306e-02
-2.657761076421677471e-02
2.665016966583910046e-02
7.518564252757700683e-02
1.097409452175042988e-01
1.313174677714143979e-01
1.422114373793937625e-01
1.464897376576363430e-01
1.465363656445791973e-01
1.413572793561576613e-01
1.291868510137113291e-01
1.065110723438138368e-01
6.891740057096613914e-02
1.383244606504259282e-02
-5.231911370812323409e-02
-1.160959093789466628e-01
-1.717099945493264779e-01
-2.178528056320570006e-01
-2.507133270491800348e-01
-2.685453489592770637e-01
-2.723333494569440405e-01
-2.619924093319269121e-01
-2.351859139333659643e-01
-1.897410390926155543e-01
-1.228722085805294267e-01
-2.699484753730328063e-02
8.401231110185646000e-02
1.696877455036042148e-01
2.134959033694937558e-01
2.247206815835653959e-01
2.131036840572322899e-01
1.887700187116753137e-01
1.598690743642224577e-01
1.320883449370471585e-01
1.105434539163060170e-01
9.828433552410464902e-02
9.425750551948709755e-02
9.268228178051499122e-02
8.730015217242373393e-02
7.670998900435546664e-02
6.199375191996696344e-02
4.380571550142989268e-02
2.162976630275123893e-02
-4.521040692785993978e-03
-3.280586031676739622e-02
-6.074802855180490291e-02
-8.390481361058788057e-02
-9.740435296703317536e-02
-9.719602415814876384e-02
-7.867893250736893163e-02
-4.565404897561750608e-02
-1.329511327374561895e-02
7.835747536791937834e-03
1.797189089531725514e-02
1.984874622412752601e-02
1.242467192263369165e-02
-6.504631416514585276e-03
-3.340388792834628195e-02
-5.800751797636290175e-02
-6.826833723109192176e-02
-5.760139060117876186e-02
-2.119761358665228981e-02
3.515937572445786835e-02
8.650365187277422874e-02
1.164507034586556161e-01
1.243987741218081367e-01
1.122323441068159428e-01
8.359653410847776855e-02
4.411596933724284270e-02
2.137918113602625507e-03
-3.616704421148319443e-02
-6.912389680075897713e-02
-9.542575116789378531e-02
-1.154867881076393765e-01
-1.287614634604429265e-01
-1.395995985349766655e-01
-1.599552721896088658e-01
-1.876487142365415028e-01
-2.036540374042562496e-01
-2.020394207930073238e-01
-1.987134871789015267e-01
-1.980106303059581963e-01
-1.864721247278568195e-01
-1.518694227958825582e-01
-8.176310822963030189e-02
3.672468777923360017e-02
1.770279730587883682e-01
2.773993295048244878e-01
3.166982964082534213e-01
3.094029627795805704e-01
2.680356546043072274e-01
2.065388297448956245e-01
1.364687335032727378e-01
6.588279295340232489e-02
3.883877332552951311e-03
-4.066528250522953580e-02
-6.083272493076322118e-02
-4.784602303467382078e-02
-8.943335334645037549e-03
2.985229387210296473e-02
6.031159018234309721e-02
8.958876247552054195e-02
1.184031579934707035e-01
1.419500144994872981e-01
1.547769316469874423e-01
1.536733395975698468e-01
1.382294037319249103e-01
1.106601828132700027e-01
7.265107671004147893e-02
2.527084624086436970e-02
-2.814589186173028709e-02
-8.299852101796047210e-02
-1.370347687443075335e-01
-1.895965832290016362e-01
-2.372281103930712343e-01
-2.738250470628027511e-01
-2.959157172461165386e-01
-3.026240186029953705e-01
-2.916007895535930872e-01
-2.593926128682450538e-01
-2.005407452222071896e-01
-1.065163701723804424e-01
8.093581052240023804e-03
1.030635320327579207e-01
1.604564016696372886e-01
1.872252089513795070e-01
1.914059652041095183e-01
1.807998586257825724e-01
1.611422184452096507e-01
1.366546986345915371e-01
1.137833630617865466e-01
9.821860270637645940e-02
9.126938955425462074e-02
9.301650164793485998e-02
1.011985817654137004e-01
1.100550305821289543e-01
1.143517597782840456e-01
1.110151272696188740e-01
1.004431042645588107e-01
8.692609706880381759e-02
7.400640769020061516e-02
6.168053436844825321e-02
4.840672605941101492e-02
3.089209021817102344e-02
3.780735873861719443e-03
-3.725725136635631152e-02
-9.002255029141524589e-02
-1.466195439110759002e-01
-2.007503403263240782e-01
-2.494650633090388925e-01
-2.921574237884589365e-01
-3.289420455306557023e-01
-3.580931375276939499e-01
-3.752252121030997256e-01
-3.720116784412353383e-01
-3.356476510807547831e-01
-2.506020915364119417e-01
-9.986273422915281639e-02
8.831988324079503849e-02
2.373777708980656376e-01
3.149647358558689825e-01
3.381369097424408166e-01
3.244091773498648523e-01
2.872137878738836303e-01
2.382570803069057330e-01
1.870132636049977037e-01
1.378705904495875489e-01
9.382205905724153028e-02
6.017447610749645376e-02
4.139646089146301750e-02
3.180682586868018719e-02
1.687948127652914160e-02
-8.135720028958100605e-03
-3.465698113574006145e-02
-5.470319117888916560e-02
-6.817349954138166024e-02
-7.742786688422970132e-02
-8.115199660053870612e-02
-7.660643436269859441e-02
-6.134783223661277596e-02
-3.203299002003992535e-02
1.671393951357048185e-02
7.699049423372407441e-02
1.254263625662574710e-01
1.529379400288504165e-01
1.645231709340922999e-01
1.640770086015848339e-01
1.551795235034933718e-01
1.394930664334148029e-01
1.164118490226457303e-01
8.625177768843594883e-02
5.226628568756899046e-02
1.898578761531614922e-02
-1.148216199663800591e-02
-4.178689605979925975e-02
-7.705328517738641025e-02
-1.206579620971430789e-01
-1.721323466759671073e-01
-2.264634750535011731e-01
-2.781185426988700415e-01
-3.223929912442556334e-01
-3.501079018859245551e-01
-3.507669346696145607e-01
-3.143719841238011847e-01
-2.281343461992540456e-01
-7.795425313740569906e-02
1.027433961341061852e-01
2.358354389630863690e-01
2.952401685283488342e-01
2.992501119178313518e-01
2.611859373130001050e-01
1.950698254469031001e-01
1.154445907978661201e-01
3.626238077603153448e-02
-2.817624793152485874e-02
-6.383355440591208241e-02
-6.005475844092416499e-02
-8.566660161585470945e-03
6.866907293426087466e-02
1.164730550878999848e-01
1.098393979958432465e-01
5.954783695454069631e-02
-2.159980825996865236e-02
-1.200544092732268586e-01
-2.199357843879238827e-01
-3.047945298036314199e-01
-3.587527184434245453e-01
-3.671338503471856529e-01
-3.147163207825577347e-01
-1.842954668828302722e-01
-5.294321485936774596e-03
1.459168683654609999e-01
2.401729797931719812e-01
2.936501244204351435e-01
3.194840817681482981e-01
3.271230391329598697e-01
3.215045441109246060e-01
3.049703606127788791e-01
2.780409106403747277e-01
2.392258910331149790e-01
1.887248177675476257e-01
1.301346693593724013e-01
6.799730588419264365e-02
7.135556040150255880e-03
-4.907214410401798677e-02
-9.853844466761309262e-02
-1.384628383202969604e-01
-1.680764701152094864e-01
-1.868877008384638994e-01
-1.937236625508536592e-01
-1.896549450036844886e-01
-1.759039102129348886e-01
-1.545282577330175655e-01
-1.293494417825361009e-01
-1.030224068783442831e-01
-7.581531138985793394e-02
-4.678085220550837892e-02
-1.541842384814130600e-02
1.767911460096165815e-02
4.810885645952180795e-02
7.075356061201011626e-02
8.606646871096892970e-02
9.513428519071759348e-02
9.551752591898915457e-02
8.405158839834708795e-02
5.874118154389823543e-02
2.484895979005295741e-02
-6.722217381793207241e-03
-2.920477263177370664e-02
-4.039083064406446405e-02
-4.141044070371494024e-02
-3.489168123017299256e-02
-2.330913145452099405e-02
-9.064972880638299396e-03
5.447197830605278110e-03
1.526483147259116366e-02
1.480973676978291839e-02
3.261702606894151257e-04
-2.299873511158669753e-02
-4.122808394486069533e-02
-4.723809681713504738e-02
-4.236593321322770084e-02
-3.090429113456864135e-02
-1.600936655180545259e-02
2.284481927337489449e-03
2.256544100214661133e-02
4.142735639550265692e-02
5.591267948644790958e-02
6.514376437166335965e-02
7.191090058573017252e-02
7.806148875411103583e-02
8.077865728814233315e-02
7.915543933119466302e-02
7.546690422864017755e-02
7.161750939255662196e-02
6.832762851302737195e-02
6.458068280160503272e-02
5.955056086823307809e-02
5.442160337750037713e-02
4.994752465716788964e-02
4.440926095329990331e-02
3.516643047136609745e-02
1.878672053675287806e-02
-1.130194887839684921e-02
-6.066141854554746998e-02
-1.273969010306195970e-01
-2.050818815264474071e-01
-2.862331544156029306e-01
-3.614557753022475395e-01
-4.182532128321002074e-01
-4.420078687905945602e-01
-4.183398969848263205e-01
-3.328076962517165227e-01
-1.698068719002017168e-01
3.625701162013249962e-02
1.993039425940235365e-01
2.854059332878239874e-01
3.139724330898218674e-01
3.019646409488285221e-01
2.624407817011197297e-01
2.080267762893384664e-01
1.546828007802142912e-01
1.185893116294172989e-01
1.003281478012379990e-01
8.696177177456143603e-02
7.730965188907026886e-02
7.431520172422785564e-02
7.232403195300844689e-02
7.093153849258389265e-02
7.337979333859281916e-02
7.826016055072193556e-02
8.210661089151612135e-02
8.213703347600981308e-02
7.546223581571034900e-02
5.996694929251142336e-02
3.765999587980753405e-02
1.186715636440529784e-02
-1.937343362044855258e-02
-5.421314850237889116e-02
-8.314920648349317933e-02
-1.047388119887606994e-01
-1.231081106193956665e-01
-1.382779867601762747e-01
-1.495082509636682933e-01
-1.573548596352832007e-01
-1.621371669109886726e-01
-1.629297919641936321e-01
-1.560876858856882210e-01
-1.344412862823845256e-01
-8.974799133860739131e-02
-2.937860684897602645e-02
2.417334548129460026e-02
6.303324592346395971e-02
9.155619970773709593e-02
1.108718141106426608e-01
1.216655025957948666e-01
1.258414616723882717e-01
1.252854770245355742e-01
1.202955128178456456e-01
1.102913266756967436e-01
9.601748379112505505e-02
7.912367160689591505e-02
6.197327752648344040e-02
4.498700060428011127e-02
2.423410214556998357e-02
-1.242904935438078964e-03
-2.861555263162160467e-02
-5.566327954590187532e-02
-7.849247469057697713e-02
-9.190853852356400955e-02
-9.329321725758614459e-02
-8.195996288525907170e-02
-5.797964285845870480e-02
-2.129496573719329502e-02
2.037063565302493079e-02
4.854601138035195829e-02
5.715571780961991449e-02
5.319788397089788429e-02
3.922400873763089157e-02
1.783153019427845959e-02
-5.265522960046013085e-03
-2.706933787513412723e-02
-4.699271704245713138e-02
-6.013063099857274274e-02
-5.867153389341223796e-02
-3.977772800934006869e-02
-1.645494553333226237e-02
-9.557589691600365533e-03
-2.241727164505354433e-02
-4.876399616480436849e-02
-8.566568167419091884e-02
-1.289198916047692711e-01
-1.723397743559954565e-01
-2.075672898919959097e-01
-2.248062264636700169e-01
-2.137763252256812962e-01
-1.634565571954163521e-01
-6.099661568807700912e-02
7.529083935850434950e-02
1.939069035900822247e-01
2.704748981925658158e-01
3.076552141816909502e-01
3.112798080852315907e-01
2.905723035205345361e-01
2.525936639539489437e-01
2.028731549054875460e-01
1.470472510581290193e-01
8.921088080324030001e-02
3.186229919862576532e-02
-2.210764506076781655e-02
-6.561804203098006716e-02
-9.266245378092337337e-02
-1.064133299900938412e-01
-1.104259862895636546e-01
-1.051856638971636615e-01
-9.175471898560902395e-02
-7.214535910031283361e-02
-4.977170799327682721e-02
-2.791310241908383227e-02
-9.477324557681490041e-03
4.345384623714232050e-03
1.370020491431644775e-02
1.916349941352342087e-02
1.996035306590741853e-02
1.260380671215538713e-02
-3.120160865966623790e-03
-2.285330239986035905e-02
-4.166056336240894775e-02
-5.406547614675505375e-02
-5.556499803587285069e-02
-4.676036792213758564e-02
-3.110133489010578206e-02
-1.115265565891727234e-02
1.124860630666699689e-02
3.352664996713754925e-02
5.054568947961875919e-02
5.860910982648710049e-02
5.827787560076504170e-02
5.197267365203134953e-02
4.383507222324778407e-02
3.793165971198637909e-02
3.440632119777063680e-02
3.038315697410562052e-02
2.315576278028977017e-02
1.106783940233813449e-02
-7.686505688835747717e-03
-3.000044687133166313e-02
-4.620439597043689978e-02
-5.051013961043953476e-02
-4.478785707976028208e-02
-3.395548599995940053e-02
-2.084999350680303079e-02
-6.965701856232231308e-03
5.944034806407638531e-03
1.685969798562781882e-02
2.321449966308874319e-02
2.269978929325759676e-02
1.579487644450012704e-02
1.860785307389590561e-03
-2.134012706547891089e-02
-5.334832461580415325e-02
-9.206601297501791625e-02
-1.362561647851212032e-01
-1.827960969459253293e-01
-2.240842093582998962e-01
-2.526901755553395690e-01
-2.623694454003517862e-01
-2.432315909845228497e-01
-1.831548403951146209e-01
-7.167460586218604712e-02
6.568908218754458683e-02
1.747172825616491454e-01
2.411007220296085274e-01
2.792699725269714994e-01
2.984064017845446948e-01
3.063706916998202856e-01
3.067399847426092729e-01
3.002211867992867766e-01
2.861210918894678823e-01
2.607050008719508649e-01
2.201211995162127844e-01
1.604418211176222853e-01
8.602982771334369283e-02
1.369836141421935244e-02
-4.802096937242809893e-02
-1.008782258862223891e-01
-1.440958924782924089e-01
-1.741364652421588666e-01
-1.882493410947039814e-01
-1.867055480850646210e-01
-1.711664876407221758e-01
-1.449186732121915122e-01
-1.134669154302150040e-01
-8.282081534353487318e-02
-5.816949181418344661e-02
-4.223103644667516865e-02
-3.579277927789960984e-02
-4.053445107012737525e-02
-5.639176594044038870e-02
-7.887518352045333470e-02
-1.016431584346775274e-01
-1.183604988456980894e-01
-1.230280617319693126e-01
-1.094816604752642392e-01
-7.359988400704448042e-02
-1.406823451873741998e-02
5.458122562991008647e-02
1.040057508056236868e-01
1.243802636219721591e-01
1.240482760134086204e-01
1.121967329322096918e-01
9.524541277857193067e-02
7.735374444797024629e-02
6.188972467959667767e-02
5.095783686440313875e-02
4.518911597810303798e-02
4.331546257260052851e-02
4.343034943373470791e-02
4.027124536913136155e-02
2.842936993150774541e-02
9.323747072461509300e-03
-1.210081608237753570e-02
-3.143214067647481791e-02
-4.616638543846219439e-02
-5.490771307828836573e-02
-5.644568890353200696e-02
-5.106046622949043240e-02
-4.109039569648211682e-02
-3.068730286958067446e-02
-2.087747199732037720e-02
-1.080337570395936697e-02
-3.444231309426689855e-03
1.449976740792551389e-03
5.829528624655410350e-03
8.206053397459830284e-03
1.057906194163707632e-02
1.679211763414329567e-02
2.685041973455395276e-02
3.810178462893625689e-02
4.840422179299353617e-02
5.550748205023676995e-02
5.746268021009487414e-02
5.481444703497263121e-02
4.748419061113146045e-02
3.477519005846967104e-02
1.804607322649586648e-02
1.932790387602694934e-04
-1.505298176197632232e-02
-2.490790092400298195e-02
-2.955325714356467348e-02
-2.961523814112223402e-02
-2.541363122593824631e-02
-1.963675325851925446e-02
-1.655955726481699725e-02
-1.720582119902638873e-02
-1.901674264906588058e-02
-2.200294473624177238e-02
-2.740701220057580045e-02
-3.484130328228529638e-02
-4.405501340136283583e-02
-5.467009383448163951e-02
-6.419289281584353302e-02
-6.862567392383162046e-02
-6.572706596206251417e-02
-5.340027461792323099e-02
-2.743031421621660790e-02
7.684311982802557311e-03
3.666676171035274101e-02
5.314923376863496529e-02
6.064362195959670937e-02
6.156672312768354804e-02
5.903360471322924991e-02
5.633448404151752964e-02
5.394579544405858629e-02
5.076558367343668443e-02
4.852469436379646534e-02
4.966996972869075488e-02
5.205191628613854704e-02
5.048758482309242263e-02
4.063011906036531617e-02
2.284832407628617501e-02
8.355354055671854012e-04
-2.307825858468321931e-02
-4.855091925213023130e-02
-7.587683788958851649e-02
-1.041549447471864231e-01
-1.287424381663125617e-01
-1.415046071096522085e-01
-1.351103357294520246e-01
-1.049365336236486312e-01
-5.792600633180512715e-02
-1.266684191648513765e-02
2.210365678369861919e-02
4.833731968211507635e-02
6.876999761438437608e-02
8.620782082667800827e-02
1.004228310072629304e-01
1.095309148722471981e-01
1.111472424419407967e-01
1.029532751266020452e-01
8.516652987849324119e-02
5.912996585186191395e-02
2.713083170814360734e-02
-5.533954968197613011e-03
-3.186054514557518785e-02
-4.780956776547570092e-02
-5.383313099676303309e-02
-5.191919850894410882e-02
-4.510608022918459470e-02
-3.727295912219048823e-02
-3.078736219071386351e-02
-2.555067562391548364e-02
-1.973674246175950026e-02
-1.560200011435623063e-02
-1.665501208072199535e-02
-1.944891308837677288e-02
-2.001023960975065880e-02
-1.789531929110340508e-02
-1.102367834099993692e-02
2.782942361376014454e-04
9.339520903220103337e-03
1.475873821007210943e-02
2.466207304556609567e-02
4.144439289257870890e-02
6.000529019412385173e-02
8.200264434265581992e-02
1.042271137300365275e-01
1.140239659818450546e-01
1.078936275106548437e-01
9.058224713703461051e-02
6.708254739528136945e-02
4.036979651108267564e-02
1.083438804463765504e-02
-2.066082480616745348e-02
-5.149491604830658958e-02
-7.720956326979505624e-02
-9.136668580085287317e-02
-8.640098831993411888e-02
-6.832204098078442644e-02
-5.948874452918002931e-02
-6.976253001842026846e-02
-9.487279131245435204e-02
-1.323897749239562327e-01
-1.810996478443901714e-01
-2.381208600604443615e-01
-2.923564580205311181e-01
-3.256544940383568898e-01
-3.200765197961823461e-01
-2.568667761964023577e-01
-1.179846363585401181e-01
6.449010733797611028e-02
2.118527125852392445e-01
2.938684710822832558e-01
3.266824755126135349e-01
3.252873948332468124e-01
3.023600659271417079e-01
2.677383400411874059e-01
2.285824822108485921e-01
1.898631286828457720e-01
1.533987790212341107e-01
1.164739774324174970e-01
7.779648684211618037e-02
3.988624385750934309e-02
6.225261698468603430e-03
-1.888428804404346587e-02
-3.092871014304232266e-02
-2.776672987066038448e-02
-1.317118580876294048e-02
4.501554845443709457e-03
1.822908598850930123e-02
2.464708853470378228e-02
2.107160004122557093e-02
4.965903627796020708e-03
-2.318896094812634284e-02
-5.856261495308462406e-02
-9.480432625641416200e-02
-1.283904967689134535e-01
-1.575026658030788396e-01
-1.801630791376378493e-01
-1.958732958393323564e-01
-2.046296356066719113e-01
-2.024497578422325139e-01
-1.836374214120889414e-01
-1.471551694536561428e-01
-8.900203865038899820e-02
-8.281978971249621263e-04
9.968827340768107725e-02
1.765701060146876722e-01
2.211362140399968090e-01
2.434580102766160659e-01
2.498025029390954499e-01
2.431473127961530367e-01
2.250191591210378150e-01
1.959013053373790669e-01
1.549862444662792327e-01
1.059784399564563662e-01
5.294565664413894424e-02
-6.268574471545248009e-03
-6.947271853089755089e-02
-1.300796571203669816e-01
-1.908690310577053906e-01
-2.554613647919629082e-01
-3.201453631763175878e-01
-3.767702523748784338e-01
-4.132636089033623339e-01
-4.197875625284020473e-01
-3.871559521964456074e-01
-3.040331864465814493e-01
-1.599206400058186817e-01
2.770352655327747507e-02
2.026221992381120607e-01
3.235458776494331001e-01
3.879984251860858491e-01
4.057704194290549515e-01
3.874483209597412436e-01
3.442801752347270927e-01
2.856064248401672390e-01
2.199376981167244227e-01
1.538608400026625078e-01
9.086395382123721443e-02
3.474806072164035586e-02
-1.118391692194649345e-02
-4.548819851247491719e-02
-6.999085827891800282e-02
-8.848272948597621368e-02
-1.012981496095344547e-01
-1.076541932348552277e-01
-1.086725424947782292e-01
-1.052689196701489666e-01
-9.771991384275158232e-02
-8.610901760469562294e-02
-7.136155922481186853e-02
-5.395065151091783112e-02
-3.054702581532458411e-02
-2.429938808618498092e-03
1.833533501246939132e-02
2.389512334300489954e-02
1.860223916680735223e-02
8.858833486537161239e-03
-2.647502585764434715e-03
-1.358042994268209361e-02
-2.157183200244866886e-02
-2.459853936746495690e-02
-1.898210195362478106e-02
-2.394014741705749634e-03
2.524909455484556850e-02
5.762169837679016055e-02
8.218649092320517990e-02
9.568808771434009208e-02
1.025695917436816179e-01
1.043979797096196843e-01
1.023761068960265808e-01
9.785263495792938249e-02
8.981090686330954476e-02
7.742385265022036500e-02
6.091674707582481196e-02
3.968721689702588151e-02
1.233967913008530808e-02
-2.290445995161497980e-02
-6.616170022906944781e-02
-1.160396327273012784e-01
-1.706559826515883227e-01
-2.278610053625994281e-01
-2.864098121933548180e-01
-3.442398574249663779e-01
-3.940317045179407840e-01
-4.211210385400305234e-01
-4.056981143076520691e-01
-3.267652871238235224e-01
-1.639631648971010269e-01
4.850043426601480245e-02
2.205707687225906821e-01
3.151384936759986655e-01
3.484627474515947787e-01
3.356430871016245487e-01
2.921714326560821418e-01
2.336784149925033305e-01
1.748449153518458199e-01
1.272403496634347264e-01
9.425409056677842845e-02
7.511302323946442150e-02
7.487636500757223479e-02
9.381628070246481044e-02
1.173547471961483984e-01
1.320463920716493378e-01
1.352426293535781143e-01
1.268930131547999773e-01
1.073555549507622803e-01
8.151677494127855528e-02
5.483623600302775514e-02
2.938061078547977642e-02
5.698215185799642563e-03
-1.705856569115191124e-02
-3.962073289255189229e-02
-6.226763936252587700e-02
-8.489514886841456609e-02
-1.057305103845599947e-01
-1.239964062139011780e-01
-1.404368533149421838e-01
-1.570388325444201094e-01
-1.736296932075716837e-01
-1.855641166644092788e-01
-1.885558523631013783e-01
-1.781620107518829543e-01
-1.493262290475266540e-01
-9.829459692320993702e-02
-3.764237829293121118e-02
4.073302689359105389e-03
1.638338540208056360e-02
6.742418833594526761e-03
-1.811539194212593087e-02
-5.073320096233781273e-02
-8.441204743223415519e-02
-1.139211694279949338e-01
-1.313876611968683994e-01
-1.244576999215094015e-01
-7.790308135143123036e-02
2.192257714665957896e-02
1.479684869926642110e-01
2.409100792776301403e-01
2.852602547305813085e-01
2.962506418809126019e-01
2.831161156204486939e-01
2.553725950422819913e-01
2.193163952394729943e-01
1.765218362591041146e-01
1.269667522772063017e-01
7.221834806497139103e-02
1.554787869986483731e-02
-3.901396291967670904e-02
-8.687338378370056124e-02
-1.250169042164506195e-01
-1.518397444790876571e-01
-1.653614595784351216e-01
-1.657413320352274511e-01
-1.542324681545826359e-01
-1.324545014740518556e-01
-1.035332397833618190e-01
-6.737161524579271532e-02
-2.337419614350041974e-02
2.367543617838738235e-02
6.695910804957039275e-02
1.004980261382751872e-01
1.203261199573649604e-01
1.261745125018401692e-01
1.203273298201607555e-01
1.053132058579446528e-01
8.248330766594488828e-02
5.261026431702519462e-02
1.928532502236868923e-02
-1.110280062666645605e-02
-3.599945179580130161e-02
-5.918666142889808524e-02
-8.391977191963677363e-02
-1.093282117125072006e-01
-1.304748036170929326e-01
-1.396879111935130924e-01
-1.338555130712416885e-01
-1.180956854796149091e-01
-1.032015517065021926e-01
-9.728191595297946970e-02
-9.861210578712548136e-02
-1.006204034737376019e-01
-9.355113150373764452e-02
-6.687093291397640249e-02
-1.517365173419964880e-02
5.111085046406632637e-02
1.058970863569654586e-01
1.367074095762215724e-01
1.485395428057725842e-01
1.474221061436598312e-01
1.395527954710943097e-01
1.292766472089921514e-01
1.170648848582565987e-01
1.024740856995481897e-01
8.412123253374358123e-02
6.114142581698220336e-02
3.570097866211708465e-02
1.089253853915418159e-02
-1.142025198906275810e-02
-3.156164586443367670e-02
-4.784716015505124931e-02
-5.657770743659856771e-02
-5.683077497740571249e-02
-4.825101924946834792e-02
-3.094824640572153146e-02
-8.941426953983694706e-03
1.142842714588039599e-02
2.561127769485073424e-02
3.191310605240262749e-02
2.985999030330269491e-02
2.034411140080582062e-02
7.138225075005197144e-03
-4.965628505318445650e-03
-1.374703215819112270e-02
-2.068026378827881109e-02
-2.849090564343685628e-02
-3.785153378712211025e-02
-4.552750746748170096e-02
-4.723817146925243099e-02
-3.635285582121546705e-02
-5.298142852579908191e-04
5.070764084631981805e-02
8.441443489724630156e-02
8.781132068143272795e-02
6.438551974458253668e-02
1.646884812417933122e-02
-4.709541846655140168e-02
-1.156843441437431924e-01
-1.808336290442705274e-01
-2.304965119687730490e-01
-2.495881577906139681e-01
-2.245966083523749379e-01
-1.412145470821707660e-01
-2.039092314017619881e-02
7.689708537401104826e-02
1.251640363555627522e-01
1.367455115968780610e-01
1.218311832945255940e-01
8.916167855705722789e-02
4.905137951394800827e-02
1.175952915554474842e-02
-1.466893255306777819e-02
-2.360275784860925777e-02
-9.247020040048938017e-03
3.568803573582888383e-02
9.681729226647263487e-02
1.363085047322284693e-01
1.414949248898943468e-01
1.241071895004930425e-01
9.533942653093153974e-02
6.552306265287674569e-02
4.209018211468463361e-02
2.708764809093273593e-02
1.803587488715827081e-02
1.056957278050474867e-02
3.094121373714720652e-04
-1.192656372436159441e-02
-2.257816286055006755e-02
-3.113289785432618584e-02
-3.575134387716513013e-02
-3.376525955787373912e-02
-2.684132186888394528e-02
-1.704397512952907784e-02
-3.357845240672379522e-03
1.172622196976057067e-02
2.090283655030671442e-02
2.208330557920444581e-02
1.879053688860825300e-02
1.201849347795645555e-02
1.538454871616812443e-03
