2.234423847191472495e-02
2.512251385871323850e-02
2.565232492404027204e-02
2.081092786480887719e-02
1.400313716109913287e-02
9.674265848062524320e-03
5.818075324150046024e-03
-2.621042727087741220e-03
-1.722214225702656254e-02
-3.601581331938577546e-02
-5.432364161483722864e-02
-7.249463099119760057e-02
-9.853870192953249896e-02
-1.355689190619098761e-01
-1.821570347909008958e-01
-2.388912226369531155e-01
-3.057751165331987764e-01
-3.787475663850060625e-01
-4.509632558898007959e-01
-5.115187078384993979e-01
-5.432856750618825226e-01
-5.295296146242027824e-01
-4.596225776539115682e-01
-3.418114863835958195e-01
-1.928060280084419598e-01
-5.064187009139565349e-03
1.939585337128768572e-01
3.270815336574752763e-01
3.733896616774015076e-01
3.638680555437582842e-01
3.251886364729517087e-01
2.777746847590186752e-01
2.356973291715179220e-01
2.137679222669146006e-01
2.256256238687047166e-01
2.510496741658497788e-01
2.437438170062158072e-01
1.906125449315725084e-01
1.085013373343836629e-01
1.501418675643136774e-02
-6.926077612317121934e-02
-1.231079987178465007e-01
-1.344764462505985414e-01
-1.126101320205729756e-01
-8.111403202300222770e-02
-5.378744575488358937e-02
-3.407992564342252062e-02
-2.474641005518550541e-02
-2.218683841976980264e-02
-2.083685891356968148e-02
-1.911169115963516629e-02
-1.699913500053240600e-02
-1.548381159432559578e-02
-1.449215025133470877e-02
-1.289860668165465456e-02
-9.365730779191144828e-03
-1.463125000181089968e-03
1.532762803472044466e-02
3.570681201160673390e-02
4.671327322096107543e-02
4.831216573207663956e-02
4.742558594874552585e-02
4.798838392642604256e-02
5.311635229516616097e-02
6.442441952674290984e-02
7.883493652423667619e-02
9.083601339872304781e-02
9.931962726264956243e-02
1.068730027844927849e-01
1.139732957708815414e-01
1.224869215067858341e-01
1.396642038748617531e-01
1.611151213132974436e-01
1.721203711675070580e-01
1.690049783034587305e-01
1.538777517121760752e-01
1.273275744025881839e-01
9.291344381707397626e-02
5.374523201727768318e-02
1.054522641579461878e-02
-3.352058028054240996e-02
-7.163960517343669065e-02
-9.727060327301080556e-02
-1.266405959915840040e-01
-1.947461275572409944e-01
-3.121403042167880670e-01
-4.680403334005655003e-01
-6.510597984862827037e-01
-8.459406730526520812e-01
-1.031020891515009197e+00
-1.175774820391251474e+00
-1.240455092290815076e+00
-1.180406969639133941e+00
-9.452972116989012408e-01
-5.190331195544525267e-01
2.426846264162147576e-02
5.653933854578511164e-01
1.006304340717844692e+00
1.285204873235355816e+00
1.391507303849994104e+00
1.356322001263156718e+00
1.222728856848670720e+00
1.029648897916598305e+00
8.079233672624286378e-01
5.847163988251685707e-01
3.819464575220534175e-01
2.111274187927413004e-01
7.737583749441451220e-02
-1.992689565497725301e-02
-8.857275432959682560e-02
-1.374654694389946530e-01
-1.722729026487656578e-01
-1.973436342622292283e-01
-2.163832438453974494e-01
-2.304927381307702028e-01
-2.392171405911496240e-01
-2.421345312382331416e-01
-2.411957211901663567e-01
-2.421231131676895298e-01
-2.509455753418369239e-01
-2.692326585790044136e-01
-2.941934527624851525e-01
-3.220661476602504347e-01
-3.466138493754606920e-01
-3.575980274581639362e-01
-3.426350707520066097e-01
-2.905582937059810744e-01
-1.949328446353403854e-01
-7.297052790917951670e-02
4.086550234761646139e-02
1.372280564585530160e-01
2.140764049530543278e-01
2.575338393025042860e-01
2.692463291715644358e-01
2.602549558270368379e-01
2.363025612677353560e-01
2.034183693133614079e-01
1.690711384361906211e-01
1.378666769772447231e-01
1.118663666294497233e-01
9.083504688793508919e-02
7.182164042220086364e-02
5.279338968701974971e-02
3.541355218527498377e-02
2.236244766854198276e-02
1.276255356557120905e-02
4.797096450341119256e-03
-1.960497705825573617e-03
-9.164330652167318458e-03
-1.644431536209019565e-02
-2.090293668022980694e-02
-2.252000163522519666e-02
-2.186557111014682947e-02
-1.936884410756426617e-02
-1.735965974753522420e-02
-1.978242657702029492e-02
-2.835615827233490399e-02
-4.113932655735336175e-02
-5.733589786758137852e-02
-7.591658491226653538e-02
-9.405937788056380200e-02
-1.072888562414116564e-01
-1.136141347971044158e-01
-1.128680348175929715e-01
-9.977013001300318040e-02
-6.839001542796138700e-02
-1.436424034828251081e-02
4.811341291533877823e-02
8.460463989193119094e-02
7.997826669627838836e-02
4.218968033055145450e-02
-1.631837928211536670e-02
-8.268684035761202089e-02
-1.477807270524051642e-01
-2.071931102918901368e-01
-2.534468132380545691e-01
-2.678705827895492275e-01
-2.271727447508134767e-01
-1.123058864982811184e-01
4.882604734222088794e-02
1.855143765142797108e-01
2.695236035652854856e-01
3.118058013015609919e-01
3.193312772101830621e-01
2.989985091953426544e-01
2.602741369668262195e-01
2.112827404747364968e-01
1.566073134043770576e-01
1.002127104672152352e-01
4.623830494704073146e-02
-3.662667414580798170e-03
-4.737554532293686976e-02
-8.111500148223632634e-02
-1.033695772599068918e-01
-1.136765680094725395e-01
-1.130032241389551106e-01
-1.044024521535948935e-01
-9.008177195011052296e-02
-7.156084191881476042e-02
-5.065720508481423578e-02
-2.896392989988344838e-02
-7.351176974340133813e-03
1.210747469902158542e-02
2.612620444163489541e-02
3.342525785918124687e-02
3.484226703877837950e-02
3.239902528606133231e-02
2.777920857585476980e-02
2.131092284696707237e-02
1.328799901046298984e-02
4.342157736254419545e-03
-5.905689158681575249e-03
-1.807212295421766271e-02
-3.105530983989756785e-02
-4.344719417967993907e-02
-5.344915114901874209e-02
-5.809359317911264725e-02
-5.589969427195122520e-02
-4.667580916962618676e-02
-3.070166664469676371e-02
-1.142962734635774059e-02
6.469117797174983933e-03
2.081678160923877696e-02
3.039681171096908496e-02
3.390810510903111141e-02
3.143278126641801257e-02
2.383819636858403035e-02
1.389255192766846586e-02
7.055480279469349830e-03
5.398930149495012425e-03
6.737881460519671260e-03
8.821665330723529527e-03
1.004540361416949266e-02
9.441782846691995287e-03
6.098690820177304038e-03
-1.412204414873067127e-03
-1.352933341704240164e-02
-2.744488157853264276e-02
-3.968246496254076300e-02
-4.792267256332217312e-02
-4.883272898798586559e-02
-4.017312146133130563e-02
-2.342077574653084540e-02
-3.078685040810772572e-03
1.568714255813722508e-02
2.981677707463973453e-02
3.828011752685180763e-02
4.124471221663830733e-02
4.040231920953712280e-02
3.758791675402486931e-02
3.337658965926122018e-02
2.847774816324884911e-02
2.369708719116336154e-02
1.879992884617734394e-02
1.351801038146525913e-02
6.960477017363388141e-03
-1.788442517545417009e-03
-1.150339177499585391e-02
-2.004323659800350682e-02
-2.663421079285161613e-02
-3.185799877687331416e-02
-3.526534229293583345e-02
-3.572139132473954592e-02
-3.173173669945810599e-02
-2.232473091685171357e-02
-9.639812689516727776e-03
3.270282161228193780e-03
1.380437434235894274e-02
1.949687747294642087e-02
2.055669689026285579e-02
1.952808233769969329e-02
1.729497385004032106e-02
1.408234823393496316e-02
1.058394732125585679e-02
6.021900899568976770e-03
1.651649480394214685e-04
-5.281233003651714109e-03
-9.129165046947813542e-03
-1.186468504523487816e-02
-1.348216188602659009e-02
-1.260644428834066869e-02
-9.435951190095706251e-03
-5.358612957263356701e-03
-2.392631999248885774e-04
5.792982181961470536e-03
1.181482557454506532e-02
1.676396570486509210e-02
1.969830425802059082e-02
2.057123207061676076e-02
1.941006647764301554e-02
1.766379380757996873e-02
1.787312263682227717e-02
2.073526770143920353e-02
2.519952003318306002e-02
3.064867427296819741e-02
3.735806314943072859e-02
4.461538479661752987e-02
5.103701405171402750e-02
5.588807750603947549e-02
5.983445280958262641e-02
6.371607830941879158e-02
6.597482568548054815e-02
6.401665562280448030e-02
5.661834956616469683e-02
4.404316007478967232e-02
2.623954034125420415e-02
1.841738227657596649e-03
-2.972552475664346286e-02
-6.730355189120768022e-02
-1.098776415038087428e-01
-1.573026930662262124e-01
-2.084022776310967828e-01
-2.598680446534906707e-01
-3.068783464797387728e-01
-3.431521736371020426e-01
-3.621230878704931877e-01
-3.551171517601494076e-01
-3.089020753007699627e-01
-2.095362139361908183e-01
-4.236231689952704715e-02
1.596353642481057877e-01
3.131021478923211587e-01
3.857120228912583881e-01
3.989214316896258494e-01
3.730800984079264970e-01
3.220120628443003952e-01
2.559680297671990123e-01
1.854177324832676776e-01
1.190136435243179386e-01
6.127122331493682628e-02
1.429652291635327525e-02
-2.150104828725499934e-02
-4.748849414774627964e-02
-6.482462158643914618e-02
-7.381154810721791970e-02
-7.360973761587426278e-02
-6.289799356666404828e-02
-4.377065920525505943e-02
-2.087780281743891256e-02
2.897920808083685046e-03
2.526734509606065604e-02
4.230494965880737812e-02
5.016317715453171011e-02
4.688523688907082071e-02
3.369287332087621267e-02
1.468422840702436442e-02
-7.282260090176869913e-03
-2.823660769466600218e-02
-4.202346349139222254e-02
-4.727042904064796686e-02
-4.411821884195356314e-02
-3.221038940818178598e-02
-1.476572369372306133e-02
5.510218672205002485e-03
2.542708081261423059e-02
3.873784243154611978e-02
4.048853884602244407e-02
2.802335212593423316e-02
9.908985026652571138e-05
-3.599378124950409347e-02
-6.546374417911977883e-02
-8.138537168707701830e-02
-8.505076507993317159e-02
-8.043152662948785392e-02
-7.203059575905131073e-02
-6.162510731716613899e-02
-4.996189255137455099e-02
-3.765500794041910099e-02
-2.507734057062655647e-02
-1.148699365699968299e-02
5.119849501501907811e-03
2.353080530622060629e-02
3.824482974696984117e-02
4.529978750245854113e-02
4.488681464285875639e-02
4.033833581503203092e-02
3.386234996376512318e-02
2.528636368240022581e-02
1.647269028680821423e-02
9.789956706794260971e-03
4.916503588215190117e-03
6.238122701720896258e-04
-3.653926464571163706e-03
-7.085604224401491867e-03
-7.020244023887205718e-03
-1.448612923958224764e-03
8.372548399925223636e-03
1.780981139131035049e-02
2.373778431206378936e-02
2.505823502644533018e-02
2.118937076535248876e-02
1.502152097286930249e-02
8.576789665046040401e-03
1.069774429254551507e-03
-8.317429024900829110e-03
-1.910091514762032525e-02
-2.735965046881273094e-02
-2.908537887309396372e-02
-2.374831923317104534e-02
-1.230561407557278705e-02
3.903589437742073336e-03
2.106846120050465468e-02
3.406140872299165401e-02
4.045492803996800224e-02
4.011446451511532091e-02
3.330141910584965420e-02
1.992748189810616619e-02
3.115852984947779705e-03
-1.093002150019737120e-02
-2.140891875504030012e-02
-2.980586653413042769e-02
-3.479036331208678473e-02
-3.608033935303082973e-02
-3.449456163601522657e-02
-3.062358311397982494e-02
-2.446778557094241024e-02
-1.610219057158248854e-02
-6.991180477487941164e-03
8.413327336232628070e-04
7.748212751624883841e-03
1.533762339638885912e-02
2.138384707263794177e-02
2.282635199720459834e-02
2.015757216420896447e-02
1.543751364389685243e-02
9.414103740522917346e-03
1.903650666401579539e-03
-5.735336639615794957e-03
-1.118924757267012599e-02
-1.367133702942526299e-02
-1.461777446562392314e-02
-1.397441865290906249e-02
-1.054302951071658945e-02
-6.719821656408765838e-03
-5.245408904587167340e-03
-5.567585784068287622e-03
-5.842114461846697852e-03
-3.844156430990357601e-03
1.996294595063240022e-03
1.185220693329040731e-02
2.487109932024736750e-02
3.760127773345455643e-02
4.493520279646844029e-02
4.430005931059612101e-02
3.673047509864947602e-02
2.334808032573443964e-02
7.183264043711855285e-03
-4.928445482360361771e-03
-1.115267113778448463e-02
-1.544203132375384507e-02
-1.884150557016494448e-02
-2.027385809094141289e-02
-2.151243607611449948e-02
-2.441125958774576291e-02
-2.806327476584681221e-02
-3.063346404047231561e-02
-3.046534341167112664e-02
-2.697190446636143699e-02
-2.018393703709470133e-02
-1.047755887844308877e-02
-1.294174773063918639e-04
7.637936527328156519e-03
1.165016069778369162e-02
1.357698603689298789e-02
1.473854811791010938e-02
1.494125211636323190e-02
1.443742190418916688e-02
1.396029332078961224e-02
1.372230278061058011e-02
1.380895329569052990e-02
1.457210566743700510e-02
1.565405523144407229e-02
1.638684159017590389e-02
1.552399800546074016e-02
1.231552986056078797e-02
7.793504401915955955e-03
2.019324439778628303e-03
-6.116505099060356651e-03
-1.655881781914408934e-02
-2.586981941906505225e-02
-2.887969705955189398e-02
-2.470563430783071640e-02
-1.654735901954536292e-02
-8.058706537948878701e-03
-1.752909559843485567e-03
1.950422120060071743e-03
3.040290360034329353e-03
1.523521002250566173e-03
-1.161621670405707778e-03
-3.103710467479423203e-03
-4.029252715405471502e-03
-4.025136693940203382e-03
-2.266167877920448933e-03
9.389124655495245751e-04
4.005271174546121832e-03
5.378919519184066633e-03
5.089154787652715867e-03
4.445988113891951969e-03
3.624848880451512437e-03
2.143355357951892519e-03
1.409134105523890011e-03
2.905332295093534731e-03
5.657186053644844455e-03
8.352429900679641736e-03
1.010755884278638148e-02
1.009145019239702547e-02
8.782807821411633270e-03
7.822997001917643065e-03
9.197842502326608605e-03
1.257554006722906917e-02
1.473594922464016056e-02
1.367963979407084765e-02
9.592253715215912774e-03
3.996540136010914152e-03
-1.838924756958804909e-03
-7.848985799052844020e-03
-1.334131556604923122e-02
-1.703235188633248076e-02
-1.932175879796863352e-02
-2.097490240305333389e-02
-2.079281888317208865e-02
-1.814656278428356667e-02
-1.457774799272359978e-02
-1.135827110176049377e-02
-8.734691944269110109e-03
-7.735131999035652940e-03
-9.153541395233614347e-03
-1.206124234524557325e-02
-1.469891348129556685e-02
-1.523904938726213659e-02
-1.204608159177648040e-02
-4.656913274410342043e-03
5.961730650962331936e-03
1.900661373701713688e-02
3.259864448538499215e-02
4.263815972983182184e-02
4.677792873333207896e-02
4.661841651356554012e-02
4.388583346454671269e-02
3.875887478538186937e-02
3.052000904162515543e-02
1.892139429470512599e-02
5.939945634074603013e-03
-7.266746447636460160e-03
-2.042662205791130614e-02
-3.152126934206042619e-02
-3.875107639160094153e-02
-4.243565928947242577e-02
-4.381349014204991010e-02
-4.429202281019850584e-02
-4.510628289849156342e-02
-4.424185096789393784e-02
-3.813749303344919628e-02
-2.729826177923881658e-02
-1.495019404682455463e-02
-3.549884259599698621e-03
6.220493603928929117e-03
1.514285332285979571e-02
2.254037100151357401e-02
2.593073077887258007e-02
2.520789322778858171e-02
2.266988317287871660e-02
1.911113104786267905e-02
1.434094538817592100e-02
1.002405615105640864e-02
8.917222891990797887e-03
1.257409748413981787e-02
2.006512428273521040e-02
2.807125306879164686e-02
3.310096431691097324e-02
3.348798948049277330e-02
2.868185080380987115e-02
1.888393741621261293e-02
5.735290340716824205e-03
-9.376399643273133216e-03
-2.400114870571120815e-02
-3.349768892969447881e-02
-3.575267212824903562e-02
-3.232948226869349073e-02
-2.573972713088537589e-02
-1.758672183094831670e-02
-8.887981990634397089e-03
-8.754875128165100565e-04
6.071897326952079704e-03
1.144221919194912500e-02
1.344824037462242702e-02
1.097021202464714199e-02
6.282988153067627785e-03
3.571917944654591070e-03
3.795371644717719824e-03
4.934889004782222824e-03
4.802049753852864755e-03
1.969433816690596261e-03
-4.154443263139361714e-03
-1.313850558352154009e-02
-2.178052248806008895e-02
-2.508026967220835374e-02
-1.968048423402419395e-02
-3.956801882652290041e-03
1.903863912170541961e-02
4.045326433396309596e-02
5.432673876154728299e-02
5.908476942137814991e-02
5.428195521540917640e-02
4.141058802210896561e-02
2.315931742875333016e-02
2.140510375854147267e-03
-1.909105518775227467e-02
-3.758477963460263999e-02
-5.190285130442100214e-02
-6.325291293621614075e-02
-7.133447503827275438e-02
-7.413831506887820499e-02
-7.192912634963484486e-02
-6.656073935334493041e-02
-5.888636613920761320e-02
-4.797270544591798053e-02
-3.277320809575878791e-02
-1.371983610436521006e-02
7.652329058504514850e-03
2.936558059901117623e-02
4.952646230892390755e-02
6.686477890717815176e-02
8.015179841773502345e-02
8.757887977822813308e-02
8.832875372686366244e-02
8.349017494836853681e-02
7.489892411027938846e-02
6.574335838977050928e-02
5.803829817756829546e-02
4.919045355198859576e-02
3.646680974827012922e-02
2.040054396341687420e-02
2.532106665113167780e-03
-1.594866936911361679e-02
-3.467176169009297121e-02
-5.363231633135966125e-02
-7.255496960974366916e-02
-9.098481289625111323e-02
-1.080884562253464909e-01
-1.232843680734965613e-01
-1.353298220880851110e-01
-1.406793213549142330e-01
-1.345875729459124481e-01
-1.138682348824408691e-01
-7.807064436851138267e-02
-2.805255652090066568e-02
2.781501322767640505e-02
7.384271081252197222e-02
1.030983903953873876e-01
1.187690767740960524e-01
1.243792318069598252e-01
1.222157346880103912e-01
1.152376101904931949e-01
1.049625412247142259e-01
8.974168497917614506e-02
6.883700837204678735e-02
4.452641823280915900e-02
2.056976065601663281e-02
1.528505885651907162e-03
-9.824096015246081351e-03
-1.484534597178346904e-02
-1.605126912743855272e-02
-1.565307930497254058e-02
-1.594922470628626354e-02
-1.746155415876253503e-02
-1.932509015852169887e-02
-2.148944246992154361e-02
-2.486060217136313449e-02
-2.971227732729543949e-02
-3.630289304850453647e-02
-4.225450656003495314e-02
-4.174697482552933159e-02
-3.398660131573010695e-02
-2.177806743282290763e-02
-5.538746779035309126e-03
1.366244836663176032e-02
3.202461157954272081e-02
4.719342853352936212e-02
5.973207064698125152e-02
7.039115947745544499e-02
7.928334870199946205e-02
8.373549755735452960e-02
7.826914506894346035e-02
5.680430939799113732e-02
1.753443285653646933e-02
-3.348495108240045343e-02
-8.683938514097429284e-02
-1.337077905693289659e-01
-1.678097135651072380e-01
-1.859502522925700341e-01
-1.874765261107862735e-01
-1.727678985094808217e-01
-1.390977770992865015e-01
-8.189134667802719370e-02
-1.239084101102276222e-02
4.387486017819987316e-02
7.626093898580299513e-02
8.943471498341952486e-02
8.930803881081519902e-02
8.186860606265572438e-02
7.192911244162591977e-02
6.251344208977595296e-02
5.542735663618526820e-02
5.116887917227288390e-02
5.022866908871070207e-02
5.186126265125730328e-02
5.285656718166595325e-02
5.093901434738393880e-02
4.698324629870932051e-02
4.243754096458826619e-02
3.483782125155274884e-02
2.214643854951692595e-02
7.893834318906136488e-03
-4.278399499562149898e-03
-1.314949872119405838e-02
-1.875684407496495953e-02
-2.339378614388742950e-02
-3.073710990243720687e-02
-4.085009189019371545e-02
-4.734068520534204239e-02
-4.520386010405802457e-02
-3.519821972155989798e-02
-1.930070562143685470e-02
-9.331060276373745466e-06
1.883029346592996270e-02
3.418675084927647045e-02
4.272201238149117564e-02
4.083266067004053673e-02
2.883947962023685266e-02
7.586492422000053193e-03
-2.032893065409929756e-02
-4.624268464788238581e-02
-6.329891626498097834e-02
-7.053437435971901537e-02
-6.986043625401952561e-02
-6.295131436311590667e-02
-5.028556084631321393e-02
-3.420303903582878197e-02
-1.929412905454742574e-02
-8.477204184871564574e-03
-5.898312754147238754e-04
6.839166098157383085e-03
1.438734876486674752e-02
2.235734601373162711e-02
3.235467401421234651e-02
4.540052509135333869e-02
6.028206268857754652e-02
7.441633457513278926e-02
8.566475962423820978e-02
9.216815829831358220e-02
9.076577569835567183e-02
7.853465631181805184e-02
5.439883399435303801e-02
1.818827737343978873e-02
-2.202373569026088579e-02
-5.099486808937241100e-02
-6.376448075338209120e-02
-6.468535275283925079e-02
-5.747836993372413411e-02
-4.620718839904186526e-02
-3.459714901757698913e-02
-2.403810846843487670e-02
-1.542177106135694462e-02
-9.990970489462869600e-03
-7.555300854958960435e-03
-6.871590368805175972e-03
-7.051720864377773387e-03
-8.402367624848489785e-03
-1.135387293275417174e-02
-1.436885747152195567e-02
-1.614086751061046682e-02
-1.763842703162557188e-02
-1.905979792130060163e-02
-1.843057709560915261e-02
-1.468495367064742534e-02
-8.743387664836415121e-03
-2.209871167785218849e-03
3.247246070843300483e-03
7.923589542049072273e-03
1.378158416358285510e-02
2.110967435869892661e-02
2.890741874745030721e-02
3.611960379523167924e-02
4.139884755184584236e-02
4.355789458079372539e-02
4.200208892020267093e-02
3.630435891566544115e-02
2.633039182931513206e-02
1.246182228724446867e-02
-4.886525800807695399e-03
-2.330362838499213177e-02
-3.843729386159815131e-02
-4.643364261932947379e-02
-4.527038651166063327e-02
-3.645065496564402208e-02
-2.367353381520559755e-02
-1.116042471861414254e-02
-2.691347020619359268e-03
9.521989210588494359e-04
5.601753427707705305e-04
-2.485280931673498200e-03
-4.346783048152630217e-03
-7.769940656221394851e-04
9.185710147767931280e-03
2.258817492372857533e-02
3.581460492900536557e-02
4.638774525050877451e-02
5.228300389145715960e-02
5.148582012561125215e-02
4.256097218803091969e-02
2.569716815472756349e-02
2.725228006794077999e-03
-2.288521180619678894e-02
-4.636700067021451432e-02
-6.384149583448589516e-02
-7.508626134893496562e-02
-8.074026685724330910e-02
-7.849104554872544937e-02
-6.675153287800658641e-02
-4.682564615690107401e-02
-2.168613304236732819e-02
3.439962710206423586e-03
2.377912250730663049e-02
3.719908069363891956e-02
4.318646638059447235e-02
4.250492791470239506e-02
3.744482776347153596e-02
3.171946549832497381e-02
2.712207267360284418e-02
2.300582086647793081e-02
2.040470298448446990e-02
2.077041338552593555e-02
2.322327681942089328e-02
2.592632886465391640e-02
2.861547099707917666e-02
3.311466669017858883e-02
4.038316125633439890e-02
4.790976090404037990e-02
5.139727946396918656e-02
4.885721636768562692e-02
3.841323578137442740e-02
1.803379459778140653e-02
-9.195622405050264681e-03
-3.992640429996346940e-02
-7.356395507228907782e-02
-1.058855705669621006e-01
-1.295427845297192071e-01
-1.380222593039500401e-01
-1.272524339383949432e-01
-9.666712236616602227e-02
-5.301934643634788336e-02
-1.109081716008170418e-02
1.846452016468860119e-02
3.557186927517281411e-02
4.542843624820389753e-02
5.204014824324533495e-02
5.609629123280740481e-02
5.786018534329012697e-02
5.776439127397909462e-02
5.507099650046265449e-02
4.830460807163981102e-02
3.627310738795359868e-02
2.061977634902947484e-02
5.974457526173945418e-03
-5.212506224052899061e-03
-1.389292690407241751e-02
-2.114554987130379260e-02
-2.578220125807220015e-02
-2.556439108756914519e-02
-1.990813868166517453e-02
-9.417158482040558637e-03
5.012041692949159924e-03
2.053400789505676477e-02
3.213216798255753848e-02
3.684115549743202656e-02
3.701398355498641823e-02
3.732213926028792039e-02
3.908357018747149469e-02
4.003401349149830757e-02
3.930534246833156803e-02
3.612352919564868620e-02
2.832631926544100856e-02
1.770841832946433436e-02
8.243080949329975593e-03
-4.216423623972283957e-04
-1.194096169300049200e-02
-2.690717697807883460e-02
-4.163364432803139115e-02
-5.417977076297179895e-02
-6.544015511970793786e-02
-7.509494137936126301e-02
-8.141024737814032963e-02
-8.284343450266293263e-02
-7.783432132471031217e-02
-6.529194435609253500e-02
-4.694427002257680476e-02
-2.624863265960482306e-02
-5.559584276763352914e-03
1.347524929986750573e-02
2.968667843355139377e-02
4.170088644486170948e-02
4.712313291744915644e-02
4.601838345123864665e-02
4.176781570336248611e-02
3.837680727563601291e-02
3.893037170089744259e-02
4.426097213531005048e-02
5.065146013655863477e-02
5.086283575020205533e-02
4.059967486016725913e-02
2.277633510501620578e-02
4.472026990490310903e-03
-1.212470583925171798e-02
-2.985527599884171476e-02
-4.967461428131945272e-02
-7.099447599199081027e-02
-9.194103579468507204e-02
-1.081460023633059181e-01
-1.137388589314429210e-01
-1.025638865739255390e-01
-7.292798835653030443e-02
-2.628600976410299522e-02
2.624755364108216291e-02
6.452644244823635411e-02
8.470099071393447088e-02
9.482223335444099621e-02
9.728484790826323614e-02
9.121438370451208366e-02
7.821809590381277599e-02
6.226951575231108593e-02
4.657267472417846166e-02
3.401235622621698318e-02
2.546380995965654911e-02
1.904909796610204306e-02
1.419269745499230490e-02
1.236342252259226698e-02
1.253177129717027855e-02
1.232091936643097546e-02
1.141124213180845504e-02
8.595830539071744325e-03
1.800845055267823874e-04
-1.422762290616839953e-02
-2.968150760372084002e-02
-4.295264694520634779e-02
-5.519344861103229333e-02
-6.854242351381838183e-02
-7.945772531488966284e-02
-8.055795501688300941e-02
-7.077602529131561682e-02
-5.181073616105068280e-02
-2.218050608228946952e-02
1.224667047615227156e-02
3.789621590190751094e-02
5.088275892127690214e-02
5.427885864656949166e-02
4.898248335638451939e-02
3.597994602694642996e-02
1.604211747606849869e-02
-9.063626495011295817e-03
-3.403701653025859725e-02
-5.284624007339444596e-02
-6.242113956012212972e-02
-6.246306310468955486e-02
-5.577642456798415777e-02
-4.765655605235463721e-02
-4.063325724260138938e-02
-3.316401119985502854e-02
-2.254212558808873709e-02
-5.351963645496998247e-03
2.007609207909213239e-02
5.069906183747645290e-02
7.939743867256471299e-02
9.955900499900190159e-02
1.104936980347002717e-01
1.146931362018536460e-01
1.104481712234621493e-01
9.459116661812069782e-02
6.736821843130146037e-02
3.192913779001199659e-02
-6.530052208020120826e-03
-4.338300182603618826e-02
-7.487150399399243594e-02
-9.406603338263716529e-02
-9.417432709803995328e-02
-7.778739072240511976e-02
-5.308266067186501874e-02
-2.590596010601484839e-02
1.567421997912920098e-03
2.791839123604381370e-02
4.973495294662932248e-02
6.437302313328860381e-02
6.957636703716614524e-02
6.342195525683051727e-02
4.577326890425370554e-02
2.011750463608458911e-02
-4.683300826413112905e-03
-2.077150745884832894e-02
-2.574586061818991134e-02
-2.236517034883655011e-02
-1.611380845866082143e-02
-9.666689848038399063e-03
-2.217951300928099403e-03
6.793149207863629149e-03
1.678902768251633315e-02
3.103981959423923048e-02
5.783912942416155611e-02
9.330750193349647559e-02
1.190500679737100664e-01
1.245923112787477027e-01
1.102860733954051514e-01
7.885019553280442350e-02
3.080026464097669614e-02
-3.620435115513713498e-02
-1.203275296993215615e-01
-2.156286819545054634e-01
-3.157811566482887633e-01
-4.106312113601905955e-01
-4.870958359174266672e-01
-5.295948934320822143e-01
-5.145188177484497638e-01
-4.155544385488068038e-01
-2.187431228478319556e-01
3.172121138549020836e-02
2.474004555520759041e-01
3.918556711259643111e-01
4.750218808752126876e-01
5.035981226471414329e-01
4.861357145494471510e-01
4.334569056601517145e-01
3.534118928270490456e-01
2.554120367153905335e-01
1.532219697180105256e-01
5.719714356768168528e-02
-2.537461417175330969e-02
-8.472675716077618380e-02
-1.186178172641295242e-01
-1.357881456448456758e-01
-1.430412649492026622e-01
-1.430043572709537025e-01
-1.356092174724042865e-01
-1.188153306848133417e-01
-9.448127138815590187e-02
-6.410793102519377062e-02
-3.094455397011490819e-02
-5.297772738186137288e-03
7.515495331786982078e-03
1.062450989286901036e-02
9.612261245724208758e-03
8.721821442175554245e-03
1.125504850637397587e-02
1.960525119774806507e-02
3.175814321740760143e-02
4.538412462590685897e-02
6.169670063205175137e-02
7.770009648191740503e-02
8.492897933490442530e-02
8.224158489723315535e-02
7.353650931005717428e-02
5.974604845909823464e-02
4.087214908437115934e-02
1.870247922471755808e-02
-3.195396955481091469e-03
-2.298324210024033781e-02
-3.984265409029449923e-02
-5.292048857243207560e-02
-6.283385988013075185e-02
-7.042073536749109131e-02
-7.457601110950255741e-02
-7.537406591040751724e-02
-7.559314164612765397e-02
-7.576749742923463704e-02
-7.426703239400767043e-02
-6.928215212230817710e-02
-5.977205858252148535e-02
-4.771021062895265674e-02
-3.629750707467216397e-02
-2.527468664614939894e-02
-9.330864555595707807e-03
1.011532860748609250e-02
2.332764938261381801e-02
2.877621242044605190e-02
3.280894043633106327e-02
3.794132447905394084e-02
3.922964747988098161e-02
3.320769362795730761e-02
2.449340819060449870e-02
1.991876652229210287e-02
2.134531622947865442e-02
2.670842824886161121e-02
3.660408291798682850e-02
5.236355292364058833e-02
6.957099722908399730e-02
7.979290535335047119e-02
7.915018598982911935e-02
6.996836781102151737e-02
5.486078659068860386e-02
3.663823563639489328e-02
1.875773859146778050e-02
3.185440045669517967e-03
-9.338991768888884465e-03
-1.901194762019062234e-02
-2.604838545732113611e-02
-3.170825590630911572e-02
-3.875924007789222081e-02
-4.976331900312309237e-02
-6.693725248390645921e-02
-9.179682825984493422e-02
-1.246635593250044749e-01
-1.623155677703842781e-01
-1.967352025062557574e-01
-2.166425430762528026e-01
-2.110463271373930194e-01
-1.707978332453340686e-01
-8.464184690409246037e-02
3.056544606007440684e-02
1.259974149499030194e-01
1.803270915712392730e-01
2.018359494804417009e-01
1.990626523729947805e-01
1.795287548899190955e-01
1.499611642197477002e-01
1.163784136952419751e-01
8.246346325653536313e-02
5.077828033369632954e-02
2.342236376419075394e-02
-1.067675017107356681e-03
-2.349052139361071379e-02
-3.999555935689764335e-02
-4.703418104910689346e-02
-4.405802554222143508e-02
-3.344463222515290518e-02
-1.820329910136307683e-02
-1.786871015894576226e-04
1.784081927091979783e-02
3.150268191703848447e-02
3.739725366897810044e-02
3.589975531477970772e-02
2.955432728274614423e-02
2.060735914013073558e-02
1.224203263795570207e-02
7.711949091141966431e-03
7.746585868781637185e-03
1.041323292387314609e-02
1.289337371637694178e-02
1.468983217079856789e-02
1.652336964482355869e-02
1.562911539969452646e-02
8.427963770225064405e-03
-3.824595447394008203e-03
-1.739343605760825667e-02
-2.766674110703420952e-02
-3.033458011400307769e-02
-2.651570500066291469e-02
-2.087420973323532089e-02
-1.761963321900586119e-02
-2.027278992317295414e-02
-3.173386359655932382e-02
-5.146938748200574620e-02
-7.396518386312182780e-02
-9.507891373213749053e-02
-1.155409945641876213e-01
-1.381093274381691716e-01
-1.618600025685165700e-01
-1.796500541955758090e-01
-1.819289576567008904e-01
-1.550076139313273094e-01
-8.057801231137008691e-02
5.589052916163345097e-02
2.233561430680454374e-01
3.521648112925584995e-01
4.167031309063552458e-01
4.320820187354591502e-01
4.088488599652554956e-01
3.524752942448428072e-01
2.659058307329784654e-01
1.517662038770434818e-01
1.817495542388133586e-02
-1.224219655515359773e-01
-2.591478276693743310e-01
-3.795000469125707210e-01
-4.672877540720912770e-01
-5.115888335121345776e-01
-5.074314086903163323e-01
-4.444657176378938868e-01
-3.064253780313881403e-01
-1.262258332293570984e-01
1.607398114890136800e-02
9.108230842662992655e-02
1.152769162665450292e-01
1.063503363238178928e-01
8.508134619314869362e-02
6.942123076250338032e-02
7.349468921514684672e-02
1.101093756845431954e-01
1.853970441723697959e-01
2.725064141986506816e-01
3.232485885844592066e-01
3.198104109752185620e-01
2.729322373164555504e-01
1.994717161464482635e-01
1.192538010030768508e-01
4.716045717462121617e-02
-1.079023102547126134e-02
-5.358951892610471640e-02
-7.907543481564741072e-02
-8.631653998747015888e-02
-8.283307100341716356e-02
-7.815054081119050811e-02
-7.640655996186514198e-02
-7.546964675096727582e-02
-7.124500674660996791e-02
-6.289346963015601810e-02
-5.031125182321290190e-02
-3.590388479998473520e-02
-2.659074412133776572e-02
-2.594431873362966143e-02
-2.868797404771325499e-02
-2.900788134308706842e-02
-2.757135841058989609e-02
-2.516923077145778037e-02
-2.107494581316577895e-02
-1.804445247229634688e-02
-1.580812705968792989e-02
-9.767872045972708639e-03
1.102056335435790384e-03
1.566229918331761561e-02
3.031038383211306919e-02
3.996658934833015320e-02
4.266538909810301677e-02
3.856376652727068477e-02
2.923433872926928592e-02
1.734721593988593560e-02
5.071033325159122682e-03
-7.135264875085568781e-03
-1.694464903625905045e-02
-2.036242930131363510e-02
-1.829517698082001528e-02
-1.426506475690183379e-02
-9.774144422059840437e-03
-4.138004114026757468e-03
2.931270227970492019e-03
8.834890057286796591e-03
1.024086329948217106e-02
5.675619606273186839e-03
-5.414924040514967028e-03
-2.359842256083408835e-02
-4.375859449240927096e-02
-5.827739707302749539e-02
-6.362586357524339931e-02
-5.660743223366439952e-02
-3.759267401340996018e-02
-1.198603021352679689e-02
1.506637114306070592e-02
3.941419975509875134e-02
5.791728590782403707e-02
6.889639708912441429e-02
7.057445672871494324e-02
6.203459810840108307e-02
4.649680097848557514e-02
2.938256181055232813e-02
1.383936421755166575e-02
8.116347722010588354e-04
-9.612342085658889118e-03
-1.830347869159203861e-02
-2.612081745027468316e-02
-3.264262797542789168e-02
-3.627805413938621493e-02
-3.645503657510285739e-02
-3.418969923284803647e-02
-3.065799797524976569e-02
-2.521802810744046969e-02
-1.720765454951402040e-02
-9.303423218881308812e-03
-3.634692357234550666e-03
4.371765068932800119e-04
4.500592290702898693e-03
1.046694217967341148e-02
1.919661991054910297e-02
2.999965320745698327e-02
4.022240543481301472e-02
4.526185416579258519e-02
4.217429668938167675e-02
3.454734605139027359e-02
2.806828966874513540e-02
2.343793415242527434e-02
2.112194832926877000e-02
2.145100150451365734e-02
2.138022133933074539e-02
1.848779698209136735e-02
1.253677338927024210e-02
4.786133918569582951e-03
-4.518154822012686138e-03
-1.720111502742055834e-02
-3.504583261402713368e-02
-5.423080480903583189e-02
-6.692369763046335240e-02
-7.132122542116217656e-02
-6.910121618221670703e-02
-6.149398981809883757e-02
-5.021105006780150759e-02
-3.627599111202601395e-02
-2.137971337928410223e-02
-5.526748721820292504e-03
1.280341177273953968e-02
3.102547515113266569e-02
4.458834717627910976e-02
5.260593887457689494e-02
5.670884147081325238e-02
5.659554727363723392e-02
5.096614397789445139e-02
4.137992800674929195e-02
2.986400368135879238e-02
1.714916640094486799e-02
4.192128340908042941e-03
-9.015135467241471717e-03
-2.176332612048708162e-02
-3.224039213431845186e-02
-3.884979580593742043e-02
-4.056957044242499172e-02
-3.945049651585530448e-02
-3.735411664485835392e-02
-3.239873795371353560e-02
-2.273860835629828644e-02
-9.974160171902744787e-03
2.860458135356487488e-03
1.525022448402864328e-02
2.744470709747267798e-02
3.748940932525910569e-02
4.242119214576644398e-02
3.871682869700830698e-02
2.799113842175857125e-02
1.744824789740498372e-02
9.626979334984823652e-03
2.878061526036878454e-03
-4.114518051197836937e-03
-1.185793733241488970e-02
-1.966916830282335049e-02
-2.617465119707397883e-02
-2.988472832462781698e-02
-3.010104208737247183e-02
-2.728383542272549978e-02
-2.294631756165319003e-02
-1.757121001858245879e-02
-1.052627922986384620e-02
-1.941970913495339596e-03
6.770417563449635835e-03
1.295849739913815593e-02
1.582910083807908402e-02
1.713159638348845173e-02
1.799574915715431225e-02
1.845764088966856536e-02
1.560180186659409877e-02
5.515284305166267761e-03
-8.087513014154732241e-03
-1.696128685213520865e-02
-1.805756915838745147e-02
-1.500716469046031558e-02
-1.240352416963267333e-02
-1.060633579955391412e-02
-8.709537701066633400e-03
-6.399399722960313203e-03
-2.328093521930033744e-03
4.912344304762401859e-03
1.481147350571946665e-02
2.499509477848295066e-02
3.402844716486461141e-02
4.195941870724546885e-02
4.784955401917915380e-02
4.867778002624345568e-02
4.281963880374787396e-02
3.207766829729489372e-02
1.830901197550217907e-02
3.522250220163290584e-03
-8.429076425012605595e-03
-1.494740881593855687e-02
-1.586272092763282501e-02
-1.217983180832180740e-02
-5.786853296407925770e-03
2.909202093151498289e-03
1.506493620440879297e-02
3.115059254120946391e-02
5.022028766614481526e-02
6.947044651070136134e-02
8.422736232749788998e-02
9.079631120702226499e-02
8.953971529184114042e-02
8.212294278570894668e-02
6.910301037485296061e-02
5.051517907997880169e-02
2.515569491446026720e-02
-6.872912267870640718e-03
-4.353007443917213809e-02
-8.596725463541600443e-02
-1.366639606880099000e-01
-1.945139504502212402e-01
-2.557367388611143100e-01
-3.180257383278850547e-01
-3.795708450234603348e-01
-4.311916382953939197e-01
-4.545567721898680635e-01
-4.268842212734093033e-01
-3.262306464224329350e-01
-1.347051009928731391e-01
1.086390088138806109e-01
3.102896351788186347e-01
4.308904543546747679e-01
4.854297178290923886e-01
4.890959423422365226e-01
4.539924659713664989e-01
3.894018396252462710e-01
3.054814530215351764e-01
2.117535826750752970e-01
1.160188977598119314e-01
2.498418901617810786e-02
-5.355449329383626944e-02
-1.109155766596473386e-01
-1.445359427701077559e-01
-1.559058892234861660e-01
-1.455720558265965747e-01
-1.138215558845815101e-01
-6.967618823405134776e-02
-3.238273987953234345e-02
-1.135209581613587197e-02
-3.206553840221198180e-03
-2.557451599175347874e-03
-5.406516194051630766e-03
-7.772442283651074917e-03
-3.508248283618714720e-03
1.004361003434493631e-02
2.964267242091569304e-02
5.110641172672258231e-02
7.086577537650681768e-02
8.474587141319267491e-02
8.844526642900626956e-02
8.105533285579999414e-02
6.682983498654392063e-02
4.958447434667592052e-02
2.955125683005769416e-02
6.009572086778824929e-03
-2.104932240590255341e-02
-5.358186890876956432e-02
-9.504903094816792575e-02
-1.451141009488162437e-01
-1.982369376412513318e-01
-2.462523386769174816e-01
-2.803072284430306316e-01
-2.914147478341601039e-01
-2.711284649565784410e-01
-2.138394615561652889e-01
-1.170221542334563825e-01
7.030502160927151051e-03
1.214982025592315357e-01
1.968806562376055891e-01
2.307725968395648586e-01
2.312553092515524655e-01
2.095222773545895034e-01
1.759124683637796061e-01
1.383013114979883551e-01
1.036742204767395203e-01
7.496170611039390530e-02
5.136160907728613834e-02
3.074823700171651353e-02
1.295402217398316548e-02
-1.245830837046657535e-04
-7.630427404492986371e-03
-1.112780035415626527e-02
-1.462396149223871462e-02
-2.033835683625414420e-02
-2.726823014194509551e-02
-3.248612866085529710e-02
-3.163392616090657250e-02
-2.433805170290212483e-02
-1.664524450766814018e-02
-1.323358132212781868e-02
-1.149100533323630172e-02
-8.833260489970851115e-03
-5.542437829942372524e-03
4.706232115540059588e-04
1.018910610377145483e-02
2.121761917790474655e-02
3.056344681897958659e-02
3.613718227359671853e-02
3.693892764484170421e-02
3.184078105062494723e-02
2.081380353188871588e-02
5.303377425835220996e-03
-1.066305757303617416e-02
-2.233455632826121529e-02
-2.944298423991201230e-02
-3.148400313031177872e-02
-2.607059840305132534e-02
-1.352054464708443357e-02
4.590236177400411344e-03
2.691118942419316873e-02
5.052203323718559153e-02
7.028218527651555747e-02
8.113915289856829527e-02
8.019504707051258729e-02
6.858802362789193086e-02
4.852821763941587291e-02
1.869597439219353521e-02
-2.207290796316281264e-02
-7.289173327782852430e-02
-1.307052115641087753e-01
-1.909130487613743266e-01
-2.509318919184776453e-01
-3.078568023244441232e-01
-3.559977784446484161e-01
-3.881011955324794038e-01
-3.935645514226516761e-01
-3.568978928926785366e-01
-2.601894156983419193e-01
-8.304769989146283671e-02
1.425986940798295854e-01
3.274899496400453525e-01
4.347189321802500395e-01
4.819499981371577202e-01
4.842605224615003645e-01
4.520031808322504396e-01
3.923146072243743898e-01
3.131394165727796053e-01
2.217519045164401126e-01
1.256740144328148123e-01
3.642652836418744378e-02
-3.619325021080226079e-02
-9.046155334977687423e-02
-1.295716545566797939e-01
-1.569137566860374644e-01
-1.773890380950896017e-01
-1.956392911972815729e-01
-2.075154374914139899e-01
-2.004154067617264501e-01
-1.675510434892317768e-01
-1.091225293088807918e-01
-3.784547239325466994e-02
1.916458295729009387e-02
5.037321509783689033e-02
6.157615030482229551e-02
5.936760725445158066e-02
5.189561917073527014e-02
4.850533320733113607e-02
5.389841634945410909e-02
6.284920252413651875e-02
6.672668394427244687e-02
6.173989486957667805e-02
4.713257237648142695e-02
2.608042410601306080e-02
5.943161097766198539e-03
-9.819816752865372783e-03
-2.169419935054456294e-02
-3.054062418100129961e-02
-3.658625248492826387e-02
-3.893198232994492247e-02
-3.775376920677119691e-02
-3.574334206381168250e-02
-3.529242863417353382e-02
-3.661399245895039650e-02
-4.057739500119701692e-02
-4.466278118370241995e-02
-4.205317706288181495e-02
-2.978587358612906980e-02
-1.066247811276340579e-02
9.619179470677785213e-03
2.726426264801028870e-02
4.259882004149826568e-02
5.481714240438456676e-02
6.024285780984745681e-02
5.695831804874686155e-02
4.603899415553242003e-02
2.787512959714175120e-02
5.284897117178490207e-03
-1.657834435404461834e-02
-3.895391280906425335e-02
-6.141177033044784711e-02
-7.688398807580530681e-02
-8.239958540532905940e-02
-8.001343129005410171e-02
-7.234532927052614304e-02
-6.225724011638351929e-02
-5.088594758144712044e-02
-3.556641511014478618e-02
-1.240445877510654334e-02
1.792105086436056316e-02
4.843295491439709305e-02
7.215632493665784242e-02
8.680696634853679594e-02
9.214666321886214040e-02
8.770895223461475099e-02
7.645152925112895514e-02
6.324197320066488048e-02
5.127584812355130695e-02
4.314908382687170085e-02
3.768221779000156119e-02
2.926305028119296353e-02
1.676634426882308085e-02
4.462144301404130306e-03
-5.642910747431565538e-03
-1.233091447982114994e-02
-1.441586351696081021e-02
-1.509185057604402885e-02
-1.933043438165616204e-02
-2.728992587513965479e-02
-3.571522209609780812e-02
-4.279148602032943616e-02
-4.798608193971555524e-02
-5.126159754100721028e-02
-5.304570129894554259e-02
-5.436089462932625072e-02
-5.637355204527844804e-02
-5.900643241801777766e-02
-6.061008247171927737e-02
-5.885182175935772808e-02
-5.318620822958038813e-02
-4.427013842000056265e-02
-3.304411093052857240e-02
-2.044892901394059978e-02
-2.760368651385538413e-03
2.593321410232552610e-02
6.297417201933387665e-02
9.795802177551045375e-02
1.236542644722362499e-01
1.382395805251994680e-01
1.421334032916488355e-01
1.359397496968820784e-01
1.202974536321708143e-01
9.712855801326988892e-02
6.852502930720522079e-02
3.626102486823277321e-02
2.089143800197366604e-03
-3.360433742210403030e-02
-6.835114776919151702e-02
-9.524496657977317426e-02
-1.096264116040474024e-01
-1.126803250681773227e-01
-1.073365550787017952e-01
-9.554015474547984665e-02
-8.018713627217508022e-02
-6.562252269715573849e-02
-5.449884268709589974e-02
-4.578434880736960422e-02
-3.634758044043179259e-02
-2.388812700919767246e-02
-9.550228989461690549e-03
3.190961056011276317e-03
1.277899783834810475e-02
1.995456784323946381e-02
2.529991598546145123e-02
3.055774943178712899e-02
3.795402421657340097e-02
4.379199191697111249e-02
4.359837831629197191e-02
3.980263238559801631e-02
3.620051135408119958e-02
3.511560307317768137e-02
3.635922227980763199e-02
3.840698739683875290e-02
4.093453092587218123e-02
4.127909848020768629e-02
3.728524917215804424e-02
3.133146489589411915e-02
2.600438940508489546e-02
2.040610434044162064e-02
1.151800673162097464e-02
-1.596983294299977787e-03
-1.701415717552656748e-02
-3.438714303706207759e-02
-5.272669929768949298e-02
-6.685531113519926905e-02
-7.302297412669299381e-02
-7.161488559477620364e-02
-6.473098897406523444e-02
-5.418768291525001557e-02
-4.113060770866423799e-02
-2.852025104976792583e-02
-1.971569410399503369e-02
-1.323353136363496219e-02
-5.295348876681775854e-03
4.911291228241258279e-03
1.689490929796583565e-02
3.153602397145122832e-02
4.920828998116376363e-02
6.743012756423327758e-02
8.300577942952008792e-02
9.381263316093754745e-02
9.778435380320485426e-02
9.290894935912433206e-02
7.801562158277673686e-02
5.341826146371057848e-02
2.277426448196612913e-02
-7.152945883839515427e-03
-3.122466006874724184e-02
-4.722207979861851868e-02
-5.446343457956719092e-02
-5.524861891534234293e-02
-5.354640644171697328e-02
-5.123020959075042652e-02
-4.744106457562347057e-02
-4.179398335397687542e-02
-3.563682751118661673e-02
-2.978784177114186804e-02
-2.493556106390965033e-02
-2.360792458567585392e-02
-2.585660540133637164e-02
-2.625329249035785600e-02
-2.099478721332539641e-02
-1.202607661674959250e-02
-3.953698406148651451e-03
9.095295460485345804e-04
2.376153163183070127e-03
-6.620067110884881451e-04
-6.760651015417494872e-03
-1.251143354527260200e-02
-1.680425266998237382e-02
-1.958831479374249090e-02
-1.869602730219534562e-02
-1.099081800803772269e-02
3.396835670203828157e-03
2.280096709639474473e-02
4.541641512092657595e-02
6.711077826812961167e-02
8.255972116108624415e-02
8.956477753072195069e-02
9.127296574413019947e-02
9.058657003690190335e-02
8.423363249432463951e-02
6.728570611347636787e-02
4.258597363875313291e-02
1.549964502669861841e-02
-1.472177503891136836e-02
-4.915052854170455510e-02
-8.517900249197168927e-02
-1.171796885647587716e-01
-1.391927790834564527e-01
-1.494774581998868368e-01
-1.486977924061116674e-01
-1.343830279298531272e-01
-1.009121593546656315e-01
-4.509295175636229835e-02
2.243125874983291357e-02
8.114283402475251650e-02
1.216469886270707262e-01
1.457966348404904355e-01
1.565086472513837756e-01
1.558960699618968937e-01
1.474482292743807266e-01
1.352624521697247950e-01
1.197263693251786193e-01
9.796363388151681229e-02
6.853549916421450283e-02
3.169293016646556466e-02
-1.061680301960667844e-02
-5.288211159047451898e-02
-9.235538488941034962e-02
-1.310117472700080554e-01
-1.689083140143190498e-01
-2.023395593648922297e-01
-2.271067115269130021e-01
-2.400922688648548242e-01
-2.394501533985968489e-01
-2.213537985204873104e-01
-1.787413427767702012e-01
-1.031058601122121776e-01
-5.107192388505699815e-03
8.224260618210904594e-02
1.433937792222689245e-01
1.817519312615857308e-01
2.000991203963344567e-01
2.037492075984498885e-01
2.002578826036360837e-01
1.935802816551055461e-01
1.804071842642873125e-01
1.574430016190151438e-01
1.274928391032099095e-01
9.227520553031472172e-02
5.561106608186513339e-02
2.629495365641341259e-02
6.132032445708132662e-03
-1.090460045740590175e-02
-3.144679109246906190e-02
-5.782170944285730529e-02
-8.553781217184006080e-02
-1.088980178741536520e-01
-1.257352311574017889e-01
-1.366100942963257014e-01
-1.439649900963193008e-01
-1.481294961865759485e-01
-1.450461904614062658e-01
-1.294732173340438774e-01
-9.898995128363988205e-02
-5.452120228855696082e-02
3.751291388434499323e-03
6.587497972248351763e-02
1.105917823001418970e-01
1.305249724823257240e-01
1.329198227986471414e-01
1.234689941281288256e-01
1.036642237508840214e-01
7.338569508784034690e-02
3.512878389301754556e-02
