-2.409284114837646484e-01
-3.082240819931030273e-01
-3.113878965377807617e-01
-3.360410332679748535e-01
-2.639225125312805176e-01
-2.648996114730834961e-01
-2.302374839782714844e-01
-2.873423099517822266e-01
-2.547529339790344238e-01
-2.762215733528137207e-01
-2.694799304008483887e-01
-3.306433558464050293e-01
-2.578193545341491699e-01
-3.045938611030578613e-01
-2.348852753639221191e-01
-2.702654004096984863e-01
-2.797946333885192871e-01
-3.436230421066284180e-01
-2.770934104919433594e-01
-2.765964865684509277e-01
-2.521821260452270508e-01
-3.047749400138854980e-01
-2.316754460334777832e-01
-3.360749483108520508e-01
-2.340968847274780273e-01
-2.970411777496337891e-01
-2.513483762741088867e-01
-2.519300580024719238e-01
-2.569719552993774414e-01
-2.240262031555175781e-01
-3.247352838516235352e-01
-2.937424778938293457e-01
-2.519117593765258789e-01
-2.838242053985595703e-01
-2.991121411323547363e-01
-1.017359495162963867e-01
-2.164094448089599609e-01
-2.505604624748229980e-01
-2.708313465118408203e-01
-2.846165895462036133e-01
-2.601184248924255371e-01
-2.861490845680236816e-01
-2.343877553939819336e-01
-2.846294045448303223e-01
-2.846118807792663574e-01
-2.505341768264770508e-01
-2.624509334564208984e-01
-2.455694079399108887e-01
-2.461032867431640625e-01
-2.975201010704040527e-01
-2.513563036918640137e-01
-2.752820253372192383e-01
-2.873422503471374512e-01
-2.438072562217712402e-01
-2.958859205245971680e-01
-2.833672761917114258e-01
-3.090496659278869629e-01
-2.846360206604003906e-01
-2.336935400962829590e-01
-2.700877189636230469e-01
-2.084161043167114258e-01
-2.949205636978149414e-01
-2.751061320304870605e-01
-3.354963660240173340e-01
-2.351443171501159668e-01
-3.386349081993103027e-01
-3.008346557617187500e-01
-2.505432367324829102e-01
-2.647771835327148438e-01
-2.846193909645080566e-01
-2.704302072525024414e-01
7.150501012802124023e-03
-2.914509773254394531e-01
-3.146873712539672852e-01
-2.846294045448303223e-01
-2.991272807121276855e-01
-2.846287488937377930e-01
-3.054025769233703613e-01
-2.379444837570190430e-01
-2.650386691093444824e-01
-2.819998860359191895e-01
-2.676101326942443848e-01
-2.907449603080749512e-01
-2.800188064575195312e-01
-2.558264136314392090e-01
-2.650448083877563477e-01
-2.648963332176208496e-01
-2.846150994300842285e-01
-2.645862102508544922e-01
-2.844871878623962402e-01
-3.080438375473022461e-01
-2.688493728637695312e-01
-2.668837904930114746e-01
-2.845739722251892090e-01
-2.515046596527099609e-01
-3.108442425727844238e-01
-2.597455382347106934e-01
-2.684886455535888672e-01
-2.410971522331237793e-01
-2.829532623291015625e-01
-2.852505445480346680e-01
-2.846294045448303223e-01
-2.846037745475769043e-01
-2.645971775054931641e-01
-2.737017273902893066e-01
-2.821582555770874023e-01
-2.873151898384094238e-01
-2.721117734909057617e-01
-2.517313957214355469e-01
-2.880607247352600098e-01
-2.663475275039672852e-01
-2.680836319923400879e-01
-2.719771265983581543e-01
-2.845734357833862305e-01
-3.112871646881103516e-01
-2.649469375610351562e-01
-2.682545781135559082e-01
-2.700291275978088379e-01
-2.434855699539184570e-01
-3.103143572807312012e-01
-2.504453063011169434e-01
-2.873412966728210449e-01
-3.086768984794616699e-01
-2.846306562423706055e-01
-2.353136539459228516e-01
-2.838099598884582520e-01
-2.846373319625854492e-01
-2.844114303588867188e-01
-2.622287869453430176e-01
-2.676052451133728027e-01
-3.152056932449340820e-01
-3.339380621910095215e-01
-2.391121983528137207e-01
-2.421482205390930176e-01
-2.617127299308776855e-01
-3.213483691215515137e-01
-2.846293449401855469e-01
-2.562665939331054688e-01
-2.588630914688110352e-01
-2.846294045448303223e-01
-2.847808599472045898e-01
-2.559137344360351562e-01
-2.648991346359252930e-01
-2.435720562934875488e-01
-2.755300998687744141e-01
-2.519191503524780273e-01
-2.895174622535705566e-01
-2.846241593360900879e-01
-2.847389578819274902e-01
-2.846294045448303223e-01
-2.689311504364013672e-01
-2.689378857612609863e-01
-2.846283912658691406e-01
-2.689116597175598145e-01
-2.629722952842712402e-01
-2.837837338447570801e-01
-2.430252432823181152e-01
-3.085408806800842285e-01
-2.830490469932556152e-01
-2.848866581916809082e-01
-2.846294045448303223e-01
-2.846293449401855469e-01
-2.846307754516601562e-01
-2.631286382675170898e-01
-2.893748283386230469e-01
-2.545554637908935547e-01
-2.846268415451049805e-01
-3.221062421798706055e-01
-2.581419348716735840e-01
-2.809174060821533203e-01
-3.435621857643127441e-01
-2.514811754226684570e-01
-2.702655792236328125e-01
-2.846289277076721191e-01
-2.834721207618713379e-01
-2.838970422744750977e-01
-2.797786593437194824e-01
-2.689310908317565918e-01
-2.564581632614135742e-01
-3.017443418502807617e-01
-1.927430033683776855e-01
-2.982957363128662109e-01
-2.721795439720153809e-01
-2.846274375915527344e-01
-2.864658236503601074e-01
-2.581968307495117188e-01
-2.424674034118652344e-01
-2.912264466285705566e-01
-2.845625281333923340e-01
-2.652126550674438477e-01
-2.702621817588806152e-01
-3.021369576454162598e-01
-2.331633567810058594e-01
-2.506449818611145020e-01
-3.135840296745300293e-01
-2.656423449516296387e-01
-2.838611006736755371e-01
-3.108263611793518066e-01
-2.715017199516296387e-01
-2.760964632034301758e-01
-2.576739192008972168e-01
-2.648981213569641113e-01
-2.519126534461975098e-01
-3.466994166374206543e-01
-2.031239271163940430e-01
-3.081827163696289062e-01
-2.492003440856933594e-01
-2.649010419845581055e-01
-2.711146473884582520e-01
-3.054662942886352539e-01
-3.256461024284362793e-01
-2.777535319328308105e-01
-2.545652389526367188e-01
-2.995195388793945312e-01
-2.574036717414855957e-01
-3.490815162658691406e-01
-2.485253810882568359e-01
-3.089993596076965332e-01
-2.817032337188720703e-01
-2.798230648040771484e-01
-3.220221996307373047e-01
-3.045794367790222168e-01
-2.491899728775024414e-01
-2.814620137214660645e-01
-2.859923243522644043e-01
-2.718600034713745117e-01
-3.042180538177490234e-01
-2.219094038009643555e-01
-2.142668366432189941e-01
-2.684939503669738770e-01
-2.724969387054443359e-01
-2.836594581604003906e-01
-3.173424601554870605e-01
-2.712389230728149414e-01
-2.846294045448303223e-01
-2.468302249908447266e-01
-3.150612115859985352e-01
-2.689392566680908203e-01
-2.638794183731079102e-01
-2.309456467628479004e-01
-3.071216344833374023e-01
-2.951170802116394043e-01
-2.371718287467956543e-01
-2.649964690208435059e-01
-2.845519781112670898e-01
-2.644688487052917480e-01
-2.844932079315185547e-01
-2.674947381019592285e-01
-2.833885550498962402e-01
-3.345177769660949707e-01
-2.517308592796325684e-01
-3.840078115463256836e-01
-2.850332856178283691e-01
-2.453185915946960449e-01
-3.009852170944213867e-01
-2.846292853355407715e-01
-2.682269215583801270e-01
-2.295644879341125488e-01
-2.846310138702392578e-01
-2.697468400001525879e-01
-2.676111459732055664e-01
-2.757877707481384277e-01
-2.676099538803100586e-01
-3.035545945167541504e-01
-2.834820151329040527e-01
-2.649762630462646484e-01
-2.846294045448303223e-01
-2.689980864524841309e-01
-2.840431928634643555e-01
-2.846316099166870117e-01
-3.004391193389892578e-01
-3.073619604110717773e-01
-2.994939088821411133e-01
-2.722918987274169922e-01
-2.531328797340393066e-01
-2.810249328613281250e-01
-3.075237870216369629e-01
-3.122830986976623535e-01
-2.574084401130676270e-01
-2.649235129356384277e-01
-2.836804986000061035e-01
-2.684937715530395508e-01
-3.287155628204345703e-01
-2.689301371574401855e-01
-2.719524502754211426e-01
-2.846180200576782227e-01
-2.846345305442810059e-01
-2.333611249923706055e-01
-2.670805454254150391e-01
-2.732246518135070801e-01
-2.846893072128295898e-01
-2.846331596374511719e-01
-2.846294045448303223e-01
-3.046262860298156738e-01
-3.268473744392395020e-01
-2.648981213569641113e-01
-2.787055373191833496e-01
-2.648981809616088867e-01
-2.539829015731811523e-01
-3.276325464248657227e-01
-2.841681241989135742e-01
-2.671218514442443848e-01
-3.106694817543029785e-01
-2.844963073730468750e-01
-2.675455212593078613e-01
-2.980694770812988281e-01
-2.729785442352294922e-01
-2.847409248352050781e-01
-2.648953795433044434e-01
-2.547315955162048340e-01
-2.829263806343078613e-01
-2.685324549674987793e-01
-2.834710478782653809e-01
-2.775270938873291016e-01
-2.873423099517822266e-01
-2.846262454986572266e-01
-2.648981809616088867e-01
-2.702630758285522461e-01
-2.703692317008972168e-01
-2.690821886062622070e-01
-2.872493863105773926e-01
-2.689195871353149414e-01
-2.872942090034484863e-01
-3.245362639427185059e-01
-2.660873532295227051e-01
-2.990975975990295410e-01
-2.738950848579406738e-01
-2.759487628936767578e-01
-2.841599583625793457e-01
-2.505356669425964355e-01
-2.689310908317565918e-01
-2.846294045448303223e-01
-2.846826314926147461e-01
-2.965841293334960938e-01
-2.688573002815246582e-01
-2.679007053375244141e-01
-2.993342280387878418e-01
-3.354499936103820801e-01
-2.648602128028869629e-01
-2.846141457557678223e-01
-2.839530110359191895e-01
-3.304010033607482910e-01
-2.846294045448303223e-01
-2.846294045448303223e-01
-2.845633625984191895e-01
-3.054658174514770508e-01
-2.702653408050537109e-01
-3.453315496444702148e-01
-2.966271042823791504e-01
-2.848851680755615234e-01
-3.100945949554443359e-01
-3.084670901298522949e-01
-2.846473455429077148e-01
-2.768837213516235352e-01
-3.375776410102844238e-01
-2.799938917160034180e-01
-3.018336892127990723e-01
-2.846283316612243652e-01
-3.059920072555541992e-01
-3.526941537857055664e-01
-2.530055642127990723e-01
-3.151769638061523438e-01
-2.349489331245422363e-01
-2.725342512130737305e-01
-2.491998076438903809e-01
-2.649490833282470703e-01
-2.654052972793579102e-01
-2.508599162101745605e-01
-2.800227999687194824e-01
-2.846294045448303223e-01
-2.747532129287719727e-01
-2.841505408287048340e-01
-2.640870213508605957e-01
-2.675715088844299316e-01
-3.159742355346679688e-01
-2.702388167381286621e-01
-2.842088341712951660e-01
-2.843469977378845215e-01
-3.362269401550292969e-01
-2.845814824104309082e-01
-2.491299510002136230e-01
-2.846257686614990234e-01
-2.753607630729675293e-01
-3.058156371116638184e-01
-2.652468085289001465e-01
-3.055210113525390625e-01
-2.506471872329711914e-01
-2.972151637077331543e-01
-2.888405919075012207e-01
-2.423790097236633301e-01
-2.204246520996093750e-01
-2.649054527282714844e-01
-2.612473368644714355e-01
-2.703897356986999512e-01
-2.910854816436767578e-01
-4.159416556358337402e-01
-2.275487184524536133e-01
-2.813878059387207031e-01
-2.547095417976379395e-01
-2.846286892890930176e-01
-2.846294045448303223e-01
-3.306542634963989258e-01
-2.846294045448303223e-01
-2.726087570190429688e-01
-2.846272587776184082e-01
-2.798129916191101074e-01
-2.813392877578735352e-01
-2.967081665992736816e-01
-2.301390767097473145e-01
-2.668223381042480469e-01
-2.812882661819458008e-01
-2.703856825828552246e-01
-2.828629612922668457e-01
-2.817667722702026367e-01
-2.446402311325073242e-01
-2.849513888359069824e-01
-2.846237421035766602e-01
-2.845128774642944336e-01
-2.649570703506469727e-01
-3.342862725257873535e-01
-2.013081908226013184e-01
-2.845801115036010742e-01
-2.758260369300842285e-01
-2.729458212852478027e-01
-3.005564808845520020e-01
-2.673918008804321289e-01
-2.839518189430236816e-01
-2.846297025680541992e-01
-2.873170375823974609e-01
-2.846283316612243652e-01
-2.402371168136596680e-01
-3.179149031639099121e-01
-2.660753130912780762e-01
-2.845936417579650879e-01
-3.172717094421386719e-01
-2.846461534500122070e-01
-2.846421599388122559e-01
-2.846006155014038086e-01
-2.691319584846496582e-01
-2.881211042404174805e-01
-2.834422588348388672e-01
-2.832903861999511719e-01
-2.846291661262512207e-01
-3.610394001007080078e-01
-2.366212606430053711e-01
-2.846287488937377930e-01
-2.846294045448303223e-01
-3.094468712806701660e-01
-2.748973965644836426e-01
-2.846192121505737305e-01
-2.619966268539428711e-01
-2.349014878273010254e-01
-2.857099771499633789e-01
-2.846265435218811035e-01
-2.823824882507324219e-01
-1.720016598701477051e-01
-2.803203463554382324e-01
-2.845914363861083984e-01
-2.649011015892028809e-01
-2.248354554176330566e-01
-2.379765510559082031e-01
-2.846153974533081055e-01
-2.649004459381103516e-01
-2.694780230522155762e-01
-2.846294045448303223e-01
-2.866335511207580566e-01
-2.648981213569641113e-01
-3.242329359054565430e-01
-2.650614976882934570e-01
-2.684440016746520996e-01
-2.846279144287109375e-01
-2.648983001708984375e-01
-2.832905054092407227e-01
-2.846294045448303223e-01
-2.846294045448303223e-01
-2.517673969268798828e-01
-2.547389864921569824e-01
-2.846294045448303223e-01
-2.506864070892333984e-01
-2.601572275161743164e-01
-2.626401782035827637e-01
-2.846900820732116699e-01
-2.213286757469177246e-01
-2.846300005912780762e-01
-2.571703791618347168e-01
-2.908546328544616699e-01
-2.491941452026367188e-01
-2.649009227752685547e-01
-2.941867709159851074e-01
-2.649381160736083984e-01
-2.538155913352966309e-01
-3.058358430862426758e-01
-2.822096347808837891e-01
-2.696720361709594727e-01
-2.846294641494750977e-01
-2.846294045448303223e-01
-2.383778691291809082e-01
-2.846255898475646973e-01
-2.669973373413085938e-01
-3.460739850997924805e-01
-2.670230269432067871e-01
-2.845826148986816406e-01
-2.776849269866943359e-01
-2.279226183891296387e-01
-2.647877335548400879e-01
-2.650910019874572754e-01
-2.716612815856933594e-01
-2.577167749404907227e-01
-2.846294045448303223e-01
-2.846294045448303223e-01
-2.539585232734680176e-01
-2.676110267639160156e-01
-2.846156358718872070e-01
-2.846307158470153809e-01
-2.841100096702575684e-01
-2.926030158996582031e-01
-2.650600075721740723e-01
-2.681622505187988281e-01
-2.492476105690002441e-01
-2.747070789337158203e-01
-2.600865364074707031e-01
-2.846294045448303223e-01
-2.650721073150634766e-01
-2.653225064277648926e-01
-2.390275597572326660e-01
-2.846273183822631836e-01
-2.513771653175354004e-01
-3.021634221076965332e-01
-2.619000077247619629e-01
-2.669079899787902832e-01
-2.664017677307128906e-01
-2.740899324417114258e-01
-2.649238705635070801e-01
-2.651618719100952148e-01
-2.838669419288635254e-01
-2.703229188919067383e-01
-2.738057971000671387e-01
-2.846294045448303223e-01
-2.843632698059082031e-01
-2.768359780311584473e-01
-2.855340242385864258e-01
-2.689378857612609863e-01
-2.362731695175170898e-01
-2.488169074058532715e-01
-2.676081657409667969e-01
-2.845758795738220215e-01
-2.846294045448303223e-01
-2.843170762062072754e-01
-2.841370105743408203e-01
-2.831730842590332031e-01
-2.846297621726989746e-01
-3.097527623176574707e-01
-2.502287030220031738e-01
-2.502878904342651367e-01
-2.655201554298400879e-01
-2.836395502090454102e-01
-2.804064750671386719e-01
-2.650489211082458496e-01
-2.766222953796386719e-01
-2.842294573783874512e-01
-2.701606154441833496e-01
-2.517984509468078613e-01
-2.846279740333557129e-01
-2.659218907356262207e-01
-2.343988418579101562e-01
-2.846291661262512207e-01
-2.648963332176208496e-01
-2.846190929412841797e-01
-2.846294045448303223e-01
-2.846502065658569336e-01
-2.697122693061828613e-01
-2.845327854156494141e-01
-2.357841134071350098e-01
-2.742938995361328125e-01
-2.846288084983825684e-01
-2.997124791145324707e-01
-2.442837357521057129e-01
-2.873405218124389648e-01
-2.846294045448303223e-01
-2.846294641494750977e-01
-2.846294045448303223e-01
-2.846106290817260742e-01
-2.649603486061096191e-01
-2.846291661262512207e-01
-2.844561934471130371e-01
-2.834535837173461914e-01
-2.838371992111206055e-01
-3.255336880683898926e-01
-2.619123458862304688e-01
-2.650499939918518066e-01
-2.846267223358154297e-01
-2.792620658874511719e-01
-2.873400449752807617e-01
-2.846293449401855469e-01
-2.846294045448303223e-01
-2.845912575721740723e-01
-2.846292257308959961e-01
-2.715579867362976074e-01
-2.846297025680541992e-01
-2.964026331901550293e-01
-2.689688205718994141e-01
-2.206265330314636230e-01
-2.652158737182617188e-01
-2.845243811607360840e-01
-2.846286296844482422e-01
-2.846294045448303223e-01
-2.846300005912780762e-01
-2.846138477325439453e-01
-2.845174670219421387e-01
-2.846293449401855469e-01
-2.846293449401855469e-01
-2.636198997497558594e-01
-2.361378073692321777e-01
-2.346097826957702637e-01
-2.846294045448303223e-01
-2.846294045448303223e-01
-2.845929265022277832e-01
-2.846086621284484863e-01
-2.843534350395202637e-01
-2.846294045448303223e-01
-2.837369441986083984e-01
-2.846294045448303223e-01
-2.846294045448303223e-01
-2.993114590644836426e-01
-2.499932050704956055e-01
-2.846294045448303223e-01
-2.837254405021667480e-01
-2.846290469169616699e-01
-2.843483090400695801e-01
-2.846294045448303223e-01
-2.690401673316955566e-01
-3.054337501525878906e-01
-2.846294045448303223e-01
-2.846278548240661621e-01
-2.846294045448303223e-01
-2.690395116806030273e-01
-2.506011128425598145e-01
-2.648956775665283203e-01
-2.846291065216064453e-01
-2.846288681030273438e-01
-2.843430638313293457e-01
-2.834826707839965820e-01
-2.835853695869445801e-01
-2.836052179336547852e-01
-2.845088243484497070e-01
-3.098157048225402832e-01
-2.845764756202697754e-01
-2.214124202728271484e-01
-2.823746800422668457e-01
-2.674843668937683105e-01
-2.719819545745849609e-01
-2.846267819404602051e-01
-2.846217155456542969e-01
-2.933683395385742188e-01
-2.733150720596313477e-01
-2.846120595932006836e-01
-2.842854857444763184e-01
-2.846218943595886230e-01
-2.854046821594238281e-01
-3.260191082954406738e-01
-2.392900586128234863e-01
-2.846335172653198242e-01
-2.846105098724365234e-01
-2.846294641494750977e-01
-2.846270799636840820e-01
-3.054991960525512695e-01
-2.846124172210693359e-01
-2.846294045448303223e-01
-2.844913005828857422e-01
-2.688702344894409180e-01
-2.701614499092102051e-01
-2.242153286933898926e-01
-2.663580179214477539e-01
-2.845463752746582031e-01
-2.347331643104553223e-01
-2.846294045448303223e-01
-2.662736773490905762e-01
-2.648981213569641113e-01
-2.846261262893676758e-01
-2.846319675445556641e-01
-2.846294641494750977e-01
-2.823815941810607910e-01
-2.845329046249389648e-01
-3.181793689727783203e-01
-2.397993206977844238e-01
-2.689313292503356934e-01
-2.843587994575500488e-01
-2.846273183822631836e-01
-2.692419290542602539e-01
-2.845784425735473633e-01
-2.984101176261901855e-01
-2.646262049674987793e-01
-2.610245943069458008e-01
-2.663673162460327148e-01
-2.968284487724304199e-01
-2.979022860527038574e-01
-2.640658020973205566e-01
-2.842723727226257324e-01
-2.846294045448303223e-01
-2.846294045448303223e-01
-2.829893827438354492e-01
-2.648980617523193359e-01
-2.692103385925292969e-01
-2.847036123275756836e-01
-2.842910289764404297e-01
-2.689296603202819824e-01
-2.650687694549560547e-01
-3.319035172462463379e-01
-2.656081318855285645e-01
-2.846968173980712891e-01
-2.837013602256774902e-01
-2.846294045448303223e-01
-2.843835353851318359e-01
-2.876670956611633301e-01
-2.846288681030273438e-01
-2.648995518684387207e-01
-2.846289277076721191e-01
-2.648981809616088867e-01
-2.846292257308959961e-01
-3.487113714218139648e-01
-2.490377426147460938e-01
-2.549110054969787598e-01
-2.701942324638366699e-01
-2.846294045448303223e-01
-2.846208810806274414e-01
-2.846294045448303223e-01
-2.846293449401855469e-01
-2.846293449401855469e-01
-2.846292853355407715e-01
-2.846388816833496094e-01
-2.649016380310058594e-01
-3.154106736183166504e-01
-2.644221782684326172e-01
-2.851296067237854004e-01
-2.649034857749938965e-01
-2.841001152992248535e-01
-2.647898793220520020e-01
-2.846294045448303223e-01
-2.846291065216064453e-01
-2.839820981025695801e-01
-2.846043109893798828e-01
-2.846294045448303223e-01
-2.673844099044799805e-01
-2.651335597038269043e-01
-2.887871861457824707e-01
-2.846301198005676270e-01
-2.646203637123107910e-01
-2.846294045448303223e-01
-2.844960093498229980e-01
-3.232204318046569824e-01
-2.746313810348510742e-01
-2.571924328804016113e-01
-3.136975169181823730e-01
-2.716434001922607422e-01
-2.730363011360168457e-01
-2.795205712318420410e-01
-2.455475330352783203e-01
-2.531853914260864258e-01
-2.670935988426208496e-01
-2.676106095314025879e-01
-2.651566267013549805e-01
-2.649036645889282227e-01
-2.648981213569641113e-01
-2.501628398895263672e-01
-2.621873021125793457e-01
-2.846294641494750977e-01
-2.649273872375488281e-01
-3.018096685409545898e-01
-2.171628475189208984e-01
-2.519879937171936035e-01
-2.688522338867187500e-01
-2.846294641494750977e-01
-2.939489483833312988e-01
-2.654985189437866211e-01
-2.649633884429931641e-01
-2.655958533287048340e-01
-2.658611536026000977e-01
-2.688267827033996582e-01
-2.190663218498229980e-01
-3.279235959053039551e-01
-2.803199887275695801e-01
-2.834433913230895996e-01
-2.752540707588195801e-01
-2.846294045448303223e-01
-2.649109959602355957e-01
-2.845115661621093750e-01
-2.715485095977783203e-01
-2.846288084983825684e-01
-2.846294045448303223e-01
-2.518998384475708008e-01
-2.649012804031372070e-01
-3.559029698371887207e-01
-2.417064905166625977e-01
-2.519338726997375488e-01
-2.779951691627502441e-01
-2.846295833587646484e-01
-2.799600362777709961e-01
-2.532595396041870117e-01
-2.846260070800781250e-01
-2.846259474754333496e-01
-2.846294045448303223e-01
-2.648980021476745605e-01
-2.846294045448303223e-01
-2.748947143554687500e-01
-2.455193996429443359e-01
-2.651217579841613770e-01
-2.846294045448303223e-01
-2.846285104751586914e-01
-2.846294045448303223e-01
-2.686815857887268066e-01
-2.995585203170776367e-01
-2.835005521774291992e-01
-2.711306810379028320e-01
-2.870077490806579590e-01
-2.504380345344543457e-01
-3.049309253692626953e-01
-2.828840017318725586e-01
-3.054199218750000000e-01
-2.846715450286865234e-01
-2.846294045448303223e-01
-3.128412365913391113e-01
-2.846280336380004883e-01
-2.846294045448303223e-01
-2.845919132232666016e-01
-2.649688720703125000e-01
-2.846294045448303223e-01
-2.689543366432189941e-01
-3.521180152893066406e-01
-2.399276494979858398e-01
-2.599381804466247559e-01
-2.993026971817016602e-01
-2.492912411689758301e-01
-2.844696044921875000e-01
-3.106814622879028320e-01
-2.740606069564819336e-01
-2.846633791923522949e-01
-2.841745018959045410e-01
-3.134809136390686035e-01
-2.846294045448303223e-01
-3.250549435615539551e-01
-2.623888850212097168e-01
-2.683598399162292480e-01
-2.714611291885375977e-01
-2.689313888549804688e-01
-2.843083143234252930e-01
-2.676801681518554688e-01
-2.676568031311035156e-01
-2.846294045448303223e-01
-2.533755898475646973e-01
-2.676102519035339355e-01
-2.673475146293640137e-01
-2.145867943763732910e-01
-2.634494900703430176e-01
-2.676826715469360352e-01
-2.649234533309936523e-01
-2.650671601295471191e-01
-2.638805508613586426e-01
-2.676151394844055176e-01
-2.838435173034667969e-01
-2.843701839447021484e-01
-2.698805928230285645e-01
-2.843546271324157715e-01
-2.648985981941223145e-01
-2.948778271675109863e-01
-2.393106818199157715e-01
-2.652515769004821777e-01
-2.845944762229919434e-01
-2.649558782577514648e-01
-2.830795049667358398e-01
-2.846490740776062012e-01
-3.152049183845520020e-01
-2.846289873123168945e-01
-3.160393238067626953e-01
-2.845764160156250000e-01
-2.845937013626098633e-01
-2.969613075256347656e-01
-2.351804971694946289e-01
-2.676110863685607910e-01
-2.846294045448303223e-01
-2.844648361206054688e-01
-2.374529838562011719e-01
-2.655835747718811035e-01
-2.846258282661437988e-01
-2.845222949981689453e-01
-2.846276760101318359e-01
-2.846294045448303223e-01
-2.846270799636840820e-01
-2.808436155319213867e-01
-2.198451161384582520e-01
-2.519125342369079590e-01
-2.871441841125488281e-01
-2.384196519851684570e-01
-2.689313292503356934e-01
-2.846290469169616699e-01
-2.846276760101318359e-01
-2.651067972183227539e-01
-2.786203026771545410e-01
-2.846293449401855469e-01
-2.844241261482238770e-01
-3.175108432769775391e-01
-2.644273042678833008e-01
-2.853003144264221191e-01
-2.845917940139770508e-01
-2.689309716224670410e-01
-2.704363465309143066e-01
-2.664310932159423828e-01
-2.846235036849975586e-01
-2.846294045448303223e-01
-2.837857604026794434e-01
-2.842902541160583496e-01
-2.719544172286987305e-01
-2.365605831146240234e-01
-3.035080432891845703e-01
-2.846294045448303223e-01
-2.846294045448303223e-01
-2.675495147705078125e-01
-2.563076019287109375e-01
-2.842783927917480469e-01
-2.817888855934143066e-01
-2.491883039474487305e-01
-2.692682743072509766e-01
-2.846236228942871094e-01
-2.846167087554931641e-01
-3.083361387252807617e-01
-2.434757947921752930e-01
-2.872541546821594238e-01
-2.846264839172363281e-01
-2.669345140457153320e-01
-2.665067315101623535e-01
-2.846294045448303223e-01
-2.651593089103698730e-01
-2.505713701248168945e-01
-2.846385836601257324e-01
-2.846297025680541992e-01
-2.845743894577026367e-01
-2.410420179367065430e-01
-2.675647735595703125e-01
-2.873147130012512207e-01
-2.846294045448303223e-01
-3.146904706954956055e-01
-2.848399281501770020e-01
-2.846294045448303223e-01
-2.648983001708984375e-01
-2.635278701782226562e-01
-2.846294045448303223e-01
-2.843140959739685059e-01
-2.846286892890930176e-01
-3.021507263183593750e-01
-2.371422052383422852e-01
-2.842392921447753906e-01
-2.689753174781799316e-01
-2.954712510108947754e-01
-2.689319252967834473e-01
-2.839755415916442871e-01
-2.846294045448303223e-01
-2.692566514015197754e-01
-2.831786870956420898e-01
-2.549890279769897461e-01
-2.689311504364013672e-01
-2.980998754501342773e-01
-3.365875482559204102e-01
-2.494273185729980469e-01
-2.794952988624572754e-01
-2.827538251876831055e-01
-2.846294045448303223e-01
-2.717780470848083496e-01
-2.492510080337524414e-01
-2.995992302894592285e-01
-2.559381127357482910e-01
-3.049020171165466309e-01
-2.846719026565551758e-01
-3.269611597061157227e-01
-2.641188502311706543e-01
-2.674106359481811523e-01
-2.408592104911804199e-01
-3.054698109626770020e-01
-3.324804306030273438e-01
-2.846294045448303223e-01
-2.837209105491638184e-01
-2.908170819282531738e-01
-2.842653989791870117e-01
-2.846298217773437500e-01
-2.857181429862976074e-01
-2.788860201835632324e-01
-2.517057061195373535e-01
-2.493402957916259766e-01
-2.649692893028259277e-01
-2.698297500610351562e-01
-3.151608705520629883e-01
-2.846195697784423828e-01
-2.636552453041076660e-01
-2.648981213569641113e-01
-2.816078662872314453e-01
-2.844564914703369141e-01
-2.697798013687133789e-01
-2.994244098663330078e-01
-2.615051865577697754e-01
-2.675463557243347168e-01
-2.764722108840942383e-01
-2.969207167625427246e-01
-2.557464838027954102e-01
-2.689364552497863770e-01
-2.649266123771667480e-01
-2.859618067741394043e-01
-2.807586193084716797e-01
-2.651311159133911133e-01
-2.818104028701782227e-01
-2.830237746238708496e-01
-2.439612746238708496e-01
-2.872313857078552246e-01
-2.351710796356201172e-01
-2.688342928886413574e-01
-2.651380300521850586e-01
-2.845517396926879883e-01
-2.837316989898681641e-01
-2.805949449539184570e-01
-2.846182584762573242e-01
-2.714098095893859863e-01
-2.685099244117736816e-01
-3.065624833106994629e-01
-2.701446413993835449e-01
-3.171139359474182129e-01
-2.505357861518859863e-01
-2.842853069305419922e-01
-2.678603529930114746e-01
-2.371163368225097656e-01
-2.845737338066101074e-01
-2.846294045448303223e-01
-2.846066951751708984e-01
-2.774930000305175781e-01
-2.689309120178222656e-01
-2.134636044502258301e-01
-2.556778788566589355e-01
-2.845377326011657715e-01
-2.547275424003601074e-01
-2.846291661262512207e-01
-2.846270203590393066e-01
-2.845699191093444824e-01
-2.846294045448303223e-01
-2.876946330070495605e-01
-2.703210115432739258e-01
-2.846255898475646973e-01
-2.676109671592712402e-01
-2.399482131004333496e-01
-2.686865925788879395e-01
-2.676112651824951172e-01
-2.694566845893859863e-01
-2.846294045448303223e-01
-2.845453619956970215e-01
-2.846096754074096680e-01
-3.158627748489379883e-01
-2.574140429496765137e-01
-2.829279899597167969e-01
-2.650319933891296387e-01
-2.704432010650634766e-01
-3.016798496246337891e-01
-2.552179694175720215e-01
-2.873421907424926758e-01
-2.715878486633300781e-01
-2.846294045448303223e-01
-2.845717072486877441e-01
-2.846294045448303223e-01
-2.661421895027160645e-01
-2.381597757339477539e-01
-2.846292853355407715e-01
-2.754219770431518555e-01
-3.043389916419982910e-01
-3.169638514518737793e-01
-2.673051357269287109e-01
-2.872765064239501953e-01
-2.847808003425598145e-01
-2.721311450004577637e-01
-2.873423099517822266e-01
-2.846288084983825684e-01
-2.505341172218322754e-01
-2.846294045448303223e-01
-2.846288681030273438e-01
-2.846242785453796387e-01
-2.846294045448303223e-01
-2.613857388496398926e-01
-2.797658443450927734e-01
-3.058159947395324707e-01
-2.834972739219665527e-01
-2.846294045448303223e-01
-2.869722843170166016e-01
-2.844833135604858398e-01
-2.960541248321533203e-01
-2.836894989013671875e-01
-2.846284508705139160e-01
-2.841856479644775391e-01
-2.846284508705139160e-01
-3.230767846107482910e-01
-2.326907515525817871e-01
-2.873421907424926758e-01
-2.846294045448303223e-01
-2.650350332260131836e-01
-2.846294641494750977e-01
-2.846272587776184082e-01
-2.846294045448303223e-01
-2.846294045448303223e-01
-2.846289277076721191e-01
-2.846258878707885742e-01
-2.651857137680053711e-01
-3.168554902076721191e-01
-2.774956822395324707e-01
-3.171966671943664551e-01
-2.742811441421508789e-01
-2.846243381500244141e-01
-2.690966725349426270e-01
-2.846206426620483398e-01
-2.347319722175598145e-01
-2.504554390907287598e-01
-2.884502410888671875e-01
-2.648912668228149414e-01
-2.657817006111145020e-01
-2.610227465629577637e-01
-2.807499170303344727e-01
-2.694247961044311523e-01
-2.846176624298095703e-01
-2.842972278594970703e-01
-2.846021652221679688e-01
-2.845314145088195801e-01
-2.677575349807739258e-01
-2.852587699890136719e-01
-2.531468868255615234e-01
-2.846294641494750977e-01
-2.649198770523071289e-01
-2.987753152847290039e-01
-2.712245583534240723e-01
-2.846246361732482910e-01
-2.648981213569641113e-01
-2.648981213569641113e-01
-2.846125364303588867e-01
-2.845822572708129883e-01
-2.558307647705078125e-01
-2.677958011627197266e-01
-2.637887001037597656e-01
-2.846285700798034668e-01
-2.648780941963195801e-01
-3.239614367485046387e-01
-2.629678845405578613e-01
-2.491883039474487305e-01
-2.704585790634155273e-01
-2.748836278915405273e-01
-2.701321244239807129e-01
-2.547013163566589355e-01
-2.910045981407165527e-01
-2.844454646110534668e-01
-2.846294045448303223e-01
-2.846294045448303223e-01
-2.665953636169433594e-01
-2.828439474105834961e-01
-2.323967218399047852e-01
-2.636173963546752930e-01
-2.793543338775634766e-01
-2.873008847236633301e-01
-2.873257398605346680e-01
-2.519257068634033203e-01
-2.873268127441406250e-01
-2.846294045448303223e-01
-2.846258282661437988e-01
-2.655112147331237793e-01
-2.846269011497497559e-01
-3.224824070930480957e-01
-2.606588006019592285e-01
-2.716440558433532715e-01
-2.621406912803649902e-01
-2.635064125061035156e-01
-2.922112345695495605e-01
-2.699837088584899902e-01
-2.665550708770751953e-01
-2.846219539642333984e-01
-2.837871313095092773e-01
-2.796217799186706543e-01
-2.359808683395385742e-01
-2.498167753219604492e-01
-2.691679596900939941e-01
-2.509923577308654785e-01
-2.385250926017761230e-01
-2.846334576606750488e-01
-2.649464607238769531e-01
-2.653381228446960449e-01
-2.804589271545410156e-01
-2.846186757087707520e-01
-2.846294045448303223e-01
-2.846288084983825684e-01
-2.846294045448303223e-01
-2.430366873741149902e-01
-2.556262016296386719e-01
-2.361551523208618164e-01
-2.950212955474853516e-01
-2.544263005256652832e-01
-2.846292853355407715e-01
-2.846098542213439941e-01
-2.649140954017639160e-01
-2.846294045448303223e-01
-2.845474481582641602e-01
-2.732411026954650879e-01
-2.728428244590759277e-01
-3.044331669807434082e-01
-2.487323284149169922e-01
-2.828221321105957031e-01
-2.549490332603454590e-01
-2.649464607238769531e-01
-2.761543989181518555e-01
-2.845735549926757812e-01
-2.846299409866333008e-01
-2.846133708953857422e-01
-2.846425175666809082e-01
-2.846286296844482422e-01
-2.844824194908142090e-01
-3.187084794044494629e-01
-2.551020383834838867e-01
-2.675791978836059570e-01
-2.644276022911071777e-01
-3.180601000785827637e-01
-3.018338084220886230e-01
-2.466125488281250000e-01
-2.676223516464233398e-01
-2.725228667259216309e-01
-2.702650427818298340e-01
-2.846294045448303223e-01
-2.808369994163513184e-01
-3.238247632980346680e-01
-2.685582041740417480e-01
-2.846615314483642578e-01
-2.644492387771606445e-01
-2.571465969085693359e-01
-2.846294045448303223e-01
-2.689315676689147949e-01
-2.846238017082214355e-01
-2.689287066459655762e-01
-2.846294045448303223e-01
-2.846208810806274414e-01
-2.846274375915527344e-01
-2.786082029342651367e-01
-2.613067626953125000e-01
-2.572287321090698242e-01
-2.583132386207580566e-01
-2.797141671180725098e-01
-2.716439962387084961e-01
-2.872725129127502441e-01
-2.845462560653686523e-01
-2.543017268180847168e-01
-2.846104502677917480e-01
-2.846294045448303223e-01
-2.846321463584899902e-01
-2.366447448730468750e-01
-2.672330737113952637e-01
-2.960074543952941895e-01
-2.750466465950012207e-01
-2.520024776458740234e-01
-3.150922060012817383e-01
-2.800511717796325684e-01
-2.801709771156311035e-01
-2.846294045448303223e-01
-2.648993730545043945e-01
-2.846294045448303223e-01
-2.766380906105041504e-01
-2.867172360420227051e-01
-2.773748636245727539e-01
-2.620629668235778809e-01
-2.981887459754943848e-01
-2.846272587776184082e-01
-2.716630101203918457e-01
-2.580216526985168457e-01
-2.846288681030273438e-01
-2.810602188110351562e-01
-2.523968815803527832e-01
-2.760084271430969238e-01
-2.704119086265563965e-01
-3.109732270240783691e-01
-2.787539958953857422e-01
-2.619334459304809570e-01
-2.374447584152221680e-01
-2.846179604530334473e-01
-2.846292853355407715e-01
-2.802838683128356934e-01
-2.595149874687194824e-01
-2.846193313598632812e-01
-2.845100760459899902e-01
-2.843104600906372070e-01
-2.844016551971435547e-01
-3.203610777854919434e-01
-2.692469954490661621e-01
-2.678561210632324219e-01
-3.000527620315551758e-01
-2.862963080406188965e-01
-2.201752662658691406e-01
-2.655968666076660156e-01
-2.505429983139038086e-01
-2.846294045448303223e-01
-2.846292257308959961e-01
-2.846294045448303223e-01
-2.648981213569641113e-01
-2.813816070556640625e-01
-2.651841044425964355e-01
-2.871491909027099609e-01
-2.730526924133300781e-01
-2.808248996734619141e-01
-2.651001811027526855e-01
-2.801402807235717773e-01
-2.647113204002380371e-01
-2.800180912017822266e-01
-2.846293449401855469e-01
-2.846283316612243652e-01
-2.783983945846557617e-01
-3.089064955711364746e-01
-2.648474574089050293e-01
-2.846368551254272461e-01
-2.649061679840087891e-01
-2.648981213569641113e-01
-2.649120688438415527e-01
-2.836449146270751953e-01
-2.819893360137939453e-01
-2.846287488937377930e-01
-2.845513224601745605e-01
-2.669520378112792969e-01
-2.846233844757080078e-01
-2.994146943092346191e-01
-2.804487347602844238e-01
-2.826834917068481445e-01
-2.492299079895019531e-01
-2.846296429634094238e-01
-2.504536509513854980e-01
-2.873427271842956543e-01
-2.704732418060302734e-01
-2.867847084999084473e-01
-2.494300603866577148e-01
-2.845972180366516113e-01
-2.811823487281799316e-01
-2.879172563552856445e-01
-2.626680731773376465e-01
-2.648879885673522949e-01
-2.662560939788818359e-01
-2.846229076385498047e-01
-2.846294045448303223e-01
-2.690188884735107422e-01
-2.787339091300964355e-01
-2.798562049865722656e-01
-2.846294045448303223e-01
-2.846294045448303223e-01
-2.844477891921997070e-01
-2.695260047912597656e-01
-2.678090333938598633e-01
-2.846294045448303223e-01
-2.846294641494750977e-01
-2.846293449401855469e-01
-2.846294045448303223e-01
-2.656503319740295410e-01
-2.846294045448303223e-01
-2.846136093139648438e-01
-2.846053838729858398e-01
-2.530262470245361328e-01
-2.846294045448303223e-01
-3.208631873130798340e-01
-2.901986837387084961e-01
-2.772775888442993164e-01
-2.658178210258483887e-01
-2.846254110336303711e-01
-2.739788889884948730e-01
-2.846198081970214844e-01
-2.846294045448303223e-01
-2.845404744148254395e-01
-2.846283912658691406e-01
-2.529985904693603516e-01
-2.853738665580749512e-01
-2.487505674362182617e-01
-2.836633324623107910e-01
-2.820469737052917480e-01
-2.866999506950378418e-01
-2.846049666404724121e-01
-2.676111459732055664e-01
-2.497636079788208008e-01
-2.827567458152770996e-01
-2.846211791038513184e-01
-2.759401202201843262e-01
-2.771279811859130859e-01
-2.846536040306091309e-01
-3.366244435310363770e-01
-2.763199806213378906e-01
-2.579352259635925293e-01
-3.214239478111267090e-01
-2.612468600273132324e-01
-2.846076488494873047e-01
-2.717371582984924316e-01
-2.849792242050170898e-01
-2.649263143539428711e-01
-2.838269472122192383e-01
-2.845950722694396973e-01
-2.845990061759948730e-01
-2.790540456771850586e-01
-2.833148241043090820e-01
-2.813181281089782715e-01
-2.872587442398071289e-01
-2.507128715515136719e-01
-2.865669727325439453e-01
-2.846047878265380859e-01
-2.820315361022949219e-01
-2.846291065216064453e-01
-2.840141654014587402e-01
-2.846164703369140625e-01
-2.846282124519348145e-01
-2.847792506217956543e-01
-2.824886441230773926e-01
-2.846298813819885254e-01
-2.873034477233886719e-01
-2.702654004096984863e-01
-2.846294641494750977e-01
-2.841199040412902832e-01
-2.846220135688781738e-01
-2.487558126449584961e-01
-2.844495177268981934e-01
-2.846291661262512207e-01
-2.846108675003051758e-01
-2.586594223976135254e-01
-3.075563311576843262e-01
-2.842843532562255859e-01
-2.707847952842712402e-01
-2.517198324203491211e-01
-2.873334288597106934e-01
-2.846294045448303223e-01
-2.845952510833740234e-01
-2.648992538452148438e-01
-2.846294045448303223e-01
-2.846164703369140625e-01
-2.846133112907409668e-01
-2.825099229812622070e-01
-2.793360948562622070e-01
-2.846293449401855469e-01
-2.676113247871398926e-01
-3.053853511810302734e-01
-2.846294045448303223e-01
-2.846284508705139160e-01
-2.846294045448303223e-01
-3.153461217880249023e-01
-2.648981213569641113e-01
-2.846280336380004883e-01
-2.845759987831115723e-01
-3.148017525672912598e-01
-2.538256645202636719e-01
-2.846294045448303223e-01
-2.659144401550292969e-01
-2.857164144515991211e-01
-2.649260759353637695e-01
-2.846227288246154785e-01
-2.846240401268005371e-01
-2.505345344543457031e-01
-2.846294641494750977e-01
-2.846133112907409668e-01
-2.845756411552429199e-01
-2.689462304115295410e-01
-2.825626730918884277e-01
-2.844661474227905273e-01
-2.658654451370239258e-01
-2.704047560691833496e-01
-2.789264917373657227e-01
-2.846243381500244141e-01
-2.689592242240905762e-01
-2.978105545043945312e-01
-2.846292853355407715e-01
-2.846291661262512207e-01
-2.846294045448303223e-01
-2.690315842628479004e-01
-2.684347033500671387e-01
-2.846483588218688965e-01
-2.649005055427551270e-01
-2.676314115524291992e-01
-2.846221327781677246e-01
-3.051711320877075195e-01
-2.846145033836364746e-01
-2.847721576690673828e-01
-2.689310908317565918e-01
-2.693257331848144531e-01
-2.846294045448303223e-01
-2.534199953079223633e-01
-2.745426893234252930e-01
-2.853133082389831543e-01
-2.648919820785522461e-01
-2.701078057289123535e-01
-2.682793736457824707e-01
-2.846294045448303223e-01
-2.843005657196044922e-01
-2.846286892890930176e-01
-2.844036817550659180e-01
-2.846292257308959961e-01
-2.845002412796020508e-01
-3.325917720794677734e-01
-2.640659213066101074e-01
-2.845892310142517090e-01
-2.717808485031127930e-01
-2.846193313598632812e-01
-2.502199411392211914e-01
-2.846294045448303223e-01
-2.846120595932006836e-01
-2.846087813377380371e-01
-2.559037804603576660e-01
-2.846139669418334961e-01
-2.846021652221679688e-01
-1.562463641166687012e-01
-2.660908699035644531e-01
-2.672644853591918945e-01
-2.846294045448303223e-01
-2.553532719612121582e-01
-2.504562735557556152e-01
-2.846294045448303223e-01
-2.667352557182312012e-01
-3.054257631301879883e-01
-2.851421833038330078e-01
-2.735538482666015625e-01
-2.641496658325195312e-01
-2.918153405189514160e-01
-2.366762161254882812e-01
-2.519127130508422852e-01
-2.607620954513549805e-01
-2.648980617523193359e-01
-2.846294045448303223e-01
-2.846291661262512207e-01
-2.846278548240661621e-01
-2.846298217773437500e-01
-2.648981213569641113e-01
-2.836025953292846680e-01
-2.845717072486877441e-01
-3.318672776222229004e-01
-2.299214005470275879e-01
-2.980572581291198730e-01
-2.846291661262512207e-01
-2.597566843032836914e-01
-2.846294045448303223e-01
-2.846286892890930176e-01
-3.065679669380187988e-01
-2.566606998443603516e-01
-2.707280516624450684e-01
-2.846287488937377930e-01
-2.680421471595764160e-01
-2.679036259651184082e-01
-2.594221830368041992e-01
-2.981511950492858887e-01
-2.846292853355407715e-01
-3.115991353988647461e-01
-2.692890763282775879e-01
-2.846294641494750977e-01
-2.843062281608581543e-01
-2.702671289443969727e-01
-2.704709172248840332e-01
-2.846294045448303223e-01
-2.596923112869262695e-01
-3.177089691162109375e-01
-1.944085955619812012e-01
-2.868338227272033691e-01
-2.846299409866333008e-01
-2.674196958541870117e-01
-2.845984101295471191e-01
-2.831869125366210938e-01
-2.846294045448303223e-01
-2.845507264137268066e-01
-2.846184372901916504e-01
-2.846269607543945312e-01
-2.846294045448303223e-01
-3.519515991210937500e-01
-2.800965905189514160e-01
-2.519360780715942383e-01
-2.845656275749206543e-01
-2.495799064636230469e-01
-2.844477295875549316e-01
-2.846404910087585449e-01
-2.718234658241271973e-01
-2.675561904907226562e-01
-2.846240997314453125e-01
-2.845207452774047852e-01
-2.829121351242065430e-01
-3.180485963821411133e-01
-2.365722060203552246e-01
-2.676296830177307129e-01
-2.765458226203918457e-01
-2.497116923332214355e-01
-2.505472898483276367e-01
-2.873363494873046875e-01
-2.701797485351562500e-01
-2.812221646308898926e-01
-2.846286892890930176e-01
-2.719857096672058105e-01
-2.752421498298645020e-01
-3.129620552062988281e-01
-2.122889757156372070e-01
-2.623362541198730469e-01
-2.819237709045410156e-01
-2.845820784568786621e-01
-2.648996114730834961e-01
-2.846294045448303223e-01
-2.850981354713439941e-01
-2.651395201683044434e-01
-2.504415512084960938e-01
-2.846104502677917480e-01
-2.845318317413330078e-01
-3.081001043319702148e-01
-2.610467672348022461e-01
-2.675783634185791016e-01
-2.653570175170898438e-01
-2.838804721832275391e-01
-2.846290469169616699e-01
-2.845848202705383301e-01
-2.842209935188293457e-01
-2.773770093917846680e-01
-2.522340416908264160e-01
-2.846305966377258301e-01
-2.846449613571166992e-01
-3.183310031890869141e-01
-2.605561017990112305e-01
-2.873423099517822266e-01
-3.008004426956176758e-01
-2.846294045448303223e-01
-2.716439366340637207e-01
-2.686324715614318848e-01
-2.658388614654541016e-01
-2.846207022666931152e-01
-2.804548144340515137e-01
-2.703641057014465332e-01
-2.653748989105224609e-01
-3.427134752273559570e-01
-2.641370892524719238e-01
-2.625361680984497070e-01
-2.869244217872619629e-01
-2.649191617965698242e-01
-2.649022936820983887e-01
-2.845498323440551758e-01
-2.779597640037536621e-01
-2.846294045448303223e-01
-2.791391611099243164e-01
-2.658191919326782227e-01
-2.851231694221496582e-01
-2.955725193023681641e-01
-2.380930185317993164e-01
-2.676115036010742188e-01
-2.846267819404602051e-01
-2.654389142990112305e-01
-2.845401167869567871e-01
-2.846137285232543945e-01
-2.852900028228759766e-01
-3.115363717079162598e-01
-2.721636891365051270e-01
-2.873422503471374512e-01
-2.844411134719848633e-01
-3.099275231361389160e-01
-2.314506173133850098e-01
-2.676198482513427734e-01
-2.688153386116027832e-01
-2.980698943138122559e-01
-2.793268561363220215e-01
-2.846223115921020508e-01
-2.846311330795288086e-01
-2.257803082466125488e-01
-2.519127130508422852e-01
-2.845494151115417480e-01
-2.676110863685607910e-01
-2.907856702804565430e-01
-2.170347571372985840e-01
-2.676110267639160156e-01
-2.507820129394531250e-01
-2.657136321067810059e-01
-2.846252322196960449e-01
-2.806997895240783691e-01
-2.846292257308959961e-01
-2.505357265472412109e-01
-2.845984697341918945e-01
-2.661500573158264160e-01
-2.846267819404602051e-01
-3.278895616531372070e-01
-2.474027872085571289e-01
-2.697278857231140137e-01
-2.694621086120605469e-01
-2.846294045448303223e-01
-2.846294045448303223e-01
-2.780170440673828125e-01
-2.846293449401855469e-01
-2.845579981803894043e-01
-2.845772504806518555e-01
-2.846290469169616699e-01
-2.846280336380004883e-01
-3.159963488578796387e-01
-2.398852705955505371e-01
-2.672890424728393555e-01
-2.491834759712219238e-01
-2.846235036849975586e-01
-2.875555753707885742e-01
-2.838247418403625488e-01
-2.846512198448181152e-01
-2.846298813819885254e-01
-2.675706744194030762e-01
-2.659381628036499023e-01
-2.702654004096984863e-01
-2.828378081321716309e-01
-1.921159625053405762e-01
-2.649202942848205566e-01
-2.846294045448303223e-01
-2.699227333068847656e-01
-2.872657775878906250e-01
-2.650310397148132324e-01
-2.845840454101562500e-01
-2.846294045448303223e-01
-2.633947134017944336e-01
-2.846131920814514160e-01
-2.656739950180053711e-01
-2.871368527412414551e-01
-1.907640695571899414e-01
-2.859745025634765625e-01
-2.846912741661071777e-01
-2.505341172218322754e-01
-2.738603353500366211e-01
-2.689400911331176758e-01
-3.203566670417785645e-01
-3.005576729774475098e-01
-2.648987770080566406e-01
-2.669891715049743652e-01
-2.846094965934753418e-01
-3.424182534217834473e-01
-2.438529133796691895e-01
-2.873423099517822266e-01
-2.846307158470153809e-01
-2.214260101318359375e-01
-2.855400443077087402e-01
-2.841728925704956055e-01
-2.689310908317565918e-01
-2.846292853355407715e-01
-2.846294045448303223e-01
-2.846294045448303223e-01
-2.846310138702392578e-01
-3.598695993423461914e-01
-1.908479928970336914e-01
-2.722271680831909180e-01
-2.840000987052917480e-01
-2.846294045448303223e-01
-2.846294045448303223e-01
-2.846294045448303223e-01
-2.846294045448303223e-01
-2.545688748359680176e-01
-2.690339684486389160e-01
-2.844708561897277832e-01
-2.846294045448303223e-01
-3.230504393577575684e-01
-2.499674558639526367e-01
-2.873190641403198242e-01
-2.600032091140747070e-01
-2.515833377838134766e-01
-2.648985981941223145e-01
-2.831867933273315430e-01
-2.846289277076721191e-01
-2.649007439613342285e-01
-2.842210531234741211e-01
-2.969233989715576172e-01
-3.007413148880004883e-01
-2.543697357177734375e-01
-2.797475457191467285e-01
-2.570982575416564941e-01
-2.846294045448303223e-01
-2.845285534858703613e-01
-2.845907807350158691e-01
-2.697222828865051270e-01
-2.846291065216064453e-01
-2.872970104217529297e-01
-2.845070958137512207e-01
-2.873423099517822266e-01
-2.653315663337707520e-01
-3.185847401618957520e-01
-2.692546248435974121e-01
-2.872755527496337891e-01
-2.608581185340881348e-01
-2.809697389602661133e-01
-2.506141662597656250e-01
-2.640953660011291504e-01
-2.643347978591918945e-01
-2.851088047027587891e-01
-2.846294045448303223e-01
-2.651037573814392090e-01
-2.846297025680541992e-01
-2.519084811210632324e-01
-2.607825398445129395e-01
-2.491668462753295898e-01
-2.638827562332153320e-01
-2.846294045448303223e-01
-2.528355717658996582e-01
-2.955476045608520508e-01
-2.648983001708984375e-01
-2.829157710075378418e-01
-2.846226096153259277e-01
-2.716439366340637207e-01
-2.701136469841003418e-01
-3.118771910667419434e-01
-2.691081166267395020e-01
-2.654135823249816895e-01
-2.934460043907165527e-01
-2.841298580169677734e-01
-2.845245599746704102e-01
-2.835049033164978027e-01
-2.648981213569641113e-01
-2.846287488937377930e-01
-2.818092107772827148e-01
-2.846159934997558594e-01
-2.519127130508422852e-01
-2.317560315132141113e-01
