-4.633323236443630949e-02
-7.705556057240239842e-02
-1.055824432850202832e-01
-1.318628117547195056e-01
-1.553896121184774326e-01
-1.722145510967421911e-01
-1.774275170274360325e-01
-1.674471767768864194e-01
-1.370560064982821180e-01
-8.013216801454195459e-02
5.305061519566528494e-03
9.907115227321247608e-02
1.649656174766353234e-01
1.924969948198256009e-01
1.927511004940963835e-01
1.732878055885558877e-01
1.373639722798587759e-01
8.739160137691549812e-02
2.781979069449865699e-02
-3.521976224518050952e-02
-9.512624805658188853e-02
-1.480837117935555614e-01
-1.966554384734356398e-01
-2.413534429565644679e-01
-2.764164561067515846e-01
-3.000294386436228034e-01
-3.140135806269911956e-01
-3.153326577647585505e-01
-2.975941228969243846e-01
-2.525546696566846050e-01
-1.642896444012944546e-01
-3.661477106674996401e-02
9.264209574564494232e-02
2.008669058148686570e-01
2.963436887566201494e-01
3.759998352748461503e-01
4.192174839144646725e-01
4.234957122804288709e-01
3.986761904297189685e-01
3.471150218078167260e-01
2.712085444753845609e-01
1.791412915441328579e-01
8.393781166612489242e-02
3.707102928349574611e-04
-6.044765426531695240e-02
-9.727751550538854541e-02
-1.139461068332126847e-01
-1.279943873060562232e-01
-1.676020645922478569e-01
-2.381616946072407370e-01
-3.262573036911369795e-01
-4.206303488454820605e-01
-5.099752716637178107e-01
-5.805589352215048127e-01
-6.170185208292242596e-01
-5.998036338773391485e-01
-5.053879308172465334e-01
-3.007160140371224477e-01
1.693825176821457668e-02
3.567827008328213756e-01
6.110925218604927878e-01
7.553004260269522430e-01
8.102048464625746238e-01
7.990887564773669904e-01
7.444895391697727849e-01
6.638710393349511740e-01
5.679710502323440657e-01
4.595445642715847989e-01
3.399277043528773912e-01
2.084106546101422430e-01
6.414263527029892553e-02
-8.002680617278914998e-02
-2.024559853472905901e-01
-2.924606858037932522e-01
-3.501917981695642501e-01
-3.796455435015186897e-01
-3.862707565253575281e-01
-3.743266860001934759e-01
-3.489859860585186047e-01
-3.143845144875340170e-01
-2.743858591470537123e-01
-2.303314164145860987e-01
-1.739363934434167425e-01
-1.089362555370035346e-01
-5.970971304672241520e-02
-4.060671448184688392e-02
-4.897503416042577051e-02
-7.813423992248832994e-02
-1.201761031614483888e-01
-1.631411897338290728e-01
-1.946064945382358635e-01
-2.059872553141793572e-01
-1.888563649555673463e-01
-1.311215761252701728e-01
-1.812698810592423132e-02
1.277188016635944501e-01
2.465061612603956509e-01
3.130410833800780779e-01
3.367159010977245348e-01
3.262427045298041395e-01
2.903418239399975231e-01
2.382202769787607477e-01
1.786879038534347208e-01
1.186415033265651453e-01
6.390679197028716063e-02
1.922122449151968462e-02
-1.250217341107952643e-02
-3.381582871284533748e-02
-5.211812976792500052e-02
-7.079392957660625429e-02
-8.877404284390817690e-02
-1.045468092476879718e-01
-1.179867405805962027e-01
-1.299933081463805207e-01
-1.388230177230253271e-01
-1.399389648551110366e-01
-1.275236515408273708e-01
-9.472188562640464216e-02
-3.463156010578338773e-02
4.213718826233584652e-02
1.055978332174017792e-01
1.406773148032009202e-01
1.513726632221698842e-01
1.441043473721198287e-01
1.257284310851402853e-01
1.015446122624778097e-01
7.455842557733578790e-02
4.718966047228340122e-02
2.186028689036961098e-02
-8.261268451967840321e-04
-2.276885366177312103e-02
-4.210287089991564952e-02
-5.335899936995353726e-02
-5.610891177187598416e-02
-5.331789741323750970e-02
-4.748291956684441706e-02
-4.012570553971170351e-02
-3.172292687872350220e-02
-2.337052083824221055e-02
-1.594689804533492780e-02
-9.308693814169665542e-03
-2.964340640301957059e-03
3.693072766559454302e-03
1.137279125916662581e-02
1.876745448420812437e-02
2.314136026945488173e-02
2.466552901372213308e-02
2.343609669199673076e-02
1.922039617917074492e-02
1.490810978264923287e-02
1.164494298970870229e-02
7.551747826025700244e-03
1.823973150384782102e-03
-5.436241510100919480e-03
-1.506137959349500288e-02
-2.618940349763040909e-02
-3.594374038269180366e-02
-4.308075998036694360e-02
-4.715779304004805855e-02
-4.768787086353155208e-02
-4.492760753064677093e-02
-3.957671849158611588e-02
-3.273232283108123281e-02
-2.528402527497932567e-02
-1.726677750054423852e-02
-8.171434524572423683e-03
3.763257806205173688e-03
1.975354027774374813e-02
3.693121909358091509e-02
5.109924880219918197e-02
6.109495401741237008e-02
6.850943468229542255e-02
7.423937184816317703e-02
7.741702014994901460e-02
7.730013165367785599e-02
7.309032779701137017e-02
6.320996655470791092e-02
4.605126055708442384e-02
2.017238201219055671e-02
-1.164816832600159419e-02
-4.241964390835444715e-02
-6.900150232655347105e-02
-9.169585445053475559e-02
-1.117808266874787959e-01
-1.302648054662319255e-01
-1.451226332889855031e-01
-1.532383900218338701e-01
-1.520809591146709550e-01
-1.389107234587121376e-01
-1.103765523628069400e-01
-6.357720531541431741e-02
-4.782244336194278744e-03
4.962686252412402271e-02
9.029708700645730501e-02
1.174175107134206864e-01
1.322451235386986335e-01
1.368950937789438493e-01
1.339841164189390921e-01
1.258306815320426320e-01
1.135521363017136659e-01
9.681285141753465107e-02
7.524711359463669147e-02
4.911553281409751504e-02
2.358857947826855164e-02
7.253403291714236381e-03
2.417520084167687835e-03
6.493830686318584344e-03
1.759624977460227946e-02
3.359959222835522119e-02
5.140782533804737209e-02
6.778217317950094301e-02
7.903090653526272102e-02
8.387010964411084624e-02
8.462089023853729131e-02
8.164480237527364792e-02
7.463147641880979455e-02
6.476907920037444644e-02
4.982663801840139794e-02
2.584370369727238478e-02
-9.544159670803322587e-03
-5.600150870284598126e-02
-1.092751932158579908e-01
-1.644414465470821762e-01
-2.190350710669572987e-01
-2.705972161246021357e-01
-3.120817401858220208e-01
-3.310350723106605941e-01
-3.256428103555004117e-01
-3.090296554512871330e-01
-2.773686996183978293e-01
-2.231878331269524784e-01
-1.599531543492188623e-01
-8.831168495340536995e-02
1.648801767689404840e-02
1.452030767751249507e-01
2.437608287089631509e-01
2.923597701683874339e-01
3.108166272933023944e-01
3.209026867442257847e-01
3.242076244556051368e-01
2.982955069180983076e-01
2.336676083288240502e-01
1.406623006408232179e-01
3.397893649307195951e-02
-7.364668688609578295e-02
-1.717934528716509590e-01
-2.503478720004175262e-01
-3.007459329506808055e-01
-3.129146990803382544e-01
-2.682812109084947716e-01
-1.428254202717474108e-01
3.304798278989277277e-02
1.743692354630304864e-01
2.446904707192107675e-01
2.592136970506368487e-01
2.355720873998475295e-01
1.895509176525543293e-01
1.328839536602121896e-01
7.545329802545087949e-02
2.586161352119571363e-02
-1.133934801199868413e-02
-3.463465950648839803e-02
-4.263980121743206342e-02
-3.622855822016057825e-02
-2.168522060029560994e-02
-5.603865094409528347e-03
1.048027516962636921e-02
2.701317169453077913e-02
4.264492434855093189e-02
5.211311105244059022e-02
4.972477359424911508e-02
3.518920799671062388e-02
9.677646341891350118e-03
-2.437193439358335476e-02
-6.014379189542323756e-02
-8.794534972054052213e-02
-9.884999687770211485e-02
-9.180295862338057333e-02
-7.127644730723514677e-02
-4.098086421436529514e-02
-4.737900162625634931e-03
3.260783472961701485e-02
6.705308769142068193e-02
9.753983670162470754e-02
1.234431903570430561e-01
1.414735764140515883e-01
1.513044792939562955e-01
1.550037077887710113e-01
1.493560041948972794e-01
1.302793774687142636e-01
9.796973312206468110e-02
5.511599746181262971e-02
5.937648424140254400e-03
-4.686479769088860992e-02
-1.027029805701608622e-01
-1.580549069738966805e-01
-2.066677329586950607e-01
-2.451537637902239108e-01
-2.717191557092085707e-01
-2.939875899162753825e-01
-3.277384327563773181e-01
-3.676863390657446606e-01
-3.907678869637495334e-01
-3.727315200903215664e-01
-3.216136643891814306e-01
-2.748697745352167709e-01
-2.227649530078882889e-01
-1.092308945892614402e-01
6.600020598596940957e-02
2.321699595841442421e-01
3.624187513285679341e-01
4.605217689369863754e-01
5.026416163731568520e-01
4.834466145135659643e-01
4.167985018612248016e-01
3.166328784914841932e-01
2.003628923149826657e-01
8.281512421046352546e-02
-2.328564450943786807e-02
-1.048712033498119256e-01
-1.495740829205970124e-01
-1.436878491109378764e-01
-8.689532934074603587e-02
-1.197027752794306565e-02
4.505885275891570452e-02
8.108085127416496396e-02
1.008294344191404818e-01
9.990811439705873931e-02
7.720060900237103729e-02
3.561043971093625499e-02
-1.821142927078109319e-02
-7.662830992270162900e-02
-1.322778226971783599e-01
-1.737589706117585175e-01
-1.901490068441518966e-01
-1.833058312830763426e-01
-1.647770254755268615e-01
-1.393811980697484132e-01
-1.060401158116495296e-01
-6.548234351332055114e-02
-2.040371727857989703e-02
2.453316354653568843e-02
6.540811710430535775e-02
1.015070489757602251e-01
1.328510273175223799e-01
1.555154468689295966e-01
1.623577996881191421e-01
1.539842104587793026e-01
1.407364199308351327e-01
1.290466376370179025e-01
1.169855993612581302e-01
1.056583680514196627e-01
1.004461473445195652e-01
9.972677138259346263e-02
9.838018437983253595e-02
9.422628674748399769e-02
8.629396934293548371e-02
7.278160521706220076e-02
5.035661883227356139e-02
2.027376165131161007e-02
-8.886726940839875799e-03
-2.904073053041803659e-02
-4.081732326930181953e-02
-4.911931492287761186e-02
-5.886148462243271512e-02
-7.983412214670836116e-02
-1.165228671157418766e-01
-1.597881658559872908e-01
-1.943256751164250395e-01
-2.070338606230062717e-01
-1.931198682602942029e-01
-1.643577234396756959e-01
-1.432180661553325018e-01
-1.404651143282294179e-01
-1.556906180990125788e-01
-1.850625319212009234e-01
-2.223168210242685572e-01
-2.615776969036604505e-01
-2.934864222477103768e-01
-3.038495595462736842e-01
-2.765025521730704594e-01
-1.947309363659560089e-01
-4.171218728810077714e-02
1.526011893475743009e-01
3.092697067035974912e-01
3.938204528177166597e-01
4.211231234044211513e-01
4.087300417188090562e-01
3.724789097457686382e-01
3.232671450596644735e-01
2.671662590957766259e-01
2.093162410606448920e-01
1.548691738893063774e-01
1.063045504009092757e-01
6.445096448536212497e-02
3.419290144829763289e-02
2.080783257140361026e-02
2.007073464284443373e-02
2.344615628009751734e-02
2.659227574896009388e-02
2.938839234646617449e-02
3.275997350661354057e-02
3.467615657765057979e-02
3.227201941248102751e-02
2.376547740492101352e-02
6.876340670541613437e-03
-1.939425643895725804e-02
-5.276261458340065352e-02
-9.242132236825867375e-02
-1.416528353550988439e-01
-2.023887947830844136e-01
-2.709092435223433015e-01
-3.363262768681268278e-01
-3.873896340751327716e-01
-4.173842302291180251e-01
-4.184787717271833407e-01
-3.809108609335806750e-01
-2.927585373392118662e-01
-1.393008827703659802e-01
4.988410552938247339e-02
2.011420254794832607e-01
2.850326476575124612e-01
3.161389964250460594e-01
3.094443904166147563e-01
2.786913710429684277e-01
2.358485600690963246e-01
1.911841063330088908e-01
1.508166950758198510e-01
1.168829349007638740e-01
9.069808546280087869e-02
7.432050031811195112e-02
6.763851108380330990e-02
6.479227657407335417e-02
5.924095308748943134e-02
4.880927262275205208e-02
3.568106095605047545e-02
2.171668644376392732e-02
5.047850568799602464e-03
-1.422427035444379963e-02
-3.345436966511000643e-02
-5.127206598958626571e-02
-6.675603298895621540e-02
-7.910648675725048817e-02
-8.610741037511901452e-02
-8.468561549064240745e-02
-7.700012741110448533e-02
-6.698652932791897274e-02
-5.442058360717035026e-02
-3.878420081630308547e-02
-2.240382531324967494e-02
-7.253312523289983868e-03
6.852569896436315998e-03
1.846637649580389062e-02
2.397732365609717142e-02
1.927287149806465247e-02
6.935899866600650325e-03
-3.748919490076977560e-03
-9.935827417236937215e-03
-1.308922897791477656e-02
-1.292877840637944066e-02
-1.031329319381607199e-02
-6.605360934064111872e-03
-2.113273525086451898e-03
3.481886170422225819e-03
1.004835025968336092e-02
1.526793860454686916e-02
1.408062282174816354e-02
7.865233618907200783e-03
7.447372644256435373e-03
1.591266586413747630e-02
2.528415161856351415e-02
2.903827901044240059e-02
2.570762241324959715e-02
1.843068519625102111e-02
1.186450988060936892e-02
5.754926259672729985e-03
-2.982761876413560220e-03
-1.177715558957307188e-02
-1.321137551253217732e-02
-5.298931936524067278e-03
4.780941635806862378e-03
9.183684798509868588e-03
7.909384919053919979e-03
7.027584742643202056e-03
8.981094951555284450e-03
1.039110440992110918e-02
6.677276263311714664e-03
-4.419332523478821696e-03
-1.929354957575532201e-02
-3.209192525449556382e-02
-3.959203281002631608e-02
-4.325090661521513447e-02
-4.926309217684810698e-02
-6.142658820889153326e-02
-7.626257241025068134e-02
-8.648656145091675185e-02
-8.615958274831143904e-02
-7.280822998554484227e-02
-4.619233015254685382e-02
-1.260423665236953816e-02
1.598100748795423104e-02
3.532022100044049373e-02
4.782181050377475734e-02
5.494910268348210391e-02
5.730831851593314041e-02
5.511275387972001949e-02
4.978786680495286832e-02
4.428958256526161624e-02
4.098327778283363670e-02
4.029398410178153256e-02
4.138961738589641559e-02
4.261115354476343459e-02
4.193757712799728310e-02
3.727135145912495451e-02
2.745957647611797781e-02
1.610582274780559403e-02
8.767302449287571811e-03
6.285847260173244716e-03
7.398294663374843476e-03
1.155901362421791687e-02
1.599063695405561134e-02
1.621327819715954327e-02
1.169001471476946788e-02
4.448388279805832318e-03
-3.976122037280726586e-03
-1.059087748560415612e-02
-1.304517125868706433e-02
-1.077301902713338928e-02
-4.380476772240073438e-03
4.429604201147983866e-03
1.365885163294283666e-02
1.919851066291336852e-02
1.739200874941746952e-02
1.017826406790745160e-02
3.051969827969006586e-03
1.494234737283247141e-03
8.058097084965642337e-03
2.137036097965139964e-02
3.856464689722832739e-02
5.186748189673157095e-02
4.774345012028338026e-02
1.711068782451379000e-02
-4.185753292133913284e-02
-1.208297568787172066e-01
-2.013147639392387778e-01
-2.690808158682183593e-01
-3.182107150182795219e-01
-3.429225694246619272e-01
-3.317601106501262276e-01
-2.688396886689938259e-01
-1.367424669569194395e-01
3.594853442583960390e-02
1.741997494503584043e-01
2.498905894869737909e-01
2.808678087284069425e-01
2.815886385356297650e-01
2.622690898142153171e-01
2.310315883818245541e-01
1.936762302545655123e-01
1.538811975984344382e-01
1.155325372291034908e-01
8.327250808678388072e-02
6.056500258722767593e-02
4.495681834511762454e-02
3.004093725871311363e-02
1.533695278055202671e-02
3.989872967160367628e-03
-4.915962869849473116e-03
-1.187681892345558016e-02
-1.560810836700167112e-02
-1.770467554442796063e-02
-2.113136488580559177e-02
-2.699198376562345070e-02
-3.380236735848961283e-02
-3.900850248141010668e-02
-4.457552540509313044e-02
-5.569607419285205890e-02
-7.262355425472657999e-02
-9.288161678049869363e-02
-1.142108671515333629e-01
-1.331775250202259508e-01
-1.468205731887610443e-01
-1.532442333244674881e-01
-1.507045297426920227e-01
-1.363093898855427255e-01
-1.052717146152144789e-01
-5.042415472619924538e-02
1.917252197225275193e-02
7.598631620171079903e-02
1.092895220952145585e-01
1.240309772689276030e-01
1.223544743158647835e-01
1.072923836552659993e-01
8.472571511336797478e-02
6.125247235801010992e-02
4.261549085506569079e-02
3.199483804867933601e-02
2.941271467566853454e-02
3.387695498587753318e-02
4.241238482531412002e-02
4.896514523019322024e-02
5.025386945975331143e-02
4.745362983593669204e-02
4.078905644365756616e-02
2.943307044582380710e-02
1.412653934051130711e-02
-3.674632600350555452e-03
-2.372411244466141045e-02
-4.559481382445592507e-02
-6.729465355338674903e-02
-8.777339172628376152e-02
-1.038371644116921205e-01
-1.097167387735759198e-01
-1.046388409970342714e-01
-9.214194353354915323e-02
-7.448147051704086252e-02
-5.160001285655056724e-02
-2.363486035943666505e-02
8.840493365600192097e-03
4.339576753280410815e-02
7.458718430273690581e-02
9.821514428289745968e-02
1.122536872180257828e-01
1.156911978302896937e-01
1.093243113474166583e-01
9.578206929113092238e-02
7.836744234443085433e-02
5.989614838313596368e-02
4.154087946699645123e-02
2.373866192822292331e-02
7.305047177881879641e-03
-6.944487413482485286e-03
-1.803863682902860990e-02
-2.724699261710571488e-02
-3.951485325809994675e-02
-5.384535323354425196e-02
-6.027544665119469181e-02
-5.459149401218206521e-02
-4.086834785213942778e-02
-2.361728980097237834e-02
-5.898929488478628011e-03
9.914936600081653700e-03
2.170371657547436745e-02
2.714614392468292156e-02
2.345539181304241716e-02
1.048277828212710976e-02
-8.683014973188787552e-03
-2.771329313974732131e-02
-3.974042871946231043e-02
-4.327470867280776984e-02
-4.012380226931874794e-02
-3.209824838096236865e-02
-2.079759061815653759e-02
-6.788083263678170755e-03
1.073670154704592546e-02
3.280571586388247862e-02
5.672225322383694923e-02
7.779124314943734742e-02
9.358731769555925228e-02
9.727325801598954436e-02
7.852662330705431626e-02
3.520313802103354484e-02
-2.948080599562176093e-02
-1.118700195468564640e-01
-2.027895091237223169e-01
-2.886663112362168326e-01
-3.583090431597313330e-01
-3.982853495181232772e-01
-3.904968054244456477e-01
-3.196678677278237402e-01
-1.723512147904894265e-01
2.049161004935546454e-02
1.820315365273407759e-01
2.804362243557753653e-01
3.302977216649328751e-01
3.454812308003361032e-01
3.356629781758406206e-01
3.073811739924062203e-01
2.660625175565147771e-01
2.169703440606632339e-01
1.644717039776420475e-01
1.107402596887070018e-01
5.801432974068129744e-02
1.044831413520046041e-02
-2.772712102765106240e-02
-5.443693533554963548e-02
-6.915398798398472713e-02
-7.241615065984936817e-02
-6.616870411085018500e-02
-5.319050688224659373e-02
-3.715718706016205020e-02
-2.236092547105764453e-02
-1.203818816084833467e-02
-8.631508923946901168e-03
-1.528619803223786947e-02
-2.896361497458584816e-02
-3.986033553567973342e-02
-4.399487792499473526e-02
-4.419423736498207661e-02
-4.218962592647339943e-02
-3.641958351875181077e-02
-2.630854004066134760e-02
-1.498575824268975898e-02
-6.116170120166132020e-03
-1.250827989994914100e-03
-1.384386315523546346e-03
-7.724293042988214682e-03
-1.790316575248683539e-02
-2.881218511898834059e-02
-4.139667917898245258e-02
-5.593575465882658082e-02
-7.066096956540265928e-02
-8.455297683745215120e-02
-9.615622760859524054e-02
-1.029007329167300061e-01
-1.019665025201967612e-01
-8.970295665789010386e-02
-6.139647148208229877e-02
-1.273760105413553056e-02
4.823791555405147063e-02
1.012665272561350804e-01
1.360224706471725720e-01
1.530105979901523194e-01
1.539378260966694223e-01
1.434062279269279205e-01
1.282494080941575521e-01
1.119750335136394520e-01
9.415431504987024913e-02
7.414297885459293636e-02
4.977600169125421387e-02
1.590036203090733694e-02
-2.304436288352156026e-02
-5.188283224287799922e-02
-6.491707881936470415e-02
-6.553426738269897689e-02
-5.715624287730125541e-02
-4.257843132093006022e-02
-2.378763103118815281e-02
-2.618130436733839828e-03
1.912855777546773606e-02
3.798085318692304840e-02
5.044178907033738946e-02
5.465292267213629762e-02
4.774354809603897215e-02
2.655325573352427734e-02
-8.020758948587254980e-03
-5.179408085476850526e-02
-1.008531341949412963e-01
-1.528794100103042231e-01
-1.998559031852756851e-01
-2.281339112160419014e-01
-2.335756564244605427e-01
-2.177886860555902360e-01
-1.778300193489956715e-01
-1.070945043326941570e-01
-1.659536355476531888e-02
6.145630359101458828e-02
1.124268755587786994e-01
1.417284518401837889e-01
1.552311420356274063e-01
1.585471883332830179e-01
1.557959097119842318e-01
1.485053616077218197e-01
1.366756970516688485e-01
1.207422298521827198e-01
1.025081556336006894e-01
8.370406287781240184e-02
6.723129721539382320e-02
5.549575648174943227e-02
4.561768253188681899e-02
3.391005098175560450e-02
2.025908282708591829e-02
4.040646014502014341e-03
-1.703656360578848644e-02
-4.346371461045034357e-02
-7.359222784834117126e-02
-1.002850977800882060e-01
-1.135559506296198728e-01
-1.102301960819014048e-01
-9.263982378631938075e-02
-6.553074620951840346e-02
-3.540811002223921006e-02
-7.561047329953077441e-03
1.601213510653029526e-02
3.427279915642729435e-02
4.501432056897770873e-02
4.823814278222684354e-02
4.708434348470844077e-02
4.361884087706640462e-02
3.572813298584338187e-02
1.921994300348054893e-02
-2.248881006419042698e-03
-1.847665327634515423e-02
-2.806561730421439776e-02
-3.556143515316628756e-02
-4.181428863807411245e-02
-4.709708024695741929e-02
-5.084315315776831434e-02
-4.881412253397061918e-02
-3.859808302559717547e-02
-2.274197003190869121e-02
-5.122275462986733072e-03
1.340302824982227657e-02
3.147954765042215719e-02
4.378810508985330613e-02
4.785574773151275024e-02
4.631424197123790165e-02
4.230998819310078513e-02
3.725645445848799892e-02
3.263991169075303178e-02
2.792954969875689406e-02
2.026919389942690580e-02
9.277020660866124382e-03
-4.650093763181461712e-03
-2.084766454606373776e-02
-3.608080601859903896e-02
-4.851669980086405209e-02
-5.827532647976662455e-02
-6.400810850790253359e-02
-6.477323752967853454e-02
-5.988122516695331549e-02
-4.874593416626667869e-02
-3.304466060725284177e-02
-1.438549942479272481e-02
6.608908932208226554e-03
2.891369417968283478e-02
5.044713106007009396e-02
6.809834316258633891e-02
7.927880897154218620e-02
8.235912401493704349e-02
7.782303755574089543e-02
6.789994890164206820e-02
5.263288257245603285e-02
3.070037540488272654e-02
3.637858166696129446e-03
-2.229493387962101780e-02
-4.063377995388450098e-02
-5.180605295061614657e-02
-5.810581840973814971e-02
-5.763410108979191010e-02
-4.942341664806391976e-02
-3.618719070393207338e-02
-2.115720961164509195e-02
-7.533724729015793369e-03
1.048385432677943372e-03
3.792258321075092035e-03
2.393115162819182962e-03
-6.025783305964589436e-04
-2.370734438228288936e-03
-2.635267649182088893e-03
-5.501998047006697277e-04
7.123057355474336078e-03
1.975734869455558068e-02
3.145917487773721571e-02
3.830079870727073205e-02
4.127093427864945985e-02
4.182364846548630027e-02
4.013237854091365048e-02
3.540608978729377354e-02
2.631832442970627114e-02
1.293248142039491594e-02
-2.954754770591671176e-03
-1.877731329986462652e-02
-3.217029829535627411e-02
-4.217983395238169425e-02
-4.925924691102268743e-02
-5.489073013224296527e-02
-5.975897666410363157e-02
-6.277522605572009862e-02
-6.300066590218779405e-02
-6.023609874496730493e-02
-5.368027094044795777e-02
-4.158235109859208939e-02
-2.247901500987815188e-02
5.672038460240043031e-03
4.059055418193172060e-02
7.202004369450226706e-02
9.176133542177264402e-02
9.812103680735445588e-02
9.209427133413891631e-02
7.699850800246121896e-02
5.732113814267603830e-02
3.595273964476517620e-02
1.373943579087363344e-02
-6.671766860581885249e-03
-2.168298070782655185e-02
-3.233854863876369640e-02
-3.830248602791840734e-02
-3.604542151912761005e-02
-2.760087398511766252e-02
-1.810589944137197538e-02
-9.987848531988065270e-03
-3.764473663436130203e-03
7.284891210467083801e-04
3.863315298404048845e-03
5.312721471461067518e-03
4.361089109265381750e-03
5.257040316252871263e-04
-5.871091901059283767e-03
-1.242166677474727983e-02
-1.669632620440405710e-02
-1.902957264463454867e-02
-2.126271301077317308e-02
-2.487453702995399279e-02
-3.006923131681198819e-02
-3.611890753261334103e-02
-4.140134093091878131e-02
-4.264251572960159331e-02
-3.713665469200921887e-02
-2.413236444020266588e-02
-3.677243129180552284e-03
2.085049014417075797e-02
4.283615233679625295e-02
5.763064575645802240e-02
6.347575801585975119e-02
6.053257768586436244e-02
4.952522673162580713e-02
3.085969816829827600e-02
8.248756013233259424e-03
-1.137372364112039513e-02
-2.423940809702132548e-02
-3.056474757842783663e-02
-3.095149426722017261e-02
-2.566862801221241747e-02
-1.617583164966484438e-02
-4.601316494289362305e-03
7.787403354276587267e-03
1.973002144260951191e-02
3.049665300563822457e-02
3.994220226562140291e-02
4.698988957078793077e-02
4.940521909296305414e-02
4.562528210096385151e-02
3.603872001038845030e-02
2.235100439407826378e-02
8.691514992300603676e-03
-6.286821347197850060e-04
-6.998054083677560620e-03
-1.370087985524625490e-02
-1.993530831083490176e-02
-2.462687906216656786e-02
-2.772285956607055402e-02
-2.764718297097327679e-02
-2.402296973903401273e-02
-1.878626895188042004e-02
-1.433732059087087021e-02
-1.307913194906474598e-02
-1.389677329973340592e-02
-1.359837821243978923e-02
-1.315355779499238070e-02
-1.531415256764028301e-02
-1.985212183213155152e-02
-2.356013151203967954e-02
-2.333325162416976378e-02
-1.897825389015124486e-02
-1.292898264470260759e-02
-7.448362749562551823e-03
-2.880633881316820803e-03
-4.085719317590691402e-04
-1.252506695348782478e-03
-4.425729075069339408e-03
-8.776484160078808910e-03
-1.202764624387642027e-02
-1.126117938542586100e-02
-5.806589452675558517e-03
1.848582099677773503e-03
9.083892676142454187e-03
1.630637979575806640e-02
2.472546413370363405e-02
3.357263308745921798e-02
3.872416890064970391e-02
3.831518345851025326e-02
3.561354516631751177e-02
3.189664701109677647e-02
2.714166655046297214e-02
2.230267481246485384e-02
1.677420774417881164e-02
1.072362371085061779e-02
6.376949697880714835e-03
4.449125625244205323e-03
3.705266351850110274e-03
3.004674778625440745e-03
9.721264441272178813e-04
-2.716587703157529073e-03
-7.674938382678945029e-03
-1.363072507166107269e-02
-1.914599712091898803e-02
-2.480652569502419039e-02
-3.313130001902889893e-02
-4.399662140246449887e-02
-5.433152440630442670e-02
-5.992088266950008901e-02
-5.733927725030826816e-02
-4.510861234743474002e-02
-2.338291771085308779e-02
2.607608022808855907e-03
2.313531713059677197e-02
3.340500993249138906e-02
3.504974234399296784e-02
3.216557038123327161e-02
2.841616845837470831e-02
2.375523487292191191e-02
1.678178952969324594e-02
8.019501262166731093e-03
-4.069743038725721213e-05
-4.378814592297752481e-03
-3.293606255267257123e-03
2.797012804739348272e-03
1.092232938374039682e-02
1.741701286796855375e-02
2.047563798067698546e-02
2.051416012959191015e-02
1.895096225360999240e-02
1.670756233105032476e-02
1.418807373151401499e-02
1.130491945718665146e-02
7.330009069904701129e-03
1.641205731256516892e-03
-6.032039361415665948e-03
-1.280086779079646180e-02
-1.481330907597914331e-02
-1.353285746985961879e-02
-1.071208845584395095e-02
-6.814191318737406952e-03
-4.540510841843743359e-03
-5.806401517161291319e-03
-1.014604096407347930e-02
-1.632843393084684042e-02
-2.345802431589784354e-02
-3.044603148706218412e-02
-3.498797215349489648e-02
-3.507974658641108134e-02
-3.098031658802495591e-02
-2.269578756375177989e-02
-8.550699430135776102e-03
1.219111471336864136e-02
3.619463466581625960e-02
5.828409416271696647e-02
7.469111985406348686e-02
8.168313907933323625e-02
7.734192496109001946e-02
6.228937430865095354e-02
3.684562963343732817e-02
5.160874053522773210e-03
-2.343083322993823325e-02
-4.304984420356083863e-02
-5.291785665572046327e-02
-5.534756439047138626e-02
-5.483487890026649686e-02
-5.382010746645960603e-02
-5.218405239825005260e-02
-4.977483688889968588e-02
-4.520199612818801699e-02
-3.518589844423469781e-02
-1.754600421806395971e-02
3.410375199365833949e-03
1.844428564846511270e-02
2.531808551886708877e-02
2.673093424350497446e-02
2.237228393564952983e-02
1.332379969103518122e-02
3.619470570713497794e-03
-3.368404311023530037e-03
-5.611963687561946808e-03
-2.397176693320930176e-03
5.439709095201659961e-03
1.746169228208689292e-02
3.182602355813059919e-02
4.384757162181605883e-02
5.025353426479026164e-02
4.987817787986060375e-02
4.261398373953523278e-02
3.087635112486179084e-02
1.860967480537722638e-02
8.740600725643581093e-03
1.813580978268776282e-03
-3.675820588247794007e-03
-8.649031975462025124e-03
-1.207038042146229423e-02
-1.304158817169594892e-02
-1.341788543128793511e-02
-1.510595227993760323e-02
-1.790429232914982766e-02
-2.142159610637190542e-02
-2.520605236315855494e-02
-2.867623554660662932e-02
-3.103472796106630446e-02
-3.107999131530408271e-02
-2.777658255856312389e-02
-2.105157531434102142e-02
-1.221653323098943408e-02
-2.268621603351347795e-03
8.210572489467311483e-03
1.766047814861473886e-02
2.491854749326603488e-02
2.879177800023453859e-02
2.764010591751615148e-02
2.153903669180128391e-02
1.186438854514102435e-02
5.327805166422737264e-04
-9.753749956707639251e-03
-1.750397104837459958e-02
-2.254263458267910525e-02
-2.358634492795253987e-02
-2.042403678878539075e-02
-1.465492169476992172e-02
-7.117569071189646865e-03
5.149040587753569249e-04
5.512069766540048099e-03
6.052189763258789858e-03
1.912744455736097374e-03
-5.662107586284674011e-03
-1.440362876998387866e-02
-2.043318867031395161e-02
-1.969401481580506860e-02
-1.231141271198533428e-02
-2.466914048716982878e-03
7.067513142729523606e-03
1.630211957841194020e-02
2.508084910880025581e-02
3.230043832202891124e-02
3.706136137621844628e-02
3.956510497699817358e-02
4.088622424945193012e-02
4.120094485030462855e-02
3.944672486257994048e-02
3.348660808921246484e-02
2.280690527902465292e-02
1.055598803368696346e-02
-1.300330989899577822e-03
-1.353305940427260851e-02
-2.636027416289422540e-02
-3.742338250396357729e-02
-4.461331700372890563e-02
-4.886333957858486621e-02
-5.118078857431407336e-02
-5.148069698889529144e-02
-4.973622921224777477e-02
-4.580276703695332352e-02
-3.821834890844359039e-02
-2.746566216941725633e-02
-1.811462044023348997e-02
-1.276736771700091172e-02
-1.009716341482056606e-02
-7.894932330195020970e-03
-4.948417645297946248e-03
-9.045325699780903256e-04
4.885816280288302407e-03
1.311651728857035279e-02
2.380719672877940063e-02
3.666942580850867522e-02
5.233923673736375071e-02
7.024469773551149376e-02
8.849251943641631146e-02
1.065139235319656902e-01
1.215737559670056894e-01
1.269312664090777587e-01
1.206214601914070289e-01
1.056740145227322847e-01
8.258068358123296648e-02
5.292065654013240056e-02
1.858119455750646687e-02
-2.253743469486676337e-02
-6.766663535267716800e-02
-1.054727442851290109e-01
-1.309277731814126322e-01
-1.480923673829708798e-01
-1.605945962694558249e-01
-1.699749266050885887e-01
-1.761483247733743873e-01
-1.764571911292456552e-01
-1.661634257225705347e-01
-1.411041841406488195e-01
-9.711124229911230477e-02
-3.019180837173825530e-02
4.694409025315280509e-02
1.067587966026174590e-01
1.402162580660444302e-01
1.549164979019312938e-01
1.554074447804484616e-01
1.448275735730009950e-01
1.278629916040801007e-01
1.080951696840027343e-01
8.662695910685716538e-02
6.397451822449219672e-02
3.904549582380790335e-02
9.272979130433957676e-03
-2.208762630834816207e-02
-4.558623434954058723e-02
-5.683571958292933657e-02
-5.690707040933225269e-02
-4.804297447110395664e-02
-3.406911155442809980e-02
-1.814441912334680343e-02
-3.162723244275906891e-03
7.547169611436656787e-03
1.284724890922218400e-02
1.286065115495282560e-02
7.327693676482802641e-03
-1.519060783247088743e-03
-1.004307870044574176e-02
-1.648151729206717014e-02
-2.048287656214161159e-02
-2.240017251676088006e-02
-2.324839282488741846e-02
-2.365642086316363524e-02
-2.305223128684856168e-02
-2.142132181688808160e-02
-1.991602959325597388e-02
-1.879798927568266179e-02
-1.666957450961049220e-02
-1.353744863929785130e-02
-1.115874997430183445e-02
-8.808898445969604030e-03
-4.806496991874473559e-03
1.081840111368816658e-04
4.632885695138878532e-03
8.142974911759075229e-03
1.001783611557732073e-02
1.054212880707510250e-02
1.058030790417728573e-02
1.058874718915858368e-02
1.087348716510043271e-02
1.137862955455842817e-02
1.173453417342892359e-02
1.234869710490484745e-02
1.476063350114137016e-02
2.016969111644860771e-02
2.816904048595159082e-02
3.692635099961976558e-02
4.440829782393827113e-02
4.821349220950975345e-02
4.518065774678719365e-02
3.271221818429594780e-02
8.533394799361770922e-03
-2.343650222737126906e-02
-5.034421420596789376e-02
-6.270695818195322346e-02
-5.913469315673594573e-02
-4.377023166018233907e-02
-2.343095920058405751e-02
-2.635499258760040653e-03
1.618191196711855559e-02
3.149930659591923532e-02
4.238369775706092579e-02
4.751048832674928390e-02
4.488924511224056529e-02
3.361264561544187457e-02
1.433675981318141904e-02
-9.420627503960381233e-03
-3.028706638562804476e-02
-4.344720203372413880e-02
-4.917303997567299551e-02
-4.952268438827858721e-02
-4.645478131371931496e-02
-4.111495205363800004e-02
-3.431054170967176575e-02
-2.624443160834310368e-02
-1.676472048224581651e-02
-4.595253322987514003e-03
1.030783535242082820e-02
2.392584458168836234e-02
3.345493631827612530e-02
3.894691512728880312e-02
4.086179334783045236e-02
4.038291371350976461e-02
3.897477824220822035e-02
3.675906972762824076e-02
3.243416438737762447e-02
2.500988171445407346e-02
1.396341327115564225e-02
1.301540022023742107e-03
-9.283632710093279311e-03
-1.755705437216275103e-02
-2.441237085389587683e-02
-2.931957537474615128e-02
-3.161952361764253094e-02
-3.180738057439765759e-02
-3.144514816905202848e-02
-3.011191733137955420e-02
-2.581922665335502701e-02
-1.709680891015380802e-02
-2.754614175050636160e-03
1.419792794042130935e-02
2.562525614926786099e-02
2.652541797994860395e-02
1.804934039367984272e-02
3.818339884515871592e-03
-1.316808538844391543e-02
-3.064135389350972766e-02
-4.601560759155090552e-02
-5.677216806728071358e-02
-5.989358428070017809e-02
-5.172117122999830841e-02
-2.968922714523593645e-02
-3.857875211600446559e-04
2.133762085949635068e-02
2.993114743570688893e-02
3.021665592383662724e-02
2.605895344811235553e-02
1.945825492496215670e-02
1.223106755295902057e-02
5.886485724773143739e-03
1.857583955121852592e-03
1.816528278778660292e-03
7.828373754630474010e-03
2.167914520216175298e-02
4.138862930677144475e-02
5.908718674369465435e-02
6.800165702315702498e-02
6.877311923959543438e-02
6.384578485818326321e-02
5.243584877739920769e-02
3.456125479043627158e-02
1.332119858094914580e-02
-7.770280571805252522e-03
-2.543021604842595276e-02
-3.843699492672750240e-02
-4.783685660883225943e-02
-5.125236009046556240e-02
-4.707210560256604170e-02
-3.923412650909939570e-02
-3.002948531745984473e-02
-1.989784996357409769e-02
-1.077088876469239551e-02
-3.025403732639628945e-03
5.321068353315607652e-03
1.482528257722534083e-02
2.345043538556440890e-02
2.844783354921204613e-02
2.972863767744352709e-02
3.049368588599365645e-02
3.113170006877721482e-02
2.759645624590994009e-02
1.801193066823854674e-02
3.960953706185718105e-03
-1.394852193667489061e-02
-3.321128460755291834e-02
-4.852353645919932346e-02
-5.633985968054715243e-02
-5.549832162068679686e-02
-4.571565374749624738e-02
-2.713397318048179144e-02
-4.305996455834134630e-03
1.452371229646946815e-02
2.418864519477920833e-02
2.456204654824007197e-02
1.901426030463952005e-02
1.106662498570041078e-02
2.103062760171148411e-03
-7.437052172699574679e-03
-1.720466721175050936e-02
-2.727498725019107673e-02
-3.614621399976718219e-02
-3.925663988826316730e-02
-3.366321872355363537e-02
-2.212482349968597842e-02
-8.741413139569794918e-03
3.403816064253654093e-03
1.116911293749134511e-02
1.417879531327913972e-02
1.338407305826226981e-02
1.000504693261120188e-02
6.536435643612369291e-03
4.692371923160351850e-03
4.613260169482770803e-03
6.384272294509897236e-03
1.031981304251967241e-02
1.479806714336961461e-02
1.799029749060774772e-02
2.096403543088306079e-02
2.541409296109222241e-02
3.088831246579152798e-02
3.573040846964145589e-02
3.820304694445911253e-02
3.761327252998197118e-02
3.341956147889408452e-02
2.518779219740534606e-02
1.367045449574936719e-02
1.009624437635053178e-03
-8.563495052831368581e-03
-1.334663971761954060e-02
-1.603350951376336653e-02
-1.808225926440748532e-02
-1.833666851107793039e-02
-1.702907031945669405e-02
-1.532908660659632570e-02
-1.325801047974499089e-02
-1.116087137586870698e-02
-1.012229347374860033e-02
-1.160161071753008748e-02
-1.439134073689122065e-02
-1.446603239904325003e-02
-1.059070344850595279e-02
-4.917424486403581575e-03
5.404899347024665849e-04
6.132691995432258333e-03
1.089614706032649392e-02
1.252758844032849685e-02
1.150245021775404830e-02
7.954530895428756770e-03
1.842942934503599478e-03
-5.062803654689303906e-03
-1.026626402988468738e-02
-1.276908904535262353e-02
-1.489440562464384304e-02
-1.779342154287458580e-02
-1.967809529579116895e-02
-2.013249070867768192e-02
-2.101412816104790762e-02
-2.345769929368762483e-02
-2.612489485319282115e-02
-2.678891913933266825e-02
-2.386202714144062750e-02
-1.587847674241845211e-02
-3.297082071579142577e-03
9.631665305782612096e-03
1.857208586300226200e-02
2.215301252028156406e-02
2.078672415410855873e-02
1.559565017429365499e-02
8.479086978966305851e-03
1.346241534119983242e-03
-4.347887976281613644e-03
-7.569689348238685389e-03
-7.424024811430719913e-03
-2.429354271557824727e-03
6.725722806610157957e-03
1.511146577066009578e-02
1.878554083302800409e-02
1.951016710545379687e-02
2.051406570022196174e-02
2.190235874465619112e-02
2.302425792199263785e-02
2.440299986932626189e-02
2.605606044897669157e-02
2.662846935443901469e-02
2.479269252756751904e-02
2.086525146125382466e-02
1.766395136726113535e-02
1.764110661953397635e-02
1.953477244363044374e-02
2.140931132501170536e-02
2.218390997800074801e-02
2.002078445186167635e-02
1.400385343933255311e-02
5.121013245955574264e-03
-4.943924339736893714e-03
-1.512596493479360926e-02
-2.424259429340832120e-02
-2.986809522463075225e-02
-2.911325306701017385e-02
-2.007663573575458466e-02
-3.295134796854191916e-03
1.829871130313769773e-02
3.963409922469011970e-02
5.659399720469854983e-02
6.732079864416123938e-02
7.012824774998339949e-02
6.460860690962696995e-02
5.191791887743069794e-02
3.129949495061095516e-02
2.432859380984491240e-03
-3.073810207554813351e-02
-6.682351205361615476e-02
-1.095205559337583678e-01
-1.602782892195956654e-01
-2.148849190509426188e-01
-2.685545753850785422e-01
-3.166698937088761601e-01
-3.503899485556853377e-01
-3.577122001816843699e-01
-3.248751881929101137e-01
-2.358651444575221579e-01
-7.157054538436179170e-02
1.400070403351139914e-01
3.181640635091477209e-01
4.253595790302903135e-01
4.726837232230544639e-01
4.738607932042644966e-01
4.421754949493180709e-01
3.886364240103943879e-01
3.222381080006400111e-01
2.490089876762818788e-01
1.718969046006849077e-01
9.184378611333861298e-02
8.135154139774138787e-03
-7.485747253634522647e-02
-1.477256476549477782e-01
-2.081451905781493694e-01
-2.585065506066632768e-01
-2.996865583686869061e-01
-3.322605517513964601e-01
-3.546308005795156260e-01
-3.632921495325956429e-01
-3.528941034608220617e-01
-3.139537737457069877e-01
-2.347146413708663948e-01
-1.029119020084116876e-01
5.739745912315975113e-02
1.852443476025124602e-01
2.567453996117326498e-01
2.845591953817675490e-01
2.792849284507534779e-01
2.498632364706812603e-01
2.055220850768734175e-01
1.551401112739934918e-01
1.061718266717491255e-01
6.395120233668895315e-02
3.190491225298469624e-02
1.241051291656452421e-02
4.332325574740667970e-03
2.398676709796264059e-03
2.805002766247297399e-03
4.768711800367624737e-03
7.767241935854665713e-03
1.223668182870557043e-02
1.874881966522420548e-02
2.725993005153026782e-02
3.765137426414750382e-02
4.822780468894183326e-02
5.575251157000443714e-02
5.755394230300246022e-02
5.122656242495339518e-02
3.399866069386484058e-02
5.101218026934924155e-03
-3.301450020304568661e-02
-7.686175507744351376e-02
-1.230498829218670265e-01
-1.670711460833810835e-01
-2.052271907706207932e-01
-2.323944706365816681e-01
-2.370854218062865004e-01
-2.031892112016744634e-01
-1.145302701806495405e-01
4.421011789322904645e-03
9.034012916447090036e-02
1.185434550635220408e-01
1.022684012403372311e-01
5.497936323643278639e-02
-9.090953986504016204e-03
-7.630214821763954547e-02
-1.338795315847897960e-01
-1.690074731685234644e-01
-1.683710938578951710e-01
-1.204481766205981325e-01
-1.774035537352210840e-02
1.114400611648213718e-01
2.066894499647966843e-01
2.459984979099252844e-01
2.423681479234469083e-01
2.067392986128014920e-01
1.492477641188221238e-01
8.075765969378395637e-02
1.236481156619111468e-02
-4.753193854201582386e-02
-9.076715308053574793e-02
-1.075104491260171907e-01
-8.999580979700995409e-02
-4.661277858006419861e-02
-2.135104248660970802e-03
3.277599282314940660e-02
6.187538149147857325e-02
8.389347553436925231e-02
9.626271346720831346e-02
9.888748318564116735e-02
9.261407590126635725e-02
8.012369066001961970e-02
6.434228154871045324e-02
4.499616175575183591e-02
1.931760916226030189e-02
-1.223015487009085182e-02
-4.464988442497840049e-02
-7.436460541169595539e-02
-9.941666846518702749e-02
-1.172786311997217196e-01
-1.277733307081151959e-01
-1.330615813102110079e-01
-1.337971940976357965e-01
-1.283090182140997904e-01
-1.130312079135720876e-01
-8.373075636946540612e-02
-3.662678244356722818e-02
2.016475446630696181e-02
6.763426370197328508e-02
9.992840469742036991e-02
1.208132566353295745e-01
1.302683097569327653e-01
1.278386325866785467e-01
1.147433096154248100e-01
9.353207526979853692e-02
6.656367371783598885e-02
3.585658742991985198e-02
3.765371291007733531e-03
-2.888854966809570324e-02
-6.068777707711754676e-02
-8.596022585783130721e-02
-9.930527104361855373e-02
-9.966073852286576329e-02
-8.966483578116174469e-02
-7.458591988339949297e-02
-5.813331326806846916e-02
-4.125385201411074787e-02
-2.510333463762281711e-02
-1.069778905396380139e-02
1.598001877996321415e-03
1.116874450433499692e-02
1.867390988926238837e-02
3.061639468764897759e-02
4.994081218733575911e-02
6.764764541582114765e-02
7.700607221619210074e-02
7.775919328608098258e-02
7.063858194602161411e-02
5.807823813243889050e-02
4.340102695046472309e-02
2.990789198855643705e-02
1.825905860958608115e-02
6.404511658241947812e-03
-3.552221062628113137e-03
-6.600729525070985447e-03
-3.822505182951249116e-03
-9.380995099418608374e-04
-2.060755901641649415e-04
2.968182896870008580e-04
2.616027040664995612e-03
7.049453812655179924e-03
1.187592592652900007e-02
1.450066000121576389e-02
1.399797385907237610e-02
1.040329482567444938e-02
4.472304404846278759e-03
-2.191583290663798138e-03
-9.866191157857062341e-03
-1.832599120729986805e-02
-2.562691816723447480e-02
-3.024902342905359809e-02
-3.059816742827829728e-02
-2.700853285990689398e-02
-2.203011331294987829e-02
-1.653179217096576586e-02
-9.352317596818308931e-03
2.255354647844343488e-03
1.426276170783020297e-02
1.327654448840643112e-02
-8.236389501912983607e-03
-4.911960675542553778e-02
-1.034980474563595987e-01
-1.624836662412066368e-01
-2.183202005824052827e-01
-2.620832747834798138e-01
-2.829898740116676414e-01
-2.697057966334648338e-01
-2.077021932169345886e-01
-7.978642229949788056e-02
8.695468545357315504e-02
2.191065633692642067e-01
2.852790173101025784e-01
2.993049229778901865e-01
2.758510783183155679e-01
2.294504973883294552e-01
1.736568894091398141e-01
1.178407094741119182e-01
6.752899119034608266e-02
2.817100261024106655e-02
4.953918641106155873e-03
8.374404119246732503e-04
1.000856181067954521e-02
1.952518628892013774e-02
2.511236544000920723e-02
2.889211015081920991e-02
3.081697949986022741e-02
2.986120673655680291e-02
2.577170899207659530e-02
1.998733210158890744e-02
1.352587473826644647e-02
6.064329350362948970e-03
-3.880572823299096100e-03
-1.833148925911128047e-02
-3.438827203204097155e-02
-4.619579444962945702e-02
-5.284716668188171873e-02
-5.585733335012608991e-02
-5.621646103524708532e-02
-5.401870722349337572e-02
-4.864448850762055632e-02
-3.959473152575385124e-02
-2.670816491356244396e-02
-1.339038759455640597e-02
-5.221386031875297276e-03
-3.720638716557739430e-03
-6.085157589467345488e-03
-1.000264785898526305e-02
-1.548452343562781337e-02
-2.198252952955360648e-02
-2.813018807955802725e-02
-3.349079534966286492e-02
-3.758491099673842012e-02
-3.981088284269619637e-02
-3.943686188984020513e-02
-3.451371144337659486e-02
-2.274366638943788044e-02
-3.505436554183006571e-03
1.847322368226044648e-02
3.524638041748880124e-02
4.473579658356285210e-02
4.841180430815254787e-02
4.524033849364132720e-02
3.536286404790132260e-02
2.199467899361900319e-02
8.613525631829835327e-03
-2.693406107573756945e-03
-1.118784172076986959e-02
-1.615758469358718682e-02
-1.637828703072766526e-02
-1.107518059360089457e-02
-2.276791330596548198e-03
6.457345236228016934e-03
1.437659813381810502e-02
2.069163373804246836e-02
2.333312600121390662e-02
2.218183089458763968e-02
1.809723268609615340e-02
1.256321744688544337e-02
7.340384446892527469e-03
2.624093896186839667e-03
-2.630884936884693090e-03
-7.700131791034226653e-03
-1.095068737478779690e-02
-1.386458449737545603e-02
-1.832428753265331542e-02
-2.377698689098430018e-02
-2.833440989204083493e-02
-3.059640678580084067e-02
-3.049075484348959600e-02
-2.771024865148471669e-02
-2.192323555764155718e-02
-1.395251662934898079e-02
-4.197796260947538050e-03
8.447684961725557273e-03
2.299268206324694280e-02
3.614915357458627077e-02
4.766895722489882664e-02
5.876344575173532425e-02
6.845270993168670048e-02
7.480299077416135978e-02
7.590619263140005457e-02
7.039821986918309848e-02
5.626204771775610708e-02
3.336807238119868235e-02
2.130681574526407072e-03
-3.342468877963228335e-02
-6.082555688316720888e-02
-7.413333372735934901e-02
-7.614641908151577321e-02
-6.994766612272140804e-02
-5.901866795386781495e-02
-4.564117294937456576e-02
-3.087337082416629491e-02
-1.572612803928670824e-02
-1.212587957977740317e-03
1.115690889350735675e-02
1.939405532280213951e-02
2.303310490978363254e-02
2.319488380402748295e-02
2.005360251059077129e-02
1.319394272380083714e-02
3.156648259790287118e-03
-9.522996315655023539e-03
-2.334054117702635128e-02
-3.455125540542649393e-02
-4.032769489681205244e-02
-4.048911451474526690e-02
-3.476605820899607291e-02
-2.170735391857950281e-02
-4.221832743982655879e-03
1.034684644943866319e-02
1.888993149253853990e-02
2.301650968259711522e-02
2.456383116210516387e-02
2.442956088942776008e-02
2.320716572441341996e-02
2.168698276447602463e-02
1.984628687741021164e-02
1.708426830131985416e-02
1.359005715627792377e-02
1.022394073377291650e-02
7.180913365244370912e-03
3.953809592035381626e-03
8.279999033588660625e-04
-1.217020173345087063e-03
-1.827100804448097233e-03
-1.148276037229561605e-03
3.440590658136683921e-04
1.848216342660230667e-03
2.942204046383280376e-03
3.547215578250044032e-03
3.284021994744218669e-03
1.649351698278321522e-03
-1.094350556423162764e-03
