4.249315887265295993e-02
-4.875777551335017113e-03
-4.141511555901124242e-02
-5.696546604806713987e-02
-5.561990618801115893e-02
-5.497855705143082916e-02
-6.901195691779955788e-02
-1.057786820493661628e-01
-1.662577748614404438e-01
-2.410782286477015091e-01
-3.099101906551351426e-01
-3.516793175593600496e-01
-3.653019993866895576e-01
-3.589110331879027393e-01
-3.358498524317224954e-01
-2.941335508604529525e-01
-2.423293841596320664e-01
-2.121249007021947519e-01
-2.141782415972314779e-01
-2.275450092098665611e-01
-2.213741958715362002e-01
-1.581815453699120799e-01
-7.430533465973981205e-03
1.921452407793143302e-01
3.446713525052874649e-01
4.212032624920600821e-01
4.377300159260120727e-01
3.887932017596500422e-01
2.759328900908702420e-01
1.223049964946284207e-01
-3.338635076050768674e-02
-1.585872908304847839e-01
-2.329212149463860959e-01
-2.389258463915485964e-01
-1.625442711672637486e-01
-3.360735880026029243e-02
7.755193262507126262e-02
1.489946634263441261e-01
1.985581737105158728e-01
2.313995281304397911e-01
2.460921615744590119e-01
2.406512301955737176e-01
2.152019843234227181e-01
1.724589387696465470e-01
1.142829216917300994e-01
5.010389514009720019e-02
-3.518284152634065104e-03
-4.160609705066094233e-02
-6.991577746183232078e-02
-9.297181491920551710e-02
-1.117916885038229835e-01
-1.271364881646065981e-01
-1.393877348964135676e-01
-1.459488925308957130e-01
-1.456474556488562833e-01
-1.386025196095312939e-01
-1.224290678279731232e-01
-9.677066740926888733e-02
-6.179128651865022082e-02
-2.646125334855052927e-02
-9.141461588498048935e-03
-1.373327564307740348e-02
-3.560539597610817841e-02
-7.348045709294079297e-02
-1.225879548378733808e-01
-1.746202073789495657e-01
-2.183383942778237274e-01
-2.392336811847191325e-01
-2.196391552601640318e-01
-1.382725648601017265e-01
2.671450418089061501e-02
2.403000617978466869e-01
4.096716378892168997e-01
4.986017320380236040e-01
5.220845140333119083e-01
4.888574146213564564e-01
4.159692381958689511e-01
3.247693010102705724e-01
2.345244116144006297e-01
1.587784620312198969e-01
1.023696845457127691e-01
6.640426044422294283e-02
4.923232372970934301e-02
3.787957297891032110e-02
7.736775169446583056e-03
-5.395043373600589415e-02
-1.433769710474643022e-01
-2.535227191438532701e-01
-3.806229420798319385e-01
-5.186985545513379536e-01
-6.491015584162139751e-01
-7.460917508709622448e-01
-7.856232302727852446e-01
-7.406591025325786060e-01
-5.916838149848595574e-01
-3.740113034132406811e-01
-1.642784834049197673e-01
7.475242227860064148e-03
1.517285947492870990e-01
2.676260495639271597e-01
3.516779809143850688e-01
4.132551043260642709e-01
4.742205178056667081e-01
5.253574538165143304e-01
5.318534061714076389e-01
4.980969987219935335e-01
4.577013401911830259e-01
4.126806889215391405e-01
3.360395585537463425e-01
2.254296008959379427e-01
9.762275425288673147e-02
-3.431053559292004257e-02
-1.561017541012508780e-01
-2.528636272092055770e-01
-3.127740584969259108e-01
-3.257828630679679427e-01
-2.881815702338638152e-01
-2.031081038743409728e-01
-6.446148173264797110e-02
9.843752472027071654e-02
2.114736637383399787e-01
2.471817950360410410e-01
2.256811803570156483e-01
1.654339249285850522e-01
8.143154845229208516e-02
-1.471434667800991004e-02
-1.134427755754225664e-01
-2.047687726603674707e-01
-2.762249476395425285e-01
-3.075545558156878578e-01
-2.782834896238251532e-01
-2.046515740858962651e-01
-1.255924792408765200e-01
-4.462308369692551818e-02
3.644332005330533364e-02
8.884977375807129318e-02
1.003459328889658442e-01
8.373276544327373783e-02
5.932286314362656549e-02
4.109809688201737643e-02
4.109744329920522743e-02
7.889363093319294584e-02
1.493122192442430385e-01
2.080661309967909434e-01
2.229511420911540753e-01
1.959542057496994061e-01
1.357785897273429132e-01
4.917057555217020648e-02
-5.371175736078187546e-02
-1.583332598831201365e-01
-2.465632454431401777e-01
-3.038572216785049296e-01
-3.217691771064166151e-01
-2.926595190578804573e-01
-2.126215192218428585e-01
-8.964877397464984798e-02
4.378061503634742696e-02
1.472405803909541122e-01
2.059455305045282403e-01
2.260554282689782590e-01
2.230237105467634262e-01
2.120655440733347219e-01
1.970089401198935886e-01
1.768213838849414243e-01
1.590078468420369762e-01
1.576590685274248116e-01
1.777518192040924705e-01
2.160116330355301151e-01
2.512416210545053152e-01
2.493258573010783408e-01
2.036335823601100048e-01
1.239446279050636229e-01
1.665330559311765934e-02
-1.072462799135796702e-01
-2.330846789289097720e-01
-3.461381521760054092e-01
-4.317850017321468448e-01
-4.690176529227380042e-01
-4.344815271477767138e-01
-3.615350493151825439e-01
-3.329384617042590588e-01
-3.695316637755848288e-01
-4.304434578216971286e-01
-4.681356143335151931e-01
-4.650951557856869978e-01
-4.361994263063742050e-01
-3.685014520849489994e-01
-2.227909469633514716e-01
-8.343773171806293659e-03
2.116018962372684942e-01
3.833292937240321829e-01
4.670903182427420530e-01
4.499052775682578775e-01
3.637162481859530505e-01
2.620552066041841877e-01
2.005359253274536513e-01
2.029366126576654938e-01
2.635583165212078693e-01
3.468931549110669255e-01
3.877843429942557929e-01
3.658167590488113907e-01
3.055866466272817994e-01
2.287641996548365753e-01
1.546373018047560444e-01
9.252296476296946459e-02
3.922454961062324386e-02
-5.944235368848038020e-03
-3.617130421100491627e-02
-4.781845795104969210e-02
-4.404431276079880803e-02
-2.823353546974739087e-02
-3.249615417729716238e-03
1.939461457587543514e-02
2.148499408620296175e-02
-6.690858715044160215e-03
-5.858179197004916017e-02
-1.147737022744195479e-01
-1.599021806749488239e-01
-1.874780305475359787e-01
-1.933970843980382381e-01
-1.804591295020778752e-01
-1.551988053333711037e-01
-1.201391309586864048e-01
-7.615282511661518317e-02
-2.784153652960861050e-02
1.964907006428005115e-02
6.283658235200909048e-02
9.851090922477007128e-02
1.222823381506927959e-01
1.274986252960124411e-01
1.144008515720643382e-01
9.155776989836052204e-02
6.424060238189892302e-02
3.386039091768543868e-02
3.265097338610382580e-03
-2.475910169673674333e-02
-4.780868023454710319e-02
-6.019980077372656668e-02
-5.263138259478573194e-02
-4.114625970582928838e-02
-6.585590323330867135e-02
-1.376067042064103019e-01
-2.392953321740741435e-01
-3.502139266660411754e-01
-4.485181434693433777e-01
-5.138984600778169209e-01
-5.257357378731654096e-01
-4.621496147944140764e-01
-2.984353115780901122e-01
-4.885556779731920624e-02
2.335062038187631916e-01
4.914628073466452696e-01
6.591385973505995421e-01
7.164099157837395815e-01
6.900625360992329593e-01
6.038597605631237375e-01
4.775652541428190845e-01
3.276837279951292370e-01
1.705225134310250079e-01
2.148661549699894258e-02
-1.195766198505390926e-01
-2.651079904692345002e-01
-4.127718794785376621e-01
-5.443004435113381057e-01
-6.360734163529716545e-01
-6.624760402149546534e-01
-5.988338586997189461e-01
-4.299785535101606770e-01
-2.014943982646264509e-01
4.784873965245793268e-04
1.443015411588876584e-01
2.402381995276558491e-01
3.053021477264376560e-01
3.668399374776434296e-01
4.468358758613431014e-01
5.221604689183151349e-01
5.404616914850346454e-01
4.915645955089472108e-01
3.991925591404267837e-01
2.862529070241088824e-01
1.701815416652206481e-01
6.220301842716589175e-02
-2.796073089442348281e-02
-9.156495017130014680e-02
-1.218957073730159851e-01
-1.059717217404577277e-01
-5.997579927098331543e-02
-4.291514629233529610e-02
-8.209262007270519412e-02
-1.632441069795937116e-01
-2.649172030924066834e-01
-3.616941708790648580e-01
-4.334756519524652907e-01
-4.704056081167821701e-01
-4.784794487084172987e-01
-4.665052878766150490e-01
-4.206536772172460581e-01
-3.103703947345813341e-01
-1.095522287858356203e-01
1.409924048240730476e-01
3.351433076369766395e-01
4.209387712411987725e-01
4.192797605017710705e-01
3.653450535779771968e-01
2.920716118620420576e-01
2.249137022306999523e-01
1.700001458387394027e-01
1.264501587756700074e-01
1.039014716184928910e-01
1.060418451927205435e-01
1.382878476821209068e-01
1.873577941006286385e-01
2.103422170299589777e-01
1.920714692184666283e-01
1.419075196084354784e-01
6.438067029400383612e-02
-3.700505155266683999e-02
-1.564245029985274760e-01
-2.810721784778875132e-01
-3.926214478523074036e-01
-4.715864376604984032e-01
-4.981250108605966287e-01
-4.513831262422844937e-01
-3.427562703947583111e-01
-2.253118440900891972e-01
-1.227077333355084121e-01
-2.130060747481971745e-02
8.864801461066836030e-02
1.890506054455511620e-01
2.377153058778515016e-01
2.254844107915116580e-01
1.762135609705979822e-01
1.124648868999604118e-01
5.583860908027452052e-02
2.887043960770147369e-02
3.354323761800891146e-02
5.222674200429343327e-02
8.713901379360051991e-02
1.312114996168661230e-01
1.526361460603157805e-01
1.460784839393664269e-01
1.257682751975083280e-01
1.002263271037567988e-01
7.524277256276371006e-02
5.149802486837373738e-02
2.652912182752145340e-02
5.745843429244567452e-03
-7.299436598333011034e-03
-1.917020294673316833e-02
-3.095888556561840130e-02
-3.833221012308334064e-02
-3.674584857655614767e-02
-2.434915065710765297e-02
-9.681174883831196454e-03
-2.529676162785241683e-03
-2.048595059227021134e-03
-4.031970407884702748e-03
-5.696975545323985576e-03
-7.397446451024648414e-03
-1.614711048559380052e-02
-3.300443753250866669e-02
-5.064291373010508523e-02
-6.703020720433984503e-02
-8.756628316223272201e-02
-1.142341747447443157e-01
-1.422462763052708690e-01
-1.648717012309028895e-01
-1.742255069305292392e-01
-1.629142190599613960e-01
-1.240040353651241517e-01
-4.987235641142027942e-02
4.473796826706632340e-02
1.219483942674739335e-01
1.671045933070375300e-01
1.882296240248278740e-01
1.910659336953039744e-01
1.805619718998333900e-01
1.613600704123893115e-01
1.390744225655888844e-01
1.205653870525347920e-01
1.054091107843867919e-01
8.645981604782602969e-02
5.996413626651381223e-02
2.285381466766564160e-02
-2.892272016074805274e-02
-9.479305715865976589e-02
-1.699647674246513862e-01
-2.454239339011906607e-01
-3.100221122117987615e-01
-3.559301280985791571e-01
-3.740004297496676844e-01
-3.503356936051938986e-01
-2.697636015204745719e-01
-1.137864437461482414e-01
8.975296420872634628e-02
2.567397847420544443e-01
3.451675218587887395e-01
3.681937798470296119e-01
3.431457816076038947e-01
2.854241504413551622e-01
2.123407698544113043e-01
1.388961437383132713e-01
7.390926654706289622e-02
2.368006984605501228e-02
-7.972361297922069684e-03
-1.989631367324328978e-02
-1.083335059505130885e-02
8.942095857849979151e-03
1.911533223970412684e-02
1.257746780553268932e-02
-8.264352009135616725e-03
-3.947161979782649877e-02
-7.453024988417832064e-02
-1.084715802274362206e-01
-1.390538381395567957e-01
-1.655126468882543445e-01
-1.846769622801835431e-01
-1.868355139059832137e-01
-1.580992794437943993e-01
-9.458634356057268877e-02
-2.247872807176286986e-02
2.335917277167715023e-02
4.022593493992033392e-02
4.307192376966385849e-02
4.430222268623935922e-02
5.492728175034022886e-02
8.156697503074733513e-02
1.144515354334558754e-01
1.345978765008436495e-01
1.411285353569653456e-01
1.321080529382635538e-01
9.727325655966780060e-02
4.127111627972969432e-02
-2.946245994503958465e-02
-1.110176745001246190e-01
-1.895985447445978078e-01
-2.454496899732043491e-01
-2.575211248852934398e-01
-2.202668321546406294e-01
-1.458023064995901952e-01
-5.292917434757886397e-02
3.177521929568016823e-02
9.493548592869432978e-02
1.395816489147599926e-01
1.743349281228992464e-01
2.120227207665684177e-01
2.473216872002442779e-01
2.568487442738255910e-01
2.332027399517753175e-01
1.852456107401163898e-01
1.194612029324507996e-01
4.145771091043634615e-02
-3.904745828040048078e-02
-1.108440624005535002e-01
-1.655682569743266164e-01
-1.957030827372845394e-01
-1.924889842686422214e-01
-1.456470121416270080e-01
-6.868303596391402144e-02
-1.163524442625477051e-03
3.901727004678949562e-02
5.678198755354548627e-02
5.867095469963523602e-02
5.259144505743789527e-02
4.489975649135970193e-02
4.020082126355432883e-02
4.154197649898790090e-02
4.214237163091964777e-02
2.763268891998730756e-02
-4.213229870307698931e-03
-4.643368187447850792e-02
-9.386569664409123714e-02
-1.411699228843201481e-01
-1.820033006981816304e-01
-2.079147170899987018e-01
-2.083284380507511857e-01
-1.757751995282869073e-01
-1.121101560383028078e-01
-1.973470716487504481e-02
8.319283034164062784e-02
1.589087763063526670e-01
1.970656629444394181e-01
2.106791854417489618e-01
2.089458659864674717e-01
1.984291306456026360e-01
1.820624454188790042e-01
1.576003302970195030e-01
1.194155933668865910e-01
6.851818923431182706e-02
7.903223292287278601e-03
-6.681678133687619925e-02
-1.555235071826350512e-01
-2.474925776456551318e-01
-3.294262575090833867e-01
-3.887167330574657909e-01
-4.101064716725260073e-01
-3.807623933081833445e-01
-2.922464833306793186e-01
-1.319806069760965928e-01
6.887921658273189751e-02
2.323052671643692779e-01
3.286649165175878906e-01
3.714234655121572137e-01
3.723044376602789862e-01
3.480228872331260215e-01
3.115898368280030084e-01
2.690450130491771064e-01
2.241126051541637576e-01
1.791098574717432390e-01
1.347387772702153264e-01
9.188654746032044740e-02
5.350326181879554166e-02
2.063835786994366872e-02
-8.207017038123647079e-03
-3.668055746817673601e-02
-6.804639900288958487e-02
-1.004282243033164934e-01
-1.323460281782320724e-01
-1.658090670185132787e-01
-2.023392225646785669e-01
-2.396828384120797129e-01
-2.723307652206272689e-01
-2.982531249041151522e-01
-3.196522044384474404e-01
-3.355276759463894365e-01
-3.373828029805719941e-01
-3.117630417347285743e-01
-2.513421265064518240e-01
-1.550491214659979189e-01
-1.228433197456528167e-02
1.524756134589816958e-01
2.700797394300525900e-01
3.160963732813540372e-01
3.102726606078233806e-01
2.687457071515370610e-01
2.065671152659278864e-01
1.396947400114502968e-01
9.114023622319444851e-02
8.217155311223928171e-02
9.977733518850608052e-02
1.111368165262577312e-01
1.072878275662224185e-01
9.569249732613331616e-02
7.873069676700943098e-02
5.716064632141096974e-02
3.317904234830502258e-02
8.756103753007449253e-03
-1.578144543271608330e-02
-3.780028369083350548e-02
-4.839252809159257790e-02
-4.229704095537576564e-02
-1.672232376428327283e-02
2.364862554034946954e-02
5.920545258877923933e-02
7.893355771814693222e-02
8.632900088021082385e-02
8.846201946815424044e-02
8.851381284138684635e-02
8.322417729310507828e-02
7.256772720902161800e-02
5.980208586916875568e-02
4.454434432527032417e-02
2.389071792477836381e-02
-6.290314551159397610e-03
-5.015357784152252307e-02
-1.072024574018598936e-01
-1.730565107138425929e-01
-2.413095853271010061e-01
-3.029517893569848019e-01
-3.490655652485044613e-01
-3.729756870474863484e-01
-3.720249652664529560e-01
-3.462695235476871414e-01
-2.867054286774713967e-01
-1.719953656868647984e-01
-2.884293179229041604e-02
6.704849845977270406e-02
9.635076482899862516e-02
9.392775461059219011e-02
9.431287295358392608e-02
1.315881501081787031e-01
2.379836099119752857e-01
3.865067957859849024e-01
4.921789533286823337e-01
5.214084861483762046e-01
4.906541493081694738e-01
4.134443252662955426e-01
2.957449442837050690e-01
1.388131345333533662e-01
-4.151218368693220667e-02
-2.209084962184805767e-01
-3.859715274611400515e-01
-5.288363035606813423e-01
-6.373484338188031284e-01
-6.947972952095307075e-01
-6.814412054241176797e-01
-5.757806225059538541e-01
-3.656472087563787388e-01
-7.248217909252957503e-02
2.251413337740248155e-01
4.391967089634995491e-01
5.502819078297508382e-01
5.828431468626604772e-01
5.584840990811769101e-01
4.952968819127252509e-01
4.077693058699896067e-01
3.077338438128908171e-01
2.046801729527691349e-01
1.058213593661610497e-01
1.658494627608123051e-02
-6.121307971454083285e-02
-1.244356327600552869e-01
-1.659061702741262412e-01
-1.788916236805538351e-01
-1.683905328967913451e-01
-1.538592084279715444e-01
-1.465705796962358809e-01
-1.413628640006752146e-01
-1.322012716970867585e-01
-1.215078085759750959e-01
-1.119495971346363972e-01
-9.941412451524393734e-02
-7.511675208259899206e-02
-4.545599782747812567e-02
-3.364551296818719950e-02
-4.372782676976143951e-02
-6.290185781063095671e-02
-8.158948936796744933e-02
-9.047990955659362955e-02
-7.738743345119424022e-02
-4.484207904131326528e-02
-1.250256450527643254e-02
1.589690461976130120e-02
5.016318917691541673e-02
9.425931478415977560e-02
1.400980360483790044e-01
1.704903199814300774e-01
1.797059830247339229e-01
1.750599240637273069e-01
1.650603864656577102e-01
1.557228128967884651e-01
1.505476022645874934e-01
1.491928755182825583e-01
1.449925759715874618e-01
1.302264567567802955e-01
1.028377455679569119e-01
6.613309583083662457e-02
2.663686109255775092e-02
-1.179976301170750086e-02
-5.006450942850553670e-02
-8.862846509866564859e-02
-1.276974823410926274e-01
-1.669859312610116331e-01
-2.036480827225213286e-01
-2.328371233729327194e-01
-2.493246847112088049e-01
-2.479946771668152250e-01
-2.231576140437690203e-01
-1.673157368357836572e-01
-9.556748054690700211e-02
-4.508392967680929786e-02
-2.336933271164824341e-02
-1.275390121817929212e-02
-3.274595866745722006e-03
1.254290030907374148e-02
5.016824261016482323e-02
9.914759780461579464e-02
1.188720279558353465e-01
9.801677965274603610e-02
5.149616475171735208e-02
-5.943415984674113584e-03
-5.528147455688955936e-02
-8.129686514280452803e-02
-7.580539602855525250e-02
-2.889156137791584755e-02
6.855955598632937353e-02
1.866970920360293829e-01
2.627964881372464312e-01
2.768012964300100576e-01
2.474954937476107342e-01
1.905976779590346504e-01
1.186052345846457939e-01
4.385102914802259388e-02
-1.972198976206060786e-02
-7.438455210671572615e-02
-1.368837762099557598e-01
-2.072583509382775468e-01
-2.719239612083310109e-01
-3.163730231684371286e-01
-3.223925373594169197e-01
-2.906310555512000016e-01
-2.424528825120886300e-01
-1.786332237909098730e-01
-8.231711208275538372e-02
6.177421976281302629e-02
2.286077085099869899e-01
3.524522630364057552e-01
4.107552619679869510e-01
4.185736086443901383e-01
3.841346787084525261e-01
3.179511644403359982e-01
2.351010543346185311e-01
1.467096487112462544e-01
5.714763952819586906e-02
-2.672107639328592799e-02
-9.332642894550896573e-02
-1.390143632288036446e-01
-1.706850134017215137e-01
-1.933839589833298289e-01
-2.009339070374747127e-01
-1.816284387536986622e-01
-1.377591316614548977e-01
-9.805790245814485773e-02
-8.711627226558943393e-02
-1.014228190221819620e-01
-1.290142062861276695e-01
-1.558689142013736373e-01
-1.580527949225403184e-01
-1.081764137666477721e-01
-2.198528811640821506e-02
4.744781033613040128e-02
8.651329293505392870e-02
1.080000280025955606e-01
1.134836109225801359e-01
1.118554598028484448e-01
1.175481630094440400e-01
1.322128759268920428e-01
1.535845260271524737e-01
1.831418601938333002e-01
2.168205059047548788e-01
2.483435080094820169e-01
2.594689326072915359e-01
2.280269186393444891e-01
1.559637330785626219e-01
5.593630068141069306e-02
-6.209641934703577504e-02
-1.881022473785261273e-01
-3.127460447193090021e-01
-4.236908244247674094e-01
-5.050970792066307169e-01
-5.420754062294904640e-01
-5.179954406846482007e-01
-4.093482388205801348e-01
-2.418681545587808013e-01
-9.905392619384445485e-02
-1.412228912012884752e-02
3.942595312595839618e-02
9.178413722499149940e-02
1.748550340022548555e-01
2.772858592771823005e-01
3.393012594306156204e-01
3.422621796808721917e-01
3.071446680493799541e-01
2.504372669560086528e-01
1.898012332850610995e-01
1.371569315404277678e-01
9.469496836432531039e-02
6.689318477384643968e-02
4.888430249117040050e-02
2.107075627749635874e-02
-2.180558185473781274e-02
-7.143187038983291048e-02
-1.205388198692358137e-01
-1.599865288118129392e-01
-1.792658946266930120e-01
-1.687993845907481971e-01
-1.196482804124616717e-01
-4.693185598097683597e-02
1.011028204006757941e-02
3.790909213091924607e-02
4.658934160241802458e-02
4.496621504763509414e-02
3.998016092303172814e-02
3.623325869805552046e-02
3.582375293935270710e-02
3.805390854321506061e-02
4.809810105467060559e-02
7.500011946675722019e-02
1.110771060096318597e-01
1.348219471659192481e-01
1.384571518714031169e-01
1.276408930885979676e-01
1.131886913648451065e-01
1.094043892447295330e-01
1.193274582984156784e-01
1.351937558608900247e-01
1.520875655228249024e-01
1.691242946055319663e-01
1.799934998057977908e-01
1.708803231185732630e-01
1.354400652276553374e-01
8.041835904439617599e-02
1.489673090924167193e-02
-5.594671480995875440e-02
-1.302800861881774908e-01
-2.085794453421455918e-01
-2.930270817568531583e-01
-3.837344327152457102e-01
-4.753718417534615326e-01
-5.590767230687661016e-01
-6.231772494986365096e-01
-6.469884303097802603e-01
-6.007361035013168982e-01
-5.015298857567445090e-01
-4.153502455026547580e-01
-3.600396740859699296e-01
-3.057295177006820186e-01
-2.198620590757204840e-01
-6.514170355442822080e-02
1.678516600989845564e-01
4.268360204062334740e-01
6.343785127191796658e-01
7.464797829105748184e-01
7.636523911381432050e-01
7.051494744846328322e-01
5.966952540120158410e-01
4.685791387019197507e-01
3.415122069159024498e-01
2.291421106114987505e-01
1.473559881202013699e-01
1.001480668327139473e-01
7.526688223184001270e-02
6.030861896114133452e-02
4.625536605545707558e-02
2.767613125009032310e-02
1.151415243624741291e-03
-3.996956501472855722e-02
-9.356714962465816077e-02
-1.464629231595158954e-01
-1.906621567237597736e-01
-2.231894706102814097e-01
-2.419704777031622123e-01
-2.483077396129981795e-01
-2.456951548594946688e-01
-2.375880659708471399e-01
-2.215378582879821978e-01
-1.913031914256500543e-01
-1.429546451798574813e-01
-6.906269611482507287e-02
2.057287481026519316e-02
9.493249723759179803e-02
1.437896873517010565e-01
1.746819668328937758e-01
1.921733687761442433e-01
2.012538073918704040e-01
2.053384796660752687e-01
2.043275011920260009e-01
1.928396771570665691e-01
1.615725409257336431e-01
1.094834894914307882e-01
4.527222657290315422e-02
-2.599533790386408458e-02
-1.048966449424349190e-01
-1.892797430330273867e-01
-2.736960597171085308e-01
-3.528643864277826725e-01
-4.184914702504366479e-01
-4.595435726594575554e-01
-4.667025010610603153e-01
-4.255810535791270666e-01
-3.160621439374872166e-01
-1.621881934771988720e-01
-3.245682196238433570e-02
5.660011453345417665e-02
1.260740348685631396e-01
1.715555269085717871e-01
1.951659664676792250e-01
2.156543312044874039e-01
2.566061022547960202e-01
3.430821773443327727e-01
4.513190207519001684e-01
5.195857918700508282e-01
5.319431524166375880e-01
5.028568566627289460e-01
4.384341377585806998e-01
3.478568453087586554e-01
2.420102682377059944e-01
1.276760138332265759e-01
9.746991380951953998e-03
-1.053639485794796576e-01
-2.103308434883244538e-01
-2.961241766283013721e-01
-3.572763828634651917e-01
-3.984729870492305093e-01
-4.249988559936462851e-01
-4.424695415272876797e-01
-4.603205337644123429e-01
-4.797922678530865404e-01
-4.930961253713960213e-01
-4.838017369023011049e-01
-4.254628458757234166e-01
-2.903243056029500280e-01
-8.714462649288481910e-02
1.438662561601090628e-01
3.623449343535759537e-01
5.232120973550249410e-01
6.043350853718162385e-01
6.060953890735465421e-01
5.384463069354628040e-01
4.248277052189655678e-01
2.920822374328512216e-01
1.641062982457355268e-01
5.744981587412295587e-02
-1.749741164468672158e-02
-6.384875458750441379e-02
-9.885390640574476251e-02
-1.378594211108269407e-01
-1.832952085213483406e-01
-2.265640739047979357e-01
-2.587333551085555516e-01
-2.734663929650215097e-01
-2.604096900204506126e-01
-2.019710954808779380e-01
-7.458213871822880203e-02
9.178787384575010089e-02
2.106502132567550922e-01
2.494908801014813216e-01
2.270590791415123821e-01
1.559773894329545552e-01
4.964384668552442731e-02
-7.041403064435652892e-02
-1.787979652604121117e-01
-2.590767728320378938e-01
-3.122549409134675047e-01
-3.423682931173731570e-01
-3.403588220013327725e-01
-2.897137587715827856e-01
-1.710089159806194026e-01
-2.841546091466844864e-03
1.536695870467986447e-01
2.714826254097038039e-01
3.588552129377566846e-01
4.158218658386764188e-01
4.346619991762704083e-01
4.083761745213216332e-01
3.404479859138160869e-01
2.495592187878092338e-01
1.584023304046455194e-01
8.059803456621614237e-02
1.702444788579028645e-02
-3.285137751017341845e-02
-6.890735289023844357e-02
-9.403912579471879196e-02
-1.078552088265657682e-01
-1.102622358115630530e-01
-1.050741616584604105e-01
-9.414763249960630964e-02
-8.177143903399838876e-02
-7.826187658545677439e-02
-8.638882127884117690e-02
-9.853977076442087257e-02
-1.057990266529503093e-01
-1.012330080156001871e-01
-8.912441302816764832e-02
-8.580913368515520612e-02
-9.902557422824430355e-02
-1.216547461609770453e-01
-1.410545792559642631e-01
-1.463940638847737452e-01
-1.282805024389804815e-01
-7.391890754037586109e-02
5.572363758615097272e-03
7.539612272891008105e-02
1.255788622134625665e-01
1.554975281639681683e-01
1.534964975422117295e-01
1.215939560969488131e-01
7.511037227217857992e-02
3.197033655713636680e-02
8.627552249024113967e-03
2.035658097182218434e-02
5.871661018711386154e-02
8.764715188120376921e-02
9.183398378897203451e-02
7.738942042321668435e-02
4.749271133587545241e-02
5.413475759414382131e-03
-4.277877352404946265e-02
-9.418305468665023883e-02
-1.506551263775737226e-01
-2.034054528414752649e-01
-2.230862188202398788e-01
-2.003297777872402319e-01
-1.602127623630648368e-01
-1.176140674284762710e-01
-8.031167524856284989e-02
-4.671995741576219496e-02
1.077006115610490075e-03
7.243743164335249285e-02
1.664080680773891707e-01
2.603354067260901239e-01
3.129673170149575578e-01
3.116089543444057197e-01
2.727198028677386143e-01
2.144606800828837423e-01
1.480097866044239874e-01
6.968679334448116269e-02
-2.730068068800346748e-02
-1.385798663741358849e-01
-2.495703810981664272e-01
-3.431419349801471674e-01
-4.071919864106007259e-01
-4.316508222141904882e-01
-4.048036930488852492e-01
-3.325778762494194241e-01
-2.361350431581621667e-01
-1.166252481699680821e-01
3.639122862032191652e-02
1.986205579131269383e-01
3.295967088206441242e-01
4.209941972331084914e-01
4.761669325992373691e-01
4.969244032889491014e-01
4.873342865290980486e-01
4.496188437493660039e-01
3.908022052213776520e-01
3.182967765788153880e-01
2.339997529469778903e-01
1.338568907507884376e-01
2.857621054161461546e-02
-5.329242060709679651e-02
-1.007887240754489072e-01
-1.271172089499253421e-01
-1.477548854349658436e-01
-1.681391743973217334e-01
-1.894739410474459429e-01
-2.172304347100056376e-01
-2.554232639738607813e-01
-3.002147017295790921e-01
-3.432071452674624323e-01
-3.739707843000176779e-01
-3.909882236337615113e-01
-4.048269681582739032e-01
-4.154429907331139149e-01
-4.085254721815588796e-01
-3.842109516839898875e-01
-3.579346669008664494e-01
-3.174470613491015558e-01
-2.293750989118645278e-01
-7.182270532317758249e-02
1.576037626238969147e-01
4.186293386083503876e-01
6.466239084646765445e-01
7.990532385093740420e-01
8.670321679200430065e-01
8.648140278635698674e-01
8.111458345185669216e-01
7.245963019108808689e-01
6.167593983281224324e-01
4.880909656286556708e-01
3.397171943488068724e-01
1.760379913479744041e-01
2.233055594706503943e-03
-1.787211917879741041e-01
-3.653074095075747318e-01
-5.549373910711202784e-01
-7.458933569059462698e-01
-9.268986719180154488e-01
-1.069750421502944304e+00
-1.144281105911070462e+00
-1.149229843235416215e+00
-1.108005719733547334e+00
-1.016688680738400796e+00
-8.469162181905520725e-01
-5.906683445815091860e-01
-2.348134243485244244e-01
2.225667251419424786e-01
6.953311640225238177e-01
1.061795578738148560e+00
1.263424073659883629e+00
1.314939356921900115e+00
1.256937145776119813e+00
1.124130837858667187e+00
9.463942984494990718e-01
7.458451111244172038e-01
5.348992253815868514e-01
3.249668649926359398e-01
1.333701723347129053e-01
-2.235700522377380428e-02
-1.414031307285882333e-01
-2.381387598524358218e-01
-3.150421233076954319e-01
-3.734790625707533618e-01
-4.302235339441970452e-01
-4.924022428796365203e-01
-5.527948469362966577e-01
-6.025962278639641623e-01
-6.310090205337841596e-01
-6.230371478094357540e-01
-5.583483199766707816e-01
-4.167244794904376715e-01
-2.160245012544020349e-01
-2.651065979588740004e-02
1.009595755684517676e-01
1.762138821096859709e-01
2.351277476907852881e-01
2.875019998548627997e-01
3.103050965959325280e-01
2.938305814497502721e-01
2.549189047688480425e-01
2.201497227517472399e-01
2.110463113196654750e-01
2.234478464990635738e-01
2.321761957154316880e-01
2.226286241534866372e-01
1.910572355516129139e-01
1.390505754760381352e-01
7.729391932059113957e-02
1.377042211056794287e-02
-5.016272761520746554e-02
-1.114461514723779773e-01
-1.633173961503870952e-01
-1.974638091245093097e-01
-2.074285351657383925e-01
-1.974350038784795092e-01
-1.686634404375464968e-01
-1.187257464663565021e-01
-5.918688866858032999e-02
7.489952802587379610e-03
8.120667471350395683e-02
1.425283136182333432e-01
1.807613109832569842e-01
1.996358125659986327e-01
2.000439976124241959e-01
1.781738689291772204e-01
1.298549002560339949e-01
5.656102571417113978e-02
-3.837287527837333206e-02
-1.526287728278539479e-01
-2.772376377065657871e-01
-3.952334518796781215e-01
-4.872177511969394414e-01
-5.353612115919115233e-01
-5.194518912904328989e-01
-4.409821281468798704e-01
-3.301548530372724333e-01
-1.993669389596568475e-01
-4.724886537457313740e-02
1.181669705013334015e-01
2.727020625729330017e-01
3.842669548212841457e-01
4.502021933924398311e-01
4.870610072376248545e-01
5.032482774782223167e-01
5.005459296599230612e-01
4.765836059681433090e-01
4.315315528119629263e-01
3.700435463984924067e-01
2.944312144898322270e-01
2.023893745631732966e-01
9.113631207482417174e-02
-2.896582425972216504e-02
-1.413975916794668053e-01
-2.433215209144642954e-01
-3.350418978001369341e-01
-4.120804046931543230e-01
-4.702353051069272372e-01
-5.060471304255287350e-01
-5.169547052139241705e-01
-4.982839242129387669e-01
-4.423284828932669277e-01
-3.329403747921414469e-01
-1.451064150232843630e-01
8.593062363608505727e-02
2.649528883247123101e-01
3.551154086894597328e-01
3.745862901034914261e-01
3.388040836901174413e-01
2.682592721293410309e-01
1.870868881821805274e-01
1.115683563956113011e-01
5.099278890523929741e-02
9.932318038052414394e-03
-9.512894678319273184e-03
-3.949380055161906891e-03
3.646083314335950981e-02
1.037401734738839926e-01
1.594352251395226294e-01
1.822006859907902565e-01
1.740936380277303963e-01
1.457543765364644750e-01
1.116169133650275758e-01
7.151264804903664785e-02
2.349209257069085482e-02
-2.436657091854805071e-02
-6.459326915525653856e-02
-9.163450822372196103e-02
-1.094096732669343486e-01
-1.366201901560715470e-01
-1.832042044430796657e-01
-2.428484840247850940e-01
-3.059824773651160790e-01
-3.656998517681575578e-01
-4.160009250141843418e-01
-4.443629739860447958e-01
-4.364671121378270735e-01
-3.828455871074720740e-01
-2.707201150426283842e-01
-8.408888986320746384e-02
1.366897989088032839e-01
3.035990480226056221e-01
3.894314623973719192e-01
4.187418687268319450e-01
4.103075678542977833e-01
3.783084773429419290e-01
3.327741212388981018e-01
2.823466681418171365e-01
2.355577973457312069e-01
1.924063122623291266e-01
1.483866323376774043e-01
1.033121505602889734e-01
6.174403246157406794e-02
3.021351768722556688e-02
9.911886301795555521e-03
-3.201363559022854521e-03
-1.389145313588951297e-02
-2.654614126329315343e-02
-4.308550300667231270e-02
-6.173473274784812420e-02
-7.554887866303955368e-02
-7.720840498223791037e-02
-6.761332024601990343e-02
-5.061858419196828274e-02
-2.598878012545764032e-02
6.366717633433598145e-03
4.347942421558389364e-02
7.687748206235549275e-02
9.287490863183692213e-02
8.621115494216423369e-02
6.470169028098313180e-02
3.219263452470667863e-02
-1.432610667966590853e-02
-7.034854937020906807e-02
-1.308187100158546001e-01
-1.985616620059633131e-01
-2.673342376283063815e-01
-3.181916900983037810e-01
-3.380389560546065431e-01
-3.278477456667214796e-01
-2.900857588993334124e-01
-2.295638772765409841e-01
-1.667118354285281323e-01
-1.167119046505151747e-01
-7.467015972611040775e-02
-3.614934541928353090e-02
-2.313994528760340841e-03
2.176983218897991790e-02
2.934034915749132721e-02
2.575245778151858539e-02
2.139712498771105531e-02
3.373665419389035303e-02
8.471602938561220708e-02
1.628503978903174110e-01
2.337488851634335063e-01
2.785885171293915885e-01
3.006179948187560624e-01
3.121715466533171446e-01
3.086436170167846660e-01
2.839480749618643052e-01
2.364485155211522582e-01
1.658257941446235062e-01
9.322389281514505133e-02
3.946111202356698822e-02
1.000742797178063095e-02
1.554339259263667894e-04
-1.411353302663551079e-03
-4.867404049609887901e-03
-1.749043415920788214e-02
-3.733434820130935444e-02
-5.368728480073009512e-02
-5.707413792537441299e-02
-5.006121100439516608e-02
-4.405932567389107130e-02
-4.388238425074617727e-02
-5.162155914280387725e-02
-6.848103103941169389e-02
-8.874511107614072025e-02
-9.821942047978962642e-02
-9.539754250122323143e-02
-1.016341408704566213e-01
-1.223515951215579795e-01
-1.383192371267752963e-01
-1.303697581676606654e-01
-1.044382366589993866e-01
-8.605526446264942508e-02
-8.384956119031743149e-02
-8.865039501081091455e-02
-9.371700885798071867e-02
-9.830904303834478442e-02
-9.800501653676323144e-02
-9.023070608491109978e-02
-7.716293726229095373e-02
-5.714927972080294238e-02
-2.524134892871951127e-02
2.705319339339815055e-02
1.097628411458776848e-01
2.012743909356420613e-01
2.530427429947321727e-01
2.526958171009589527e-01
2.178313933556026427e-01
1.664409865294561031e-01
1.181032693422331137e-01
8.678211614424023723e-02
7.928598165756894911e-02
8.815140563726232836e-02
9.408404763581945662e-02
9.084238767667167369e-02
7.898524639150805715e-02
5.231366727181133158e-02
1.071863766291449721e-02
-3.845279298462364603e-02
-8.566691235844380026e-02
-1.221001874861731562e-01
-1.435923692676390750e-01
-1.533443819883590076e-01
-1.573216101994036886e-01
-1.551462269901997815e-01
-1.424210256428223853e-01
-1.123294632756764583e-01
-6.899309465011456421e-02
-3.231369464834104449e-02
-9.694471684727510447e-03
5.976452557659970438e-03
2.333672319489235591e-02
4.119653578878923472e-02
4.623710614313766148e-02
3.503135879095178873e-02
1.421549189191308182e-02
-6.422700809642183095e-03
-9.602335316915192043e-03
2.114155956613148271e-02
7.057203438914164129e-02
1.002031367843825016e-01
1.006179420625996218e-01
8.580659325484243927e-02
6.750785341726087130e-02
5.532687648151631693e-02
5.742444742877137603e-02
6.841166993292477350e-02
6.876261165681481213e-02
5.397404861880163857e-02
3.374156967562842724e-02
1.495508627163676107e-02
-6.274640134258550189e-03
-3.951376617849189365e-02
-8.262157464383730610e-02
-1.305674982512273763e-01
-1.817036561693912700e-01
-2.313079249026130657e-01
-2.757711853624026377e-01
-3.096366723739819027e-01
-3.212817832978242527e-01
-2.994605529617122008e-01
-2.358405460067740933e-01
-1.199429974260608073e-01
3.340063079267188012e-02
1.715544454305563404e-01
2.614282703482210257e-01
3.087114555623222678e-01
3.284696665146712435e-01
3.308219565953758323e-01
3.141172147555991723e-01
2.731714082259065202e-01
2.134186497898179491e-01
1.472542830824083993e-01
8.317096846263241638e-02
2.547930882809970252e-02
-1.874889180848640993e-02
-4.351160211241154180e-02
-5.134664739388960369e-02
-4.831758219751180333e-02
-3.900531478486174430e-02
-2.577982251690169244e-02
-1.215933214559610648e-02
-2.343773368060117490e-03
3.949110612242782981e-03
1.028587082777572201e-02
1.613355410005979512e-02
1.362314123237056904e-02
-2.126659086575470245e-03
-2.693367266696094359e-02
-5.296533335556491418e-02
-7.386015427537165334e-02
-8.966469483233610593e-02
-1.111825301070610006e-01
-1.501182702336610331e-01
-2.003490176070949480e-01
-2.415250923442648356e-01
-2.626925619929897371e-01
-2.679018243757299023e-01
-2.593972959339539974e-01
-2.324322905881942569e-01
-1.863417098336741240e-01
-1.233156319818274060e-01
-3.744424237501552122e-02
8.104842508144646795e-02
2.133936016314857409e-01
3.146840205808932867e-01
3.673868714265382529e-01
3.809211819707837288e-01
3.653154686301143261e-01
3.305423887605993816e-01
2.820820909686195255e-01
2.256475530447974998e-01
1.719594838303586948e-01
1.246942170661523436e-01
7.923034427451400297e-02
3.388223543121725301e-02
-9.231306688814378686e-03
-5.003359114454080520e-02
-9.281311750280535344e-02
-1.393136401528224932e-01
-1.824676428485381141e-01
-2.132525469054245837e-01
-2.304285989937466250e-01
-2.410147381699130065e-01
-2.480839385901422722e-01
-2.401262152260572602e-01
-2.088358273558255651e-01
-1.560831251079543014e-01
-9.230275898161707793e-02
-4.231637825667954739e-02
-1.679188233942884023e-02
-5.491394869570228460e-03
1.806698348494163026e-03
1.166045620223117238e-02
3.102764285023886653e-02
7.513298334647031118e-02
1.409602493883907182e-01
1.943319273044214202e-01
2.194161326236516996e-01
2.258769556095370779e-01
2.169185266000763501e-01
1.881426038231119868e-01
1.404368173727677527e-01
8.445779610351990263e-02
3.221820817401987308e-02
-8.865859391989260735e-03
-3.942654790717339819e-02
-6.723925800807495357e-02
-9.387038185683942160e-02
-1.113378106888770896e-01
-1.197384551596054336e-01
-1.295149602286328749e-01
-1.444757283652890745e-01
-1.598042380674897789e-01
-1.642612997724826884e-01
-1.496919681030965954e-01
-1.196103877677568705e-01
-7.378288978178626500e-02
-5.303190911244733477e-03
7.458031406313121725e-02
1.356443179562768775e-01
1.674428904898487003e-01
1.810858924374753876e-01
1.834675114132700291e-01
1.743582187522036420e-01
1.515514756282821951e-01
1.180858076086551550e-01
8.177405143012858590e-02
5.021766787031798490e-02
2.812422394965948674e-02
1.552739879272208370e-02
1.407207140804741033e-02
1.661491188934507285e-02
1.010568997503557068e-03
-4.056629848155134110e-02
-9.845630935168625530e-02
-1.614893508912957354e-01
-2.180437499582159322e-01
-2.615248215317003133e-01
-2.890850963204663060e-01
-2.943945596074070137e-01
-2.684363600231846059e-01
-1.985735006969501226e-01
-7.082597164512124954e-02
8.595177101772852324e-02
2.048472746394702781e-01
2.626070934789831446e-01
2.767456643470619926e-01
2.640083289392067267e-01
2.373976431687382371e-01
2.027803737509580595e-01
1.637810148995930692e-01
1.261876336200259130e-01
9.497892290497905732e-02
6.982764940432648060e-02
4.378893844669271007e-02
1.059877918693064892e-02
-2.988471394550520216e-02
-7.621472798010345273e-02
-1.295206265181315097e-01
-1.885853491115263014e-01
-2.469132804355257393e-01
-2.960041121854329327e-01
-3.271665476959038643e-01
-3.309806943391042644e-01
-2.934371344671548032e-01
-1.964500009032252026e-01
-5.797520957733729580e-02
6.528373880712275146e-02
1.497591633980757675e-01
2.039783120872450395e-01
2.347667880269815599e-01
2.467109667030604747e-01
2.363712530903061548e-01
2.067257583352853645e-01
1.713946074485685478e-01
1.411473329408400312e-01
1.189953059223872317e-01
1.022714586358964284e-01
8.570474839560922320e-02
6.238987865527739762e-02
3.325935571948187425e-02
6.613690046694856509e-03
-1.368093084504375112e-02
-2.885692073079546352e-02
-4.038215538755232648e-02
-4.911316715091222640e-02
-5.729897432167041504e-02
-6.783998212031960851e-02
-8.096719575356756127e-02
-9.360069312562499522e-02
-1.027191764011100711e-01
-1.066191850038927386e-01
-1.004367552903915328e-01
-8.609982663896970090e-02
-7.606910368273071821e-02
-7.373255834684745713e-02
-7.372832686742852859e-02
-7.237255600564460045e-02
-6.661461781305318131e-02
-5.191079886221969253e-02
-2.292930534210983057e-02
1.806839335929592838e-02
5.564630533898604070e-02
7.504424739133962186e-02
7.677206282563976691e-02
7.216118638668063412e-02
7.158478810873805664e-02
7.352859731074175287e-02
7.113355241096860904e-02
6.644818106322333828e-02
6.236358740366880482e-02
5.442755615694437610e-02
3.678627588430987555e-02
9.393505028076867130e-03
-1.925416502766163357e-02
-4.003981392679095003e-02
-5.172887181237287302e-02
-5.666193553709673869e-02
-5.573062646262194608e-02
-4.706126777496514452e-02
-2.768348008329406598e-02
-8.076858117106629209e-04
2.586735836022071092e-02
4.903585249668387935e-02
7.082527566030044630e-02
9.415954096505498028e-02
1.093836109678794771e-01
1.022893463510159695e-01
7.850293878717234941e-02
4.944602284506608575e-02
1.802150337914961917e-02
-1.358755824463754591e-02
-4.037633392322210329e-02
-5.700190982693802144e-02
-6.170715181272789368e-02
-5.254780467672952315e-02
-2.536087944980449857e-02
2.341439065617055559e-02
7.720748177689920611e-02
9.950893371280815358e-02
7.446346654898558515e-02
9.023709723280530504e-03
-8.597775670849999718e-02
-1.993752075620559838e-01
-3.148261324922197457e-01
-4.081999910594386050e-01
-4.616932237930301275e-01
-4.583669969801291155e-01
-3.746781159288862240e-01
-1.926297106255881186e-01
4.262851333297587586e-02
2.298922930412581334e-01
3.307739253954682379e-01
3.671255239650997870e-01
3.568883839161743898e-01
3.160083335077800148e-01
2.594999047746263110e-01
1.981335072473925096e-01
1.384014891029657357e-01
8.539631913005725494e-02
4.488596910484851654e-02
2.115319068360765539e-02
1.367655851883270261e-02
1.559594400545965057e-02
1.921987102238707779e-02
2.168875423502287375e-02
2.091648977614695912e-02
1.584297750446120312e-02
8.698034692528236467e-03
1.605959229964079582e-04
-1.169358159132364260e-02
-2.671238748441154970e-02
-4.314205404514918213e-02
-6.153838960319045481e-02
-7.916252265754658568e-02
-8.906533332361762922e-02
-8.860201460021580044e-02
-7.844972530581126313e-02
-5.935043122075416011e-02
-3.231421486077485500e-02
-2.268755410276457676e-03
2.250211595587246066e-02
3.786381104327748992e-02
4.476744914364461092e-02
4.647834305652191744e-02
4.466308047158660394e-02
3.863980712388440097e-02
2.845591200666901938e-02
1.350982260407870318e-02
-8.129632211750843773e-03
-3.503835224794125264e-02
-6.216846662058123085e-02
-8.545066757108980837e-02
-1.028695890669847901e-01
-1.133967794517071748e-01
-1.183664097751422756e-01
-1.182051386916149610e-01
-1.061769876634448134e-01
-8.114921163289373629e-02
-5.107741944582879640e-02
-1.562540385526480988e-02
2.712246504437820782e-02
7.565980545149109115e-02
1.272590677474820520e-01
1.726723966514193132e-01
2.069580235090398568e-01
2.304095727449022024e-01
2.406805087135778232e-01
2.337402888419331526e-01
2.059014533832619898e-01
1.578878025244672689e-01
9.295496674125486303e-02
1.118540279782556483e-02
-8.658584681571998565e-02
-1.936270787654090220e-01
-3.004046611792319244e-01
-3.939705636077159845e-01
-4.583862570565611638e-01
-4.837945840954493981e-01
-4.621766724628749157e-01
-3.765718694839516600e-01
-2.072590255010938187e-01
1.069158654453776849e-02
1.934925432471475137e-01
3.113610537464501782e-01
3.764137511735451969e-01
3.923264776976598256e-01
3.667116533105431175e-01
3.121447082138668616e-01
2.422511285391692193e-01
1.692148184857920068e-01
1.018039423826875289e-01
4.657289555704512141e-02
9.291042116433141998e-03
-1.235066513641280492e-02
-2.774168309247302885e-02
-3.905207181459469101e-02
-4.514315347481864110e-02
-4.728793143585810488e-02
-4.469590062277847831e-02
-3.554389228723117689e-02
-1.690958783039191865e-02
1.306372131387623786e-02
4.584561429168421826e-02
6.716008244072603495e-02
7.204111654925693387e-02
5.861879424915820980e-02
2.237072192140391463e-02
-3.423705568862788623e-02
-1.068049216026146220e-01
-1.945535698485678089e-01
-2.933292231868154243e-01
-3.877096275952386928e-01
-4.564602791208952626e-01
-4.883902771008453714e-01
-4.736771506471786908e-01
-3.885258441507846716e-01
-2.043750426286164157e-01
4.229572604509540534e-02
2.555450235334330022e-01
3.962232811312199621e-01
4.779041631207439078e-01
5.113428717017542979e-01
5.031195707552167384e-01
4.594535133966181628e-01
3.907727899016008588e-01
3.079947046775001196e-01
2.216191351943073984e-01
1.443317611862652283e-01
8.465934945767331077e-02
4.051612431528606867e-02
2.049295870549895648e-03
-4.014118255455654399e-02
-8.952764428407827824e-02
-1.451367273243860390e-01
-2.011979842575858934e-01
-2.497710403372003785e-01
-2.855915446533503488e-01
-3.064329551169377441e-01
-3.105883391817365058e-01
-2.893118186625483479e-01
-2.398548340150529756e-01
-1.787391490897131674e-01
-1.193357665761483610e-01
-6.138069867374087996e-02
1.838678383799978618e-03
7.142067779742392042e-02
1.358181735010700608e-01
1.899721917922604086e-01
2.349710374952314607e-01
2.634781987274207871e-01
2.694053319011188163e-01
2.550662962237135178e-01
2.199957972288960062e-01
1.609263756995853445e-01
8.501089735601674580e-02
2.101634096255298664e-03
-8.417441632858332912e-02
-1.721388302433048689e-01
-2.575518740849526145e-01
-3.308550974708667769e-01
-3.795474188029765439e-01
-3.924034711831739797e-01
-3.655479413459208349e-01
-2.941279700775944472e-01
-1.731466199837532749e-01
-3.029112128568673887e-02
9.046732471449302204e-02
1.811279417975023009e-01
2.469309114788562631e-01
2.813845117891665693e-01
2.905119828099327339e-01
2.848395489763514421e-01
2.676162103374043477e-01
2.455892473868012960e-01
2.273599506224349698e-01
2.170752935098501923e-01
2.135923554714503070e-01
2.047705536299941620e-01
1.747231885083453395e-01
1.220028636579610776e-01
5.536581507389753964e-02
-1.579633635135285416e-02
-8.521347173407926856e-02
-1.503976482851230867e-01
-2.105806402070976024e-01
-2.678925068973210255e-01
-3.223393536942538717e-01
-3.656400701303880729e-01
-3.861512301484267273e-01
-3.822838169759954496e-01
-3.593684119107418140e-01
-3.117651573597068904e-01
-2.278550941623023740e-01
-9.582814896397967575e-02
6.468169406774251784e-02
1.943564120111289650e-01
2.654337546635139322e-01
2.879394485582992824e-01
2.719652267696407999e-01
2.314332650047418727e-01
1.872275256435950164e-01
1.569044336590336153e-01
1.530958947103758239e-01
1.728887625570319497e-01
1.909110106143256380e-01
1.917119887821471247e-01
1.765068628553757291e-01
1.461977936618054086e-01
1.049401124820924514e-01
6.039229010298966666e-02
1.459802849182803910e-02
-3.630093608973227609e-02
-9.413955331326535891e-02
-1.604360232807969799e-01
-2.406036053298457600e-01
-3.377207742244694444e-01
-4.485156069231803211e-01
-5.660138091906523616e-01
-6.808186902504308469e-01
-7.805758332898430352e-01
-8.522154300649451564e-01
-8.864613161191187141e-01
-8.636217668436840800e-01
-7.449940914050868779e-01
-4.923677616827093484e-01
-1.261199164247112647e-01
