-6.419146060943603516e-01
-2.356418967247009277e-01
-2.250120639801025391e-01
-3.294650316238403320e-01
-2.520226240158081055e-01
-3.159018158912658691e-01
-2.686520814895629883e-01
-2.394991517066955566e-01
-2.717173695564270020e-01
-3.206771612167358398e-01
-2.024619579315185547e-01
1.055819511413574219e+00
-8.310756087303161621e-02
-3.316601514816284180e-01
-1.945632100105285645e-01
-3.005136251449584961e-01
4.576921463012695312e-02
-2.953233122825622559e-01
-2.841961383819580078e-01
-3.038173913955688477e-01
-2.393239140510559082e-01
-3.637506961822509766e-01
-2.197651267051696777e-01
-3.797931075096130371e-01
-2.660731077194213867e-01
-3.259196877479553223e-01
-1.402872502803802490e-01
-2.498047947883605957e-01
-2.150651216506958008e-01
-3.624660372734069824e-01
-1.274931430816650391e-01
-2.798716425895690918e-01
-2.164760828018188477e-01
-2.447133064270019531e-01
-2.719520330429077148e-01
9.629274606704711914e-01
-3.710324168205261230e-01
-2.212851643562316895e-01
-2.680522203445434570e-01
-2.541788220405578613e-01
-2.982265353202819824e-01
-2.841292619705200195e-01
-2.804346680641174316e-01
-2.809805274009704590e-01
-2.619897723197937012e-01
-3.024976253509521484e-01
-2.604459524154663086e-01
9.942076802253723145e-01
-2.190521359443664551e-01
-3.257668018341064453e-01
-2.284070253372192383e-01
-2.160374522209167480e-01
-2.337954044342041016e-01
-2.142444252967834473e-01
-2.652186155319213867e-01
-2.428172826766967773e-01
-2.805591821670532227e-01
-3.129580020904541016e-01
-2.246446609497070312e-01
1.254737257957458496e+00
-3.068428635597229004e-01
-3.055422306060791016e-01
8.874016404151916504e-01
-2.863302230834960938e-01
-2.411919236183166504e-01
-2.846993803977966309e-01
-2.621250152587890625e-01
-2.640995979309082031e-01
-2.241904735565185547e-01
-2.533254623413085938e-01
-3.036876916885375977e-01
6.320220232009887695e-01
-2.627401351928710938e-01
-2.801304459571838379e-01
-2.574203610420227051e-01
-2.882221937179565430e-01
-2.085312008857727051e-01
-2.908069491386413574e-01
-2.330414652824401855e-01
-2.206284403800964355e-01
-2.167863249778747559e-01
-2.538836598396301270e-01
-2.533876895904541016e-01
1.378163248300552368e-01
-2.836133837699890137e-01
-2.520244717597961426e-01
-2.411108613014221191e-01
-2.987707853317260742e-01
-2.175720930099487305e-01
-2.591457962989807129e-01
-2.941783070564270020e-01
-2.895594835281372070e-01
-2.029232978820800781e-01
-2.221648693084716797e-01
-2.937675714492797852e-01
1.266705989837646484e+00
-2.621743083000183105e-01
-3.233781456947326660e-01
-2.196221351623535156e-01
-3.083074688911437988e-01
-2.680065035820007324e-01
-2.939288616180419922e-01
-2.000179290771484375e-01
-2.732539176940917969e-01
-2.447196841239929199e-01
-2.775546908378601074e-01
-2.658730149269104004e-01
6.886241436004638672e-01
-2.651147246360778809e-01
-2.693093419075012207e-01
-2.556144595146179199e-01
-3.011438846588134766e-01
-2.412058115005493164e-01
-2.819105386734008789e-01
-2.506533861160278320e-01
-2.698334455490112305e-01
-2.735012173652648926e-01
-2.174144387245178223e-01
-2.934612035751342773e-01
2.320410311222076416e-01
-2.676064372062683105e-01
-2.631994485855102539e-01
-2.192112803459167480e-01
-2.660073041915893555e-01
-2.137767076492309570e-01
-2.859188318252563477e-01
-2.481460571289062500e-01
-3.060090541839599609e-01
-2.880476713180541992e-01
-2.762540578842163086e-01
-2.765710949897766113e-01
-1.776940822601318359e-01
-2.270320057868957520e-01
-2.483254075050354004e-01
-2.822531461715698242e-01
-2.693902850151062012e-01
-2.698758244514465332e-01
-2.817748785018920898e-01
-2.485266327857971191e-01
-2.633413672447204590e-01
-2.727416157722473145e-01
-2.642537355422973633e-01
-2.428669929504394531e-01
-3.260710835456848145e-02
-2.093150615692138672e-01
-2.491541504859924316e-01
-2.652965784072875977e-01
-2.491886019706726074e-01
-2.700114250183105469e-01
-2.272873520851135254e-01
-2.738645672798156738e-01
-2.842217683792114258e-01
-2.652452588081359863e-01
-2.326465249061584473e-01
-1.966010332107543945e-01
7.755428552627563477e-01
-2.827607989311218262e-01
-3.071668148040771484e-01
-2.186527252197265625e-01
-2.802363634109497070e-01
-2.796633839607238770e-01
-2.641971111297607422e-01
-3.250026702880859375e-01
-3.092980980873107910e-01
-3.042262196540832520e-01
-2.501098513603210449e-01
-2.877024412155151367e-01
-5.076053142547607422e-01
-2.418029308319091797e-01
-2.494996190071105957e-01
-1.824274063110351562e-01
-2.406020164489746094e-01
-2.267168164253234863e-01
-2.895017862319946289e-01
-3.036143183708190918e-01
-3.371179699897766113e-01
-2.521061301231384277e-01
-2.773525714874267578e-01
-2.746206521987915039e-01
-2.532280087471008301e-01
-5.869475007057189941e-02
-2.965478897094726562e-01
-2.792034149169921875e-01
-2.846301198005676270e-01
-2.199010252952575684e-01
-3.035357594490051270e-01
-2.208746671676635742e-01
-2.763285040855407715e-01
-2.217532396316528320e-01
-2.482758164405822754e-01
-2.967181801795959473e-01
-4.390946030616760254e-01
-3.070551156997680664e-01
-2.077686786651611328e-01
-2.789223194122314453e-01
-2.658849358558654785e-01
-2.793372273445129395e-01
-1.714673638343811035e-01
-2.786450982093811035e-01
-2.960811257362365723e-01
-2.220652699470520020e-01
-2.848913073539733887e-01
-2.298753261566162109e-01
-3.429170250892639160e-01
-3.383346796035766602e-01
-2.997522354125976562e-01
-2.711749672889709473e-01
-2.506912946701049805e-01
-2.656086087226867676e-01
-3.068466186523437500e-01
-2.841205596923828125e-01
-2.977814078330993652e-01
-1.494553685188293457e-01
-3.300169110298156738e-01
-2.536059021949768066e-01
-2.818016409873962402e-01
-2.068521380424499512e-01
-2.554724216461181641e-01
-2.811357378959655762e-01
-2.595897912979125977e-01
-2.314648628234863281e-01
-3.387621641159057617e-01
-2.683945298194885254e-01
-2.919793128967285156e-01
1.802620291709899902e-02
-2.857216000556945801e-01
-2.363978028297424316e-01
-3.518152832984924316e-01
-2.939735054969787598e-01
-2.875318527221679688e-01
-1.782488226890563965e-01
-2.672197818756103516e-01
-2.014281153678894043e-01
-2.597430348396301270e-01
-2.434036731719970703e-01
-2.027352452278137207e-01
-3.213369846343994141e-01
-2.538942694664001465e-01
-2.087589502334594727e-01
-3.069374561309814453e-01
7.464775443077087402e-02
-3.232804536819458008e-01
-2.708506584167480469e-01
-2.639402151107788086e-01
-1.756973266601562500e-01
-3.060885071754455566e-01
-2.259925603866577148e-01
-2.529682517051696777e-01
-2.184467315673828125e-01
-3.713398575782775879e-01
-5.458712577819824219e-03
-3.158331513404846191e-01
-2.154788374900817871e-01
-2.594219446182250977e-01
-2.689275145530700684e-01
-2.554406523704528809e-01
-2.301480174064636230e-01
-2.503590583801269531e-01
-2.588769197463989258e-01
-2.648981809616088867e-01
-2.491998076438903809e-01
-2.846310138702392578e-01
-2.596197724342346191e-01
-3.743348121643066406e-01
-2.121111154556274414e-01
-2.898477911949157715e-01
-2.474876642227172852e-01
-2.523168325424194336e-01
-2.491897344589233398e-01
-3.184540867805480957e-01
-1.067787408828735352e-01
-2.778909802436828613e-01
-2.152602076530456543e-01
-2.424051761627197266e-01
-2.084307074546813965e-01
-6.975287795066833496e-01
-2.167072892189025879e-01
-3.117424249649047852e-01
-2.850362062454223633e-01
-2.861714363098144531e-01
-2.124280333518981934e-01
-3.009818196296691895e-01
-2.684055566787719727e-01
-2.103949189186096191e-01
-2.633976340293884277e-01
-2.652660012245178223e-01
-2.302045226097106934e-01
-1.877166628837585449e-01
-3.350445032119750977e-01
-3.040205836296081543e-01
-2.493571639060974121e-01
-2.754315733909606934e-01
-2.038540840148925781e-01
-2.518410086631774902e-01
-3.270311355590820312e-01
-2.297377586364746094e-01
-2.153594493865966797e-01
-2.546018958091735840e-01
-2.545841932296752930e-01
3.264120817184448242e-01
-1.518991589546203613e-01
-2.411113381385803223e-01
-3.331880569458007812e-01
-2.595749497413635254e-01
-2.353337407112121582e-01
-3.185604810714721680e-01
-2.393231987953186035e-01
-2.648980021476745605e-01
-2.350122928619384766e-01
-3.442453145980834961e-01
-2.258388400077819824e-01
1.106164097785949707e+00
-2.097482681274414062e-01
-2.672665715217590332e-01
-2.471483945846557617e-01
-2.986900210380554199e-01
-2.013198137283325195e-01
-2.930706143379211426e-01
-2.299342155456542969e-01
-2.935674786567687988e-01
-2.381843924522399902e-01
-2.705993652343750000e-01
-2.505124807357788086e-01
-2.092888951301574707e-01
-2.225733995437622070e-01
-1.978818178176879883e-01
-2.337896227836608887e-01
-2.987656593322753906e-01
-1.388664245605468750e-01
-2.325675487518310547e-01
-2.726545929908752441e-01
-3.121921420097351074e-01
-1.922151446342468262e-01
-3.220504522323608398e-01
-2.411773800849914551e-01
-4.064345955848693848e-01
-3.110746741294860840e-01
-3.038918375968933105e-01
-3.047137260437011719e-01
-3.069388866424560547e-01
-2.632580995559692383e-01
-3.477879166603088379e-01
-2.773484587669372559e-01
-2.728732228279113770e-01
-2.163797616958618164e-01
-3.008708357810974121e-01
-1.820214390754699707e-01
2.944621443748474121e-01
-3.106063604354858398e-01
-2.785030007362365723e-01
-1.878477334976196289e-01
-2.797036767005920410e-01
-3.009673357009887695e-01
-2.723945379257202148e-01
-2.764703035354614258e-01
-2.972144484519958496e-01
-2.298251986503601074e-01
-3.034247756004333496e-01
-2.984820008277893066e-01
4.493480920791625977e-02
4.343361854553222656e-01
-2.925352454185485840e-01
-2.733312249183654785e-01
-3.333954811096191406e-01
-2.098962068557739258e-01
-2.627173662185668945e-01
-3.375130295753479004e-01
-2.990185022354125977e-01
-2.256578803062438965e-01
-2.948312163352966309e-01
-2.061902284622192383e-01
1.123503327369689941e+00
-2.409282326698303223e-01
-3.261783123016357422e-01
-4.738587141036987305e-02
-2.438323497772216797e-01
-2.296444177627563477e-01
-2.399790883064270020e-01
-2.934041619300842285e-01
-2.772147655487060547e-01
-2.238208055496215820e-01
-2.739566564559936523e-01
-2.525768876075744629e-01
5.036910176277160645e-01
-2.428151965141296387e-01
-2.443658113479614258e-01
-1.369948983192443848e-01
-4.221627116203308105e-01
-2.796612977981567383e-01
-3.984186649322509766e-01
7.088328003883361816e-01
-2.439548373222351074e-01
-2.725214958190917969e-01
-2.431470751762390137e-01
-3.290569186210632324e-01
7.016559839248657227e-01
-3.081716895103454590e-01
-2.181017398834228516e-01
-2.350188493728637695e-01
-2.491883635520935059e-01
-2.122255563735961914e-01
-2.303838729858398438e-01
-1.927553415298461914e-01
-2.762352824211120605e-01
-2.463831901550292969e-01
-2.473738193511962891e-01
-2.960736751556396484e-01
9.178203940391540527e-01
-3.392505049705505371e-01
-2.792244553565979004e-01
-3.103083372116088867e-01
-2.961015105247497559e-01
-2.591866850852966309e-01
-2.648981213569641113e-01
-2.484796047210693359e-01
-2.480288147926330566e-01
-3.186627626419067383e-01
-2.626525759696960449e-01
-2.944424748420715332e-01
7.050819396972656250e-01
1.203304290771484375e+00
-3.071048259735107422e-01
-1.413745284080505371e-01
-2.924438118934631348e-01
-2.320176362991333008e-01
-3.021232485771179199e-01
-2.587702274322509766e-01
-3.701161742210388184e-01
-2.718036770820617676e-01
-2.722576260566711426e-01
-2.688741087913513184e-01
2.251398563385009766e-01
-2.488204240798950195e-01
-2.898425459861755371e-01
-2.297905683517456055e-01
-2.389308810234069824e-01
-3.063792586326599121e-01
-2.548164129257202148e-01
-2.459069490432739258e-01
-3.086864352226257324e-01
-2.751796245574951172e-01
-2.508379817008972168e-01
-2.329704165458679199e-01
6.872187256813049316e-01
-3.922293782234191895e-01
-2.702312469482421875e-01
-1.943245530128479004e-01
-2.896434664726257324e-01
-3.335953354835510254e-01
-2.050345540046691895e-01
-2.231903672218322754e-01
-1.223082542419433594e-01
-2.836372852325439453e-01
-2.644495964050292969e-01
-2.594872713088989258e-01
7.917146086692810059e-01
-2.742478847503662109e-01
-3.073158264160156250e-01
-2.122001647949218750e-01
-2.283227443695068359e-01
-2.649644017219543457e-01
-2.856943607330322266e-01
-2.501379847526550293e-01
-2.423807382583618164e-01
-3.368480205535888672e-01
-2.696859240531921387e-01
-2.582830786705017090e-01
7.847727537155151367e-01
-3.787716031074523926e-01
-2.730466723442077637e-01
-2.845048308372497559e-01
-2.514055967330932617e-01
-1.174718737602233887e-01
-2.657601237297058105e-01
-2.957737445831298828e-01
-2.790039181709289551e-01
-3.232378363609313965e-01
-2.748214006423950195e-01
-2.339718937873840332e-01
9.674256443977355957e-01
7.620695829391479492e-01
-3.575713634490966797e-01
-2.782502770423889160e-01
-2.257326245307922363e-01
-2.563098669052124023e-01
-2.559891939163208008e-01
-2.760034203529357910e-01
-2.707840204238891602e-01
-2.989740967750549316e-01
-2.828177213668823242e-01
-2.919660210609436035e-01
1.649231314659118652e-01
-1.695113778114318848e-01
-3.068391084671020508e-01
-2.247620820999145508e-01
-2.702603936195373535e-01
-2.732499837875366211e-01
-2.482508420944213867e-01
-3.116843700408935547e-01
-5.346700549125671387e-01
1.931257396936416626e-01
-2.817506194114685059e-01
-2.184610366821289062e-01
-1.629550457000732422e-01
-2.289469242095947266e-01
-2.573112845420837402e-01
-2.796363830566406250e-01
-2.783913016319274902e-01
-3.236772418022155762e-01
-2.858445644378662109e-01
-2.617358565330505371e-01
-2.776580452919006348e-01
-2.863543629646301270e-01
-2.606910467147827148e-01
-2.843250036239624023e-01
1.445509940385818481e-01
-2.048711776733398438e-01
-3.389471173286437988e-01
-2.682217359542846680e-01
-2.771348357200622559e-01
-2.187841534614562988e-01
-2.632194757461547852e-01
-2.551628947257995605e-01
-2.948176860809326172e-01
-2.543964385986328125e-01
-2.558885812759399414e-01
-2.848494648933410645e-01
-4.674216508865356445e-01
-2.069634199142456055e-01
-3.145959973335266113e-01
-2.327720522880554199e-01
-3.000583648681640625e-01
-2.969152331352233887e-01
-3.008749485015869141e-01
-2.874527573585510254e-01
-2.864076495170593262e-01
-2.666186690330505371e-01
-2.857378721237182617e-01
-2.519012093544006348e-01
-3.163163065910339355e-01
-2.693848609924316406e-01
-2.528925538063049316e-01
-2.590063214302062988e-01
-2.736112475395202637e-01
-2.160379290580749512e-01
-2.998786568641662598e-01
-2.551627159118652344e-01
-2.617852687835693359e-01
-2.293409109115600586e-01
-2.854523062705993652e-01
-2.491813302040100098e-01
-4.622343778610229492e-01
-2.337715625762939453e-01
-2.662143707275390625e-01
-2.631539702415466309e-01
-2.822116613388061523e-01
-2.175998687744140625e-01
-2.730727195739746094e-01
-2.491984963417053223e-01
-2.917096614837646484e-01
-2.551379799842834473e-01
-3.010904192924499512e-01
-2.491320967674255371e-01
-3.766446709632873535e-01
-2.251108884811401367e-01
-3.213271498680114746e-01
-1.855107545852661133e-01
-2.615805864334106445e-01
-2.138541340827941895e-01
-2.683686017990112305e-01
-8.492657542228698730e-02
-2.716459631919860840e-01
-1.749759912490844727e-01
-3.135485649108886719e-01
-2.491883039474487305e-01
-4.139549136161804199e-01
-2.164923548698425293e-01
-3.104537129402160645e-01
-2.094214558601379395e-01
-3.148676753044128418e-01
-1.732888221740722656e-01
-2.899504303932189941e-01
-2.183426618576049805e-01
-2.659046649932861328e-01
-2.278642058372497559e-01
-3.098424673080444336e-01
-2.633972167968750000e-01
-8.625069260597229004e-02
-2.392728924751281738e-01
-3.344507813453674316e-01
-2.082039117813110352e-01
-2.650749087333679199e-01
-2.170696854591369629e-01
-2.587285041809082031e-01
-2.435379028320312500e-01
-2.648981213569641113e-01
-2.435448169708251953e-01
-2.175143361091613770e-01
-2.169513702392578125e-01
6.686962842941284180e-01
-2.435274720191955566e-01
-2.835165262222290039e-01
-1.831330657005310059e-01
-2.475041151046752930e-01
-2.955227494239807129e-01
-2.514778375625610352e-01
-2.670520544052124023e-01
-2.686045169830322266e-01
-2.873277068138122559e-01
-2.689310908317565918e-01
-1.627631187438964844e-01
-3.681216835975646973e-01
-2.355492711067199707e-01
-3.088127970695495605e-01
-1.985631585121154785e-01
-2.648979425430297852e-01
-2.324159145355224609e-01
-2.543191313743591309e-01
-2.272548675537109375e-01
-2.056055665016174316e-01
-2.632432579994201660e-01
-2.321776151657104492e-01
-2.592424154281616211e-01
-2.468937635421752930e-02
-2.660807371139526367e-01
-2.930948734283447266e-01
-2.294853925704956055e-01
-2.648980021476745605e-01
-1.767145395278930664e-01
-2.747098803520202637e-01
-1.923476457595825195e-01
-2.727119326591491699e-01
-2.871274352073669434e-01
-2.773340940475463867e-01
-2.491883039474487305e-01
2.365910559892654419e-01
-2.289329767227172852e-01
-2.782596349716186523e-01
-2.768424749374389648e-01
-2.349208593368530273e-01
-2.290613055229187012e-01
-2.629830241203308105e-01
-2.456085085868835449e-01
-2.844393253326416016e-01
-2.356158494949340820e-01
-2.497405409812927246e-01
-2.258324027061462402e-01
6.151522397994995117e-01
-2.102445363998413086e-01
-3.594363331794738770e-01
-2.539755702018737793e-01
-2.677202820777893066e-01
-2.485851049423217773e-01
-3.407894372940063477e-01
-2.784008979797363281e-01
-2.648981213569641113e-01
-2.784019708633422852e-01
-2.845113873481750488e-01
-3.299322724342346191e-01
1.084379404783248901e-01
-2.989553213119506836e-01
-2.382859587669372559e-02
-2.483840584754943848e-01
-3.293418288230895996e-01
-2.649128437042236328e-01
-2.315579652786254883e-01
-2.744287848472595215e-01
-2.648981213569641113e-01
-2.649978995323181152e-01
-2.783205509185791016e-01
-2.806609869003295898e-01
3.589248061180114746e-01
-2.329314351081848145e-01
-3.064396381378173828e-01
-2.538155913352966309e-01
-3.311195373535156250e-01
-2.769902348518371582e-01
-3.289720416069030762e-01
-2.446920275688171387e-01
-2.676165103912353516e-01
-2.319458723068237305e-01
-2.708678841590881348e-01
-2.715792655944824219e-01
3.500911593437194824e-02
-2.395759820938110352e-01
-2.921171188354492188e-01
-2.389498949050903320e-01
-3.194501399993896484e-01
-2.332056164741516113e-01
-2.746617794036865234e-01
-3.417643904685974121e-01
-2.470590472221374512e-01
-2.581053972244262695e-01
-2.982385754585266113e-01
-2.312139868736267090e-01
-2.874570488929748535e-01
-1.948952078819274902e-01
-2.668429613113403320e-01
-2.696604132652282715e-01
-2.490655183792114258e-01
-2.304236292839050293e-01
-2.734759449958801270e-01
-1.621123552322387695e-01
-2.300677895545959473e-01
-2.796732783317565918e-01
-2.765598297119140625e-01
-2.797034382820129395e-01
-2.123472094535827637e-01
-2.389094233512878418e-01
-2.859221696853637695e-01
1.083081960678100586e-02
-2.609647512435913086e-01
-2.298253178596496582e-01
-2.797830700874328613e-01
-2.872172594070434570e-01
-2.491883039474487305e-01
-2.460680603981018066e-01
-2.841868996620178223e-01
-2.237100601196289062e-01
-4.679651856422424316e-01
-1.798408031463623047e-01
-3.425398468971252441e-01
7.069531083106994629e-02
-2.872356772422790527e-01
-2.199361920356750488e-01
-2.578334808349609375e-01
-2.500727772712707520e-01
-2.734311819076538086e-01
-2.284904122352600098e-01
-2.486360669136047363e-01
-2.598165273666381836e-01
6.083967089653015137e-01
-2.338318228721618652e-01
-3.414036035537719727e-01
-1.407220363616943359e-01
-2.792405486106872559e-01
-2.491794824600219727e-01
-2.672045826911926270e-01
-2.492436170578002930e-01
-2.496593594551086426e-01
-2.491882443428039551e-01
-2.492656707763671875e-01
-2.537910342216491699e-01
-1.246181726455688477e-01
-2.492514252662658691e-01
-2.839568853378295898e-01
-2.235774993896484375e-01
-2.877652049064636230e-01
-2.485334873199462891e-01
6.011778116226196289e-02
-2.260513901710510254e-01
-2.347118258476257324e-01
-2.746966481208801270e-01
-2.094628810882568359e-01
-2.803854346275329590e-01
1.298237085342407227e+00
-3.313464522361755371e-01
-2.460480928421020508e-01
-2.743396162986755371e-01
-3.203378915786743164e-01
-2.798007726669311523e-01
-2.645378112792968750e-01
-2.416784167289733887e-01
-2.493534684181213379e-01
-2.487752437591552734e-01
-2.491945624351501465e-01
-2.347915172576904297e-01
-6.498828530311584473e-02
-2.525496482849121094e-01
-3.029453158378601074e-01
-2.812057733535766602e-01
-3.311713337898254395e-01
-2.145875096321105957e-01
-2.928959727287292480e-01
-2.171009778976440430e-01
-2.648981213569641113e-01
-2.298245429992675781e-01
-3.152056932449340820e-01
-2.785262465476989746e-01
1.617806553840637207e-01
-2.742377519607543945e-01
-3.095214366912841797e-01
-2.617136836051940918e-01
-2.846294045448303223e-01
-2.163299322128295898e-01
-2.792416214942932129e-01
-2.566377520561218262e-01
-2.855536937713623047e-01
-2.849231362342834473e-01
-2.279412150382995605e-01
-2.484263777732849121e-01
2.017336636781692505e-01
-2.780531048774719238e-01
-2.768259048461914062e-01
-2.662950158119201660e-01
-2.642634510993957520e-01
-2.441803216934204102e-01
-2.543491125106811523e-01
-2.713365554809570312e-01
-2.648981213569641113e-01
-2.586184144020080566e-01
-2.531710267066955566e-01
-2.402336597442626953e-01
6.031960248947143555e-02
-3.580108284950256348e-01
-2.425047755241394043e-01
-2.789170742034912109e-01
-2.598552107810974121e-01
-2.641821503639221191e-01
-2.460284233093261719e-01
-2.317391037940979004e-01
-2.627533674240112305e-01
-1.567556262016296387e-01
-2.959949374198913574e-01
-2.710433006286621094e-01
2.960692048072814941e-01
-3.075582981109619141e-01
-2.490742206573486328e-01
-2.771999239921569824e-01
-2.697188854217529297e-01
-2.877032756805419922e-01
-2.482162117958068848e-01
-2.491883039474487305e-01
-2.476006150245666504e-01
-2.531675696372985840e-01
-2.869341969490051270e-01
-2.492980957031250000e-01
-3.330160379409790039e-01
-3.052726984024047852e-01
-2.474137544631958008e-01
-2.668929100036621094e-01
-2.477407455444335938e-01
-2.628556489944458008e-01
-2.372291088104248047e-01
-2.208758592605590820e-01
-2.648981213569641113e-01
-2.488244771957397461e-01
-3.377335667610168457e-01
-2.491893172264099121e-01
1.107602477073669434e+00
-2.938532829284667969e-01
-2.805571556091308594e-01
-2.553497552871704102e-01
-2.650852203369140625e-01
-2.188791036605834961e-01
-2.452889084815979004e-01
-2.121006250381469727e-01
-2.491998672485351562e-01
-2.064511775970458984e-01
-2.675968408584594727e-01
-2.665268182754516602e-01
-2.861195206642150879e-01
-3.015786409378051758e-01
-2.714315056800842285e-01
-2.203089594841003418e-01
-2.980698943138122559e-01
-2.568958401679992676e-01
-2.316648960113525391e-01
-2.291997671127319336e-01
-2.856874465942382812e-01
-2.235772609710693359e-01
-2.798078060150146484e-01
-2.042938470840454102e-01
3.155112564563751221e-01
-2.848761081695556641e-01
-2.874286174774169922e-01
-2.389062047004699707e-01
-2.846269011497497559e-01
-2.741137742996215820e-01
-2.647106647491455078e-01
-2.210215330123901367e-01
-2.885094881057739258e-01
-2.291613817214965820e-01
-2.797971367835998535e-01
-2.694596648216247559e-01
-1.391072869300842285e-01
-1.895062923431396484e-01
-2.584282755851745605e-01
-2.154949307441711426e-01
-2.846294045448303223e-01
-2.690993547439575195e-01
-2.185690999031066895e-01
-2.517971992492675781e-01
-2.846294641494750977e-01
-2.652660012245178223e-01
-2.189228534698486328e-01
-2.652757167816162109e-01
8.320915699005126953e-02
-1.813289523124694824e-01
-2.995386123657226562e-01
-2.301600575447082520e-01
-2.638577818870544434e-01
-2.537006735801696777e-01
-2.846286892890930176e-01
-2.042140364646911621e-01
-2.846294045448303223e-01
-2.818334698677062988e-01
-2.756989598274230957e-01
-2.450129389762878418e-01
-2.674964666366577148e-01
-2.133131027221679688e-02
-2.074590921401977539e-01
-2.694184184074401855e-01
-3.006396889686584473e-01
-2.552172541618347168e-01
-3.122082948684692383e-01
-2.077431082725524902e-01
-3.113472461700439453e-01
-2.397273778915405273e-01
-2.817313075065612793e-01
-2.184607982635498047e-01
-2.183615565299987793e-01
-2.979182600975036621e-01
-2.580274939537048340e-01
-2.143187522888183594e-01
-2.503396272659301758e-01
-2.908922433853149414e-01
-2.846294045448303223e-01
-2.184695005416870117e-01
-3.425907492637634277e-01
-3.274663090705871582e-01
-2.784373164176940918e-01
-2.184985280036926270e-01
-2.799794077873229980e-01
-2.178524732589721680e-01
-2.693592905998229980e-01
-2.592700123786926270e-01
-3.216634392738342285e-01
-2.077719569206237793e-01
-3.123161196708679199e-01
-2.711937427520751953e-01
-2.702654004096984863e-01
-2.490366697311401367e-01
-2.846294045448303223e-01
-2.940040230751037598e-01
-3.859291672706604004e-01
-2.048738002777099609e-01
-2.727646231651306152e-01
-2.651135921478271484e-01
-2.873055338859558105e-01
-3.101050853729248047e-01
-2.702653408050537109e-01
-2.491878867149353027e-01
-3.330035209655761719e-01
-2.373999953269958496e-01
-2.844701409339904785e-01
-2.427634000778198242e-01
-2.777203321456909180e-01
-1.934009790420532227e-01
-3.102259635925292969e-01
-2.762559056282043457e-01
-2.349559664726257324e-01
-2.946656942367553711e-01
-2.494320273399353027e-01
-2.160399556159973145e-01
-2.828730940818786621e-01
-2.209462523460388184e-01
-3.584867715835571289e-01
-2.801632285118103027e-01
2.168680876493453979e-01
-2.168636322021484375e-01
-2.998498082160949707e-01
-2.199947237968444824e-01
-2.741026282310485840e-01
-2.231194972991943359e-01
-2.778845429420471191e-01
-2.761430740356445312e-01
-2.790670990943908691e-01
-2.162009477615356445e-03
-2.805799841880798340e-01
-2.894604206085205078e-01
-8.103406429290771484e-02
-1.541464924812316895e-01
-2.857617139816284180e-01
-2.819440960884094238e-01
-2.540425658226013184e-01
-1.848866343498229980e-01
-2.213032245635986328e-01
-2.514952421188354492e-01
-2.514840960502624512e-01
-2.203761339187622070e-01
-2.689310908317565918e-01
-2.998851537704467773e-01
-1.286776661872863770e-01
-1.962182521820068359e-01
-2.611827850341796875e-01
-2.644495964050292969e-01
-2.369919419288635254e-01
-2.650652527809143066e-01
-2.159976363182067871e-01
-2.747588753700256348e-01
-1.964597702026367188e-01
-3.131284117698669434e-01
-2.599114179611206055e-01
-2.855470180511474609e-01
-1.706609129905700684e-01
-2.130743265151977539e-01
-2.641777396202087402e-01
-2.606811523437500000e-01
-5.365687012672424316e-01
-2.768324613571166992e-01
-2.631191611289978027e-01
-2.392697334289550781e-01
-3.034527301788330078e-01
-2.737859487533569336e-01
-2.690717577934265137e-01
-2.623171806335449219e-01
1.061997413635253906e+00
-1.783263087272644043e-01
-2.536898851394653320e-01
-2.475005984306335449e-01
-2.648985981941223145e-01
-2.769885063171386719e-01
-2.610050439834594727e-01
-2.769716382026672363e-01
-2.519127130508422852e-01
-2.491883039474487305e-01
-2.519123554229736328e-01
-2.136710882186889648e-01
-1.053606271743774414e-01
-2.609018683433532715e-01
-3.267937302589416504e-01
-1.825625896453857422e-01
-2.784034013748168945e-01
-2.433326244354248047e-01
-1.810927391052246094e-01
-3.143325448036193848e-01
-2.491884231567382812e-01
-2.491882443428039551e-01
-2.551108598709106445e-01
-2.516210079193115234e-01
-4.595708250999450684e-01
-2.287311553955078125e-01
-2.968140244483947754e-01
-3.006190061569213867e-01
-2.521124482154846191e-01
-2.268187403678894043e-01
-2.648980021476745605e-01
-2.491875290870666504e-01
-2.771607637405395508e-01
-2.492985725402832031e-01
-2.496761679649353027e-01
-2.491883039474487305e-01
-1.516773104667663574e-01
-1.872844099998474121e-01
-2.906041145324707031e-01
-2.015509605407714844e-01
-2.901363372802734375e-01
-2.193652987480163574e-01
-2.803857922554016113e-01
-2.973003387451171875e-01
-2.881786823272705078e-01
-2.274550199508666992e-01
-3.075686693191528320e-01
-2.506737112998962402e-01
2.660176157951354980e-02
-1.903000473976135254e-01
-2.504950165748596191e-01
-2.085600495338439941e-01
-2.851461172103881836e-01
-2.294145226478576660e-01
-2.497276663780212402e-01
-2.429896593093872070e-01
-2.767789959907531738e-01
-2.491882443428039551e-01
-2.431014180183410645e-01
-2.124280333518981934e-01
-2.915404438972473145e-01
-1.742986440658569336e-01
-2.544674277305603027e-01
-2.060254812240600586e-01
-3.229408860206604004e-01
-2.298133373260498047e-01
-2.648982405662536621e-01
-2.486986517906188965e-01
-2.956488132476806641e-01
-2.491883039474487305e-01
-2.648981213569641113e-01
-2.276531457901000977e-01
-3.539443016052246094e-01
-1.542333960533142090e-01
-3.123677372932434082e-01
-2.962680459022521973e-01
-3.285155892372131348e-01
-2.472792267799377441e-01
-2.977810502052307129e-01
-2.395768761634826660e-01
-2.961386442184448242e-01
-2.576506733894348145e-01
-2.652711868286132812e-01
-2.519675493240356445e-01
4.754872024059295654e-01
-2.093346714973449707e-01
-2.706890106201171875e-01
-2.307093739509582520e-01
-3.111361265182495117e-01
-2.523561716079711914e-01
-2.846294045448303223e-01
-2.515698671340942383e-01
-3.051085472106933594e-01
-2.760868072509765625e-01
-2.648989558219909668e-01
-2.271113991737365723e-01
-1.341978013515472412e-01
-2.104912996292114258e-01
-2.958259582519531250e-01
-2.320175170898437500e-01
-2.702454328536987305e-01
-2.551879286766052246e-01
-2.738675475120544434e-01
-1.883036494255065918e-01
-2.881034016609191895e-01
-2.076894044876098633e-01
-2.662380337715148926e-01
-2.311691641807556152e-01
-2.254901528358459473e-01
-2.763465642929077148e-01
-2.486746311187744141e-01
-2.485709190368652344e-01
-2.648981213569641113e-01
-2.543606758117675781e-01
-3.018754124641418457e-01
-2.501663565635681152e-01
-2.647868990898132324e-01
-2.445779442787170410e-01
-2.910937070846557617e-01
-2.424569725990295410e-01
-2.280043363571166992e-01
-2.063600420951843262e-01
-2.967236638069152832e-01
-2.634412050247192383e-01
-2.587181925773620605e-01
-2.306989431381225586e-01
-2.648817300796508789e-01
-2.032744884490966797e-01
-2.887228131294250488e-01
-2.139416337013244629e-01
-2.492144703865051270e-01
-2.223303318023681641e-01
1.037193536758422852e-01
-2.494132518768310547e-01
-3.011684417724609375e-01
-2.764664888381958008e-01
-2.688359022140502930e-01
-2.587127685546875000e-01
-2.648981213569641113e-01
-2.221291661262512207e-01
-2.491883039474487305e-01
-2.240386605262756348e-01
-2.499517202377319336e-01
-2.491883039474487305e-01
1.123521327972412109e+00
-2.653863430023193359e-01
-2.880057692527770996e-01
-2.843879461288452148e-01
-2.543904781341552734e-01
-2.165912985801696777e-01
-2.298279404640197754e-01
-2.276919484138488770e-01
-2.643567919731140137e-01
-2.491883635520935059e-01
-2.833636403083801270e-01
-2.848764061927795410e-01
-3.805586695671081543e-01
-2.032936811447143555e-01
-2.650784850120544434e-01
-2.423273324966430664e-01
-1.953505277633666992e-01
-2.687771916389465332e-01
-2.587578296661376953e-01
-2.152789235115051270e-01
-2.376673221588134766e-01
-2.169570326805114746e-01
-2.648981213569641113e-01
-2.039585113525390625e-01
1.084483861923217773e+00
-2.722736597061157227e-01
-2.491837143898010254e-01
-1.740918159484863281e-01
-2.938370704650878906e-01
-2.491883039474487305e-01
-2.494937181472778320e-01
-2.512637972831726074e-01
-2.529536485671997070e-01
-2.491833567619323730e-01
-2.648981213569641113e-01
-2.102091908454895020e-01
1.445975899696350098e-02
-2.657138705253601074e-01
-2.317913770675659180e-01
-2.901721596717834473e-01
-2.720013260841369629e-01
-2.626287937164306641e-01
-2.360439300537109375e-01
-2.602043151855468750e-01
-2.398911118507385254e-01
-2.626295089721679688e-01
-2.546597123146057129e-01
-2.596966624259948730e-01
-5.428305268287658691e-02
-2.649755477905273438e-01
-3.090997338294982910e-01
-2.517341971397399902e-01
-2.689297795295715332e-01
-2.491883039474487305e-01
-2.667781114578247070e-01
-2.435070276260375977e-01
-2.682564258575439453e-01
-2.705709934234619141e-01
-2.648981213569641113e-01
-2.475872635841369629e-01
-2.385635972023010254e-01
-2.484525442123413086e-01
-2.596734166145324707e-01
-1.953956484794616699e-01
-3.319772481918334961e-01
-2.820774316787719727e-01
-3.161455392837524414e-01
-2.455495595932006836e-01
-2.846294045448303223e-01
-2.411686778068542480e-01
-2.648980021476745605e-01
-2.705149650573730469e-01
-1.802358627319335938e-01
-2.260250449180603027e-01
-2.655174136161804199e-01
-2.114073038101196289e-01
-2.814189791679382324e-01
-2.008022069931030273e-01
-2.712249159812927246e-01
-2.299836874008178711e-01
-2.175533771514892578e-01
-2.107949852943420410e-01
-2.648981213569641113e-01
-2.491883039474487305e-01
3.101981878280639648e-01
-2.435070276260375977e-01
-2.378646135330200195e-01
-2.120211720466613770e-01
-2.357224822044372559e-01
-2.722883820533752441e-01
-2.980671525001525879e-01
-2.427955865859985352e-01
-2.573072910308837891e-01
-2.733916044235229492e-01
-2.846294045448303223e-01
-2.696752548217773438e-01
-2.722558975219726562e-01
-2.509462833404541016e-01
2.688668668270111084e-01
-3.152946829795837402e-01
-2.631670236587524414e-01
-1.971551775932312012e-01
-2.320422530174255371e-01
-2.057387828826904297e-01
-2.453998327255249023e-01
-2.479963898658752441e-01
-2.788780331611633301e-01
-4.583495855331420898e-02
7.544232606887817383e-01
-2.378337979316711426e-01
-3.157616853713989258e-01
-2.557939887046813965e-01
-2.649019956588745117e-01
-2.328731417655944824e-01
-3.008032441139221191e-01
-2.187696099281311035e-01
-2.649517059326171875e-01
-2.521632909774780273e-01
-2.362028360366821289e-01
-3.076873421669006348e-01
1.245718717575073242e+00
-2.589018344879150391e-01
-2.642169594764709473e-01
-2.408233880996704102e-01
-2.687807679176330566e-01
-2.051536440849304199e-01
-2.761300206184387207e-01
-1.841185688972473145e-01
-2.707427144050598145e-01
-2.095405459403991699e-01
-2.967286109924316406e-01
-2.192304730415344238e-01
1.501914411783218384e-01
-2.726906538009643555e-01
-2.634016871452331543e-01
-1.876728534698486328e-01
-2.457343339920043945e-01
-2.026622295379638672e-01
-3.244407176971435547e-01
-2.510390877723693848e-01
-2.399876713752746582e-01
-2.193332314491271973e-01
-2.704496979713439941e-01
-2.196909189224243164e-01
-3.867936134338378906e-01
-2.147216796875000000e-01
-2.846962213516235352e-01
-2.488582730293273926e-01
-2.930750250816345215e-01
-1.984115839004516602e-01
-2.728220224380493164e-01
-2.346163392066955566e-01
-2.518832087516784668e-01
-2.420734763145446777e-01
-2.492056488990783691e-01
-2.333732247352600098e-01
3.428084552288055420e-01
-2.564145922660827637e-01
-2.766090631484985352e-01
-2.692148685455322266e-01
-2.355005145072937012e-01
-2.644659876823425293e-01
-3.318433165550231934e-01
-2.493309974670410156e-01
-2.735040783882141113e-01
-2.354390025138854980e-01
-3.417586684226989746e-01
-2.254341840744018555e-01
1.176169037818908691e+00
-2.025315165519714355e-01
-2.840104103088378906e-01
-2.137573361396789551e-01
-2.781229615211486816e-01
-2.387408614158630371e-01
-3.850037455558776855e-01
-2.236142158508300781e-01
-2.544203996658325195e-01
-2.604147791862487793e-01
-2.511218190193176270e-01
-2.763080596923828125e-01
3.515351414680480957e-01
-2.410280704498291016e-01
-2.832945585250854492e-01
-2.491882443428039551e-01
-2.694907188415527344e-01
-2.182697653770446777e-01
-3.303332328796386719e-01
-2.735956311225891113e-01
-2.646648287773132324e-01
-2.891542315483093262e-01
-2.564069032669067383e-01
-2.920280098915100098e-01
-4.937254190444946289e-01
-2.159717679023742676e-01
-2.597117424011230469e-01
-2.584404349327087402e-01
-2.728372812271118164e-01
-2.178238630294799805e-01
-2.564048171043395996e-01
-2.726469635963439941e-01
-2.905114889144897461e-01
-2.635518908500671387e-01
-2.545226216316223145e-01
-2.553934454917907715e-01
5.699055194854736328e-01
-2.304095029830932617e-01
-2.190794348716735840e-01
-2.691532969474792480e-01
-2.348244786262512207e-01
-2.899677157402038574e-01
-2.968409061431884766e-01
-2.796633839607238770e-01
-2.648460865020751953e-01
-2.546553015708923340e-01
-2.344628572463989258e-01
-2.905651926994323730e-01
-2.606501579284667969e-01
-2.874364852905273438e-01
-2.773543596267700195e-01
-2.197981476783752441e-01
-2.699116468429565430e-01
-2.522583603858947754e-01
-2.591825127601623535e-01
-2.548862099647521973e-01
-2.619964480400085449e-01
-2.670517563819885254e-01
-2.846292853355407715e-01
-2.295575737953186035e-01
-2.183505892753601074e-01
-2.206943035125732422e-01
-2.305228114128112793e-01
-2.122339606285095215e-01
-2.740120291709899902e-01
-2.183608412742614746e-01
-2.349537014961242676e-01
-2.288976311683654785e-01
-2.751458883285522461e-01
-2.171089053153991699e-01
-2.627752423286437988e-01
-2.298325300216674805e-01
-3.806617259979248047e-01
-3.340255022048950195e-01
-1.949457526206970215e-01
-2.440717816352844238e-01
-2.743859291076660156e-01
-2.442557811737060547e-01
-2.702723145484924316e-01
-2.572966814041137695e-01
-2.491882443428039551e-01
-3.108534812927246094e-01
-2.491882443428039551e-01
-2.969993352890014648e-01
-4.146016836166381836e-01
-2.758467197418212891e-01
-2.266710400581359863e-01
-2.236125469207763672e-01
-2.208697199821472168e-01
-1.585430502891540527e-01
-2.617368698120117188e-01
-2.730941772460937500e-01
-2.648980617523193359e-01
-2.519109845161437988e-01
-2.648984193801879883e-01
-2.461506724357604980e-01
-4.727032780647277832e-02
-3.540765643119812012e-01
-2.529789209365844727e-01
-2.886990904808044434e-01
-2.783383727073669434e-01
-3.573779463768005371e-01
-2.612230777740478516e-01
-2.860350608825683594e-01
-2.455534934997558594e-01
-2.689552307128906250e-01
-2.491883039474487305e-01
-2.907463908195495605e-01
-2.728843688964843750e-01
-3.792083859443664551e-01
-2.673731446266174316e-01
-2.572715282440185547e-01
-2.857385277748107910e-01
-2.720257639884948730e-01
-2.491883039474487305e-01
-2.537267804145812988e-01
-2.371454238891601562e-01
-3.461210727691650391e-01
-2.229343056678771973e-01
-3.029837608337402344e-01
-1.041194498538970947e-01
-3.971689939498901367e-01
-2.294582724571228027e-01
-3.218778967857360840e-01
-2.465050220489501953e-01
-3.198410868644714355e-01
-2.220554351806640625e-01
-2.656428813934326172e-01
-2.214385271072387695e-01
-2.675275802612304688e-01
-2.643479108810424805e-01
-2.399442195892333984e-01
7.221145629882812500e-01
-2.882913947105407715e-01
-2.459304332733154297e-01
-3.183798789978027344e-01
-2.570850253105163574e-01
-2.916378378868103027e-01
-2.844790816307067871e-01
-3.010364174842834473e-01
-1.691200137138366699e-01
-2.710326910018920898e-01
-2.327976822853088379e-01
-2.959646582603454590e-01
8.016204833984375000e-01
-3.406343460083007812e-01
-2.025929093360900879e-01
-3.020259737968444824e-01
-2.491885423660278320e-01
-3.020393252372741699e-01
-2.458996176719665527e-01
-3.127656579017639160e-01
-2.616336345672607422e-01
-2.911105155944824219e-01
-2.485842704772949219e-01
-2.732357382774353027e-01
-2.707582712173461914e-01
-2.614392042160034180e-01
-2.267413139343261719e-01
-2.434816956520080566e-01
-2.497600913047790527e-01
-2.804397344589233398e-01
-2.542774677276611328e-01
-2.918525934219360352e-01
-2.490187287330627441e-01
-3.156473040580749512e-01
-2.400852441787719727e-01
-2.716513872146606445e-01
4.545994997024536133e-01
-2.986636161804199219e-01
-2.355089783668518066e-01
-3.159378170967102051e-01
-2.491883039474487305e-01
-2.713056206703186035e-01
-2.628105878829956055e-01
-2.124157547950744629e-01
-2.481961250305175781e-01
-2.736475467681884766e-01
-2.390316128730773926e-01
-2.487772107124328613e-01
5.394142866134643555e-02
-2.081637382507324219e-01
-2.294803857803344727e-01
-1.784377694129943848e-01
-2.522942423820495605e-01
-1.796349287033081055e-01
-2.490538358688354492e-01
-1.886697411537170410e-01
-2.391564249992370605e-01
-2.030165195465087891e-01
-2.682541012763977051e-01
-1.798112392425537109e-01
-3.127909302711486816e-01
-2.431964278221130371e-01
-2.438882589340209961e-01
-2.391362786293029785e-01
-2.612206339836120605e-01
-1.973650455474853516e-01
-2.733395099639892578e-01
-1.886698603630065918e-01
-2.829691767692565918e-01
-2.736193537712097168e-01
-2.927025556564331055e-01
-2.077090144157409668e-01
-3.469992876052856445e-01
-2.762209177017211914e-01
-2.895966172218322754e-01
-2.031756043434143066e-01
-2.515895366668701172e-01
-1.893544793128967285e-01
-2.652665972709655762e-01
-2.515451312065124512e-01
-2.783550024032592773e-01
-2.775367498397827148e-01
-2.953762412071228027e-01
-2.348473668098449707e-01
-1.935161948204040527e-01
-3.527442812919616699e-01
-2.659414410591125488e-01
-1.986944079399108887e-01
-2.775679826736450195e-01
-2.239029407501220703e-01
-2.020708918571472168e-01
-1.854690313339233398e-01
-2.541844248771667480e-01
-3.080466985702514648e-01
-2.505691051483154297e-01
-2.765651345252990723e-01
-3.291382193565368652e-01
-3.401011824607849121e-01
-2.404879927635192871e-01
-2.085563540458679199e-01
-2.676689028739929199e-01
-2.324892878532409668e-01
-2.648981213569641113e-01
-2.205035686492919922e-01
-2.491374611854553223e-01
-2.792965173721313477e-01
-2.648464441299438477e-01
-2.313525676727294922e-01
-3.092061877250671387e-01
-2.994787693023681641e-01
-2.306775450706481934e-01
-2.184492945671081543e-01
-2.983491420745849609e-01
-2.236631512641906738e-01
-2.648983001708984375e-01
-2.198271155357360840e-01
-2.648981809616088867e-01
-1.916575431823730469e-01
-2.628720998764038086e-01
-2.298199534416198730e-01
7.028191089630126953e-01
-3.700108528137207031e-01
-2.923130989074707031e-01
-2.298256754875183105e-01
-2.576866149902343750e-01
-2.439590692520141602e-01
-2.811806797981262207e-01
-2.067739963531494141e-01
-2.648981213569641113e-01
-2.547578215599060059e-01
-2.298704981803894043e-01
-2.481688857078552246e-01
-3.141373991966247559e-01
-3.296897411346435547e-01
-2.957513332366943359e-01
-2.352936863899230957e-01
-2.648981213569641113e-01
-2.217389941215515137e-01
-3.000779747962951660e-01
-2.923088669776916504e-01
-2.648981213569641113e-01
-2.719381451606750488e-01
-2.846294045448303223e-01
-2.554386854171752930e-01
-2.201634049415588379e-01
-3.107139468193054199e-01
-3.018048405647277832e-01
-2.310780286788940430e-01
-2.504301667213439941e-01
-2.769389152526855469e-01
-3.476013541221618652e-01
-2.705734968185424805e-01
-2.648980021476745605e-01
-2.485425472259521484e-01
-2.779814004898071289e-01
-2.519605159759521484e-01
-3.627004623413085938e-01
-3.165756464004516602e-01
-2.513650655746459961e-01
-2.644720077514648438e-01
-2.648981213569641113e-01
-2.479860782623291016e-01
-2.585102915763854980e-01
-2.482416033744812012e-01
-2.677319645881652832e-01
-2.693489789962768555e-01
-2.900844812393188477e-01
-2.868863940238952637e-01
-3.354135155677795410e-01
-3.012422323226928711e-01
-2.677158117294311523e-01
-3.183593750000000000e-01
-2.121312618255615234e-01
-2.549932599067687988e-01
-2.648981213569641113e-01
-2.653510570526123047e-01
-2.743856310844421387e-01
-2.328703999519348145e-01
-2.648981809616088867e-01
-2.786853313446044922e-01
-3.776860833168029785e-01
-3.232011198997497559e-01
-3.042852878570556641e-01
-3.357699513435363770e-01
-2.534902095794677734e-01
-2.636134028434753418e-01
-2.900362610816955566e-01
-2.497972846031188965e-01
-2.721543908119201660e-01
-3.961598873138427734e-01
-2.643969655036926270e-01
-2.462190985679626465e-01
-1.142097115516662598e-01
-2.737199068069458008e-01
-2.908542156219482422e-01
-3.051857352256774902e-01
-2.895305752754211426e-01
-2.088527083396911621e-01
-2.953087091445922852e-01
-2.494474649429321289e-01
-2.923148274421691895e-01
-2.546150684356689453e-01
-2.667582631111145020e-01
-2.402328252792358398e-01
3.276406228542327881e-01
-3.078417181968688965e-01
-2.761901021003723145e-01
-2.525956630706787109e-01
-2.506363987922668457e-01
-2.449231147766113281e-01
-2.617583870887756348e-01
-2.491883039474487305e-01
-2.496681213378906250e-01
-2.239790558815002441e-01
-2.463663816452026367e-01
-2.195090651512145996e-01
-2.961413264274597168e-01
-2.793458700180053711e-01
-2.859874963760375977e-01
-2.983327507972717285e-01
-2.709690332412719727e-01
-3.325591683387756348e-01
-2.647379040718078613e-01
-2.648981213569641113e-01
-2.312517166137695312e-01
-2.491883039474487305e-01
-2.513581514358520508e-01
-2.466579079627990723e-01
-2.295123934745788574e-01
-3.095929622650146484e-01
-2.917617559432983398e-01
-2.521936893463134766e-01
-3.027134537696838379e-01
-1.025589108467102051e-01
-2.747615575790405273e-01
-2.380837202072143555e-01
-2.779914140701293945e-01
-2.134540081024169922e-01
-2.929530143737792969e-01
-2.392920255661010742e-01
-2.453541755676269531e-02
-3.597434163093566895e-01
-2.774004936218261719e-01
-2.717294096946716309e-01
-2.931088209152221680e-01
-2.232982516288757324e-01
-2.648965120315551758e-01
-2.626578211784362793e-01
-2.711200118064880371e-01
-2.434572577476501465e-01
-2.539101839065551758e-01
-2.298581004142761230e-01
-4.026839137077331543e-01
-3.730689287185668945e-01
-2.683632969856262207e-01
-2.595958709716796875e-01
-2.648914456367492676e-01
5.409504175186157227e-01
-3.515945672988891602e-01
-1.810894608497619629e-01
-2.694318890571594238e-01
-2.130033373832702637e-01
-2.803058624267578125e-01
-2.301247715950012207e-01
7.633221149444580078e-01
-3.021706938743591309e-01
-2.041047811508178711e-01
-3.000186085700988770e-01
-3.382649421691894531e-01
-2.688261866569519043e-01
-2.829835414886474609e-01
-2.860844135284423828e-01
-2.588164210319519043e-01
-2.683909535408020020e-01
-2.464792728424072266e-01
-2.160571813583374023e-01
7.301487922668457031e-01
5.104956030845642090e-02
-2.445142865180969238e-01
-2.098972201347351074e-01
-2.455347180366516113e-01
-2.297889590263366699e-01
-2.506081461906433105e-01
-2.460261583328247070e-01
-2.644155025482177734e-01
-2.511780858039855957e-01
-2.669326663017272949e-01
-2.490221261978149414e-01
4.352027773857116699e-01
5.035674571990966797e-02
-2.587367296218872070e-01
-2.473924160003662109e-01
-2.845913171768188477e-01
-2.631522417068481445e-01
-2.857385277748107910e-01
-2.736632227897644043e-01
-3.012063503265380859e-01
-2.341701984405517578e-01
-3.942511677742004395e-01
-3.230897188186645508e-01
-1.858144998550415039e-01
-2.028230428695678711e-01
-2.446088194847106934e-01
-2.068147063255310059e-01
-2.591932415962219238e-01
-2.491870522499084473e-01
-2.491889595985412598e-01
-2.379301786422729492e-01
-2.491883039474487305e-01
-2.491812109947204590e-01
-2.491883039474487305e-01
-2.790948748588562012e-01
-2.506465911865234375e-01
-2.123094201087951660e-01
-2.688939571380615234e-01
-1.816010475158691406e-01
-2.489185333251953125e-01
-2.347202897071838379e-01
-2.789438366889953613e-01
-2.671613097190856934e-01
-2.441304922103881836e-01
-2.932714223861694336e-01
-2.185116410255432129e-01
-1.980767250061035156e-01
3.973217010498046875e-01
-2.911388874053955078e-01
-2.544568777084350586e-01
-2.423074245452880859e-01
-2.669904232025146484e-01
-2.481598258018493652e-01
-2.623245120048522949e-01
-2.740561366081237793e-01
-2.990624308586120605e-01
-2.780593037605285645e-01
-2.839493155479431152e-01
-2.282197475433349609e-01
-2.942041158676147461e-01
-2.631353735923767090e-01
-2.707785367965698242e-01
-2.506399750709533691e-01
-2.846294045448303223e-01
-2.414070367813110352e-01
-2.351703643798828125e-01
-2.177198529243469238e-01
-2.160400152206420898e-01
-2.187790274620056152e-01
-2.648981213569641113e-01
-2.525426745414733887e-01
-2.579308152198791504e-01
