1.933545004563513858e-02
1.832989590770191246e-02
1.968493244698096140e-02
2.353833938552068322e-02
2.612819835569781673e-02
2.426798090777474576e-02
1.896491348853733550e-02
1.086133527010808841e-02
5.938463978473890181e-04
-1.168494178867609395e-02
-2.708050801743835251e-02
-4.311325439637877371e-02
-6.392272224527592583e-02
-1.050906001879202134e-01
-1.671789827115998939e-01
-2.340447616881211335e-01
-2.941600977744178169e-01
-3.378037817549702226e-01
-3.561909398191674958e-01
-3.497963256062540105e-01
-3.162866015107316797e-01
-2.408662162250639616e-01
-1.082260212836965857e-01
5.101693798592354251e-02
1.698544591299532835e-01
2.291700202327292546e-01
2.487452937027897493e-01
2.481861164357791749e-01
2.294074738361334687e-01
1.784560247630613272e-01
1.055780830976408291e-01
3.483727301131315374e-02
-1.503514353573710480e-02
-2.562781349323033780e-02
2.002204376715475964e-02
9.144192560767941402e-02
1.119852087313414069e-01
5.650656663056469187e-02
-4.520616302064231484e-02
-1.587861915121409895e-01
-2.507079487467130940e-01
-2.910426287399742740e-01
-2.643341667223731983e-01
-1.973027571688641402e-01
-1.368976840232552505e-01
-9.267015506762660282e-02
-4.091959726865760510e-02
2.569056629139199882e-02
9.216349184822714147e-02
1.626614153501860227e-01
2.281926621553736489e-01
2.485744277351190357e-01
2.156022033453740272e-01
1.510837057070804068e-01
7.598081778562221222e-02
1.025884022643598625e-02
-2.606611872940298516e-02
-1.397833941997816964e-02
6.615275176657176015e-02
1.849367896114884613e-01
2.594973100347512940e-01
2.566283370528297803e-01
1.955747153077534162e-01
9.605890536804684299e-02
-2.018966211184487075e-02
-1.322543950294403359e-01
-2.307893521238102152e-01
-3.135178739874374121e-01
-3.641929401265168176e-01
-3.550214371698655613e-01
-2.599190932071444582e-01
-1.051802707469947640e-01
3.354721272387535536e-02
1.353957576482966996e-01
2.058175053252382092e-01
2.202312557491613587e-01
1.736786791804445507e-01
8.513659352977509531e-02
-2.414719365652642086e-02
-1.330448294621952854e-01
-2.237089245758365486e-01
-2.775257807195318782e-01
-2.970891673874403449e-01
-2.955523812001628614e-01
-2.522865738747051001e-01
-1.434258714337697249e-01
8.038136578178037978e-03
1.398206043084232464e-01
2.114389509787455435e-01
2.301406114549348070e-01
2.169889924080271038e-01
1.866900731943217373e-01
1.538113837736967415e-01
1.397002624559804396e-01
1.658249469465062631e-01
2.234040475954958416e-01
2.738454034218354427e-01
2.993133889762080724e-01
3.064970588267991736e-01
3.032091701849266574e-01
2.897350534893937124e-01
2.599482112552796709e-01
2.132115035522467728e-01
1.523428252302890251e-01
7.550076978712758069e-02
-2.137834348301807103e-02
-1.371577815044009441e-01
-2.644921328151875750e-01
-3.953295642318752079e-01
-5.247016147590266577e-01
-6.456370944970092340e-01
-7.453481263062624596e-01
-8.057016136817298779e-01
-8.029483651214928130e-01
-7.334648877285322444e-01
-6.107204355287831898e-01
-4.193073651195380336e-01
-1.234804734050332226e-01
2.602913200803292915e-01
6.205589143725331880e-01
8.460513308853940817e-01
9.153150616521904537e-01
8.591343023603590368e-01
7.152935621984676251e-01
5.144198582102285089e-01
2.842194699351553444e-01
5.590427235100202397e-02
-1.447678984081884612e-01
-2.953614501036310735e-01
-3.679461365389731231e-01
-3.378059196019055910e-01
-2.092995101277314030e-01
-4.679272221930444453e-02
6.939435245823430409e-02
1.182061899136371830e-01
1.154112670715882472e-01
7.709726187997387181e-02
2.223928655887169939e-02
-3.383810862244877871e-02
-8.195220571210633242e-02
-1.141844159971743267e-01
-1.211746145012208148e-01
-9.084179353158111647e-02
-3.363438571712246833e-02
1.473172705072538918e-02
3.992380894810287212e-02
4.888295262406856800e-02
4.571885247202893410e-02
3.308948722097959649e-02
1.396381707191184617e-02
-7.693397687124675990e-03
-2.571652143332920151e-02
-3.562109868465569706e-02
-3.662885105714891454e-02
-2.542532870656513677e-02
-2.340478343246729653e-04
3.096519452937353950e-02
5.699172774544875725e-02
7.212553161120041634e-02
7.621565093663199009e-02
7.219908423410804910e-02
6.286504491505180703e-02
4.746483731748621371e-02
2.456317708429787278e-02
-3.454044593287551763e-03
-3.263159933926786799e-02
-6.064822826907900061e-02
-8.355965689691935427e-02
-9.569150234088434626e-02
-9.564838397897748590e-02
-8.498011731686230807e-02
-6.501074427944332490e-02
-3.807071759182689696e-02
-8.131634847322833856e-03
2.037565440737302072e-02
4.372203458489978128e-02
5.940874787549871305e-02
6.379454487530705764e-02
5.144952142294738351e-02
2.841469491549106913e-02
9.932022222951676638e-03
8.024489306684063662e-04
-1.105149396206756788e-03
1.454328231670120979e-03
3.923891511812837435e-03
3.608654339753569230e-03
1.045211226907655742e-03
-3.138434408885343394e-03
-9.582103512140177290e-03
-1.675172359506324135e-02
-2.458656280647770337e-02
-3.098288128589226156e-02
-2.831324855876706653e-02
-1.727845755529085550e-02
-6.060743103686660332e-03
1.925823860396459059e-03
8.501901615201281487e-03
1.635657847793177411e-02
2.591995474375900776e-02
3.322038777284057331e-02
3.333190583906626980e-02
2.572024329810917304e-02
1.083846090346039272e-02
-9.620431609415247901e-03
-2.933285177201045563e-02
-4.287109201903294142e-02
-4.857093226115048040e-02
-4.806720445360818106e-02
-4.299077154029496556e-02
-3.049041525284279866e-02
-1.028293763329389196e-02
1.210303532547302510e-02
3.415969483670481394e-02
5.518709967053259807e-02
7.217336844966090736e-02
8.339603304570952780e-02
8.779221347874213710e-02
8.230172082348531648e-02
6.482750788390109764e-02
3.794632540930800713e-02
8.030159946201662416e-03
-1.724765519266998129e-02
-3.338576238186800882e-02
-3.837209195323464106e-02
-3.005158483684510634e-02
-8.413448120450479906e-03
2.560913822022586536e-02
6.285908793804809158e-02
8.522085316747728123e-02
8.359858622687192653e-02
6.047170815402216904e-02
2.183468733388554961e-02
-2.567852464451019986e-02
-7.653290525805500621e-02
-1.261710828856499045e-01
-1.685245965867179785e-01
-1.944651819670796811e-01
-1.927256356565755224e-01
-1.510253927551485353e-01
-8.350340905793632307e-02
-3.402686152151392779e-02
-2.306801922546961037e-02
-4.333572094909290268e-02
-8.768440938110858007e-02
-1.480319865788489175e-01
-2.125227837966100208e-01
-2.661264293962616323e-01
-2.922096206569024246e-01
-2.755535405334463839e-01
-1.975846380893370169e-01
-3.666494859398153339e-02
1.723861083030011621e-01
3.413739510175356484e-01
4.334823295661392462e-01
4.629232077558750880e-01
4.463048128416649551e-01
4.001571716351957075e-01
3.369754300236561528e-01
2.662786837215854741e-01
1.966442146322719686e-01
1.335552627230076339e-01
7.728371618107246488e-02
2.510246062029503414e-02
-2.116069405880749432e-02
-5.612196990233472155e-02
-8.013721508631081736e-02
-9.604292722878070288e-02
-1.043177989804199568e-01
-1.052786238951518849e-01
-9.883160318374298314e-02
-8.604323583635439809e-02
-6.935396015582279139e-02
-5.113430955988709781e-02
-3.298712375875194336e-02
-1.420479798987893914e-02
2.240289922538458295e-03
1.047349190674125817e-02
9.332437493633201006e-03
-2.548381038394911119e-04
-1.693393962010655840e-02
-3.826669498042965106e-02
-6.097486494059990714e-02
-8.097143553667050797e-02
-9.209692660857682345e-02
-8.765631600015880154e-02
-6.420405809245649520e-02
-1.801618055279260305e-02
3.515100604261994777e-02
5.938223792224901765e-02
4.315730050718417921e-02
-2.515582078124210808e-03
-6.541949204142118168e-02
-1.310852423048459170e-01
-1.844469331132243539e-01
-2.152578054462813695e-01
-2.214419303725919108e-01
-1.988187617064139656e-01
-1.379195122197033330e-01
-2.704357889112184860e-02
1.106768910141740087e-01
2.104961015702603855e-01
2.417575790714635853e-01
2.160213758449228971e-01
1.490809036122141829e-01
5.676355876592317773e-02
-4.462980433573511541e-02
-1.381942941791042545e-01
-2.080828878221533951e-01
-2.388693121681476628e-01
-2.151270159390586967e-01
-1.204862093750916074e-01
2.238932757168659096e-02
1.457034340476496270e-01
2.165103776673134306e-01
2.448018320791933156e-01
2.426984808951028749e-01
2.205472852077399459e-01
1.874617407205924902e-01
1.489420022867547211e-01
1.066304866678036978e-01
6.300781601991241321e-02
2.185344626822893419e-02
-1.528515652017910925e-02
-4.594017662631389581e-02
-6.628179037855591593e-02
-7.742439087704842959e-02
-8.078655698471109980e-02
-7.436241306649322980e-02
-5.839525643604870364e-02
-3.715099281482149574e-02
-1.349286657345520959e-02
1.124688760500926893e-02
3.327860163295127960e-02
4.936131813801928475e-02
6.015252815354630439e-02
6.853707463360597663e-02
7.634205150687210784e-02
8.424505017425583386e-02
9.220486456153048627e-02
9.786039246276934112e-02
9.766044571170572064e-02
9.048674546294069310e-02
7.727168557710917263e-02
5.908595793399208651e-02
3.551098351029181172e-02
2.749520591534004160e-03
-4.080883762021432493e-02
-9.026779971832700478e-02
-1.427242255913826474e-01
-1.982852761046935419e-01
-2.524664660766777757e-01
-2.984290906166374713e-01
-3.319459841334639894e-01
-3.507356228112585295e-01
-3.512847230280176647e-01
-3.270210954301589479e-01
-2.690112800044782704e-01
-1.684949106628692017e-01
-1.531317892159971515e-02
1.613271390115406378e-01
2.909347296571445085e-01
3.466227041761856253e-01
3.443296084576823457e-01
2.994842705265249871e-01
2.264597194772618727e-01
1.378120611257477868e-01
4.699432559104665952e-02
-3.089457556466844099e-02
-8.207425633995472924e-02
-9.466482803196271667e-02
-5.965942292528944590e-02
6.791571268361645125e-03
6.629103409181806572e-02
1.034178070116716086e-01
1.228332003438000475e-01
1.263487244013124511e-01
1.162653553908003651e-01
9.697636575232182476e-02
7.324735909694793379e-02
4.822430338653477949e-02
2.564052943909348944e-02
1.072549885731570105e-02
6.958865263837519383e-03
8.364031030547818685e-03
1.120214322102542140e-03
-2.161644105175085373e-02
-5.920498235658888664e-02
-1.083899815241875508e-01
-1.616342255710043752e-01
-2.099381839191764854e-01
-2.459899799880422844e-01
-2.626190112897095474e-01
-2.499835043389845579e-01
-1.971640918449339419e-01
-9.303375888664691673e-02
4.160525205560534900e-02
1.520111955277315130e-01
2.145126230317075666e-01
2.366295210133417259e-01
2.277218530595210011e-01
1.984499349340085594e-01
1.573796557664474405e-01
1.134560063126233975e-01
7.440199787785846397e-02
4.440475865277095091e-02
2.591248680747468974e-02
2.147272874843657656e-02
2.708455702728162703e-02
2.837547409364535311e-02
1.518399158706212199e-02
-1.120919776556429139e-02
-4.374923693140236880e-02
-7.670088211592135385e-02
-1.080357116232767145e-01
-1.324021854324716752e-01
-1.418638683522782939e-01
-1.306688983567434459e-01
-9.285693081048562725e-02
-1.859132754644076541e-02
7.677741357992680371e-02
1.481094751939751042e-01
1.758501579835016204e-01
1.670515281371405536e-01
1.292784995039953921e-01
7.208525777441218696e-02
4.463598889355656005e-03
-6.598349942108901189e-02
-1.328083938248876550e-01
-1.901910912613705706e-01
-2.291010829773618973e-01
-2.403640001581995866e-01
-2.282696380644520240e-01
-2.042782370413066539e-01
-1.679504227964260799e-01
-1.223764645801121015e-01
-7.946412946181043158e-02
-4.114936968016100205e-02
-4.213457762236638704e-03
2.715156024740351254e-02
4.591457444817411554e-02
5.986204441073387367e-02
8.671904273315286793e-02
1.411607647778474195e-01
2.115053756573625487e-01
2.587116083266030597e-01
2.668770527911213941e-01
2.451536815976518013e-01
2.040330432722846643e-01
1.539851819276546463e-01
1.000643896770670449e-01
4.581005810018914243e-02
-2.288235192189382039e-03
-4.073841361794185850e-02
-7.061721958534428190e-02
-9.278419242173610582e-02
-1.057324095221572335e-01
-1.081418377168574946e-01
-1.022302075698083984e-01
-9.152560103793809521e-02
-7.751082375655934942e-02
-6.200532293425702057e-02
-4.619657398717511021e-02
-3.162001451067297103e-02
-2.083843294973188043e-02
-1.146781015668796137e-02
1.067781018694758484e-03
2.077995532794730399e-02
4.289497025932670349e-02
5.397051824842793999e-02
5.182630817603942064e-02
4.400181863050753317e-02
3.645804954339457171e-02
3.291797100908216284e-02
3.317631241599652142e-02
3.277728314226164424e-02
2.729075569290893843e-02
1.655807219583155590e-02
5.154287445947858953e-03
-1.793311617142811371e-03
-1.410697008273641140e-03
5.467026046766373590e-03
1.327367357669881689e-02
1.852219293877056111e-02
2.186083703459623315e-02
2.550612950836577547e-02
3.251825701182390477e-02
4.016551067610969750e-02
4.286926976926965643e-02
4.085060820958238970e-02
3.565864795420414790e-02
2.740045678298699827e-02
1.399462151501194504e-02
-1.132686264697342973e-02
-5.361557787266922614e-02
-1.121134651909107827e-01
-1.820356396937394261e-01
-2.552784512183093324e-01
-3.230745011263205790e-01
-3.768421495070173322e-01
-3.988613144575300917e-01
-3.695837269779014833e-01
-2.829736937053107804e-01
-1.316343585482532552e-01
6.082081075672763487e-02
2.239970239108783900e-01
3.190682083677782166e-01
3.525091450244259850e-01
3.386139321372903521e-01
2.928854306293533494e-01
2.279679247911212681e-01
1.537964211581008822e-01
8.028815980341241776e-02
1.741667607900341738e-02
-2.695074023067034474e-02
-4.705724659558360723e-02
-3.502422647986544457e-02
1.773833185385282479e-03
3.688709428172993327e-02
5.927731382760238060e-02
7.365281401764238456e-02
8.258611019437137046e-02
8.659824481419407805e-02
8.567487834630838073e-02
8.028767183221671710e-02
7.104384732527373181e-02
5.760842615351968038e-02
3.851970834478191108e-02
1.626642018873613107e-02
-3.634201173891578318e-03
-1.897834228802654927e-02
-3.038242572109555242e-02
-4.068496029508687079e-02
-5.166623293263714056e-02
-6.120254950235047564e-02
-6.722625323861368407e-02
-6.939004326835881975e-02
-6.826579995699105785e-02
-6.387198969666414705e-02
-5.541080210574737819e-02
-4.592350258119846235e-02
-4.068213587771021128e-02
-3.937108895790754348e-02
-4.116437164304440066e-02
-4.890430289224127064e-02
-6.377577300287615159e-02
-8.472180454025209084e-02
-1.093511848342763049e-01
-1.350811634748934065e-01
-1.568023548218563656e-01
-1.629711537423723100e-01
-1.382256221400327834e-01
-6.796698303643586292e-02
2.797536965512508952e-02
9.707497292913616627e-02
1.206664143980323844e-01
1.134568735505345483e-01
8.843801448767618645e-02
5.683152074060403292e-02
2.761615483555886208e-02
7.119865860894452475e-03
7.397706161687087750e-04
1.387622501837927798e-02
5.440674161470069464e-02
1.157120780795882486e-01
1.698626618354040219e-01
1.996700460937335664e-01
2.075243119771585099e-01
1.995922693168922790e-01
1.806878588075747083e-01
1.545431821343589418e-01
1.255257017598353508e-01
9.553557530675102494e-02
6.264232606414432691e-02
2.563044817453224294e-02
-1.720494682235239672e-02
-6.324105939306345903e-02
-1.044817073592727019e-01
-1.395324650270113043e-01
-1.716655921705943777e-01
-2.027701986469886974e-01
-2.320631422011303624e-01
-2.555086849599881860e-01
-2.688380472028760737e-01
-2.662424736977447859e-01
-2.397535778058948464e-01
-1.820349984769676910e-01
-8.365873006539095713e-02
3.534528499966240606e-02
1.204879679741414078e-01
1.492584589156153718e-01
1.336461960674432681e-01
8.522800049433185143e-02
1.773761751701782158e-02
-5.328820896227133563e-02
-1.155156833872964112e-01
-1.572473952525945406e-01
-1.649155051884241829e-01
-1.263494704335133001e-01
-2.949501705104860122e-02
1.028868395438977124e-01
2.083125873241691850e-01
2.586410859711956722e-01
2.665275550510074476e-01
2.456613201694437254e-01
2.059077539413181057e-01
1.557942201498014045e-01
1.035558779769345933e-01
5.537874994881275548e-02
1.440813366838622836e-02
-1.838999366056059612e-02
-4.085701083327168692e-02
-5.002764444181153486e-02
-4.737469651946682458e-02
-3.769395221676859198e-02
-2.360083120707874224e-02
-6.239139887281607011e-03
1.183192782515786468e-02
2.746204049972026523e-02
3.849818366279046666e-02
4.381923478059677329e-02
4.298374022607892586e-02
3.567030465092328739e-02
1.974333987979693880e-02
-2.117342096337633539e-03
-1.938718798835619567e-02
-2.757503725561260069e-02
-2.877131794611014967e-02
-2.452669097060384759e-02
-1.762823362237085634e-02
-9.072154445953255902e-03
2.259897592152424611e-03
1.392993612507064868e-02
2.061050840327334488e-02
2.004460117868892693e-02
1.307470147229941593e-02
-2.099553446309326832e-03
-2.606859563743296748e-02
-5.378771363516765547e-02
-8.008411000810526648e-02
-9.977250972586565458e-02
-1.143150973796495939e-01
-1.345294239958879645e-01
-1.620458574151657227e-01
-1.853481107915666282e-01
-1.911945276974755803e-01
-1.663114090997380168e-01
-9.284856565205779066e-02
2.426984947675921503e-02
1.351682363393256203e-01
1.971572553884023971e-01
2.088246453869113395e-01
1.824824900344391987e-01
1.300845884343219960e-01
6.402326263673020768e-02
-4.270991851841678816e-03
-6.267243131858826755e-02
-9.386188495487976513e-02
-7.572991168376280724e-02
8.109757860242192140e-03
1.210625555703842143e-01
1.839558234197675446e-01
1.705913987420379363e-01
1.007459477044587437e-01
-7.824869231312883699e-03
-1.361841432306067357e-01
-2.645453554696082787e-01
-3.718481654489033117e-01
-4.374742219859412140e-01
-4.443296229279031229e-01
-3.756602313205134602e-01
-2.102716203630415059e-01
1.893977037808064479e-02
2.195070954090848070e-01
3.503598595469565313e-01
4.252944902808152849e-01
4.590037118664448412e-01
4.636146704997154977e-01
4.454107076446656155e-01
4.075396435587691490e-01
3.535518943314993057e-01
2.861524765285016203e-01
2.048491215966362911e-01
1.091713064976636977e-01
4.515714568312144406e-03
-1.000937185968655552e-01
-1.987472280340852049e-01
-2.876273183061302530e-01
-3.643872614094821882e-01
-4.262322624170877816e-01
-4.682884975908401248e-01
-4.871635027281221997e-01
-4.771280813948071686e-01
-4.271115194188727648e-01
-3.243099128350408478e-01
-1.565925736422532633e-01
4.544425126325454811e-02
2.077719044273163840e-01
2.988387043031454637e-01
3.327933559462541435e-01
3.261083477069809389e-01
2.935534643464109972e-01
2.467265238633135904e-01
1.949118362051691644e-01
1.432196232841174421e-01
9.390590590255111503e-02
5.051994133987616764e-02
1.649586877673734145e-02
-2.726290289607542078e-03
-7.119206074884518176e-03
-1.011073208573535533e-02
-1.911300103824341290e-02
-3.068690284183064887e-02
-4.463832543611254144e-02
-6.046938135563892369e-02
-7.272916250228571300e-02
-7.672224775059190149e-02
-6.985840527554135204e-02
-5.026516984693432666e-02
-1.750885161776099402e-02
2.038801786646039088e-02
4.827439766295689438e-02
6.017506858561316729e-02
5.942044035272647101e-02
4.956850601747915530e-02
3.379212185766298365e-02
1.603321465275252267e-02
7.701102522841953360e-04
-8.122138172609311493e-03
-7.757414407667475101e-03
4.954863703109838036e-03
3.512431647907671844e-02
7.793432940967895406e-02
1.127369990254159793e-01
1.263528100956299027e-01
1.210391008610341157e-01
1.027651269257413985e-01
7.650119166557579897e-02
4.310554101328422510e-02
2.153393089227604446e-03
-4.041137078521504084e-02
-7.452865007499923089e-02
-9.122822171609254460e-02
-8.166869576174512479e-02
-5.640344768900745070e-02
-4.646236237254106061e-02
-6.301527368194896617e-02
-9.338257545499278889e-02
-1.224557717352782044e-01
-1.346656879733638679e-01
-1.414408285715785807e-01
-1.814879323185484283e-01
-2.607639948973721755e-01
-3.490904925450351026e-01
-4.085568480458656726e-01
-3.999339434762187451e-01
-3.382454818117782147e-01
-2.867116529905248123e-01
-2.533235565478740292e-01
-1.949346839961012823e-01
-8.274132217617501117e-02
4.949626336453312458e-02
1.334505001998077811e-01
1.625302485606046621e-01
1.780249767146173112e-01
2.056572027832081484e-01
2.533095632725853030e-01
3.414141334794036364e-01
4.574957291223002431e-01
5.341678323508221027e-01
5.448628961572508089e-01
5.082897925108229575e-01
4.374552834173829341e-01
3.447137521383306646e-01
2.428466166042094754e-01
1.433374205040227611e-01
5.474159598999922549e-02
-2.083757424992600804e-02
-8.248384440864268974e-02
-1.296356840361537199e-01
-1.615318182852898410e-01
-1.746239036507942488e-01
-1.678978113840609854e-01
-1.471058391029053669e-01
-1.207691900454850864e-01
-9.408260636254223153e-02
-7.066108110660060393e-02
-5.275249484165150937e-02
-3.936427842603847788e-02
-2.920563414949742601e-02
-2.513804179879961659e-02
-3.439223797769538904e-02
-5.546125120119643065e-02
-7.527931496933998323e-02
-8.625570697765723438e-02
-9.009113927228842855e-02
-9.079275783253648591e-02
-9.249559778706054058e-02
-9.674075656880588847e-02
-1.013131222884240262e-01
-1.044612575770950819e-01
-1.070622374749586880e-01
-1.095154435487242922e-01
-1.091053598855946244e-01
-9.989343226794494823e-02
-7.549564005781771170e-02
-3.077326213516307085e-02
2.593989351470599170e-02
7.369880978799837890e-02
1.037639178983948002e-01
1.184737005973002660e-01
1.206747084836646694e-01
1.151378606288050443e-01
1.059404743158091355e-01
9.610965910435065318e-02
8.885488754226357477e-02
8.571358338803926336e-02
8.568409658391480666e-02
8.664379498193754137e-02
8.871896964469741520e-02
9.415421391563269515e-02
1.026901381272799785e-01
1.112108084770632166e-01
1.146237777784530482e-01
1.064229173684245050e-01
8.571059869510097573e-02
5.807790982213141551e-02
3.119028646483087280e-02
3.253900688430615140e-03
-3.967702677049762816e-02
-1.032177020534404133e-01
-1.821084466501843857e-01
-2.697676367783356510e-01
-3.580534659790106655e-01
-4.361642120740352735e-01
-4.886451949329834732e-01
-4.946494802490460363e-01
-4.349707626475571298e-01
-2.947622312043872705e-01
-8.142890773992111919e-02
1.418896355248417951e-01
3.007218535148317162e-01
3.773122079885078417e-01
3.888595813342332064e-01
3.516848379334447383e-01
2.818357396734991749e-01
1.966294537393402098e-01
1.099762490770981038e-01
3.298975409678559650e-02
-2.228482974727665628e-02
-4.246809453687101776e-02
-1.830316749172226226e-02
3.395400182830683733e-02
7.898113839744666520e-02
9.991359868772282937e-02
1.013691092990920140e-01
9.248425522269444754e-02
7.758550734198892129e-02
5.635287673932753982e-02
2.680300460925540140e-02
-1.295132877185960728e-02
-5.733297696147398453e-02
-9.454720137401637081e-02
-1.145344387393132657e-01
-1.118385856173134962e-01
-9.351337453038117975e-02
-7.593059812619812332e-02
-6.471086610159340613e-02
-5.544960755204574043e-02
-4.312287350143254039e-02
-2.440643951502773773e-02
2.704815943195551346e-03
3.436078006410926700e-02
5.761623932027477857e-02
6.623601200788764576e-02
6.503422720357716902e-02
5.920608093399130911e-02
5.205606569688611684e-02
4.461078860365204346e-02
3.494134870350751321e-02
2.157741544484763352e-02
5.660588379673678165e-03
-1.028152362875734901e-02
-2.365402080550392527e-02
-3.155756485234283149e-02
-3.107540352431732017e-02
-2.015366569282114884e-02
-2.483833304903378114e-05
2.459215165433224076e-02
4.657004455689599254e-02
5.837173555386760554e-02
5.846675655474744410e-02
5.040323245817045911e-02
3.828825161478371930e-02
2.531428808640421441e-02
1.315485268252412562e-02
1.875195248113213642e-03
-8.995384329858783015e-03
-1.930667236839681694e-02
-2.813915657499337780e-02
-3.657333942104426527e-02
-5.038470821073032235e-02
-7.538399308941119703e-02
-1.119344274907266429e-01
-1.571931913184234086e-01
-2.086973278109624519e-01
-2.619085309967925101e-01
-3.076781671288676412e-01
-3.330332116850050483e-01
-3.218474899605587858e-01
-2.564858594453810481e-01
-1.206408862394280634e-01
6.124358787492038825e-02
2.174419918950444841e-01
3.091780441030572146e-01
3.454361645299146577e-01
3.419278370465641537e-01
3.123857113760413196e-01
2.669759709361578248e-01
2.149679740364118241e-01
1.665187290824951816e-01
1.274910023334246134e-01
9.878467873814743283e-02
8.350980116883674476e-02
8.458854421252937072e-02
9.386393375222790159e-02
9.677935405153037518e-02
8.632290291462070553e-02
6.205084950800866805e-02
2.578113644834950646e-02
-1.691698487683832020e-02
-6.064875583340756382e-02
-1.026506103281661642e-01
-1.441322856212438330e-01
-1.879757477012339029e-01
-2.302975185942739977e-01
-2.629006382666367880e-01
-2.812550893987710854e-01
-2.811764597904377605e-01
-2.586375881244957209e-01
-2.142277737933478143e-01
-1.469556810061738161e-01
-5.193286152443819803e-02
5.365085091001892126e-02
1.328505222856476709e-01
1.780100188940552108e-01
2.055691397785411323e-01
2.241707589046474380e-01
2.258423874341649040e-01
1.960632518064233387e-01
1.359952368669028466e-01
5.879871143561528346e-02
-2.192951120129750520e-02
-9.590935068908633399e-02
-1.579113607798966479e-01
-2.047420347399291352e-01
-2.313783419046616385e-01
-2.303627531131904604e-01
-1.922725197305110989e-01
-1.036716644767956969e-01
1.934989634198987576e-02
1.261801449098912398e-01
1.951699603943463091e-01
2.339000454957351482e-01
2.490081358285705926e-01
2.486343505853099434e-01
2.388720625480565962e-01
2.218376340887813769e-01
1.983080708183950769e-01
1.657962194027602365e-01
1.170151222647605876e-01
4.574368965554781452e-02
-3.806351869346476929e-02
-1.116791099720342850e-01
-1.638582011671384508e-01
-1.933094116394852291e-01
-1.995079133952004091e-01
-1.856720732372917348e-01
-1.592150945333576095e-01
-1.262278175274643977e-01
-8.746996731151485127e-02
-4.296459333430548144e-02
4.229128409799618252e-03
5.075883285254113170e-02
9.158518219508746117e-02
1.168435572341926243e-01
1.199090437978672929e-01
1.001997025184181989e-01
5.997155516413730375e-02
5.126136800354874276e-03
-5.555246727380692973e-02
-1.123840596797586744e-01
-1.548707449385677837e-01
-1.734209007789414003e-01
-1.619388501046269413e-01
-1.168956968455639595e-01
-5.670332043877401168e-02
-2.013071278426757649e-02
-2.247095374022597611e-02
-5.369395283037128180e-02
-9.686276408968552687e-02
-1.287687805086086545e-01
-1.278129887776319196e-01
-9.823877113843705600e-02
-6.741606278483726344e-02
-3.863710713238648065e-02
1.081672292181057142e-02
1.012529953621869733e-01
2.151598822035665770e-01
2.993737851503833758e-01
3.334721602671139040e-01
3.318869552048602234e-01
3.067833612169578172e-01
2.646656027816571277e-01
2.099564068738601630e-01
1.488770647591040608e-01
8.909209674497571563e-02
3.394988826776315638e-02
-1.805470291424278451e-02
-6.841655938924452729e-02
-1.116938128057394231e-01
-1.447772458674778107e-01
-1.793867571235049363e-01
-2.207422564186644065e-01
-2.627017336331293196e-01
-2.995131124294243552e-01
-3.236125542615665429e-01
-3.291944470673277556e-01
-3.131520102092030244e-01
-2.694692965185348510e-01
-1.889979709045308820e-01
-6.123641896772610838e-02
9.099396077339319544e-02
2.106199548951509237e-01
2.757525351778093992e-01
2.991716187898520452e-01
2.912091463442965100e-01
2.618057275216364443e-01
2.221704438357475220e-01
1.813304966542120256e-01
1.460489987601503725e-01
1.173365913615140171e-01
8.887566951059275300e-02
5.804215262106501849e-02
2.640237698441151235e-02
-5.641055617087567531e-03
-3.479449005898008207e-02
-5.756804298296612499e-02
-7.391282870865370502e-02
-8.456994367145975744e-02
-9.062110071246728960e-02
-9.403254434243181470e-02
-9.491477325626757056e-02
-9.178310086293872683e-02
-8.329065030175525353e-02
-6.554121862642633967e-02
-3.686791348414508729e-02
-5.760187264950453884e-03
1.679555759281340516e-02
2.909067364906068112e-02
3.441576920482232460e-02
3.445007643117785345e-02
3.140112888558931753e-02
2.716515003922966021e-02
2.126649218128215391e-02
1.576541486065363012e-02
1.627766716248221779e-02
2.827518841895839546e-02
4.536507239444418499e-02
4.998928898986234465e-02
3.719044561078760358e-02
1.293427798203466983e-02
-1.664797956839897050e-02
-4.577016147159145704e-02
-7.280774313648458174e-02
-9.724146515158905990e-02
-1.157220130710777256e-01
-1.224827924640042032e-01
-1.093070736615933958e-01
-6.725155719420980449e-02
-8.600833709527851839e-03
3.312459614747507997e-02
4.347148098551154721e-02
2.848751135108285731e-02
-7.598755741763732474e-03
-6.191748519493565917e-02
-1.262853400779622159e-01
-1.861806637423729094e-01
-2.242695335247808786e-01
-2.238384721462744475e-01
-1.731731621368120810e-01
-6.323915969773490076e-02
8.089313512890107527e-02
1.989004367871219925e-01
2.658917135902217899e-01
2.943620613233851047e-01
2.980206767167643545e-01
2.849267116553327317e-01
2.575960482468870882e-01
2.199712555200406261e-01
1.783982123938980258e-01
1.372700339764042765e-01
9.683976500076235672e-02
5.750539268825540645e-02
2.132908650031315259e-02
-1.022482075484553235e-02
-3.649823279624112710e-02
-5.736842324225186612e-02
-7.510890461326115430e-02
-9.238694437889485855e-02
-1.069652157319894714e-01
-1.157960037803442699e-01
-1.172565883176516915e-01
-1.086428019802528205e-01
-8.724901420351605097e-02
-4.835175035266157939e-02
4.778446563468471964e-03
4.922130770268051680e-02
6.286588663488094919e-02
4.266042628949294480e-02
-3.015535896721720927e-03
-6.082697419259178867e-02
-1.178512190221369105e-01
-1.661681036665401123e-01
-1.976067970280868114e-01
-1.998685858397093451e-01
-1.593415466580598849e-01
-6.261279248035607481e-02
6.134302410968482666e-02
1.422311822043903773e-01
1.531827456180143154e-01
1.083946538664992271e-01
2.126825452803989686e-02
-9.285785548760462638e-02
-2.168666547243214282e-01
-3.307230915986345554e-01
-4.110507726580142629e-01
-4.354498174944765876e-01
-3.818151175134851805e-01
-2.274731421498423778e-01
7.234751963281910170e-03
2.361057218429865046e-01
3.914975721223246663e-01
4.694460885428141106e-01
4.867625783434795239e-01
4.608371004893725420e-01
4.076560606398239583e-01
3.383898933037803314e-01
2.607250668170926766e-01
1.800917871482339561e-01
1.021017015490423424e-01
3.222265095094292708e-02
-2.896045492146306910e-02
-8.189636999845689713e-02
-1.232719143555038727e-01
-1.516539432239625285e-01
-1.679481255434028264e-01
-1.729514139395007255e-01
-1.690029648003995022e-01
-1.580078282112856169e-01
-1.408307926457013082e-01
-1.186697400313729417e-01
-9.113208571753524112e-02
-5.928404578099804451e-02
-2.765882790456034024e-02
8.027157114849059992e-04
2.734397669202583148e-02
5.426105953837638551e-02
7.983925993026705359e-02
1.006234006856213253e-01
1.147350529958797577e-01
1.197468596305669847e-01
1.126483101648517032e-01
9.335920290376260866e-02
6.691822908526333380e-02
3.768427100722666206e-02
8.839583896304445410e-03
-1.268168621647434990e-02
-2.405472278010069992e-02
-2.796257686614265353e-02
-2.645817290156756915e-02
-2.212481872975895214e-02
-1.589587202679337841e-02
-6.202230968116846654e-03
5.783105810797682655e-03
1.654515573207751555e-02
2.287153066183091402e-02
2.079328263178607805e-02
1.017655902765111746e-02
-5.857595949473520802e-03
-2.707500395714353136e-02
-5.220724833485267113e-02
-7.839732757473899527e-02
-1.047978317199415171e-01
-1.278787401730948903e-01
-1.390437210886925068e-01
-1.305035943597910308e-01
-9.555319169089331044e-02
-2.527849344941226692e-02
8.988222431201245421e-02
2.195653900907371947e-01
2.957961545475661924e-01
2.951199622003612966e-01
2.359036215572755668e-01
1.331668539780551941e-01
-1.063314690062169832e-04
-1.503847842823174963e-01
-3.043935983053470684e-01
-4.463893852029498510e-01
-5.548652839124668112e-01
-6.049538572723224261e-01
-5.729065334769272155e-01
-4.610031048107940954e-01
-2.940451120793752815e-01
-7.659717188579281966e-02
1.519536909032170868e-01
3.074204459199136319e-01
3.630700482530260786e-01
3.418616810974595133e-01
2.732849758190996070e-01
1.919106540034926645e-01
1.256637021824539846e-01
9.710330337732925310e-02
1.264814137702736374e-01
2.016980967429386762e-01
2.700356060363826027e-01
2.955339040645998949e-01
2.809293883211708698e-01
2.389263591799438702e-01
1.817064126063566987e-01
1.195594466030794056e-01
5.974988177036647669e-02
7.866700270190721267e-03
-3.339416451465192226e-02
-6.335151871550256941e-02
-8.250890735461828551e-02
-9.018864941502420518e-02
-8.750338049785612304e-02
-8.035628400127602100e-02
-7.181293668709731737e-02
-6.248428630169360759e-02
-5.493242587623475143e-02
-5.193428369797725708e-02
-5.399107027445175511e-02
-5.895770372745617882e-02
-6.359337872729284302e-02
-6.436901608594502999e-02
-6.011333003491729776e-02
-4.884930808668704050e-02
-2.563081271580328058e-02
8.036671808380493193e-03
4.410467675893320338e-02
7.714894182481785156e-02
1.053392079887267713e-01
1.258799230704889804e-01
1.359475311447685686e-01
1.356981212110524027e-01
1.247352058587848506e-01
9.960786990633335725e-02
5.387881911674386598e-02
-1.020769226283324907e-02
-7.910111286209875470e-02
-1.464276186597275042e-01
-2.116064722388754094e-01
-2.746612193059981832e-01
-3.363754929059175613e-01
-3.924523106694075558e-01
-4.341095244810576625e-01
-4.504244651529731303e-01
-4.264679640163126506e-01
-3.419660076189241504e-01
-1.774888129992761021e-01
3.178020106980006948e-02
2.003871690690655905e-01
2.955855803456814979e-01
3.363048452661039356e-01
3.400539746601640712e-01
3.198886792684035307e-01
2.871325351693886918e-01
2.515659719349183643e-01
2.185565827623958124e-01
1.905227184674677110e-01
1.685206265698535599e-01
1.547635443052652049e-01
1.489657164855565097e-01
1.467887907652309087e-01
1.461262263290319108e-01
1.435285786856791979e-01
1.341010643416562231e-01
1.175363434379486371e-01
9.500792862706960995e-02
6.775761808796564034e-02
3.680648361028261706e-02
-1.288157810887327615e-04
-4.520793549448004489e-02
-9.752874483932913452e-02
-1.522572235176741784e-01
-2.011245079700408889e-01
-2.395345111840442853e-01
-2.694731749996747694e-01
-2.933524560419361049e-01
-3.104502014943001376e-01
-3.210134014642288536e-01
-3.232316891600539588e-01
-3.081331609554034401e-01
-2.633694414216450896e-01
-1.757316293789977502e-01
-2.862505484102181516e-02
1.473404952755438257e-01
2.710993360161202959e-01
3.131484130418573097e-01
2.951615086912693364e-01
2.358959147407519441e-01
1.514366890627059925e-01
5.664798713426121707e-02
-3.518779647452442011e-02
-1.100532716945320788e-01
-1.508807449901486131e-01
-1.423920572786121219e-01
-7.483767873824938299e-02
2.616078353084793154e-02
1.026410486709355835e-01
1.338067082091303484e-01
1.364910161034450786e-01
1.260517481135025319e-01
1.113213614402923379e-01
9.554439994368869871e-02
7.993459817605272355e-02
6.523170077097449615e-02
5.216953095516873445e-02
4.136730085286332431e-02
3.347563323100728738e-02
2.819954241168527720e-02
2.360249616995723637e-02
1.856529254969218126e-02
1.027225168083195118e-02
-7.067020831840305217e-03
-3.314115247923040547e-02
-5.940238648007042932e-02
-7.960897461493042504e-02
-9.301761704690425514e-02
-9.882634123069342080e-02
-9.651845363555046353e-02
-8.782965219795989265e-02
-7.469472318491365836e-02
-5.873325311807130189e-02
-3.957659842056483052e-02
-1.901938149086190508e-02
-5.068470256502650984e-03
5.304369400995160438e-04
4.055538016010841115e-03
8.315112963714926808e-03
1.293262898672327930e-02
1.976050060097959971e-02
3.134531305448660238e-02
4.762886636658555939e-02
6.279333376694622160e-02
6.865244776381745906e-02
6.316060107474877339e-02
4.682601721982956877e-02
2.256892165800024330e-02
-1.181105635005849988e-03
-1.899886041324802197e-02
-3.175603985459374279e-02
-4.101729417784402004e-02
-4.448704090362733815e-02
-3.822867944256391065e-02
-2.296428705615062571e-02
-6.398496767248160015e-03
3.334220659490223435e-03
7.231225338951353075e-03
9.186665545754878898e-03
8.714881298462633791e-03
7.145898690052615229e-03
6.789347961680046624e-03
5.806202181410709262e-03
2.447027558864559287e-03
-3.649806767587090474e-03
-1.315195153046200272e-02
-2.382091687323259835e-02
-2.950974850369728064e-02
-2.511293749777852163e-02
-1.166739819623559445e-02
6.627156619775260993e-03
2.654545222641616076e-02
4.493059199891177163e-02
5.817302103295706600e-02
6.460249678767698844e-02
6.488551517745493047e-02
5.972306391115533158e-02
4.910165711162602781e-02
3.339421579206768020e-02
1.631490278885247905e-02
2.150531547407461171e-03
-1.058979177441012054e-02
-2.587885477810508011e-02
-4.455791600776277950e-02
-6.415448771903367597e-02
-8.070786551026874756e-02
-9.153203453979177895e-02
-9.598697048224884287e-02
-9.444650712736309128e-02
-8.740124598763385211e-02
-7.235742543111567393e-02
-4.777768711164193799e-02
-1.863449119547540625e-02
8.780351532921587543e-03
2.942673560825570522e-02
4.075051650641962897e-02
4.346107112976786702e-02
3.953816755262598570e-02
3.242647428296671630e-02
2.495809575140705422e-02
1.752015923646896983e-02
1.004349425087089354e-02
6.130650302392634012e-03
1.017508043626417537e-02
1.927008624905688500e-02
2.661016202072533782e-02
3.017520957257720585e-02
3.250092772328585372e-02
3.510315111446089820e-02
3.726917908018712033e-02
3.896001306557364541e-02
4.127058796674484831e-02
4.485730972722739435e-02
4.857080707649410328e-02
5.136925118616720437e-02
5.343991902397468574e-02
5.472693148398224267e-02
5.472734765826030301e-02
5.045475412300612361e-02
3.887234620627867676e-02
2.167634313008249755e-02
8.767663265356745450e-04
-2.208745403561118703e-02
-4.250715080063897228e-02
-5.806493885821868706e-02
-6.999665266033278099e-02
-7.830159447336826339e-02
-8.178603318275892708e-02
-8.119116577136092916e-02
-8.146928599311779873e-02
-8.671512145446146069e-02
-9.726308203568051480e-02
-1.119108761678975772e-01
-1.281597523316760356e-01
-1.414445814758633624e-01
-1.436922441583272647e-01
-1.262217446567605872e-01
-8.332115583315438667e-02
-1.155332429103448841e-02
7.224003346765332789e-02
1.348991894848932116e-01
1.658172731105815034e-01
1.740828757356560619e-01
1.684603826086747413e-01
1.553762833427237144e-01
1.393375325661971587e-01
1.221558019845744025e-01
1.032942590872965027e-01
8.269266978927501677e-02
6.039381502774267274e-02
3.870335596502527675e-02
1.798052247755574026e-02
-6.149909177785519224e-03
-3.416244228065744987e-02
-6.326108925629303492e-02
-9.175633762576594632e-02
-1.165594099030801689e-01
-1.330863110597979848e-01
-1.381721393510750018e-01
-1.294767952346601025e-01
-1.026487048425002435e-01
-5.254920195807009226e-02
2.301240838291802177e-02
1.086548118464265023e-01
1.732159793972060102e-01
2.026901608650916731e-01
2.026055059978215389e-01
1.781550209252471539e-01
1.332546629416029305e-01
7.522862562671671360e-02
1.418631529301575718e-02
-4.129803168020818038e-02
-8.356006542173996521e-02
-1.033113309214760828e-01
-9.548705331828302723e-02
-7.520775628901257837e-02
-6.931269614775843746e-02
-8.601755815714644260e-02
-1.193100967803388951e-01
-1.631134594679404803e-01
-2.099816489818129572e-01
-2.534451553820518122e-01
-2.881107830967123973e-01
-3.045996706997370351e-01
-2.873314778003154268e-01
-2.196135461033447978e-01
-8.703035042778059505e-02
8.166343874648335222e-02
2.166400470428493930e-01
2.931882144339411633e-01
3.273673831102767440e-01
3.299519863137345688e-01
3.099634981653544008e-01
2.758968056063251240e-01
2.345414754385126976e-01
1.901385406275683532e-01
1.439691486248138863e-01
9.755795976392388213e-02
5.478139967712756381e-02
1.974316196511302635e-02
-1.012967090388448843e-02
-4.325121160543096699e-02
-8.006370231390053105e-02
-1.132925296864834008e-01
-1.388060541364961320e-01
-1.560787905523267349e-01
-1.667693363042048182e-01
-1.719651030280074377e-01
-1.659785035316077850e-01
-1.379148051996350322e-01
-7.980233404157417720e-02
-4.492047028749127091e-03
5.920465851739947077e-02
1.018246348463001660e-01
1.310334367003967160e-01
1.515054586734548570e-01
1.641181159491279518e-01
1.691995571846756918e-01
1.689969335527203576e-01
1.643229818766637762e-01
1.531320235140330166e-01
1.321003131299550160e-01
9.838195555013132254e-02
5.348459526636088757e-02
2.919320302565905911e-05
-6.378449661141159799e-02
-1.401793079300115707e-01
-2.270554404300408891e-01
-3.168190664327216743e-01
-3.951018493210843863e-01
-4.460287199457960705e-01
-4.587995298113823339e-01
-4.231092364478544754e-01
-3.244510449617840075e-01
-1.494096865840192356e-01
6.541956202132478970e-02
2.347211473081146360e-01
3.196232390648736099e-01
3.348862287396695003e-01
2.993692915866660864e-01
2.290570509394978804e-01
1.381206493777600852e-01
3.993533809377486365e-02
-5.219619969682062072e-02
-1.179091711609177168e-01
-1.298262768368480813e-01
-6.619650293101900229e-02
4.977507155957646562e-02
1.559343661976410333e-01
2.263182589846851889e-01
2.654497735084758170e-01
2.736684754074039105e-01
2.563879573143086898e-01
2.222423186174087573e-01
1.784495057983560007e-01
1.296898555717591883e-01
7.816988386310713688e-02
2.296385477445105766e-02
-3.773850253685993167e-02
-9.948521489052428168e-02
-1.560914030236712491e-01
-2.066269262870061296e-01
-2.489271091258554447e-01
-2.761730326414238434e-01
-2.843007141163668150e-01
-2.742385437029948303e-01
-2.510559695832367821e-01
-2.223744271339198331e-01
-1.851724307895881994e-01
-1.237927087045157248e-01
-2.080862192702377655e-02
1.029645460958911046e-01
1.915376352482107691e-01
2.266279951512183699e-01
2.213413749654360441e-01
1.861574306866338457e-01
1.332936051928393373e-01
7.358175030519242821e-02
1.566632120238267700e-02
-3.416505084138403425e-02
-7.085903544556040878e-02
-8.676349016470671915e-02
-7.109792429066581765e-02
-2.834318109728743706e-02
1.322515435336813622e-02
3.390092877870851118e-02
3.578909655133541423e-02
2.540544319837459084e-02
6.618395201710767020e-03
-1.771243516554990571e-02
-4.504524019623539627e-02
-7.258110920014393397e-02
-9.121980112874987501e-02
-8.579196148535722655e-02
-4.411213631477105268e-02
2.246305267973344039e-02
8.045786469622320802e-02
1.141318068519515949e-01
1.297007549638328761e-01
1.343855577776318921e-01
1.336421695625650274e-01
1.290909454098670972e-01
1.196419135569442849e-01
1.050728414087382656e-01
8.492685550018445884e-02
5.852723272332865934e-02
2.762525248577623813e-02
-2.955533738174155253e-03
-2.859792837695828219e-02
-4.706548247589634887e-02
-5.877818925935507366e-02
-6.635956846838976519e-02
-7.269484021591951506e-02
-7.976970425563685574e-02
-8.831156683942872898e-02
-9.710282104979309215e-02
-1.032869980183282604e-01
-1.020015482007263496e-01
-8.611426606764657765e-02
-5.939348298255758829e-02
-3.790975342980158064e-02
-3.000834080530292644e-02
-3.623978189347752676e-02
-5.557088510035552986e-02
-8.368041139122632532e-02
-1.144014225436704169e-01
-1.396672632919839785e-01
-1.487567522186079849e-01
-1.294992776969315362e-01
-7.225766513107498290e-02
2.943367960119099708e-02
1.512058469076716094e-01
2.406743387204408613e-01
2.783869762007351589e-01
2.768391029804988523e-01
2.496469675919292530e-01
2.072861701045093930e-01
1.569684853641846178e-01
1.055445679533435488e-01
5.749401733036508394e-02
1.821271893579564510e-02
-2.656819394923338323e-03
3.995862391901340571e-03
2.796761184479226031e-02
3.987633148647699854e-02
2.638851605897342759e-02
-7.392407818397447178e-03
-5.697272695158327183e-02
-1.179265811995106189e-01
-1.834058386043638522e-01
-2.447667366286177815e-01
-2.904389261568919856e-01
-3.056188040827859664e-01
-2.747679740605923349e-01
-1.810757972663387672e-01
-5.276413662656569137e-02
3.540867125605857979e-02
5.765416457974363584e-02
4.102520361388371783e-02
1.663034739029682976e-02
-1.092797093880201742e-03
-1.143299572347742862e-02
-1.537433454010721928e-02
-1.844131849832643735e-02
-4.422935352420560851e-03
6.164005866656867977e-02
1.942457432030395836e-01
3.466613668449340935e-01
4.425516928312562270e-01
4.629110028414101241e-01
4.257800014663323807e-01
3.416338602196288265e-01
2.292164821865691759e-01
1.190848260825105309e-01
3.633130309295287685e-02
-1.968600896189955790e-02
-6.197288016821395767e-02
-8.242494666138670822e-02
-5.958640135270200366e-02
-1.834276403399203587e-02
-2.339221868961142980e-02
-9.106079096300181974e-02
-2.047537721675448674e-01
-3.589503819491643433e-01
-5.345555986772697610e-01
-6.891344141560327152e-01
-8.020819501627971526e-01
-8.847784699419949384e-01
-9.207858067322328699e-01
-8.593333276419541367e-01
-6.623772874008825307e-01
-3.600938497520804193e-01
-2.662020104318168004e-02
2.912099480595546908e-01
5.973185438858967800e-01
9.024814908745063535e-01
1.146407489035884186e+00
1.268068147848056881e+00
1.264388191632021874e+00
1.136224167351784331e+00
9.054352393510010089e-01
6.156441248566184576e-01
3.054017387676428719e-01
9.397859287713883694e-03
-2.482006125284547393e-01
-4.506187093160227697e-01
-5.946422313211403576e-01
-6.907152730288871334e-01
-7.316411440994969873e-01
-6.875445284656845901e-01
-5.690327032711970379e-01
-4.311341887007232310e-01
-2.878281293474007629e-01
-1.169801496732738033e-01
5.480871003010434617e-02
1.643944275606119831e-01
1.907952597744373979e-01
1.470377597942885417e-01
4.575870223497773004e-02
-1.017414116010773861e-01
-2.617265079841817332e-01
-3.872323478319789070e-01
-4.456527609254576916e-01
-3.994741862903023466e-01
-2.461840418449022794e-01
-2.104473998146879493e-02
2.543169060051657659e-01
5.147999409196977183e-01
6.751001643828233867e-01
7.289021981251697646e-01
7.073842404926757865e-01
6.296436594256102914e-01
5.186583076972779427e-01
3.938062529167412618e-01
2.590455669303647346e-01
1.136770475817513032e-01
-3.669759415738034491e-02
-1.723712597946057135e-01
-2.572833045136159180e-01
-2.586103247199416089e-01
-1.950441854225398730e-01
-1.310136426905916807e-01
-1.014170615575513690e-01
-1.018732479807782781e-01
-1.243022135963583186e-01
-1.675926657290140454e-01
-2.329604865767353483e-01
-3.107909200934273475e-01
-3.767286553354495249e-01
-4.033573799822762207e-01
-3.718744158656581700e-01
-2.927819044822146943e-01
-1.979213801971520525e-01
-8.781524215948599554e-02
2.418432098611827952e-02
8.105595386348382614e-02
6.663322488180588310e-02
1.241751477942332205e-02
-4.869517290050905806e-02
-9.122813478149814637e-02
-9.328029318691367922e-02
-3.193731049848847620e-02
1.143804498090936345e-01
3.121402774149165671e-01
4.709563716265263711e-01
5.509760956091238615e-01
5.668521990150816592e-01
5.336535401991671090e-01
4.658900665212105108e-01
3.748813761191940319e-01
2.690693490103268637e-01
1.564405447394480730e-01
4.072458485495270009e-02
-7.930280841869730146e-02
-2.062127935293043279e-01
-3.357126037077280412e-01
-4.558344136490543042e-01
-5.584871863839795392e-01
-6.415137241648471988e-01
-7.051486984160617588e-01
-7.449595834782339887e-01
-7.442352484682760450e-01
-6.808132017572117167e-01
-5.376911514239508527e-01
-3.546148895894903896e-01
-2.188254321888605525e-01
-1.489752872202485534e-01
-1.081669151927839717e-01
