1.994595675269867155e-02
3.428465951756866359e-03
-9.983287121920814133e-03
-2.396925796156255256e-02
-3.870710175260851788e-02
-4.699857095637752225e-02
-4.284083700683902901e-02
-2.907126854552657957e-02
-1.559622637372119411e-02
-1.156327749614519118e-02
-2.401551327565160793e-02
-5.398802592928556021e-02
-9.264451742415508173e-02
-1.353342930212739492e-01
-1.836621010528665665e-01
-2.366317352431590304e-01
-2.876230270386245791e-01
-3.250967608247843366e-01
-3.402154092272555719e-01
-3.258742126859306976e-01
-2.734758504455768735e-01
-1.733062041402496367e-01
-1.949215290557572422e-02
1.553652600236571368e-01
2.920586428463108897e-01
3.712486367074342430e-01
4.020110821563301906e-01
3.878358905575888804e-01
3.358296178827787637e-01
2.576150807206528670e-01
1.669942140132679442e-01
7.647302241739681317e-02
-5.024392860321160587e-03
-6.930217892089438059e-02
-1.105517050459233208e-01
-1.299638263425459683e-01
-1.365476969617192560e-01
-1.340618175920633426e-01
-1.152537189088930214e-01
-7.274931304431328516e-02
-1.880638935725204713e-02
1.806190965794747527e-02
2.647500164847944523e-02
1.101015408127814683e-02
-2.250688732905817627e-02
-6.728684479420191100e-02
-1.169599481376658312e-01
-1.590696162098400035e-01
-1.846149387827298594e-01
-1.958424748134552917e-01
-1.922822003692100101e-01
-1.712204746836648583e-01
-1.279168716332156897e-01
-4.854708075785889310e-02
5.916568262003530504e-02
1.539060858413718591e-01
2.107667353565834123e-01
2.351798002882310445e-01
2.355556146622896363e-01
2.174790271419833609e-01
1.876155064691470420e-01
1.509998770939366963e-01
1.131195189435641180e-01
8.159339781771046685e-02
5.868713718028860382e-02
4.318208825512443588e-02
3.395192377713442122e-02
2.811768869664704393e-02
2.361810629195217753e-02
1.881964461473326078e-02
9.611616200561685225e-03
-7.013229562005840467e-03
-2.520849778879405423e-02
-3.493096651459205726e-02
-3.359752374339403103e-02
-2.691420802704121845e-02
-1.932592463433135260e-02
-7.687518074725986639e-03
9.823605758222948847e-03
2.950918396412001085e-02
4.665354356440562511e-02
5.821151068391823558e-02
6.634463303622564756e-02
6.718063476510111043e-02
5.040625794936012816e-02
1.480860367504234151e-02
-3.579809098540324280e-02
-9.787333790109221943e-02
-1.678150351508475857e-01
-2.424904104065986610e-01
-3.164596127061005681e-01
-3.800870343582837818e-01
-4.245305869310497249e-01
-4.452994344383380265e-01
-4.338129471683786487e-01
-3.740184693490047341e-01
-2.589623759126354896e-01
-8.926309215311546696e-02
1.023833374140890318e-01
2.482196073859930241e-01
3.249754200602472665e-01
3.500947092515515613e-01
3.398912750922724046e-01
3.125688318893848350e-01
2.837963642149393118e-01
2.658375671106498195e-01
2.511486239337700765e-01
2.161519233074674085e-01
1.614368645891179344e-01
1.044351658822020301e-01
5.462148611607624965e-02
1.477294718369318374e-02
-1.543149590778804432e-02
-3.703829024166009620e-02
-5.296068503193415017e-02
-6.391311924725066873e-02
-6.804590618318474837e-02
-6.471961361465718154e-02
-5.262362056045190306e-02
-2.895422951909107367e-02
-6.936827064088525729e-04
1.622267851029299268e-02
1.875067735580063233e-02
1.634625815234551360e-02
1.767444558985843683e-02
2.696134471076735983e-02
4.161236239123098507e-02
5.409365313924838214e-02
5.801263395744582496e-02
5.178742116929552219e-02
3.532080106202970665e-02
1.149516796854948598e-02
-1.119058773804093056e-02
-3.044152134609793420e-02
-5.662323874599634044e-02
-9.338819932305229832e-02
-1.284067429944130423e-01
-1.510291870565562966e-01
-1.596709339803767391e-01
-1.551657648569466919e-01
-1.355162493745149799e-01
-9.741281227124398701e-02
-3.773056807186301459e-02
3.299274366568243078e-02
8.952803615658494474e-02
1.233240135458700398e-01
1.399765861326552896e-01
1.390092652180826838e-01
1.224057737989178440e-01
9.944587642624390378e-02
7.633734394513533306e-02
5.157868917025240640e-02
2.404046248881842526e-02
-3.916767581923466697e-03
-2.705475126988189996e-02
-4.941104872041839763e-02
-8.843959424950915971e-02
-1.439834153640690284e-01
-2.030791217564010820e-01
-2.618258752577401482e-01
-3.149276928781425955e-01
-3.502488555677321092e-01
-3.537661122899822264e-01
-3.123405935254770505e-01
-2.167450982255868797e-01
-7.376117860487556299e-02
9.448429228674100344e-02
2.460532783119535050e-01
3.366322238281708179e-01
3.663438794157267697e-01
3.564057870394704564e-01
3.153823286201445919e-01
2.531064662031565216e-01
1.841870228338693682e-01
1.204385940473019362e-01
7.048293628118418308e-02
3.953187396144725030e-02
2.959218431345655292e-02
4.115831754442538654e-02
6.471886357598843897e-02
8.552976813919710430e-02
9.890483353406498424e-02
1.067236036844259467e-01
1.090444675662749080e-01
1.038465592882629740e-01
9.249189466694923700e-02
7.938935289535364870e-02
6.909072888017953051e-02
6.364345420298564426e-02
5.982855279994887115e-02
5.520327565878099113e-02
4.831382647600485775e-02
3.227087803441959502e-02
-1.601291308141253311e-04
-4.860336662707218786e-02
-1.094937828048262729e-01
-1.776384083645821399e-01
-2.443652397591674630e-01
-3.077121951102210762e-01
-3.697025699319633762e-01
-4.243893088203991582e-01
-4.587088981547522426e-01
-4.659678042782118834e-01
-4.637244881517528783e-01
-4.744400525633790111e-01
-4.884508608775579019e-01
-4.695951274015986998e-01
-3.818498569406376664e-01
-2.215881263196270712e-01
-8.320037391366854468e-03
2.262013631602314001e-01
4.180860677311947216e-01
5.299663913020989936e-01
5.785451159880148353e-01
5.928359493519307355e-01
5.945001956832868251e-01
5.814283284633636750e-01
5.418312965551145277e-01
4.804141618737393093e-01
4.087861534206062575e-01
3.321344221937705399e-01
2.510306822684371109e-01
1.675403578330091348e-01
8.809513238176054639e-02
1.704740961786490455e-02
-4.744605385882377790e-02
-1.091672842332259419e-01
-1.690881547108171734e-01
-2.267960779423283113e-01
-2.817660699163597737e-01
-3.315717752912675786e-01
-3.740615585058582049e-01
-4.091716912204500511e-01
-4.341414505096037324e-01
-4.421004234070509686e-01
-4.233883023589787298e-01
-3.650453763608692004e-01
-2.554588714340934597e-01
-9.057355904040081951e-02
9.297664448754529298e-02
2.300903715429936935e-01
3.007208087876893643e-01
3.195415760805345728e-01
2.974594244097496509e-01
2.475795592163663184e-01
1.856416585710075617e-01
1.239326823249233545e-01
6.833186175583136346e-02
2.098929796131234968e-02
-1.523652709498181726e-02
-4.108292910877764381e-02
-6.177902341696071137e-02
-7.742948371728212986e-02
-8.353956211818568123e-02
-7.770069981486198152e-02
-5.768471589605510957e-02
-1.947788061665086529e-02
2.845471980192957467e-02
6.446147709890687194e-02
7.804166054231123639e-02
7.458334045665498957e-02
6.322369107352823758e-02
5.103880434237413610e-02
4.581157501081861011e-02
5.716037211029516285e-02
8.254106574251933448e-02
1.064931427034957467e-01
1.219009496554681882e-01
1.300860185925366563e-01
1.290406177850469127e-01
1.159355319046885130e-01
9.215164450088314529e-02
6.071695648295553915e-02
2.489836766618821681e-02
-1.020888737168983498e-02
-4.102551354986751914e-02
-6.461775609049402735e-02
-7.740329574438734039e-02
-7.620109064939814547e-02
-5.450103402642765549e-02
-1.524201067347970284e-02
2.426521392181937853e-02
5.934201132956215541e-02
9.749880495876897535e-02
1.205811587461597112e-01
9.095939019602299058e-02
-3.353476714476902321e-03
-1.486821156078252382e-01
-3.208563423982619955e-01
-4.921044901329462151e-01
-6.401011323891740989e-01
-7.390880519766328538e-01
-7.718560442199741134e-01
-7.472886029451087930e-01
-6.667758629627966727e-01
-4.949398165478799960e-01
-2.222262813998442665e-01
8.890906230719687608e-02
3.492433139198791170e-01
5.028107304422280155e-01
5.617155129377955358e-01
5.683684429722518638e-01
5.651862178320028463e-01
5.950143184894853832e-01
6.479507984077880201e-01
6.651281432447594399e-01
6.276415618956991960e-01
5.537530342399519245e-01
4.551922863173565315e-01
3.433103867002912923e-01
2.238620282286475638e-01
9.102509194251481861e-02
-6.035651864721582743e-02
-2.254873233205608174e-01
-3.922602709276519772e-01
-5.438068773697494196e-01
-6.629812313230578624e-01
-7.350909750982828061e-01
-7.457368722063925093e-01
-6.814078299642896130e-01
-5.361910073805759014e-01
-3.244411549438784848e-01
-6.748246421571192644e-02
1.974194272554249396e-01
4.062412788252188767e-01
5.293758370555701198e-01
5.768305783741780601e-01
5.626476903710703192e-01
5.054533518012569449e-01
4.237834062395169910e-01
3.325287310249815387e-01
2.432067599074867192e-01
1.669131623999538516e-01
1.106411141599136366e-01
7.465865944805853693e-02
5.978695089213145047e-02
5.569341365869148047e-02
4.101043623648911729e-02
8.169303341118677730e-03
-4.195246800295406031e-02
-1.107226759777977659e-01
-1.977159758936769263e-01
-3.020260113849252970e-01
-4.179121342737044942e-01
-5.301279146423129029e-01
-6.293805735887485486e-01
-7.184124102166072889e-01
-7.735672503130647248e-01
-7.623522293338316214e-01
-6.802002336606309818e-01
-5.052434484826441308e-01
-2.335495042601315741e-01
7.123666514076502920e-02
3.366897208029584476e-01
5.138658338219135313e-01
5.927917482491447121e-01
6.017745275859263110e-01
5.769833874321943501e-01
5.600536939311018259e-01
5.837759335361488722e-01
6.244207210409175035e-01
6.270112586791353193e-01
5.815314621324800815e-01
5.055759706292735078e-01
4.108412410979980223e-01
3.072323718363660916e-01
1.998397539309671456e-01
9.077837483982735545e-02
-1.949044202765581879e-02
-1.317573238149254145e-01
-2.452838205489477064e-01
-3.590304193152253909e-01
-4.748639840259309408e-01
-5.891777951611563147e-01
-6.854061625463664376e-01
-7.334725302163196403e-01
-7.426500001356847180e-01
-7.656860918165633301e-01
-7.975688857012414035e-01
-7.844176814031547096e-01
-6.791389260622322510e-01
-4.747325328267915090e-01
-2.034514471108916922e-01
1.022197459411439413e-01
3.923521455425565962e-01
6.044383296434649999e-01
7.016978686985102520e-01
6.993312640183424467e-01
6.425295027966340111e-01
5.744239772428347823e-01
5.298587182758853764e-01
5.056831557530565568e-01
4.696308240727317673e-01
4.154251571486055061e-01
3.567506955101721333e-01
2.998257065980036162e-01
2.408610725316144285e-01
1.685741676973286085e-01
7.945468659803013589e-02
-2.000347772864116691e-02
-1.231175373022643516e-01
-2.269967352575465447e-01
-3.286456015276101872e-01
-4.206326285214747052e-01
-4.965640813204579285e-01
-5.516650557457046800e-01
-5.714496579879059235e-01
-5.319011045117310044e-01
-4.211418006468046205e-01
-2.555556544236416427e-01
-7.866569376267314173e-02
7.055032472212924288e-02
1.781803751320061857e-01
2.345332040336125246e-01
2.419082708432775120e-01
2.202894350518826427e-01
1.902005028989396940e-01
1.656367706939176898e-01
1.476583005273691129e-01
1.307577578977914268e-01
1.160116090098184810e-01
1.070903769230846098e-01
1.022933068019684227e-01
9.854785439733024233e-02
9.783039706837960703e-02
1.021604611219608105e-01
1.080773576093086025e-01
1.118746430745398285e-01
1.128390492024569647e-01
1.121635188373032721e-01
1.048093401409555953e-01
8.329780922291024625e-02
5.250627341226334066e-02
1.997647484969154730e-02
-1.401982155756969356e-02
-5.095859179289202734e-02
-9.314942772497425416e-02
-1.417541062463561485e-01
-1.945263448460262945e-01
-2.466508260139818054e-01
-2.974811499002341653e-01
-3.531165948578582903e-01
-4.119391383107771087e-01
-4.598213365029387711e-01
-4.840513942215544652e-01
-4.752815979060674434e-01
-4.110772649909848475e-01
-2.540990672052689803e-01
-7.023947434639705306e-03
2.491880270795716057e-01
4.318029474924132138e-01
5.220118678133526258e-01
5.377198216234422290e-01
5.042775610449927726e-01
4.473165186930005421e-01
3.975561613304109954e-01
3.677604563439925145e-01
3.320876732036777690e-01
2.728715736563167571e-01
1.967419771866725786e-01
1.085458711455330322e-01
1.269466367085788500e-02
-8.445494069767803258e-02
-1.742601847802240089e-01
-2.498714092956898225e-01
-3.165847236530937581e-01
-3.811663772255728388e-01
-4.426168104010544391e-01
-4.883954836191035653e-01
-4.929976254800438884e-01
-4.326036639256676808e-01
-3.074590072812100061e-01
-1.667659202517504935e-01
-7.322547765041692580e-02
-3.634865900979605824e-02
-2.699066507865441333e-02
-1.426547302596133798e-02
3.128879812360932378e-02
1.322674539092570933e-01
2.726292054366147299e-01
3.951542615336834929e-01
4.650375433891229537e-01
4.831286968548289540e-01
4.530891297349964320e-01
3.840570478014453393e-01
2.937600588348880937e-01
2.006123367719280515e-01
1.187014966303256563e-01
5.190413850668437051e-02
-1.866730762640201463e-03
-4.184047303203081852e-02
-6.609267003851694577e-02
-8.210863731524267739e-02
-1.046093307990719479e-01
-1.372714361887041601e-01
-1.735227137030581623e-01
-2.099059632498611605e-01
-2.456602303106723839e-01
-2.770196277788217198e-01
-2.892946299833573653e-01
-2.602335058682388458e-01
-1.758734105140316306e-01
-3.285097342537719040e-02
1.257147475477713994e-01
2.260534423608136223e-01
2.518953319504687038e-01
2.253073314560025131e-01
1.629527243068277509e-01
8.397511977573929309e-02
5.868707145995320784e-03
-6.107037311154680376e-02
-1.088400929636889336e-01
-1.234452571627247253e-01
-8.193633575577433104e-02
3.238277323120439255e-02
1.824651009741581342e-01
2.974871375625937064e-01
3.453476473346006603e-01
3.310920410538301661e-01
2.726407278758794517e-01
1.874394138084977401e-01
8.914135105831945405e-02
-1.855759434247805997e-02
-1.440351617481196167e-01
-2.799665198297287549e-01
-4.006174335746148785e-01
-4.810759159024502463e-01
-5.253271794915576054e-01
-5.569880401717103302e-01
-5.685100644607324893e-01
-5.517387049105224595e-01
-5.233223787961388540e-01
-4.817182804875913549e-01
-4.105723395168336953e-01
-2.829811770377343993e-01
-8.633020475271233063e-02
1.403201818318908223e-01
3.512113062772398986e-01
5.382721976574288414e-01
6.836096959001022322e-01
7.396297671144708152e-01
7.068718574765209262e-01
6.157606999470477405e-01
4.762470054786087648e-01
3.123068681781028255e-01
1.610291991308144266e-01
4.690134401852864149e-02
-2.578845925653263163e-02
-6.921078170110181449e-02
-8.737457111977534052e-02
-6.764814986143510844e-02
-1.309450648176780502e-02
5.168601938659737188e-02
1.173353602930828632e-01
1.795824644655057423e-01
2.159697068620022031e-01
2.153066498729464817e-01
1.839366760889439845e-01
1.247609104655641732e-01
3.796773970497337169e-02
-7.307428648661945525e-02
-1.950666383631996514e-01
-3.037352952376546900e-01
-3.926224964643104665e-01
-4.760015037305325158e-01
-5.489036868784719081e-01
-5.890272955871157512e-01
-5.816483678950062908e-01
-5.219775773718819956e-01
-3.996604680652974251e-01
-2.344389848018723077e-01
-8.985215269769807056e-02
9.864301790685627014e-03
8.422601844265580062e-02
1.612368923295408596e-01
2.372324454501875957e-01
2.710215788315979979e-01
2.686210515552555078e-01
2.604993165777844677e-01
2.493310111611743984e-01
2.427442918390149695e-01
2.609032675598924045e-01
2.930754290051189037e-01
2.953904870993573906e-01
2.547399991919946927e-01
1.919996591199770453e-01
1.242084757729969569e-01
6.119676688275946241e-02
9.501920316974480155e-03
-2.659824243564215193e-02
-4.212559701325378075e-02
-3.037378640788357745e-02
1.280654325946570943e-02
9.187962638439045593e-02
1.916094912506612624e-01
2.724519650443123497e-01
3.138362653974011707e-01
3.150967099197961585e-01
2.781975937514398756e-01
2.102299820085705151e-01
1.202860056986175263e-01
1.310861929247227053e-02
-1.129066946246722603e-01
-2.586074067428194012e-01
-4.184025830608912866e-01
-5.792625968865433572e-01
-7.233357341627668635e-01
-8.311598514623388390e-01
-8.816249363226460467e-01
-8.523503563699509344e-01
-7.144783219129500207e-01
-4.708045510988903559e-01
-1.950512889977506770e-01
4.204836912400406607e-02
2.053225857109960417e-01
2.696278525876480980e-01
2.528774699601451514e-01
2.022044732981178317e-01
1.571750679745064216e-01
1.516947957540029368e-01
1.811341643698769488e-01
2.080894672623485320e-01
2.416659348758641024e-01
3.077547141141024900e-01
3.930213586533942149e-01
4.904579929461331256e-01
5.810731750091401304e-01
6.142773940972848790e-01
5.762584426266678106e-01
4.882923360933655865e-01
3.670970650485053666e-01
2.213325160740910180e-01
5.753952843251333021e-02
-1.140437482342727543e-01
-2.809353354467858943e-01
-4.211868476823891760e-01
-5.097994323249052107e-01
-5.333650485653225193e-01
-5.012927174651441442e-01
-4.408894046395698263e-01
-3.590764488711111202e-01
-2.474028910985463237e-01
-1.302160417613797416e-01
-4.770270999928449135e-02
-2.134875785482062693e-03
3.374860773058431518e-02
5.757196903153519174e-02
4.030359133452210418e-02
-1.278032658201860156e-02
-7.160701452446462112e-02
-1.086437747692045458e-01
-9.513231137663807901e-02
-8.811552381785506260e-03
1.647843148646793432e-01
3.883942460060956781e-01
5.707316945646497830e-01
6.663482634165953655e-01
6.812824338010328162e-01
6.212220750396530988e-01
5.018125974395174493e-01
3.543799529313790830e-01
1.988626412704163071e-01
3.686910135675886685e-02
-1.301312861927175768e-01
-3.008180416658213230e-01
-4.754150541348380332e-01
-6.457179137407312863e-01
-7.922076557527950591e-01
-8.937355721310025203e-01
-9.269490036905264629e-01
-8.581665997922995892e-01
-6.685213365172252287e-01
-3.952686434293326556e-01
-9.615958284481643248e-02
1.867768728919749210e-01
4.111686347210523618e-01
5.564012266961230191e-01
6.304033708286936877e-01
6.466786982990582189e-01
6.138109058381324701e-01
5.476115152176664891e-01
4.758748306103527392e-01
3.982574775603920370e-01
2.831923370469274226e-01
1.231475328696885752e-01
-6.008866159296645526e-02
-2.473058916760729198e-01
-4.286458214558794833e-01
-5.968818467467390532e-01
-7.352695334790229076e-01
-8.207934775351011236e-01
-8.308608286536796061e-01
-7.393372447255325275e-01
-5.392579590058526051e-01
-2.503552114109521831e-01
7.370622057611990463e-02
3.628322743473875178e-01
6.163286731065296120e-01
8.532449324630120291e-01
1.024052680843535290e+00
1.081625894175430203e+00
1.034073515875247429e+00
9.109513472148584867e-01
7.416902110908215606e-01
5.507098622607048410e-01
3.587817363931108394e-01
1.850380628961943164e-01
4.129326970617053227e-02
-7.376425211197848442e-02
-1.714014981357732392e-01
-2.540710157898083965e-01
-3.176258348855280356e-01
-3.583944513996961123e-01
-3.834487545314650969e-01
-4.272604184901012125e-01
-5.135981884328317815e-01
-6.286124631781210281e-01
-7.439014228912907978e-01
-8.281789818435262296e-01
-8.872026922797526804e-01
-9.660724577827412007e-01
-1.066757988939933011e+00
-1.144916830644294947e+00
-1.153387227570092044e+00
-1.032397626170538762e+00
-7.383837152998732334e-01
-3.016291663902489484e-01
1.921571514062572206e-01
6.501000538964503139e-01
1.013825219933820465e+00
1.286568256193725501e+00
1.462939547997246015e+00
1.502781236664358699e+00
1.412536426980493864e+00
1.238620958631330371e+00
1.020134722880605915e+00
7.870757169443699519e-01
5.593774119282806101e-01
3.487854867258000646e-01
1.650254485454850650e-01
1.947785297386105119e-02
-8.028449230630427258e-02
-1.410078463489944645e-01
-1.813620664150953354e-01
-2.155230368585805967e-01
-2.474209050665578946e-01
-2.867676977329378651e-01
-3.519181889937536556e-01
-4.482045282032770528e-01
-5.616059239527962932e-01
-6.716554810701269584e-01
-7.579707913753173099e-01
-7.991005341106128812e-01
-7.747050810648219432e-01
-6.637925841785747849e-01
-4.713165333566752269e-01
-2.325585232741941011e-01
1.667556610564056851e-02
2.317651409583287303e-01
3.854936841794052160e-01
4.808408571549782629e-01
5.240737665308767834e-01
5.224713662603408526e-01
4.873815968153957234e-01
4.433981567329037254e-01
4.040374820050729454e-01
3.562960249084174968e-01
2.924414168656035984e-01
2.200232003722516483e-01
1.493059096466589075e-01
8.567362242578827058e-02
3.074329022191012173e-02
-1.270302971935690500e-02
-4.274984440826452153e-02
-6.218310690408368480e-02
-7.720758936657320937e-02
-9.760498101016883143e-02
-1.296012161845890576e-01
-1.705849881337375695e-01
-2.170790925647279046e-01
-2.681770698628686556e-01
-3.184160830046698365e-01
-3.560110290718134785e-01
-3.657351871069998150e-01
-3.576832800748510066e-01
-3.693171775981021754e-01
-4.061092481136706622e-01
-4.366423712647526378e-01
-4.275284443623935116e-01
-3.533928565317937531e-01
-1.873579299383380525e-01
6.553600509155944887e-02
3.167726924037975178e-01
4.717233711642981886e-01
5.169291933893619406e-01
4.842065091649788711e-01
4.100004099668578816e-01
3.236014724132254550e-01
2.449024382621672880e-01
1.979030660220801041e-01
1.856425203757045839e-01
1.777402773636496680e-01
1.618261867562188761e-01
1.516862668640624467e-01
1.477534785568189180e-01
1.361633552673614522e-01
1.130267256272262100e-01
8.341497069460734881e-02
5.012605037838243488e-02
1.450534734720949209e-02
-2.320520186979783961e-02
-6.156708209751666355e-02
-9.868759906273036342e-02
-1.371978377231265478e-01
-1.813381748108369718e-01
-2.247115193674132927e-01
-2.526505713673189990e-01
-2.604629517110282344e-01
-2.586258815488965968e-01
-2.595059597998144452e-01
-2.606181901001984325e-01
-2.470182098053399777e-01
-2.032420683288074237e-01
-1.098869998519171609e-01
2.095623308788809730e-02
1.397569672344803060e-01
2.351181412232042078e-01
3.112018756476189751e-01
3.475527788875590884e-01
3.405569048303055957e-01
3.031301219603950714e-01
2.451106586660303788e-01
1.739438277518760845e-01
9.533661480564349644e-02
1.136012766875842822e-02
-7.575109510179603434e-02
-1.554043801254293700e-01
-2.151587603166404128e-01
-2.470237797766607624e-01
-2.431670151259103796e-01
-2.124599340480166076e-01
-1.775351695285016795e-01
-1.541181687417421953e-01
-1.539896138397762460e-01
-1.800318007275529542e-01
-2.268558158315751860e-01
-2.786627141523644879e-01
-3.098210116061337893e-01
-2.961458683245884460e-01
-2.109483839152674900e-01
-2.198959617725320531e-02
2.620059178660364418e-01
5.554644617726032241e-01
7.737031455689291626e-01
8.952610900190874910e-01
9.327974821885062218e-01
9.043330504572137940e-01
8.249979663046980161e-01
7.081973986347851469e-01
5.662962818954964117e-01
4.068092190989109902e-01
2.357024413402591945e-01
5.771023495978352957e-02
-1.283317838198896887e-01
-3.306513266244765492e-01
-5.573476810712113538e-01
-8.050255014367126982e-01
-1.056982194508185868e+00
-1.291586236264155030e+00
-1.488543029099394621e+00
-1.620585668162018322e+00
-1.645173528985557576e+00
-1.520343524928695844e+00
-1.218536378087204719e+00
-7.465173462827986439e-01
-1.841848458189746796e-01
3.611859279591130845e-01
8.228286764930700103e-01
1.168143954257121697e+00
1.407694765841823514e+00
1.566420464378784461e+00
1.625768224009344287e+00
1.562475285817348070e+00
1.383812066996072510e+00
1.111646755365804706e+00
7.780063520698752288e-01
4.119952578782948294e-01
3.355750231686550900e-02
-3.353252403228259015e-01
-6.640709662818150560e-01
-9.250483460684411074e-01
-1.106916794295809359e+00
-1.198776035152418373e+00
-1.177606052283926230e+00
-1.014899654214489688e+00
-7.107310530976053142e-01
-3.205582634310638612e-01
6.121357437092517922e-02
3.395290650776323083e-01
4.819820001624516292e-01
5.210929797082112236e-01
5.024910900324122132e-01
4.543106710474380527e-01
3.781432740865307007e-01
2.784618905177159154e-01
1.762988449570920824e-01
9.394382208617375885e-02
4.599764666279482217e-02
2.321270566687036810e-02
4.499193979414697203e-03
-6.552772052630079225e-03
9.507149857613347854e-03
4.674929221432298082e-02
7.625386434278759451e-02
8.383829423848979112e-02
7.295770630125199274e-02
4.894886951348611376e-02
1.280147354771936537e-02
-3.451671164229737354e-02
-8.555772291211116709e-02
-1.284547236819534310e-01
-1.525855117167533859e-01
-1.505937674989204778e-01
-1.098760327893919531e-01
-3.853691131523401259e-02
2.199158694413654372e-02
5.082103244267510006e-02
5.473030523024811911e-02
3.990882711423477530e-02
1.433803876880714381e-02
-1.241890635139071206e-02
-3.308446232056469483e-02
-4.115693264060821949e-02
-2.893347005992960227e-02
1.144396731003727644e-02
7.968563581854681832e-02
1.521243085031030173e-01
1.984899579187304197e-01
2.105639905479931850e-01
1.932244891128696018e-01
1.513266363966485617e-01
9.292286288812391659e-02
3.290420020775641774e-02
-1.417066288541730945e-02
-4.409058049099805893e-02
-5.302156143672555333e-02
-2.262863581975690930e-02
4.870710697530566957e-02
1.096717646142639085e-01
1.059865310165871849e-01
3.505752420458631280e-02
-7.954171723105653291e-02
-2.229581175821592487e-01
-3.856249070034521442e-01
-5.427333743660402998e-01
-6.593592407797946864e-01
-7.079442426449800152e-01
-6.928328574704505360e-01
-6.380224259275745213e-01
-5.362279788204897812e-01
-4.005123362945507970e-01
-2.777997814160662049e-01
-1.910807841352689662e-01
-1.445723556708381208e-01
-1.192847333864194698e-01
-1.045294916859919876e-01
-9.747529075174710123e-02
-5.036376399239535229e-02
6.089699727358709180e-02
1.968487259254027011e-01
3.470509166416890778e-01
5.292095551256862374e-01
7.207138934124106555e-01
8.756567142833617812e-01
9.671690002220368898e-01
9.880012191267716348e-01
9.409110537685602127e-01
8.382100565337424758e-01
6.968882135261778021e-01
5.407405915334512203e-01
3.945126311450350420e-01
2.682856419636897582e-01
1.583124302470228506e-01
6.490390541238287569e-02
-7.429103153233376777e-03
-6.534211407112372472e-02
-1.174693859933556572e-01
-1.636604226887279634e-01
-2.037918507981717475e-01
-2.425358129366256554e-01
-2.860804598618279515e-01
-3.369894064348147866e-01
-3.926653696752423484e-01
-4.491581442095984311e-01
-5.051495353810168121e-01
-5.542275520674373457e-01
-5.762032898344889853e-01
-5.469620836509562212e-01
-4.442477773739127445e-01
-2.751842259405285485e-01
-1.222489472701825675e-01
-7.757849392226567886e-02
-1.476333176714842432e-01
-2.869944153952470045e-01
-4.516371412045361300e-01
-6.007306872340267834e-01
-6.880887228879187800e-01
-6.585019513871692709e-01
-4.778579934677203989e-01
-1.666742008837335254e-01
2.403309088726143239e-01
7.053636081551061254e-01
1.125592849097324377e+00
1.398417598042227983e+00
1.506049866786891345e+00
1.463321443535770650e+00
1.289858117208384058e+00
1.014889149532097967e+00
6.661740730012930545e-01
2.732262684836648803e-01
-1.344223910709446412e-01
-5.365750462481190253e-01
-9.227584626374720767e-01
-1.275795515272577285e+00
-1.565428421465508535e+00
-1.755683675010362155e+00
-1.802436278360321387e+00
-1.645391105644876895e+00
-1.250431995659751383e+00
-6.723356030936578076e-01
-2.431237668099429927e-02
5.681956590596775047e-01
9.990428835936551177e-01
1.229757679547028637e+00
1.278673501768116783e+00
1.186868071667599001e+00
1.000862363690668166e+00
7.637444646324470510e-01
5.168077713039043175e-01
2.971147241922182380e-01
1.290171680355152173e-01
2.318162045485793951e-02
-9.754214418738881009e-03
1.320106957840032347e-02
3.842761035341688697e-02
3.918817173728799536e-02
2.199888380316475378e-02
-5.822968274347049833e-03
-3.766167012376656770e-02
-6.745673422236511674e-02
-9.276821819732845864e-02
-1.136360137304370521e-01
-1.272806565711723237e-01
-1.286870595042431120e-01
-1.149805480708187694e-01
-8.020750036699461627e-02
-2.994944883269496511e-02
8.138644939253127097e-03
1.278146883801974110e-02
-1.425824804709052533e-02
-5.427904564335415266e-02
-8.966284471111113374e-02
-1.090323161371616334e-01
-1.074252637216547290e-01
-9.047725167512464528e-02
-6.080319514893058053e-02
-2.053292075868756381e-02
2.227264383959976987e-02
6.626311989022598548e-02
1.203749284368180045e-01
1.817226093174625079e-01
2.260709225935413624e-01
2.400086081799278348e-01
2.351374580177479912e-01
2.261571509540578617e-01
2.179165203270231888e-01
2.133790572922783790e-01
2.157703618156839309e-01
2.275400286350941770e-01
2.243481814717531719e-01
1.553155970660294316e-01
6.200473890048550235e-03
-2.071564514862120343e-01
-4.740220328273131445e-01
-7.794277871396746438e-01
-1.100679854924135004e+00
-1.407090864700310195e+00
-1.655943107002290970e+00
-1.793597059756246059e+00
-1.759730392819689015e+00
-1.511648842894018241e+00
-1.055988171632600281e+00
-4.549141802597325146e-01
1.947911051386634895e-01
7.901729379029731604e-01
1.256916969776244120e+00
1.576266051483147468e+00
1.742137586898328427e+00
1.746169196976739890e+00
1.622541935001686753e+00
1.425445777755992571e+00
1.188493408026684461e+00
9.349745939710968345e-01
6.843155268061773544e-01
4.494523089569269492e-01
2.416381765770199419e-01
6.608927582117496424e-02
-7.778867610789007292e-02
-1.923795331493876326e-01
-2.798688035064686996e-01
-3.421552524694412289e-01
-3.873002230519504430e-01
-4.262953394080690739e-01
-4.619832274052335652e-01
-4.927697480877010205e-01
-5.233948428549887177e-01
-5.558649199486154213e-01
-5.748442827708879488e-01
-5.584839659282211377e-01
-4.951541496165180467e-01
-3.792028902300750848e-01
-2.043997170903940619e-01
1.156795184824681993e-02
2.108629488931606233e-01
3.301140719736402884e-01
3.482362398952128513e-01
2.927152391230554707e-01
1.935694589361210416e-01
6.529077784884257385e-02
-6.913090706897803694e-02
-1.758986723855006096e-01
-2.257128777281935395e-01
-2.247995354080062902e-01
-2.099614314250507208e-01
-1.997868864261463373e-01
-1.937064179045490386e-01
-1.814966065873927226e-01
-1.321269819448998573e-01
-5.933323338741695180e-03
1.774566393142320286e-01
3.388898031164122582e-01
4.435896393552422046e-01
4.989185872785075748e-01
5.052119831904592351e-01
4.694840679794700100e-01
4.069549470509171707e-01
3.349240104532509310e-01
2.677308746943236062e-01
2.083242872432594095e-01
1.604879016589066398e-01
1.230203894721677016e-01
7.476289609859942953e-02
-6.747510227115491310e-04
-1.015570410144805702e-01
-2.225322659582872342e-01
-3.542128543359861492e-01
-4.813483929224905977e-01
-5.843849233978689606e-01
-6.405543363848470451e-01
-6.316234553501404170e-01
-5.462177900975552225e-01
-3.801216690652335362e-01
-1.396061965201285671e-01
1.252643306516835198e-01
3.412378922052361485e-01
4.959610792246567090e-01
5.829342084585749095e-01
5.551374476506345523e-01
4.098432873806369114e-01
1.883519021201583987e-01
-6.804657260196292357e-02
-3.217265375139767292e-01
-5.366714068327483877e-01
-6.678925617763078471e-01
-6.923260263612354137e-01
-6.488439064639416332e-01
-5.828084930590717860e-01
-4.796540212440887352e-01
-3.318056262400513878e-01
-1.699279567440030725e-01
1.062185083148411979e-03
1.564172936792554425e-01
2.452721068670613291e-01
2.726725973719880125e-01
2.760763977295881966e-01
2.919302814261792722e-01
3.626937583294359557e-01
4.750752089407224155e-01
5.653598803689802166e-01
6.257490089530625132e-01
6.782038816425768335e-01
6.969877107557032048e-01
6.426204293912551879e-01
5.141962834586989439e-01
3.337980341401708406e-01
1.261801389045924537e-01
-7.887239863897425873e-02
-2.503916359966236183e-01
-3.559592724637329342e-01
-3.832326443150690376e-01
-3.468292925753513334e-01
-2.517566224099035410e-01
-1.237563419617856986e-01
-2.381045537579273147e-02
2.565377750870402596e-02
3.914561692919161368e-02
3.084771855107208346e-02
1.484813624082771677e-02
5.703480835151736317e-03
2.177945711805203549e-02
5.044658798754896034e-02
4.661006925496402609e-02
2.337677994646292223e-04
-7.072124652871950024e-02
-1.608179574366943587e-01
-2.692098723933975535e-01
-3.872173815318045720e-01
-5.013945446588088384e-01
-5.984136671374824523e-01
-6.620742746458602168e-01
-6.689264419553285768e-01
-5.884924995468878706e-01
-4.244507752900590902e-01
-2.180974326363911420e-01
1.379719113167588752e-02
2.602659359151395235e-01
4.752166220502051508e-01
6.146635192285625493e-01
6.719346803894785669e-01
6.630627649511819932e-01
6.089554534380104966e-01
5.330700755191016826e-01
4.543951362004241545e-01
3.868197688812572976e-01
3.344473011865916612e-01
2.856467128940978206e-01
2.211469036638554764e-01
1.254999987689928154e-01
-4.887454037642333105e-03
-1.599005859419863895e-01
-3.193813766991351333e-01
-4.587952682641465163e-01
-5.522489261834042651e-01
-5.831916495811675372e-01
-5.532519556606434463e-01
-4.665558036434130917e-01
-3.195959648194595659e-01
-1.400720292766702291e-01
2.035124530953114769e-02
1.359686057781363533e-01
1.997077878091963465e-01
2.207341954475144641e-01
2.169925666254919894e-01
1.909867192065052011e-01
1.409975264369825454e-01
7.686363914419330756e-02
1.308913858311256534e-02
-3.707105288532212134e-02
-6.131990636497458569e-02
-5.436681741596299799e-02
-3.013415262422818736e-02
-1.268787612320241773e-02
-9.875499947483951796e-03
-1.417349447229455592e-02
-2.195539539825205888e-02
-3.835871286598723645e-02
-5.617791143481479232e-02
-5.077234523127526628e-02
-1.814780720229123775e-02
2.222908692355909238e-02
6.907101380327985984e-02
1.237544277403016812e-01
1.634475484750982643e-01
1.709862495421216599e-01
1.532486494796013454e-01
1.306305136907904563e-01
1.131397830013574218e-01
8.534267040204512877e-02
3.472451617942527713e-02
-2.932442707320176076e-02
-9.324308824945411189e-02
-1.531283793296366880e-01
-2.094451106566985188e-01
-2.563083213197201449e-01
-2.843488530980053386e-01
-2.811366499945956998e-01
-2.312581784241621030e-01
-1.252964997548625947e-01
1.115142902072336836e-02
1.222030326304242576e-01
1.885426239965669049e-01
2.264281515254751298e-01
2.427570497399212102e-01
2.389637192310066494e-01
2.166829003520299723e-01
1.763314030834327029e-01
1.263016097037364394e-01
8.013967938993205031e-02
4.073296522821443638e-02
3.013110329332058419e-03
-2.937273178285501954e-02
-5.277206545292363604e-02
-6.772132070773498325e-02
-7.155669221580206185e-02
-7.797541716622097274e-02
-1.054288273012153887e-01
-1.459042293420528547e-01
-1.833412424150783482e-01
-2.082531424511362139e-01
-2.111481188121879238e-01
-1.884342277038360824e-01
-1.425255357834445402e-01
-7.377225537474624284e-02
1.738557030443300261e-02
1.132531509960546384e-01
1.831905428826222093e-01
2.162009842977011820e-01
2.189113824377839079e-01
2.032685970132355469e-01
1.895073409659021602e-01
1.880014801460971607e-01
1.909451512826152164e-01
1.881747177948610295e-01
1.729839115039953357e-01
1.446394443020628806e-01
1.079114883351781073e-01
6.826779793373713434e-02
3.259507016460280043e-02
5.705611634587451353e-03
-9.625003772040355288e-03
-1.168333428659581313e-02
-4.826594357293052806e-03
-1.174470902292036600e-02
-5.937885954344604422e-02
-1.477666239478539201e-01
-2.644267773800848542e-01
-3.985287413944934576e-01
-5.351600963172403747e-01
-6.581361942502247375e-01
-7.456370255083892840e-01
-7.693530387499935008e-01
-7.020807930801853392e-01
-5.161929352547334204e-01
-2.083217833846640610e-01
1.448077615695773090e-01
4.336062762346984401e-01
6.164367505353387511e-01
7.052715897881104423e-01
7.168591163643875941e-01
6.654936014679626588e-01
5.698911037924603296e-01
4.569822617474116333e-01
3.501232670055257623e-01
2.524615276756677074e-01
1.532176202378015273e-01
5.377266922036707392e-02
-3.655274575789738134e-02
-1.155469179550603492e-01
-1.782313293738562732e-01
-2.094539507360579922e-01
-1.932944211821143454e-01
-1.441951503540271351e-01
-1.028176029809499126e-01
-8.523024793944690425e-02
-7.924293082379789410e-02
-7.222337345907504924e-02
-5.854946504349334974e-02
-3.027370046663133141e-02
4.350542718567409345e-03
1.387027749102623213e-02
-1.047956179560284758e-02
-5.456024004105563402e-02
-1.089580062752083522e-01
-1.629598388556709188e-01
-2.019722529488904017e-01
-2.143806383469301635e-01
-1.956858539976281119e-01
-1.441255899672943541e-01
-5.836508416326095794e-02
4.130293980681269683e-02
1.212052619354076904e-01
1.657589768788826634e-01
1.777609639463528790e-01
1.678384009055988446e-01
1.498124509457232911e-01
1.373747079713910635e-01
1.291012497493279620e-01
1.117464475568817062e-01
8.696671189829086046e-02
6.909391799315296734e-02
7.148165581935908564e-02
1.036453230436208822e-01
1.524511091559296594e-01
1.853462683634365671e-01
1.889048293233974440e-01
1.720730556471564421e-01
1.452902116261559073e-01
1.133373197206739708e-01
7.950792897587746766e-02
5.135887309653986571e-02
3.752477005072814981e-02
3.015287470306069612e-02
8.301358352762543136e-03
-3.952694935113063718e-02
-1.162038664055493609e-01
-2.147323449470578127e-01
-3.219166747919476324e-01
-4.270768641890556050e-01
-5.207122388210287944e-01
-5.937704312927571948e-01
-6.430506486865656957e-01
-6.665497038129650775e-01
-6.462772720456179121e-01
-5.764268448729475969e-01
-4.681536939102413641e-01
-3.133889717101294714e-01
-1.132368051541527976e-01
9.540534614310099137e-02
2.814068627904752762e-01
4.652510908071485485e-01
6.588422864398078005e-01
8.074528103217271102e-01
8.680995375393623092e-01
8.491613517062701622e-01
7.753006695069881715e-01
6.712643314925229587e-01
5.511928069582853196e-01
4.239092488357203981e-01
2.968282680478399049e-01
1.723930521384990366e-01
5.493085113353051580e-02
-5.173892378751995813e-02
-1.491895503863318040e-01
-2.371448736871194507e-01
-3.097529334181778338e-01
-3.596382989291252996e-01
-3.845203343890403191e-01
-3.849521065938416586e-01
-3.514059731117090690e-01
-2.968086545004033905e-01
-2.647497442831467929e-01
-2.674098639503996733e-01
-2.791218698785810082e-01
-2.672049591506600597e-01
-2.347225392148922507e-01
-2.192616477267120001e-01
-2.198109891326599230e-01
-1.955560136252134651e-01
-1.375226334394214212e-01
-7.636993250951973344e-02
-1.324479144253780730e-02
5.375178032885424145e-02
9.214636603073948773e-02
9.513646076363148352e-02
8.715506322093438674e-02
9.680365653330752496e-02
1.393633000576137149e-01
1.965138248907238594e-01
2.392890840060707403e-01
2.622934111499117260e-01
2.705324784798932014e-01
2.564758391308211150e-01
2.141670946232154815e-01
1.579563528806308681e-01
1.071895090937261263e-01
6.634333045732253298e-02
3.595181148129271420e-02
1.364614676698605415e-02
-1.862463604732102207e-02
-7.602827118387867067e-02
-1.473365939277652137e-01
-2.083466436535008071e-01
-2.404558184052487113e-01
-2.256296300617903205e-01
-1.411781423962315540e-01
-1.135527943538530010e-02
8.910935962608401706e-02
1.281774924273946514e-01
1.277612448612945872e-01
1.149784650514813211e-01
1.015738864996207913e-01
8.993004296495211991e-02
8.887934932681147704e-02
9.956117220237696575e-02
1.107294875646280957e-01
1.190462169689250893e-01
1.278070082020716369e-01
1.340819952551163818e-01
1.279933240508889236e-01
1.006404158835604440e-01
4.857069656726054063e-02
-2.702634126723647140e-02
-1.167725355925657016e-01
-2.055606838988887630e-01
-2.835088342007286433e-01
-3.386898031682795129e-01
-3.605707577811170239e-01
-3.541762526438109737e-01
-3.206094579648949838e-01
-2.645955971044640642e-01
-2.071035386656910338e-01
-1.558579903411695944e-01
-1.007584816395304533e-01
-2.835440853146846754e-02
7.584055970241529443e-02
1.962131522862813893e-01
2.834794651720231595e-01
3.169365353271135777e-01
3.070102404957415487e-01
2.730094469021706605e-01
2.422710971014471193e-01
2.258068734632334429e-01
2.113070384360170306e-01
1.830845612009226464e-01
1.405942033102765554e-01
8.872172375308269576e-02
2.918440796612757626e-02
-3.484242527945463630e-02
-1.014204532166057271e-01
-1.662315191612781518e-01
-2.199997543531058142e-01
-2.502624891096879578e-01
-2.441470660705011286e-01
-2.093296284679303787e-01
-1.729500974187830331e-01
-1.466638017957750395e-01
-1.269559221373035285e-01
-1.046556416727057459e-01
-6.737116729482486854e-02
-9.916982524512441693e-03
5.843110297311956275e-02
1.175452144289675510e-01
1.581325271622813222e-01
1.817566316953980465e-01
1.904041325602516543e-01
1.857925698148998606e-01
1.691281294812741476e-01
1.447308541416354455e-01
1.174530247682385870e-01
8.910259289288158246e-02
5.884340933891613751e-02
2.342667891208197878e-02
-1.510043957238116352e-02
-4.937952646685506153e-02
-7.582499823659892557e-02
-9.353395566308714271e-02
-1.022459486839990273e-01
-1.017061346682794909e-01
-9.556963358772503636e-02
-9.130171394534650209e-02
-8.874744864028276392e-02
-8.120837272458772405e-02
-6.033011579117451839e-02
-1.470512633659640592e-02
4.609819334845633582e-02
8.988032551814427451e-02
1.051857331204790191e-01
1.012893989395857453e-01
8.747050117025881311e-02
6.469204009101642283e-02
2.746965742149679729e-02
-1.971607693210467027e-02
-6.905712933198482339e-02
-1.161402288612919248e-01
-1.541179074362398482e-01
-1.740784818690052915e-01
-1.776181870529283668e-01
-1.760322018980229886e-01
-1.705119313765746103e-01
-1.559027523412166716e-01
-1.227857837406828440e-01
-5.101999753426029321e-02
4.673503319858707261e-02
1.197499918368830629e-01
1.514481181312171965e-01
1.563810915500763454e-01
1.431935817915124254e-01
1.213215129165486350e-01
9.747163847275922000e-02
7.302275472878508311e-02
5.448218119495443212e-02
5.207753374181321726e-02
7.051795437028612890e-02
9.652365079937703929e-02
1.055046278231908802e-01
9.127275460867111112e-02
6.399143759184662550e-02
3.232390404542351270e-02
2.932286037206758601e-03
-1.726336517679155289e-02
-2.472705043670925251e-02
-2.446915351358716628e-02
-2.576696313364251756e-02
-3.203475278073295712e-02
-3.970326299384067947e-02
-4.235725715014981851e-02
-3.856624250018102912e-02
-3.425819677876813102e-02
-3.319238473765829395e-02
-3.468136926815829774e-02
-3.942119594986372849e-02
-4.825805360117143422e-02
-5.660016736079954980e-02
-5.892976702290934898e-02
-5.158884333259898536e-02
-3.099660006908724202e-02
6.360593439872287355e-03
5.164487184113457363e-02
8.262405600791469795e-02
9.358954717550176106e-02
9.497732803978600757e-02
9.147366504025671030e-02
8.355868377550931814e-02
7.399711042162838981e-02
6.565697662544958679e-02
5.866576039758215205e-02
5.166845482184968114e-02
4.497248623731911477e-02
4.054369276863082489e-02
3.227880724974096366e-02
8.342510220444850771e-03
-3.026945375965993043e-02
-7.288000758577133087e-02
-1.130526274703082812e-01
-1.487759766084558455e-01
-1.774596275782571175e-01
-1.903967774925339196e-01
-1.731881980593069636e-01
-1.145236965646752592e-01
-8.752068248548100504e-03
1.122281523691499305e-01
1.841293049197979537e-01
1.870110547633552500e-01
1.385655489811279950e-01
5.141453503347873100e-02
-6.091785436278152055e-02
-1.782506818540746385e-01
-2.770092967241627457e-01
-3.462702657129933526e-01
-3.883995033455290846e-01
-3.872664602963840075e-01
-3.075108321016738477e-01
-1.383447574874592523e-01
6.984529514196174960e-02
2.500576441646028547e-01
3.957545442684413661e-01
5.122507652829014768e-01
5.741510613042080102e-01
5.793173669482956090e-01
5.511071165749164003e-01
5.070509604047260810e-01
4.446216456028413977e-01
3.472190096641040724e-01
2.065630926327809147e-01
2.779707280761583438e-02
-1.816734071722344301e-01
-4.110498233221691056e-01
-6.380751694664765772e-01
-8.423740626423075195e-01
-1.009833044413863679e+00
-1.117445892618987635e+00
-1.132202481402240446e+00
-1.029170492356126454e+00
-7.796841822929737598e-01
-3.773797345515972901e-01
9.481376598575234904e-02
5.331707181721423439e-01
8.701189514174694217e-01
1.054455883168469832e+00
1.088350995273034805e+00
1.015289916824696936e+00
8.734589597270957517e-01
6.935256760288877054e-01
5.025504119251277269e-01
3.194219825974424776e-01
1.540053272258364858e-01
1.492699973762393051e-02
-8.865581668815231131e-02
-1.480828188951855418e-01
-1.518376622521162289e-01
-1.191867783099724298e-01
-1.031379671938013887e-01
-1.258953276611056715e-01
-1.754755577390014198e-01
-2.376366896250484417e-01
-2.988399906616718282e-01
-3.452486644730266008e-01
-3.700682072264472322e-01
-3.736434266832608930e-01
-3.478584173892942388e-01
-2.812104548915024260e-01
-1.952178096489072812e-01
-1.320265088615706350e-01
-9.856056309336290455e-02
-7.508281006299569182e-02
-4.439134847022966485e-02
6.680474000347717128e-03
7.223152408424604598e-02
1.221636891222222104e-01
1.345242712370288141e-01
1.148066997209367529e-01
9.090039787875231481e-02
8.931524832963634586e-02
1.032949584257142894e-01
1.119216546472881352e-01
1.164555575489589073e-01
1.209835014750840210e-01
1.136526211990746965e-01
9.105321165293076002e-02
6.128205982891364589e-02
2.978368128379854651e-02
4.050556395149649408e-04
-1.858986577225445538e-02
-1.761446943987231284e-02
9.903110170910715826e-03
6.042271938157283556e-02
1.172405066254217643e-01
1.695613957201967392e-01
2.094200788642415212e-01
2.225402940510262662e-01
2.040958903836816440e-01
1.661017139393045350e-01
1.237902897725476625e-01
8.457083636953729999e-02
5.595793154304787992e-02
4.533834019247279939e-02
5.585791429931259711e-02
8.797363761315393771e-02
1.296527617873254046e-01
1.615820276371087993e-01
1.749016462514468018e-01
1.655596107373913384e-01
1.279138425748587715e-01
6.215642968355168663e-02
-2.780252257312587627e-02
-1.408527922229553253e-01
-2.736203194908706227e-01
-4.160950306444969882e-01
-5.527067903643305691e-01
-6.627904702920212054e-01
-7.346052877358247857e-01
-7.633816453899165966e-01
-7.599491698360913983e-01
-7.554844078346144576e-01
-7.372698173865158688e-01
-6.721936210797069267e-01
-5.659563569466906641e-01
-4.069289120798131321e-01
-1.639648400783249027e-01
1.394412076351739249e-01
4.503639613887240878e-01
7.264046314658756387e-01
9.211479589741903284e-01
9.988101131689306467e-01
9.456048201558621136e-01
7.907723964412256556e-01
5.942218776909783395e-01
3.875434877887507512e-01
1.772414100087854050e-01
-1.907696280147419543e-02
-1.764285260560113922e-01
-2.706350755090047855e-01
-2.790133664860843798e-01
-2.111104090317188764e-01
-1.186350179588546994e-01
-3.781336154509691572e-02
4.023734637181722307e-02
1.425489879253779013e-01
2.599421138586913704e-01
3.396688275333450413e-01
3.608943416851037034e-01
3.399260794852587142e-01
2.933595462329930958e-01
2.347643899056439665e-01
1.740499117456896505e-01
1.252679870186752253e-01
9.326369311515517180e-02
6.480806100565686401e-02
3.336108373922436199e-02
-2.337912378699069649e-03
-4.933186470606214236e-02
-1.109043128013617041e-01
-1.846300191106147182e-01
-2.680796973673563732e-01
-3.591349389583394225e-01
-4.527619892930968559e-01
-5.457789228072920107e-01
-6.246299396488413924e-01
-6.632848180236748936e-01
-6.452476004906159135e-01
-5.517284667409303456e-01
-3.544682798788464928e-01
-6.828697233644828724e-02
2.111812943684923671e-01
3.909797794297847351e-01
4.588435796984851600e-01
4.399361105748711975e-01
3.558773197034417746e-01
2.246439559222131455e-01
6.296903835413160400e-02
