-7.061217389081848872e-02
-1.687868225055198512e-01
-2.630482737977758445e-01
-3.413742482927017985e-01
-3.863544306170572651e-01
-3.787436529771907034e-01
-3.246650462916597091e-01
-2.565707565839738802e-01
-1.860247907113931343e-01
-1.001799609035906868e-01
1.815947975887239121e-02
1.598733990569812802e-01
2.792766093468047051e-01
3.492555219542589073e-01
3.754225365826743821e-01
3.676495222335275925e-01
3.350990194236784792e-01
2.889335119357154813e-01
2.350669289313079557e-01
1.705035061660989670e-01
9.608993880133921694e-02
2.148114838685105665e-02
-4.213513274397530373e-02
-8.704505958703745438e-02
-1.142015312745807976e-01
-1.303167774065931706e-01
-1.408704895392922096e-01
-1.476222551191468946e-01
-1.439915842559669756e-01
-1.234117582353229381e-01
-9.421671036481801820e-02
-6.920110114968434922e-02
-5.051597665130191928e-02
-3.450470995807006225e-02
-2.026834242799865210e-02
-7.256324219300019744e-03
1.154791025048009304e-02
4.389152002458410196e-02
8.355330320960401014e-02
1.111543047190065303e-01
1.173850699891867411e-01
1.069047766390670978e-01
8.347446619461965089e-02
4.796246799995215748e-02
4.166626932679716108e-03
-3.677676958925274464e-02
-5.927982654429207049e-02
-6.599259774697387171e-02
-8.032331061211278600e-02
-1.132061713897347388e-01
-1.622577812230728833e-01
-2.234505281761773599e-01
-2.857458486623404847e-01
-3.347493081330037978e-01
-3.564588202087136115e-01
-3.344176397672403156e-01
-2.627084123928536963e-01
-1.478278770021372035e-01
1.690149136686618786e-02
2.025719845898084071e-01
3.359976800209065750e-01
3.970755796691160522e-01
4.065014488202045584e-01
3.752805693972381396e-01
3.164981379983162757e-01
2.483024258205701051e-01
1.848857842815070096e-01
1.318308865037735311e-01
9.088582945354546638e-02
6.374649932048452594e-02
5.024678580998270805e-02
4.403073012192278146e-02
3.764113173296777803e-02
2.939168403279979538e-02
1.954899339200862757e-02
8.280195154039392963e-03
-5.042031066439370268e-03
-2.161784997170692127e-02
-4.022623297176662616e-02
-5.959586837311736662e-02
-7.882661068675307636e-02
-9.549506527065612649e-02
-1.078144174660575771e-01
-1.141460124326760528e-01
-1.119098453286637984e-01
-1.020186691198162743e-01
-9.260427113872599092e-02
-9.617460380827816402e-02
-1.183289830288172112e-01
-1.519815293792333988e-01
-1.858520626871564274e-01
-2.090968039111437971e-01
-2.096897527051379273e-01
-1.753639873633377755e-01
-9.548299873824252215e-02
1.100794886943055884e-02
9.729060901633793113e-02
1.430330083845520739e-01
1.543241240872227638e-01
1.396806061096883544e-01
1.087061595066155517e-01
7.097771698338459223e-02
3.274018741431931195e-02
-3.306842289297728943e-03
-3.272887646053683486e-02
-5.092212806617215509e-02
-4.810285652534263684e-02
-1.999389430539267806e-02
1.778928175695124528e-02
5.121206372383001887e-02
7.924786654429914756e-02
1.046077597178171614e-01
1.300869027250640131e-01
1.544125267609564867e-01
1.704570257316857795e-01
1.696769278363075284e-01
1.489175406578517324e-01
1.115571845380843446e-01
6.191037638687276606e-02
8.582526010524454615e-03
-3.447510099639188030e-02
-6.104011759808242177e-02
-7.313802222273030340e-02
-7.312214702071720418e-02
-6.478305866332684237e-02
-5.542561601422044126e-02
-5.028372565585969428e-02
-4.821954247005324351e-02
-4.730910588707862297e-02
-4.768346489279789990e-02
-4.929212700471367198e-02
-5.009063320882537612e-02
-4.661440804561831075e-02
-3.758041201128955316e-02
-2.375598303298710051e-02
-7.913911388179591805e-03
6.472933577067874547e-03
2.008584383754289868e-02
3.428288248856206644e-02
4.696639460855660947e-02
5.493958054078205977e-02
5.565846446448179802e-02
4.676139228246507101e-02
2.746928498137573074e-02
2.675418198484430868e-03
-2.096353263570279943e-02
-4.380658049355945494e-02
-6.956515130360955979e-02
-9.987583086661104559e-02
-1.329809939053523682e-01
-1.603367538368498380e-01
-1.720968454508992329e-01
-1.627433145116865820e-01
-1.272124182080343613e-01
-5.985312458374726641e-02
2.314499413577284642e-02
8.639900012751386416e-02
1.173593848517972826e-01
1.251591589234092861e-01
1.176403873305506831e-01
9.875437795475237868e-02
7.119796338328354679e-02
3.859177739892230563e-02
5.096817064605733971e-03
-2.460344365484088552e-02
-4.484418935004674117e-02
-4.978106472724602716e-02
-3.075447348263337516e-02
7.836575820994524239e-03
4.224598506871331954e-02
6.238669671941970279e-02
7.375595704895403226e-02
7.934490222749801536e-02
7.976352478375862975e-02
7.460284961499130674e-02
6.332938045517552683e-02
4.693060771304544826e-02
2.923921611816566665e-02
1.186418155239014373e-02
-5.037391731839420232e-03
-1.711059852576914120e-02
-2.016484671788666694e-02
-1.443067489477142806e-02
-4.166607594501759576e-03
4.858499997236831805e-03
9.474179698159616164e-03
9.951467229847962143e-03
7.875143615182544909e-03
3.019091459667484420e-03
-5.863201398965040001e-03
-1.773221929425109616e-02
-3.209905590091137462e-02
-4.808747373996719726e-02
-6.149634723234580908e-02
-6.942257281644975686e-02
-7.245235587506076991e-02
-7.176808948079191341e-02
-6.724451006084827820e-02
-6.150733415519148151e-02
-5.765467652236694329e-02
-5.087067582085078032e-02
-3.385062687678151716e-02
-3.931245303867269766e-03
3.871609376862300556e-02
8.251209215454829993e-02
1.078499137901516164e-01
1.081345065885662982e-01
8.616400045479143122e-02
4.606493160397616415e-02
-1.879047397709568412e-03
-4.571749207281818744e-02
-7.859929266962213668e-02
-9.604404541705205411e-02
-9.261542445394173317e-02
-6.382771351588847897e-02
-1.440283000140174172e-02
3.860094275309048500e-02
8.140638917117934414e-02
1.131884640829531885e-01
1.363947745187724658e-01
1.507766636046767861e-01
1.564213716954646061e-01
1.546949490184327536e-01
1.456813264914566808e-01
1.296786742208734799e-01
1.071033678707098841e-01
7.455765071670299171e-02
3.179165652489656518e-02
-1.578447463927525746e-02
-6.699618029470338909e-02
-1.244765746331579354e-01
-1.878127631704741285e-01
-2.538006708764219965e-01
-3.181977298506857288e-01
-3.734232488259401905e-01
-4.077319945915615640e-01
-4.044404273942046601e-01
-3.420562581843520356e-01
-2.022568251575280196e-01
-1.898053069170882456e-02
1.287013140946182965e-01
2.096525945523887713e-01
2.351845539395352458e-01
2.167985900212203720e-01
1.692320259154290740e-01
1.059430512733233049e-01
4.163315730578284052e-02
-6.189729039556661483e-03
-2.172829304348204704e-02
1.680210078049093787e-03
6.026973403310982580e-02
1.351032582369318391e-01
1.957676771813936234e-01
2.283445589163938527e-01
2.365300715803517473e-01
2.266330887978945663e-01
2.041588872699145463e-01
1.727615006686021581e-01
1.361071822133618492e-01
9.572501712958836340e-02
5.082093657277157728e-02
3.036967719275588534e-03
-4.219077861640145588e-02
-7.906653056248053035e-02
-1.058805872709014662e-01
-1.239113657568916282e-01
-1.339865643568474707e-01
-1.383947277368305362e-01
-1.405214971762979714e-01
-1.411305627827824094e-01
-1.384778091316546111e-01
-1.304722032812762611e-01
-1.151082135780511218e-01
-8.932065205919932638e-02
-4.841191121924742768e-02
1.458775408896861511e-03
3.925888568167217041e-02
5.424467611951903911e-02
5.191589618809344664e-02
3.980049942134972207e-02
2.409774878270439652e-02
7.891986119179151063e-03
-7.987700103352458891e-03
-2.252640779300033730e-02
-3.138982188061324036e-02
-2.536345701671372660e-02
-3.794952161849281247e-04
3.091989852864977795e-02
4.850834504241647444e-02
4.389527885811284058e-02
1.900389769491240069e-02
-2.107128678464463556e-02
-6.865070708266034216e-02
-1.154294788511418812e-01
-1.539691547078582134e-01
-1.764559842455152849e-01
-1.722828192678430570e-01
-1.298071663668635412e-01
-3.629453064058568712e-02
8.944388914683068514e-02
1.924422345457867944e-01
2.484581369281748664e-01
2.674506603519962722e-01
2.584871633586601214e-01
2.281180379491729582e-01
1.834960007199293863e-01
1.329122867478972625e-01
8.276526867367059448e-02
3.661923125390025013e-02
-2.858444513349578039e-03
-3.037790546100874178e-02
-4.638032001698649820e-02
-6.331453267446970901e-02
-8.964782151765184059e-02
-1.239382670210682491e-01
-1.636839470894739523e-01
-2.058270024902023598e-01
-2.457612095376744688e-01
-2.784665952095767283e-01
-2.945192687323068270e-01
-2.803921648936796851e-01
-2.248986455922843686e-01
-1.152308324418258589e-01
3.082243810462679048e-02
1.575878785250767466e-01
2.406356145903659205e-01
2.846738056102255388e-01
2.883563492283660601e-01
2.565271139333241690e-01
2.030696340673226463e-01
1.431871593500882167e-01
8.686859495371750117e-02
4.043402378228273114e-02
1.005893217251454391e-02
-3.100577925293553777e-04
4.135758141613321559e-03
8.322284202435976941e-03
2.742238508852187090e-03
-1.121642818976437660e-02
-2.923150104644237079e-02
-4.848673916929115840e-02
-6.651650533104927487e-02
-7.995108990761384815e-02
-8.561347111774256224e-02
-8.038053850751651630e-02
-6.100868215781937720e-02
-2.347904985881129128e-02
2.541187435939523329e-02
6.574161415258301944e-02
8.684261131299884917e-02
9.052735065814707105e-02
8.088037443792861492e-02
6.142905726527207733e-02
3.379218560724098208e-02
-7.639861545740735116e-04
-3.683410999261612501e-02
-6.293197603879113755e-02
-6.870942010590681825e-02
-5.277190965769743003e-02
-2.839240305408451126e-02
-1.496546344038838031e-02
-2.017723392236312960e-02
-4.152364447636131689e-02
-7.378678813381278623e-02
-1.108398011947394068e-01
-1.480835069759514622e-01
-1.806755476076643829e-01
-1.998214260093787442e-01
-1.935975166392647218e-01
-1.510304401504842242e-01
-6.379168996667841651e-02
5.115392918915526860e-02
1.489855150587819921e-01
2.060737410211698206e-01
2.282192097448563772e-01
2.265029590863236464e-01
2.103142303893149045e-01
1.843639670458875612e-01
1.506499883442491416e-01
1.113747214314332046e-01
6.991012853438514918e-02
2.977163091674037837e-02
-7.784699583859692323e-03
-4.096643394884877387e-02
-6.618686753433111747e-02
-8.483450425726100919e-02
-9.924784384812496141e-02
-1.072612764800957158e-01
-1.080739635775919555e-01
-1.022091115412485096e-01
-8.778205330243793458e-02
-6.394812049231544948e-02
-3.445580500750133196e-02
-4.057878999757813000e-03
2.451163689291178949e-02
5.018023557681780544e-02
7.088973182553853780e-02
8.132902110770913462e-02
8.061984704558634862e-02
7.387361073274920087e-02
6.321393760455304434e-02
4.819310898188146342e-02
2.941631367339777106e-02
6.844778122560281515e-03
-2.038444852540005278e-02
-5.092916156622619844e-02
-8.036489745312683231e-02
-1.018220055843042926e-01
-1.107481600802637939e-01
-1.066160087067133805e-01
-8.981461570353641011e-02
-6.422608392132526933e-02
-3.584356577756654672e-02
-8.836188707383476476e-03
1.421091931008783803e-02
3.258349547676836488e-02
4.971540954635467885e-02
7.052836457053186792e-02
9.743124899699003028e-02
1.268464514208625105e-01
1.474341151868750754e-01
1.515495714711546649e-01
1.410825563301670582e-01
1.189641669626672615e-01
8.673705442031735824e-02
4.832966046379016944e-02
1.233110012585167219e-02
-1.291509074566704607e-02
-2.798833575951677893e-02
-3.894890507059789453e-02
-5.107534770998355123e-02
-6.669295351313045406e-02
-8.510139197471348893e-02
-1.057549066606403715e-01
-1.293179593452334075e-01
-1.575946573903645453e-01
-1.907274245897430387e-01
-2.249714210570712414e-01
-2.519896282463759407e-01
-2.609451029582540715e-01
-2.414421307600866096e-01
-1.805999515960775570e-01
-6.412226422533949532e-02
8.118298769733957310e-02
1.894095677871333594e-01
2.354344562485440051e-01
2.363372915738432278e-01
2.111607603794591892e-01
1.748677261728684706e-01
1.368655881937168028e-01
1.013050386870446851e-01
6.886671708006643355e-02
4.237107320147316669e-02
2.711428860418786668e-02
2.936023001079467523e-02
5.001727728453082833e-02
7.355231356229434414e-02
8.347607955792500645e-02
8.124972767434847365e-02
7.451208573656062373e-02
6.988509169973620982e-02
7.215160797741598797e-02
7.899678675749008394e-02
8.319922753093487999e-02
7.762724330872529388e-02
5.681835450781091978e-02
1.909183817494986002e-02
-2.868852028057410075e-02
-7.691178022134294301e-02
-1.251698202814114369e-01
-1.756059597521069104e-01
-2.246450733901155794e-01
-2.684244438629735940e-01
-3.025010507066901999e-01
-3.208393181742769107e-01
-3.179842347764708088e-01
-2.865139423997455914e-01
-2.154547516436102206e-01
-9.198603942174968240e-02
6.345761096135205115e-02
1.945451096484043796e-01
2.752236747691185759e-01
3.130546118438153891e-01
3.179022438805180761e-01
2.995789075553442204e-01
2.667829599381196792e-01
2.254897642982198747e-01
1.767337871852827091e-01
1.225758587468160771e-01
6.933080002084884841e-02
2.409063802279046151e-02
-1.409632465910619359e-02
-5.609455409184233021e-02
-1.084274770435018076e-01
-1.678223521788209105e-01
-2.262922787760094090e-01
-2.742142616074796369e-01
-3.026144182970748053e-01
-3.040389287705488330e-01
-2.777941502508861626e-01
-2.288450786629216693e-01
-1.534402939917528796e-01
-3.761504376020721740e-02
1.009813702241802724e-01
2.076620838758218845e-01
2.598736285911333876e-01
2.707955368900104576e-01
2.508559128398697435e-01
2.102724350977780987e-01
1.596935043621712236e-01
1.059005498844992205e-01
5.553335601908371971e-02
1.551870525044697462e-02
-1.022994119433863133e-02
-1.882426647205837425e-02
-8.024928187358310039e-03
1.434409163846745577e-02
3.267825182269229467e-02
4.048965489223059488e-02
4.068430444468458529e-02
3.848266951488852478e-02
3.746370445698189722e-02
3.486137605559359864e-02
2.542872031050449899e-02
8.165917035569063287e-03
-1.277773160789136275e-02
-3.256538904621508745e-02
-4.833877249870484338e-02
-6.005294716822127954e-02
-7.292553836911971898e-02
-9.363027255458594711e-02
-1.242383474157597173e-01
-1.624112768466521861e-01
-2.030014912328715893e-01
-2.396302411277732303e-01
-2.647619239676479719e-01
-2.691240734650370281e-01
-2.340788166967847361e-01
-1.308801704286968182e-01
2.201936217316430300e-02
1.558234174060360022e-01
2.381351426226850643e-01
2.758551053763776406e-01
2.777586887932092519e-01
2.557169469874429057e-01
2.212985805943376294e-01
1.803972081263486849e-01
1.366125043032519193e-01
9.356936510373209392e-02
5.522383157112494001e-02
2.771310556511761072e-02
1.234119031461702355e-02
1.973123486781313413e-03
-7.271472272066051290e-03
-1.387763624922931649e-02
-1.953725610760337003e-02
-2.750286892018672519e-02
-3.840496800537428895e-02
-5.126614643652765285e-02
-6.620756555913380470e-02
-8.370365565970450117e-02
-1.022612421788907655e-01
-1.172261700315443828e-01
-1.256964531041071809e-01
-1.292374866681357815e-01
-1.271624807986798111e-01
-1.165501123622684071e-01
-9.103774101793576934e-02
-4.001363953887747404e-02
2.563153723568196637e-02
7.270185458210573493e-02
8.754078977193807676e-02
7.692676931586450717e-02
4.882438964016172500e-02
1.484994937297107187e-02
-1.050172741218690330e-02
-1.700480732075171017e-02
-8.267733041990798191e-04
2.704730158537606635e-02
4.458285703253603988e-02
4.538967705672317110e-02
3.668376358720219776e-02
2.588024818616169870e-02
2.113022553100219608e-02
2.347984548213205569e-02
2.843014001628769993e-02
4.171922103033368079e-02
6.516483328682180776e-02
8.432560808230497862e-02
8.956684219085028764e-02
8.184522009567718470e-02
6.255404498418755399e-02
2.867310130805110491e-02
-2.078757646603099016e-02
-7.598141707828257041e-02
-1.229552186162502642e-01
-1.480560938658662395e-01
-1.393582076405960879e-01
-9.195896923259264111e-02
-2.001121154888696463e-02
4.154918800203590001e-02
6.884754904094916861e-02
6.235990360613597600e-02
3.080294419453109833e-02
-1.677103155505479254e-02
-6.986946842318118855e-02
-1.166483564950380192e-01
-1.491211349353154247e-01
-1.619092123453633181e-01
-1.469582042939910627e-01
-9.518570779075330446e-02
-1.480751730465369558e-02
6.158862159261550145e-02
1.104277577651511799e-01
1.347896076155994105e-01
1.453983568224666012e-01
1.470219048335615064e-01
1.401682429157741216e-01
1.248649333761357449e-01
1.027126635946742361e-01
7.664502813921558744e-02
4.904652635030862934e-02
2.214045752743154516e-02
2.747999924121580576e-03
-1.987003803084553058e-03
4.957573116785875950e-03
1.451811877782548631e-02
1.831157096331879897e-02
1.398101737578323275e-02
7.567359014583730989e-03
4.395057308144486446e-03
4.146158534887266905e-03
5.692784876084606982e-03
6.119235638567180682e-03
-7.782773006582283104e-05
-1.341040911478447346e-02
-2.921752999388619459e-02
-4.700999341386467856e-02
-6.979483604435615662e-02
-9.861298743130425537e-02
-1.299864903084400891e-01
-1.559711103978478064e-01
-1.705310516317806724e-01
-1.690289053959323495e-01
-1.443485366890539523e-01
-9.001681109603257291e-02
-1.672569962189302678e-03
9.669499903908659877e-02
1.562005104639486164e-01
1.630204874699462680e-01
1.334524832120363713e-01
8.028178068975240500e-02
1.376343300024641947e-02
-5.728109896835656412e-02
-1.225538797293477394e-01
-1.692857499806179611e-01
-1.843903334312114173e-01
-1.552832539399043310e-01
-6.937352854956957415e-02
5.513056911734491583e-02
1.619321082646642818e-01
2.207201880509693515e-01
2.386054622752876442e-01
2.252588608625656907e-01
1.879935353237597861e-01
1.344642062065775356e-01
7.226990879091904629e-02
6.359557516997911553e-03
-5.915864849992628210e-02
-1.188454276761587158e-01
-1.662420133239523867e-01
-1.972148017814468191e-01
-2.107439558450553141e-01
-2.033596408141380707e-01
-1.677587113612372671e-01
-9.384980079726557012e-02
5.318519406112123815e-03
9.149486836943759860e-02
1.478044333556317036e-01
1.786611713635721244e-01
1.912955611020945301e-01
1.991848578808373127e-01
2.164872763146513668e-01
2.392684037793391949e-01
2.423369845298628811e-01
2.112988122942109082e-01
1.510403475118565764e-01
7.023117818304615290e-02
-2.048588315425441120e-02
-1.106295252381561678e-01
-1.906011193195811526e-01
-2.488919058825122821e-01
-2.733585270246458587e-01
-2.522241931262659276e-01
-1.702059268630679578e-01
-5.091519387789149309e-02
3.719674616422828650e-02
6.738546445288276510e-02
5.446231419458810036e-02
8.160580956821390092e-03
-5.806779172754052143e-02
-1.199530167776821227e-01
-1.584387123514032769e-01
-1.764975719589912673e-01
-1.790545069217056862e-01
-1.527632790916201022e-01
-8.018590337941064461e-02
3.608389877953030456e-02
1.589185303508129643e-01
2.504623958973757336e-01
2.910047147893354280e-01
2.607888152226588430e-01
1.631557108484388285e-01
2.484742470055723712e-02
-1.295516497137338963e-01
-2.746503837215653610e-01
-3.834192444429965207e-01
-4.300860944495389915e-01
-3.851223928780724282e-01
-2.443193955982690679e-01
-6.692396946758111254e-02
8.087870597187085675e-02
1.900859660248786220e-01
2.797916479518738342e-01
3.442224609325292284e-01
3.539390740890243081e-01
3.053938482876528138e-01
2.228997199143827324e-01
1.341493897166527449e-01
6.651263742275341506e-02
4.182155759650691557e-02
5.723900207818746061e-02
7.561816404521107260e-02
6.561046479561255529e-02
2.705589732008784401e-02
-2.705001406984784695e-02
-8.484856031568560608e-02
-1.390734267494742604e-01
-1.830032466448932582e-01
-2.064849074465233969e-01
-2.000318000605093016e-01
-1.575871067350371746e-01
-7.341754828341631733e-02
3.765527059875420357e-02
1.331393549622231776e-01
1.858522191599354112e-01
1.949138550358496536e-01
1.648952034548916423e-01
1.015898939854749938e-01
1.898729508754334883e-02
-5.922701110508940547e-02
-1.161327200480921917e-01
-1.451856544501723967e-01
-1.407505351657798998e-01
-9.724140552570548213e-02
-2.695983768339404313e-02
3.927470987646609901e-02
8.640593096420086383e-02
1.175751246333094913e-01
1.368792437372200188e-01
1.465239100100164671e-01
1.481412704848072692e-01
1.429976444148847725e-01
1.283281563333728559e-01
9.974409588722164821e-02
5.821545611649123209e-02
9.433455057973265390e-03
-4.189741247806134938e-02
-9.444198153713331823e-02
-1.498245444398535464e-01
-2.075475758882509014e-01
-2.642185951391841647e-01
-3.164905018137951775e-01
-3.581901089063340704e-01
-3.811174474304263593e-01
-3.769550173108395241e-01
-3.349598124765402196e-01
-2.431922678536311277e-01
-8.702676107914314452e-02
1.083009999264813589e-01
2.673713297038637915e-01
3.516778461932654753e-01
3.724508957285297961e-01
3.452826483148394576e-01
2.831158893052333481e-01
1.991582541127019934e-01
1.080043874709078200e-01
2.485470329309118903e-02
-3.611821347063926685e-02
-6.468145258599393432e-02
-4.881905467184993741e-02
4.563126183623884141e-03
5.937156062662426320e-02
9.371690012189860808e-02
1.080297565767363438e-01
1.036143526721901437e-01
8.276855465672505741e-02
4.931874833803112645e-02
7.027587828288766637e-03
-3.898701268644116924e-02
-8.316896139746542127e-02
-1.205985968990288537e-01
-1.461262889372236806e-01
-1.545500671003052773e-01
-1.448025303214436899e-01
-1.207605790344283697e-01
-8.500722620735971791e-02
-3.610008529154076773e-02
2.194552394974225856e-02
7.404907476248608067e-02
1.089167859796365267e-01
1.259508597199779090e-01
1.271030247312133765e-01
1.133135816328216111e-01
8.715528347277330667e-02
5.536898687016791887e-02
2.539655822057017981e-02
6.886290628823378557e-04
-1.904582705206679660e-02
-3.528884337174916647e-02
-4.977901172261682550e-02
-6.310804887538552788e-02
-7.360769509110962061e-02
-7.837114231829786504e-02
-7.399741763839100261e-02
-5.862527398478772911e-02
-3.528379041814425077e-02
-1.304230003337591461e-02
-2.185400337384047886e-04
2.514471257232597529e-03
-1.880121924592427149e-03
-1.094329488324597907e-02
-2.235248614856069627e-02
-3.397880009104350951e-02
-4.244292564407860929e-02
-4.252306088376379273e-02
-3.033875120438351766e-02
-4.992723663418924956e-03
3.016130055305641863e-02
6.529645482953812252e-02
8.772412795594076995e-02
9.288170173610486857e-02
8.513377489597244441e-02
6.785487251924127161e-02
4.311356440023363101e-02
1.378568105557045551e-02
-1.572487759909861615e-02
-3.971821538790142742e-02
-5.264496094301628071e-02
-4.851784005765360369e-02
-2.321120933902639724e-02
1.444743097227075765e-02
4.517986241815197257e-02
6.090877832164488803e-02
6.463377093624431136e-02
5.808052670243429166e-02
3.975647462792789716e-02
1.031475120277316679e-02
-2.466764754114014399e-02
-5.662108763504243580e-02
-7.685926965679033829e-02
-8.370160638830508038e-02
-7.748648765694546303e-02
-6.163567346044354633e-02
-4.705214523864681420e-02
-3.632920292859075778e-02
-3.140766389039525291e-02
-4.174072770196506077e-02
-6.719355350830757967e-02
-9.648341177710351158e-02
-1.156908148499709021e-01
-1.158450763236350267e-01
-9.405304276918330375e-02
-4.747508719048702114e-02
2.858638253033021076e-02
1.226812694869045678e-01
2.057626824465572102e-01
2.628081667221956463e-01
2.943018052092053471e-01
3.024188310853210826e-01
2.897244374735703509e-01
2.578576960202991208e-01
2.072225365876188552e-01
1.406723791617563168e-01
6.560271856596205931e-02
-1.143479120770342014e-02
-8.637341636029099989e-02
-1.528140233830677097e-01
-2.044004857827916022e-01
-2.440718179763804452e-01
-2.773737592097793025e-01
-3.042102343471613790e-01
-3.249540334643050143e-01
-3.404391213343921363e-01
-3.456738478209046561e-01
-3.314862988721736792e-01
-2.885496802005365624e-01
-2.050594675581736137e-01
-6.826756302731870618e-02
9.759636163875848314e-02
2.313099633875948247e-01
3.059094298428094438e-01
3.321547456131971332e-01
3.227429154123792610e-01
2.912044960209152489e-01
2.503773500235314531e-01
2.088360077836447781e-01
1.703364534834730382e-01
1.340349998378927432e-01
9.645771382637745306e-02
5.415244710774352876e-02
1.080607120555774486e-02
-2.241360759775165579e-02
-4.244516233037329278e-02
-5.363850432604261309e-02
-5.727150040023874789e-02
-5.533524542924302125e-02
-5.216741871240006267e-02
-4.755524025170977664e-02
-3.915261514853404790e-02
-2.906696412707858446e-02
-2.175207333789776903e-02
-2.090949708656347772e-02
-2.431897561630351132e-02
-2.587416982306618707e-02
-2.542602904837817923e-02
-2.678823240782330153e-02
-3.244888740723893966e-02
-4.430422865484488770e-02
-6.114148427915486184e-02
-7.708664598514136657e-02
-8.579834267976479967e-02
-8.346984147264126241e-02
-6.850836796828270459e-02
-3.887429885656235734e-02
2.861223261316379537e-03
4.339201585757284513e-02
7.296652795769491273e-02
8.965297129856061864e-02
8.951960071460542123e-02
7.261355475062400422e-02
4.287062485301360026e-02
4.020909277169958454e-03
-3.764702598278005935e-02
-7.569170174465693346e-02
-1.064983172079942558e-01
-1.281181234185827245e-01
-1.336150478199416569e-01
-1.136410228704193698e-01
-6.225497953827806297e-02
5.362236622891948350e-03
5.314963945816076479e-02
6.997157148098039070e-02
7.022125852020834336e-02
6.566065854998556772e-02
6.469255952023007794e-02
6.857834015039464270e-02
6.940255082781175699e-02
6.300988525730835677e-02
5.526914188542306899e-02
5.097963269209668247e-02
4.733989308121792222e-02
4.236251463981274140e-02
3.769601344405084514e-02
3.312044420774911541e-02
2.640613231983821377e-02
1.421011991069282172e-02
-5.816726280526287457e-03
-3.307976216262110275e-02
-6.383095908853378408e-02
-8.895395048582564745e-02
-9.623676102905399932e-02
-8.060821191051528722e-02
-4.728855349708142863e-02
-5.421427868908713574e-03
3.479497043232931963e-02
6.619029508621557256e-02
8.640882760814322383e-02
9.607178348279529767e-02
9.676384387861673708e-02
8.583933992812967095e-02
6.023142024268701711e-02
2.443963145866716313e-02
-1.055132382791368686e-02
-3.515023045983702021e-02
-4.581175623419654619e-02
-4.234175193749838140e-02
-2.771269621155026883e-02
-6.827894088410746756e-03
1.572553164946685275e-02
3.677294255557773256e-02
5.421876133291482491e-02
6.507662036576519760e-02
6.759974183379292845e-02
6.027931714476507385e-02
4.161233079407827828e-02
9.901009558532639088e-03
-3.796917133337323474e-02
-1.025847169246042745e-01
-1.759500325765256112e-01
-2.431079238020740219e-01
-2.937398887656045288e-01
-3.231797851529819576e-01
-3.268822098196949577e-01
-2.988952989102863222e-01
-2.318408662554370669e-01
-1.175800142484349220e-01
2.481337386118394675e-02
1.463898476748896615e-01
2.262633435857892006e-01
2.733463783052633711e-01
2.947613303656048678e-01
2.950258329253127587e-01
2.770338807428945338e-01
2.425737231498414359e-01
1.939414875536311089e-01
1.356470379020329187e-01
7.329258049717080059e-02
1.061186948287986750e-02
-4.620023867044063121e-02
-8.673285744391988350e-02
-1.070019217218988461e-01
-1.104122373054958473e-01
-1.023329910730927522e-01
-8.708185823425583505e-02
-6.662165886095482159e-02
-4.411807238987353053e-02
-2.257053252222226969e-02
-2.007596283076869617e-03
1.695088869042065891e-02
2.530578176952080413e-02
1.844791645345557687e-02
7.287696072124631545e-03
-1.006645079078772632e-03
-6.122887196449983485e-03
-8.679930853011282033e-03
-1.082526333260897672e-02
-1.194750812742892757e-02
-1.099401227264663189e-02
-7.539291346815010786e-03
-1.242388557623836948e-03
6.116812734636513198e-03
1.013104372674829626e-02
9.706794217560444846e-03
8.839849369389266021e-03
9.613768979792703534e-03
1.247651226756859959e-02
1.711278508507872720e-02
2.339362463176441684e-02
3.150638565566643567e-02
3.926642863083763119e-02
4.443765282390507720e-02
4.695395413038171845e-02
4.722548038121850839e-02
4.380574763834183677e-02
3.966509759618703362e-02
3.873106321316908268e-02
3.480171088583708383e-02
2.496485799505467063e-02
1.575143656822087027e-02
9.435294297758500467e-03
3.779996673610839727e-03
-2.515812514398030331e-03
-1.126514987287581711e-02
-2.390384297421373899e-02
-3.402135683230315955e-02
-3.513974202483390735e-02
-3.400154920910586354e-02
-4.144207958503987044e-02
-6.295987435453206937e-02
-9.972833821281254507e-02
-1.504905112057361716e-01
-2.075055136071532746e-01
-2.567000695754059758e-01
-2.870606459866410498e-01
-2.906896727593160645e-01
-2.601554634267735922e-01
-1.889264336115758225e-01
-6.687205685928623855e-02
8.220490399558211259e-02
1.972741295883500001e-01
2.543908614574494909e-01
2.658787894844016342e-01
2.446274985120682199e-01
2.033410596682454219e-01
1.554645259909759880e-01
1.128267664245301144e-01
7.789928575666713040e-02
5.112800075638555125e-02
3.841044876355648174e-02
4.753120630931168683e-02
7.734607202899040912e-02
1.083694219996926417e-01
1.207533894088587967e-01
1.095863436798642787e-01
7.663140512354617295e-02
3.100028846251005540e-02
-1.299366152629071250e-02
-4.817488616662898848e-02
-7.322770214796298083e-02
-8.607335593632707560e-02
-8.355340276286359058e-02
-6.546965887105450632e-02
-3.901179036476055961e-02
-1.434627418505254881e-02
3.039370800957433630e-03
1.032857924888339572e-02
5.007730488629290842e-03
-9.272467931413230779e-03
-2.340126696319961425e-02
-3.144249940726548398e-02
-3.017880587984640012e-02
-2.033494153383927014e-02
-7.228025810644544448e-03
5.520489045645690304e-03
1.487389460916397482e-02
1.540547917164807393e-02
2.638604352977893565e-03
-2.355890283237177529e-02
-6.045801015477973023e-02
-1.031803901322521783e-01
-1.468076382282085535e-01
-1.860961176590571475e-01
-2.132626028235775073e-01
-2.184080768396854388e-01
-1.899492481678112243e-01
-1.158759065748283662e-01
-9.862212257764704088e-03
8.775230805602385331e-02
1.599427519780130813e-01
2.116384359442941843e-01
2.400109495264454440e-01
2.360922550211978221e-01
1.990981141156562273e-01
1.416657984136341364e-01
7.820879430418145595e-02
1.930173500336243575e-02
-2.588258370452722890e-02
-4.765909678794784388e-02
-4.621232865853121263e-02
-3.261516221170714103e-02
-1.132636888903456804e-02
1.585095005430620790e-02
4.138484447028231705e-02
5.849342811609603565e-02
6.490358614991446895e-02
6.102989516203652376e-02
4.948640089751462495e-02
3.290793474072701424e-02
1.088197857734170444e-02
-1.867890399885631034e-02
-5.408386767165653669e-02
-8.711762987939276892e-02
-1.113785764176067200e-01
-1.258327600828673676e-01
-1.304943510926944161e-01
-1.259694563633514119e-01
-1.140110431951349701e-01
-9.511531409980238105e-02
-6.705807663697144205e-02
-2.938160848760308641e-02
1.575482061542493595e-02
6.921013815039674111e-02
1.250816560922239085e-01
1.649689018746953728e-01
1.798110188692214340e-01
1.743583744924205314e-01
1.539665241381925342e-01
1.241031018378639383e-01
9.065082606562060996e-02
5.613912997871851884e-02
1.931135207537546666e-02
-2.065511565943554256e-02
-6.331828704986958156e-02
-1.101113784222220726e-01
-1.590864200190545419e-01
-1.995532225589744801e-01
-2.210453682255787422e-01
-2.205051248105997508e-01
-1.982861574719759212e-01
-1.522121530807416523e-01
-7.340273109723889633e-02
2.951098726729988603e-02
1.231680796292663749e-01
1.858908429163818044e-01
2.117789915589541327e-01
2.036362544003464670e-01
1.683397665014001177e-01
1.128155042174769362e-01
4.651236247234137589e-02
-2.617521795111758115e-02
-1.009084172187193623e-01
-1.707945515217411114e-01
-2.300185184717038478e-01
-2.706009127943522219e-01
-2.821441499030106215e-01
-2.555119211766030407e-01
-1.872555499813520208e-01
-7.617804575207257067e-02
5.647666319558038855e-02
1.650476115572666325e-01
2.298801737044398885e-01
2.586345128455349585e-01
2.600600501334600079e-01
2.432732085091877106e-01
2.161080312915543145e-01
1.824418941942864691e-01
1.444615763101383399e-01
1.039737208975011346e-01
6.105125431717182971e-02
1.585823288456849126e-02
-2.714221501586253776e-02
-5.928572639859775589e-02
-7.632802815821439213e-02
-8.039887489515903929e-02
-7.436261225953835763e-02
-6.089856113051952957e-02
-4.295633974034917396e-02
-2.332325580441586485e-02
-5.748816960625341768e-03
6.269260063211551035e-03
1.080320243059289254e-02
5.485314809226479044e-03
-6.179528050096781862e-03
-1.650630469501248102e-02
-2.458308045780303180e-02
-3.050285995865999189e-02
-3.238826228863450618e-02
-2.878291615437405387e-02
-1.802239794891528565e-02
-1.078606573164768434e-03
1.925243007480782059e-02
3.650528133821295124e-02
4.157106296222677633e-02
3.065615706276781163e-02
1.084180298468514353e-02
-4.650479510376257647e-03
-1.078386395690275786e-02
-1.050447501480206332e-02
-5.511668384905358403e-03
4.318057233035105247e-03
1.626636563293186455e-02
2.486457134987823600e-02
2.574838581188363881e-02
1.550002038991578693e-02
-7.166796644765385631e-03
-4.063053734625502594e-02
-7.706787050358189506e-02
-1.045610187040519057e-01
-1.247852914464000762e-01
-1.503144460067836752e-01
-1.826929524198691868e-01
-2.147652327724592358e-01
-2.408303170154236228e-01
-2.528603062812103119e-01
-2.407861699136262246e-01
-1.971710744069304078e-01
-1.149696172451763893e-01
1.528245717575661342e-02
1.687993279770761967e-01
2.854900753236115918e-01
3.413698226625045407e-01
3.512102679082860224e-01
3.318231179918079699e-01
2.954479060277889202e-01
2.501130489519480249e-01
2.027184266475878793e-01
1.556281662979728808e-01
1.075474176110096103e-01
5.917325966958868200e-02
1.335099742500893936e-02
-2.469955308414861772e-02
-5.029267780136695287e-02
-6.494222087615132699e-02
-7.318938282011953900e-02
-7.898140772534961718e-02
-8.429409818227220907e-02
-8.890278290925365812e-02
-9.399234350380820946e-02
-1.021212736371418517e-01
-1.134360717787547684e-01
-1.233471639764151251e-01
-1.260091614293963325e-01
-1.212834807445460350e-01
-1.132336266061886726e-01
-1.038629721056915645e-01
-8.802537607846999679e-02
-5.276507773953098557e-02
5.711934464254801377e-04
5.363576383626047356e-02
9.692255339355743127e-02
1.257065378944351441e-01
1.360344482629275153e-01
1.289094885949076119e-01
1.060673889593341801e-01
7.367061526687265771e-02
4.143175366381911945e-02
1.570667271448190211e-02
-2.553888417124916890e-03
-1.482724828626117916e-02
-2.165095523799754826e-02
-2.237520621274163499e-02
-1.759163531721257695e-02
-1.038348990724587487e-02
-4.227674052642033803e-03
-9.665415508592466870e-04
-1.280028737239828109e-03
-5.341916604342949321e-03
-1.276588885978454171e-02
-2.141187666507245874e-02
-2.724913952103401316e-02
-2.708337519299126167e-02
-1.943562933518691235e-02
-4.690934763224221572e-03
1.303440424245902625e-02
2.736795747326116121e-02
3.410684448374280697e-02
3.355203305083354071e-02
2.651830441197555038e-02
1.554974509045276357e-02
7.015058236917962910e-03
8.966815143443894291e-04
-8.991000117678988809e-03
-2.327390769244231869e-02
-3.685453307180808213e-02
-4.652273813505986011e-02
-5.206751751156186991e-02
-5.340256360534591240e-02
-4.941548698059634176e-02
-3.752579055932638713e-02
-1.500793402982652548e-02
1.232009176723888530e-02
3.030218102349037379e-02
3.040912495164811713e-02
1.138517707889659045e-02
-2.247351863061179678e-02
-6.062673549567368370e-02
-9.440766651995620429e-02
-1.177477740862081929e-01
-1.205359182874340962e-01
-9.025515818209525754e-02
-2.161397717661297027e-02
6.613442000965269463e-02
1.362626331224164322e-01
1.700001576162863126e-01
1.701362590935120989e-01
1.432352510916742871e-01
1.002875158461155186e-01
5.683275212091601358e-02
2.405236804817696000e-02
3.510508632098159262e-03
-8.646504717381455624e-03
-1.357079204779032197e-02
-1.116430622257564252e-02
-2.242622183092537330e-03
1.426717486884688212e-02
3.658297953576492706e-02
5.766130958420791208e-02
7.306855813468718375e-02
8.225052598613490085e-02
8.385956937988237048e-02
7.606080679054140481e-02
5.900733309271915389e-02
3.687373093514238059e-02
1.647194170737452737e-02
1.561267840022223519e-03
-8.363336202721168705e-03
-1.603366419770400897e-02
-2.916357505149222429e-02
-5.592475704564603411e-02
-9.465797598500125254e-02
-1.377756163628932884e-01
-1.814300385773208180e-01
-2.236129406034523259e-01
-2.592206926598227823e-01
-2.795071030703933368e-01
-2.728364824386530496e-01
-2.261048350591725320e-01
-1.242258193097469654e-01
1.132805376352919759e-02
1.165554842110790856e-01
1.603753950907160497e-01
1.521505373662134231e-01
1.051610109032773410e-01
3.275371950739505017e-02
-5.233186841302804593e-02
-1.354048068327263488e-01
-1.992418798421244641e-01
-2.250873898196855960e-01
-1.947065259676201143e-01
-9.108303897850733577e-02
6.329642803806495577e-02
2.015266733877053296e-01
2.906799169283037498e-01
3.368067629731770207e-01
3.480244129854477286e-01
3.357423100236781588e-01
3.083929815407925878e-01
2.695904088776668872e-01
2.230525223466370277e-01
1.704699589621016531e-01
1.118295681741194175e-01
4.948010162366556913e-02
-8.520857912516659194e-03
-5.174713502643970425e-02
-7.772899614442678462e-02
-8.886751765609147979e-02
-8.558466690123552045e-02
-6.906356179110134663e-02
-4.148892834845282346e-02
-8.054622467567322530e-03
2.085656893313144605e-02
3.661727535458392246e-02
3.501232901165891864e-02
1.197528996226269495e-02
-2.810424781081569123e-02
-7.108020248297766686e-02
-1.113600730735670175e-01
-1.505435780231115794e-01
-1.872419345252697431e-01
-2.191674847222546962e-01
-2.424974494374025902e-01
-2.503543148564837395e-01
-2.369225712777073278e-01
-1.994346399620341437e-01
-1.371798891948560473e-01
-4.977236794692262850e-02
4.523355934147665208e-02
1.101447774408273184e-01
1.301959577848152416e-01
1.162602217037279617e-01
7.872307255507829393e-02
2.543106884058054379e-02
-3.485550254728881497e-02
-9.007261230025814802e-02
-1.272745257578348499e-01
-1.355808113243315294e-01
-1.050962282621142885e-01
-2.420482106967462160e-02
8.951860469900248252e-02
1.811694030263132638e-01
2.221936639734180818e-01
2.212554946838989900e-01
1.924287326906724827e-01
1.501919661730742594e-01
1.054400820356281021e-01
6.593574421745285186e-02
3.623886399757438037e-02
1.403609478130481841e-02
-1.868160454596183399e-03
-5.751156603549059144e-03
8.682395636305170750e-04
8.617657260148719328e-03
1.398802403346114526e-02
1.922511795427518655e-02
2.805307378676412389e-02
4.088116125990653993e-02
5.302133487459769617e-02
5.985328603188978108e-02
5.942034014905846900e-02
4.869282855267245691e-02
2.404623948274044881e-02
-1.213849214802149509e-02
-4.697539424927553442e-02
-6.735036974388486364e-02
-7.304041425514311292e-02
-7.114118480844044967e-02
-6.879850044653176844e-02
-7.015843158077969544e-02
-7.649278030017303553e-02
-8.527869523442732635e-02
-9.058838035389588095e-02
-9.063743701842064127e-02
-8.503225013320940551e-02
-6.861950520473689141e-02
-4.159107103808142025e-02
-1.510826127040529147e-02
3.101861073090941313e-03
1.523032986698525174e-02
2.588628279534283330e-02
3.275945239383552116e-02
3.209644288296345516e-02
3.115731266260246546e-02
3.509614961796156396e-02
3.927582210739391511e-02
4.111981778569560181e-02
4.129387931723925431e-02
3.955389790600496308e-02
3.180816310423330295e-02
1.483650486284951095e-02
-9.847050236892619657e-03
-4.157425974244718936e-02
-7.791200078783383498e-02
-1.122152669258191376e-01
-1.370257273690104749e-01
-1.452277886961062525e-01
-1.322378359686452176e-01
-9.573399442590344033e-02
-3.126134230024931598e-02
4.934568481494398112e-02
1.158913805253772161e-01
1.565303312928245094e-01
1.768625951487106107e-01
1.824191130143132111e-01
1.787301328163215797e-01
1.670530938041088209e-01
1.455052670755775934e-01
1.153087821321458623e-01
8.085647711173833685e-02
4.631041563075549705e-02
1.527595367178607999e-02
-8.413668603243190658e-03
-2.463284174143391680e-02
-3.867714391696453619e-02
-5.715486828166760347e-02
-8.111730240544350046e-02
-1.057812483094735106e-01
-1.283308044902814471e-01
-1.460955993853371715e-01
-1.542810607879163409e-01
-1.483476090356643240e-01
-1.252619801225327290e-01
-8.191828241471001137e-02
-2.243566014734856354e-02
3.350016951673846777e-02
6.805532826116297840e-02
7.796875448930407071e-02
6.842761953260896590e-02
4.673910341074760666e-02
1.882390870937043076e-02
-1.046867708379865466e-02
-3.650403414823297221e-02
-5.460863421495646547e-02
-6.135126704881010973e-02
-5.440053487713011199e-02
-3.231916842792033340e-02
-3.003412439849114605e-03
2.193388752140338141e-02
4.139470103381530375e-02
5.786970818495434238e-02
6.912017381553559048e-02
7.150401716106417893e-02
6.481067826479533500e-02
5.193696622555633163e-02
3.733815603265143446e-02
2.523250843795554754e-02
1.784720213683965370e-02
1.778718059196656223e-02
2.545838906490750439e-02
3.713741401927916214e-02
4.854929977393012547e-02
5.476898267779720803e-02
5.304965385307371106e-02
4.480814699865055817e-02
3.024111180765733445e-02
7.370486254007198833e-03
-1.917556794805264433e-02
-3.833047653089616952e-02
-4.703529318143785665e-02
-4.784780474978748976e-02
-4.236270934666230142e-02
-3.768190695545838714e-02
-4.112705680926161816e-02
-5.362212420638198113e-02
-7.066447143878734627e-02
-8.445808698618617605e-02
-9.132135244498357229e-02
-9.202613290532937751e-02
-8.582949910035703178e-02
-7.095613604384284900e-02
-4.731393815943578385e-02
-1.948603937846305617e-02
6.858332987206730395e-03
3.245735576586677995e-02
5.713329876186525047e-02
7.591380929718390125e-02
8.634815491272616883e-02
8.817361400963144580e-02
8.167099719393788870e-02
7.037230149131837309e-02
5.948403330012398682e-02
5.146418536617961004e-02
4.720530055856843321e-02
4.812019514101970735e-02
5.198145229961390057e-02
5.302098694955036801e-02
5.051797314602197997e-02
4.814427593243066766e-02
4.538087909241791257e-02
3.870505608452094737e-02
2.729151990348586271e-02
1.383037789398171118e-02
3.255891450750052207e-04
-1.433853156340220321e-02
-3.027856047878357479e-02
-5.058689619872896309e-02
-7.935405965324121569e-02
-1.140959358378094424e-01
-1.542328055105974538e-01
-2.010605409474686966e-01
-2.501972414458690785e-01
-2.937031244863131940e-01
-3.202520704984587185e-01
-3.153031093260179052e-01
-2.672457197740099599e-01
-1.667529371541462135e-01
-3.109699834913918007e-02
9.778432485381592654e-02
1.994452433315038187e-01
2.674387585507366216e-01
3.008145925707313983e-01
3.080738172646070305e-01
2.964862014190101092e-01
2.715878877538878688e-01
2.369630543218167462e-01
1.962349897529448439e-01
1.541159175516303437e-01
1.128487823820139013e-01
7.269990944678610123e-02
3.915238260503656892e-02
1.790775489761179534e-02
6.941026119799655753e-03
2.641481237162211088e-03
1.915445355676365091e-03
3.873029924649648570e-03
1.297597710822640665e-02
2.770344587750096094e-02
3.719733371828795598e-02
3.353017738833171529e-02
1.427598871498756208e-02
-1.969989407204623608e-02
-6.092422926637312830e-02
-1.024483938207313427e-01
-1.464832774398729109e-01
-1.935687282362790196e-01
-2.382070978096812452e-01
-2.746776248962533584e-01
-2.966700342491386255e-01
-2.968206284751458424e-01
-2.681755185866215307e-01
-2.110816838250277050e-01
-1.302064996790086027e-01
-2.206076189315724079e-02
9.598822675604855303e-02
1.789432727779255994e-01
2.076097482485690371e-01
1.915840590838505109e-01
1.448961115361862284e-01
8.745997258911444860e-02
3.839776077269584781e-02
5.061501400165865222e-03
-8.135614595520035408e-03
-7.199882588897789371e-04
1.682514557108003711e-02
3.962486390354890559e-02
6.192853315663703062e-02
7.321536447117180102e-02
7.601264450891077884e-02
7.672152892494271681e-02
7.834314306431833241e-02
8.068799135517905341e-02
7.797670210326014539e-02
6.655290563480227573e-02
4.675166246982165319e-02
2.357241311724810398e-02
5.253019943423176651e-03
-2.734928548583237182e-03
-1.126632289857531014e-03
8.146384374972358289e-04
-4.604401879525300834e-03
-1.585684285958605805e-02
-3.143528552469428833e-02
-4.943142425549109514e-02
-6.331911493956299264e-02
-7.003659592577557436e-02
-7.182581373806184999e-02
-6.987865980408315691e-02
-6.385707667160468726e-02
-5.300435532502658503e-02
-4.093173555871843644e-02
-3.578860300915071013e-02
-3.807023166651580387e-02
-4.143833151966510447e-02
-3.979540634685949096e-02
-3.073082393659577402e-02
-1.633479856044597542e-02
1.883907879156169508e-03
2.228816876487882750e-02
4.166827707421635191e-02
5.921785581235917278e-02
7.784320174463797704e-02
9.830059150946224289e-02
1.122707117472867139e-01
1.102098751931339521e-01
9.387514240388793174e-02
7.193388710002494857e-02
5.001832254056535337e-02
3.105242779615241880e-02
1.886120470402392196e-02
1.578891689974344648e-02
1.742863836157387131e-02
1.598458893542539783e-02
7.734487372901695593e-03
-3.771283979726541488e-03
-1.329585103460595094e-02
-2.429185855140129913e-02
-3.989405404529611926e-02
-5.846837174186636510e-02
-7.974762576848362650e-02
-1.022588458011054885e-01
-1.229646205286538535e-01
-1.362866115936189615e-01
-1.365095507223718085e-01
-1.216855905720588826e-01
-9.404436433968250963e-02
-5.670458403764887245e-02
-1.779212020276394607e-02
7.636380385350898664e-03
1.464411388776532680e-02
9.968520107883457188e-03
-2.190187415323271991e-03
-2.118840197896670885e-02
-4.233168872196298171e-02
-5.658647785996209073e-02
-5.693921635636385592e-02
-3.901156463259029122e-02
3.932022295818457698e-03
6.475731827728400947e-02
1.171619842501005204e-01
1.478788862074489618e-01
1.619269573547024166e-01
1.652438288063202143e-01
1.611270608197922227e-01
1.507554174770766031e-01
1.311089593630335726e-01
9.981879746394001218e-02
6.311350392494224915e-02
2.760782690487071159e-02
-5.772431521339669094e-03
-3.231770861902663605e-02
-4.720919634394267483e-02
-5.437985223717650696e-02
-5.862219600562275368e-02
-6.346424373838899236e-02
-7.174033019375584963e-02
-8.035325779006347036e-02
-8.460242482649860118e-02
-8.507242104263487703e-02
-8.475350599585085298e-02
-7.985445554958969794e-02
-6.089675211856476061e-02
-2.980573962695309831e-02
-2.298040118100782084e-05
2.170602802003376852e-02
3.633265263766773112e-02
4.576515368576748038e-02
5.149821145856707527e-02
5.448332449557469204e-02
5.569257660569546659e-02
5.567338713385502208e-02
5.477087000063213945e-02
5.258645488900394460e-02
4.599869599524767511e-02
3.405762586287868626e-02
1.791286229273111527e-02
-4.767246896201080518e-03
-3.260809240117306523e-02
-5.969491756895400902e-02
-8.121669601726734522e-02
-9.392465927048410101e-02
-9.931688998401110025e-02
-1.000761639920429019e-01
-9.374804813996780173e-02
-7.611098068942853678e-02
-4.360688189826099348e-02
-2.916950606053042572e-03
2.647529904892623881e-02
3.512714126850299129e-02
3.157980240581752251e-02
2.777949997664227316e-02
3.087868710390440433e-02
4.485872823531283915e-02
6.634039609365258161e-02
8.491812453687835882e-02
9.241633942121993406e-02
8.407316653229013337e-02
5.703668025558941701e-02
2.197587500947030884e-02
-2.010010609306712298e-04
-4.226639312010238743e-03
3.583242488790142413e-03
1.782747218153760138e-02
3.351624898057928292e-02
4.881287218025164715e-02
6.241386123274926534e-02
7.095247730258882890e-02
7.106576805042495726e-02
5.992224766778767725e-02
3.780235043423516711e-02
1.006212694504808429e-02
