-2.383233904838562012e-01
-1.975046396255493164e-01
-1.881434917449951172e-01
-1.936290860176086426e-01
3.324222862720489502e-01
1.017476916313171387e-01
6.701718568801879883e-01
-2.386531233787536621e-01
-2.679495215415954590e-01
-2.696486115455627441e-01
2.451198548078536987e-01
-1.763998270034790039e-01
-2.816550135612487793e-01
-1.343178153038024902e-01
-1.821244359016418457e-01
-2.560027837753295898e-01
9.061610698699951172e-02
-1.630714535713195801e-02
6.736457347869873047e-03
-2.944203615188598633e-01
-2.728573083877563477e-01
-5.299898982048034668e-02
-2.359175086021423340e-01
-1.692770719528198242e-01
1.417587518692016602e+00
-3.864924311637878418e-01
-1.794006228446960449e-01
1.855546981096267700e-01
-2.927047014236450195e-01
-1.156789064407348633e-02
-2.149246931076049805e-01
-3.952805399894714355e-01
-2.878144979476928711e-01
-9.840229153633117676e-02
-1.875163912773132324e-01
-1.572224497795104980e-01
-2.231467366218566895e-01
-1.573019623756408691e-01
-3.952231407165527344e-01
-3.466812968254089355e-01
-3.167769908905029297e-01
-3.799937963485717773e-01
-2.034692764282226562e-01
-2.319272160530090332e-01
-2.575213909149169922e-01
-3.046903610229492188e-01
-2.559215426445007324e-01
-5.147851109504699707e-01
-5.627424120903015137e-01
-2.876107692718505859e-01
-4.602703452110290527e-02
-2.990902662277221680e-01
-2.488800883293151855e-01
-2.832660675048828125e-01
-2.115684747695922852e-01
-2.650054097175598145e-01
-2.879061102867126465e-01
-1.856607198715209961e-01
-2.159003615379333496e-01
-4.179032444953918457e-01
9.609928727149963379e-02
-3.427603840827941895e-01
-2.174700498580932617e-01
9.368724822998046875e-01
-4.008423686027526855e-01
-2.938373088836669922e-01
-1.834195256233215332e-01
-1.871137022972106934e-01
9.063842892646789551e-02
-1.217111051082611084e-01
-2.935893535614013672e-01
-5.063888430595397949e-01
1.125714182853698730e-01
-2.890722155570983887e-01
-1.493955850601196289e-01
-3.303451538085937500e-01
-2.210744023323059082e-01
-3.063868284225463867e-01
-1.455590128898620605e-01
-6.036388278007507324e-01
-2.916759252548217773e-01
-1.998425722122192383e-01
-3.000571727752685547e-01
-2.785846590995788574e-01
-6.531093716621398926e-01
-1.984838247299194336e-01
-3.452939391136169434e-01
-2.638286352157592773e-01
-3.748120069503784180e-01
-2.043149471282958984e-01
-2.747569084167480469e-01
-2.556785941123962402e-01
-2.161863446235656738e-01
-3.099334239959716797e-01
-1.523851156234741211e-01
3.383103907108306885e-01
-2.383331060409545898e-01
-2.491014003753662109e-01
-3.022165298461914062e-01
-1.874759793281555176e-01
-1.898031234741210938e-01
-2.602668404579162598e-01
-2.158024907112121582e-01
-1.882661581039428711e-01
-2.466710209846496582e-01
-2.592355608940124512e-01
-2.377625107765197754e-01
1.290646940469741821e-01
-2.380271553993225098e-01
-2.015681862831115723e-01
-1.861835718154907227e-01
-2.661761045455932617e-01
-2.259361147880554199e-01
-3.002104163169860840e-01
-2.338242530822753906e-01
-2.388586401939392090e-01
-2.033774256706237793e-01
-1.934154033660888672e-01
-2.384210824966430664e-01
9.573013186454772949e-01
-1.625818610191345215e-01
-1.840015649795532227e-01
-2.818676233291625977e-01
-2.746409773826599121e-01
-2.313250899314880371e-01
-1.970005035400390625e-01
-2.373173236846923828e-01
-2.154332995414733887e-01
-1.802068352699279785e-01
-2.006495594978332520e-01
-2.965933084487915039e-01
-2.975105047225952148e-01
-2.357900142669677734e-01
-3.197200894355773926e-01
-1.470426321029663086e-01
-2.041839361190795898e-01
-2.115811109542846680e-01
-2.879304289817810059e-01
-2.057031393051147461e-01
-1.904489994049072266e-01
-1.957369446754455566e-01
-2.269275784492492676e-01
-2.316306233406066895e-01
-2.142630219459533691e-01
-1.577089428901672363e-01
-2.240750193595886230e-01
-1.973999142646789551e-01
-1.376252174377441406e-01
-2.650096416473388672e-01
-1.925210356712341309e-01
-1.864763498306274414e-01
-1.774786710739135742e-01
-1.907916665077209473e-01
-2.256982922554016113e-01
-2.504184246063232422e-01
4.057950079441070557e-01
-1.915214657783508301e-01
-2.089014649391174316e-01
-1.872937679290771484e-01
-2.260631322860717773e-01
-1.970165371894836426e-01
-2.085460424423217773e-01
-1.677991747856140137e-01
-1.969646811485290527e-01
-2.093875408172607422e-01
-1.806415915489196777e-01
-2.112205028533935547e-01
-1.533794999122619629e-01
-3.422204256057739258e-01
-2.265312075614929199e-01
-1.951122283935546875e-01
-2.118564844131469727e-01
-1.969823241233825684e-01
-2.111479640007019043e-01
-2.054193615913391113e-01
-1.806451082229614258e-01
-1.809404492378234863e-01
-2.715401053428649902e-01
-2.371099591255187988e-01
-9.376052021980285645e-02
-1.711745262145996094e-01
-1.926235556602478027e-01
-1.692224740982055664e-01
-2.521085739135742188e-01
-1.663051247596740723e-01
-2.040649652481079102e-01
-2.384918928146362305e-01
-2.017694711685180664e-01
-1.543339490890502930e-01
-2.314654588699340820e-01
-2.112178206443786621e-01
-9.307771921157836914e-02
-2.414509654045104980e-01
-1.807404756546020508e-01
-2.403343915939331055e-01
-1.911110281944274902e-01
-1.971860527992248535e-01
-1.791583299636840820e-01
-2.696249485015869141e-01
-2.170331478118896484e-01
-2.242679595947265625e-01
-2.112178206443786621e-01
-2.366462349891662598e-01
-3.218514919281005859e-01
-2.382051348686218262e-01
-2.674427628517150879e-01
-2.303734421730041504e-01
-1.806426644325256348e-01
-2.303994297981262207e-01
-1.643580198287963867e-01
-2.230188250541687012e-01
-2.165421247482299805e-01
-1.967292428016662598e-01
-2.019563317298889160e-01
-1.804936528205871582e-01
-6.171272397041320801e-01
-2.260530591011047363e-01
-2.420738935470581055e-01
-1.369923651218414307e-01
-2.500606775283813477e-01
-2.112178206443786621e-01
-1.485894918441772461e-01
-2.367372512817382812e-01
-2.367461323738098145e-01
-1.977269649505615234e-01
-1.805827021598815918e-01
-1.969832181930541992e-01
-2.254829406738281250e-01
-2.065688967704772949e-01
-2.224273681640625000e-01
-2.112178206443786621e-01
-2.367653846740722656e-01
-2.472378611564636230e-01
-2.114874720573425293e-01
-2.367629408836364746e-01
-2.311716079711914062e-01
-2.064902186393737793e-01
-1.690320372581481934e-01
-1.652659177780151367e-01
-7.214635610580444336e-02
-1.639780402183532715e-01
-1.911991238594055176e-01
-2.367622852325439453e-01
-1.921821832656860352e-01
-1.977072954177856445e-01
-2.210677862167358398e-01
-2.112179994583129883e-01
-2.367491126060485840e-01
-2.112178206443786621e-01
-3.506812453269958496e-02
-2.665470242500305176e-01
-3.427852392196655273e-01
-1.432662308216094971e-01
-1.330947279930114746e-01
-1.806414723396301270e-01
-2.053425312042236328e-01
-1.806432604789733887e-01
-2.061840295791625977e-01
-2.352784276008605957e-01
-2.112178206443786621e-01
-2.225548028945922852e-01
-2.303994297981262207e-01
-2.112178206443786621e-01
-1.781554222106933594e-01
-2.340521812438964844e-01
-1.595121622085571289e-01
-2.347319722175598145e-01
-1.818969249725341797e-01
-2.198694348335266113e-01
-1.702834963798522949e-01
-2.216013073921203613e-01
-1.824911236763000488e-01
-2.849085927009582520e-01
-1.968971490859985352e-01
-2.367467284202575684e-01
-1.918792724609375000e-01
-2.455892562866210938e-01
-2.015879750251770020e-01
-2.112178206443786621e-01
-2.109946608543395996e-01
-2.112178206443786621e-01
-2.112178206443786621e-01
-2.401992082595825195e-01
-2.367780208587646484e-01
-2.246481776237487793e-01
-2.112192511558532715e-01
-2.341764569282531738e-01
-2.139254808425903320e-01
-1.623121500015258789e-01
-2.207953333854675293e-01
-2.108508348464965820e-01
-2.622025609016418457e-01
-2.112178206443786621e-01
-2.245893478393554688e-01
-2.112178206443786621e-01
-2.312812209129333496e-01
-2.112178206443786621e-01
-2.112178206443786621e-01
-1.357254981994628906e-01
1.007835149765014648e+00
-2.771939039230346680e-01
-2.272622585296630859e-01
-2.740454673767089844e-01
-1.762685775756835938e-01
-2.519482374191284180e-01
-2.003018260002136230e-01
6.286346912384033203e-02
-2.109591960906982422e-01
-1.265403032302856445e-01
-2.759404182434082031e-01
-1.548005938529968262e-01
1.197052001953125000e+00
-2.461001873016357422e-01
-2.079704403877258301e-02
-2.807597517967224121e-01
-2.360355257987976074e-01
-2.915675044059753418e-01
-1.403017938137054443e-01
-1.601759791374206543e-01
-2.608621716499328613e-01
-2.631387114524841309e-02
-3.318250775337219238e-01
-3.227813243865966797e-01
7.524081468582153320e-01
1.369494199752807617e-02
-2.415119409561157227e-01
-3.047587275505065918e-01
-3.151614665985107422e-01
-2.502750754356384277e-01
-3.103619217872619629e-01
-2.466118931770324707e-01
-3.965321779251098633e-01
-2.963071465492248535e-01
-3.230398297309875488e-01
-3.119051456451416016e-01
3.104885518550872803e-01
-2.540101408958435059e-01
-3.054085969924926758e-01
-3.265444636344909668e-01
-2.257367968559265137e-01
-2.784104943275451660e-01
-2.124342322349548340e-01
-2.923824191093444824e-01
-2.389371991157531738e-01
-3.051863312721252441e-01
-2.952300310134887695e-01
-3.188772797584533691e-01
-5.333498120307922363e-02
-2.227296233177185059e-01
-2.185838818550109863e-01
-2.701671719551086426e-01
-2.269275784492492676e-01
-2.214791774749755859e-01
-2.303948998451232910e-01
-2.165572047233581543e-01
-3.002073168754577637e-01
-2.277037501335144043e-01
-2.365481853485107422e-01
-2.969039678573608398e-01
-3.812338113784790039e-01
-2.088431715965270996e-01
-3.137975335121154785e-01
-2.467404603958129883e-01
-2.774371504783630371e-01
-2.290856242179870605e-01
-2.813909649848937988e-01
-2.545692324638366699e-01
-2.919540405273437500e-01
-2.810336351394653320e-01
-3.101142048835754395e-01
-2.816150784492492676e-01
-2.728533744812011719e-01
-2.829946279525756836e-01
-2.985483407974243164e-01
-1.722040772438049316e-01
-2.311682701110839844e-01
-2.078744173049926758e-01
-2.885756492614746094e-01
-2.055476307868957520e-01
-2.997301816940307617e-01
-2.497032880783081055e-01
-2.916467785835266113e-01
-2.424221038818359375e-01
-2.862741351127624512e-01
-2.317277789115905762e-01
-3.049982786178588867e-01
-4.209093451499938965e-01
-2.706083655357360840e-01
-2.579993009567260742e-01
-2.800803780555725098e-01
-2.373607754707336426e-01
-3.342604637145996094e-01
-1.868489384651184082e-01
-3.182232975959777832e-01
-1.869506239891052246e-01
-3.854485154151916504e-01
-2.767689228057861328e-01
-3.470050692558288574e-01
-2.584158778190612793e-01
-2.629598975181579590e-01
-2.223321199417114258e-01
-2.931629419326782227e-01
-2.634152173995971680e-01
-2.658230662345886230e-01
-1.797966957092285156e-01
-2.705593705177307129e-01
-3.061149716377258301e-01
-2.524101138114929199e-01
-2.817792892456054688e-01
-2.690112590789794922e-01
-1.935874223709106445e-01
-3.023251295089721680e-01
-2.803001403808593750e-01
-2.964187264442443848e-01
-2.946501374244689941e-01
-2.610424160957336426e-01
-3.522573113441467285e-01
-1.859786510467529297e-01
-2.276641726493835449e-01
-3.855367302894592285e-01
-1.613440513610839844e-01
-2.451015114784240723e-01
-2.662389278411865234e-01
-2.191652655601501465e-01
-2.434565424919128418e-01
-2.200522422790527344e-01
-2.362160682678222656e-01
-1.922538876533508301e-01
-2.763941287994384766e-01
-2.971222996711730957e-01
-2.090534567832946777e-01
-2.997241616249084473e-01
-2.198346853256225586e-01
-2.853385806083679199e-01
-2.050528526306152344e-01
-3.334647417068481445e-01
-1.962942481040954590e-01
-2.470242977142333984e-01
-2.087562084197998047e-01
-2.304638028144836426e-01
-1.939846277236938477e-01
-3.152814507484436035e-01
-2.255243062973022461e-01
2.144201099872589111e-01
-2.521660327911376953e-01
-2.245616316795349121e-01
-1.886118650436401367e-01
-2.257273793220520020e-01
-1.616730093955993652e-01
-2.188690900802612305e-01
-2.296149134635925293e-01
-2.167173624038696289e-01
-2.486423254013061523e-01
-2.543024420738220215e-01
-1.681287288665771484e-01
-1.377140283584594727e-01
-2.284889817237854004e-01
-2.459106445312500000e-01
-1.820845603942871094e-01
-2.481409311294555664e-01
-1.713814139366149902e-01
-2.139997482299804688e-01
-1.919047832489013672e-01
-1.388644874095916748e-01
-2.331258058547973633e-01
-1.680698394775390625e-01
-2.717283368110656738e-01
-3.071057796478271484e-01
-1.583570837974548340e-01
-2.220975160598754883e-01
-1.973920464515686035e-01
-1.663791537284851074e-01
-1.891667842864990234e-01
-1.799672842025756836e-01
-2.255697846412658691e-01
-2.020840644836425781e-01
-2.361414432525634766e-01
-2.748683691024780273e-01
-2.823398709297180176e-01
2.387454211711883545e-01
-1.806203722953796387e-01
-1.690518260002136230e-01
3.770810365676879883e-02
-2.987948656082153320e-01
-2.542461156845092773e-01
-1.756355166435241699e-01
-2.432017326354980469e-01
-2.029765844345092773e-01
-2.227587699890136719e-01
-1.932047605514526367e-01
-2.348337769508361816e-01
7.289837598800659180e-01
-2.387861013412475586e-01
-2.112178802490234375e-01
-2.681699395179748535e-01
-1.970511078834533691e-01
-2.087809443473815918e-01
-2.334150075912475586e-01
-2.087637782096862793e-01
-4.125573039054870605e-01
-2.859187126159667969e-01
-1.959589123725891113e-01
-2.395091652870178223e-01
-3.879196047782897949e-01
-2.266933321952819824e-01
-1.756379604339599609e-01
-1.927454471588134766e-01
-2.496629953384399414e-01
-2.560707926750183105e-01
-2.279656529426574707e-01
-2.114763855934143066e-01
-2.585806250572204590e-01
-2.653887867927551270e-01
-2.618765830993652344e-01
-2.081368565559387207e-01
-3.688499331474304199e-01
-2.283357381820678711e-01
-2.162281274795532227e-01
-2.674334645271301270e-01
-2.192876935005187988e-01
-2.702594995498657227e-01
-2.582404613494873047e-01
-2.368938922882080078e-01
-2.352000474929809570e-01
-2.386152148246765137e-01
-2.408743500709533691e-01
-1.895912885665893555e-01
-1.738012433052062988e-01
-1.836172342300415039e-01
-2.201710939407348633e-01
-2.359183430671691895e-01
-2.968086004257202148e-01
-2.115446329116821289e-01
-1.968443989753723145e-01
-2.004308700561523438e-01
-2.332065701484680176e-01
-2.207174301147460938e-01
-2.610722780227661133e-01
-2.276877760887145996e-01
-4.173750877380371094e-01
-1.550987958908081055e-01
-3.112935423851013184e-01
-2.542027831077575684e-01
-2.480323314666748047e-01
-2.347457408905029297e-01
-2.747962474822998047e-01
-1.950004100799560547e-01
-2.053420543670654297e-01
-2.456933259963989258e-01
-1.996371150016784668e-01
-2.383328080177307129e-01
-3.540909886360168457e-01
-2.158879041671752930e-01
-2.673465013504028320e-01
-2.486145496368408203e-01
-1.949988603591918945e-01
-2.308735251426696777e-01
-1.872735619544982910e-01
-2.300043702125549316e-01
-2.384921312332153320e-01
-1.633263826370239258e-01
-2.483317255973815918e-01
-2.019772529602050781e-01
-2.579084038734436035e-02
-1.857724785804748535e-01
-2.332013845443725586e-01
-2.824507355690002441e-01
-2.248647212982177734e-01
-2.794179916381835938e-01
-4.278430342674255371e-02
-2.479405403137207031e-01
-2.795951366424560547e-01
-2.564103007316589355e-01
-2.165496349334716797e-01
-2.645577192306518555e-01
1.426116466522216797e+00
-2.021903395652770996e-01
-2.073723673820495605e-01
-2.199105620384216309e-01
-1.815152764320373535e-01
-2.489797472953796387e-01
-2.633817195892333984e-01
-2.472209334373474121e-01
-2.384905219078063965e-01
-2.085087895393371582e-01
-2.251318693161010742e-01
-2.551304101943969727e-01
-1.980239748954772949e-01
-1.982349753379821777e-01
-2.011908888816833496e-01
-2.013959288597106934e-01
-3.387151360511779785e-01
-2.281444072723388672e-01
-2.185468673706054688e-01
-2.191270589828491211e-01
-2.375951409339904785e-01
-1.859512925148010254e-01
-2.054678201675415039e-01
-2.354686856269836426e-01
-1.572687625885009766e-01
-1.975207924842834473e-01
-1.942367553710937500e-01
-2.333704233169555664e-01
-1.837407350540161133e-01
-2.067221999168395996e-01
-1.982007026672363281e-01
-2.191269993782043457e-01
-2.298759818077087402e-01
-1.846885085105895996e-01
-2.180927395820617676e-01
-2.346270680427551270e-01
-3.128782510757446289e-01
-1.536630988121032715e-01
-2.142162919044494629e-01
-2.385688424110412598e-01
-2.690653204917907715e-01
-2.516215443611145020e-01
-2.393629550933837891e-01
-2.371157407760620117e-01
-2.655419111251831055e-01
-2.331030368804931641e-01
-2.500135898590087891e-01
-2.191092967987060547e-01
-2.873246669769287109e-01
-2.195963859558105469e-01
-2.715587019920349121e-01
-2.518887519836425781e-01
-2.802106738090515137e-01
-2.937534451484680176e-01
-2.788810729980468750e-01
-2.367653846740722656e-01
-2.062165141105651855e-01
-2.199728488922119141e-01
-2.605146765708923340e-01
-2.393134236335754395e-01
-2.194860577583312988e-01
-1.968294978141784668e-01
-2.847765088081359863e-01
-1.861435770988464355e-01
-2.272504568099975586e-01
-1.707356572151184082e-01
-1.756759881973266602e-01
-2.087799310684204102e-01
-2.855431437492370605e-01
-1.978919506072998047e-01
-1.756380796432495117e-01
-1.756354570388793945e-01
-9.914013743400573730e-02
-2.244504094123840332e-01
-2.307937145233154297e-01
-2.804277539253234863e-01
-2.378214001655578613e-01
-3.058066368103027344e-01
-2.579647302627563477e-01
-2.486230134963989258e-01
-2.202661037445068359e-01
-2.807146310806274414e-01
8.091956377029418945e-02
1.191022634506225586e+00
1.097072362899780273e+00
-2.362759113311767578e-01
-1.634330749511718750e-01
-2.295449376106262207e-01
-1.918723583221435547e-01
-2.880958914756774902e-01
-2.532632350921630859e-01
-1.747024059295654297e-01
-2.465494871139526367e-01
-1.538414359092712402e-01
-1.276712715625762939e-01
-2.497022151947021484e-01
9.693383574485778809e-01
-1.910842061042785645e-01
-2.398237586021423340e-01
-2.020657062530517578e-01
-2.832897901535034180e-01
-2.631114721298217773e-01
-2.715573310852050781e-01
-2.549391984939575195e-01
-1.918100118637084961e-01
-2.467809915542602539e-01
-2.827927470207214355e-01
-2.085148692131042480e-01
1.404836475849151611e-01
-2.029646039009094238e-01
-2.197119593620300293e-01
-2.283305525779724121e-01
-2.701925635337829590e-01
-3.729502558708190918e-01
-2.527934908866882324e-01
-2.296125292778015137e-01
-2.437443733215332031e-01
-3.706401586532592773e-01
-2.321408390998840332e-01
-2.965359687805175781e-01
3.577304482460021973e-01
-2.362564206123352051e-01
-2.449073195457458496e-01
-2.512333989143371582e-01
-2.557001113891601562e-01
-2.008749842643737793e-01
-2.820633053779602051e-01
-2.653038501739501953e-01
-2.197571396827697754e-01
-2.305372357368469238e-01
-2.331032752990722656e-01
-2.129160165786743164e-01
-1.722666025161743164e-01
-1.772555708885192871e-01
-3.009278774261474609e-01
-2.537947297096252441e-01
-2.071282863616943359e-01
-2.564381361007690430e-01
-2.019726634025573730e-01
-2.988069653511047363e-01
-2.450515627861022949e-01
-2.814836502075195312e-01
-2.465190887451171875e-01
-2.558392882347106934e-01
-3.344833850860595703e-03
-1.602951288223266602e-01
-1.722166538238525391e-01
-1.775477528572082520e-01
-2.957464456558227539e-01
-1.438068747520446777e-01
-2.544688582420349121e-01
-2.259435057640075684e-01
-2.605829834938049316e-01
-2.691128849983215332e-01
-2.218246459960937500e-01
-2.268585562705993652e-01
-1.875729560852050781e-01
-3.172749876976013184e-01
-2.658645510673522949e-01
-2.640915513038635254e-01
-2.234611511230468750e-01
-2.531082630157470703e-01
-2.224261164665222168e-01
-2.112480401992797852e-01
-2.143188118934631348e-01
-2.838425040245056152e-01
-2.250593900680541992e-01
-2.191638350486755371e-01
-5.391186475753784180e-02
-1.958382129669189453e-01
-2.300029397010803223e-01
-2.516928315162658691e-01
-2.146809697151184082e-01
-1.924842596054077148e-01
9.238402843475341797e-01
-2.907132506370544434e-01
-2.316657304763793945e-01
-2.572066187858581543e-01
-2.559776902198791504e-01
-2.553972005844116211e-01
1.175686120986938477e+00
-2.773888707160949707e-01
-1.832019686698913574e-01
-2.460419535636901855e-01
-2.458678483963012695e-01
-2.191277146339416504e-01
-2.335387468338012695e-01
-2.066228985786437988e-01
-2.305026054382324219e-01
-2.198225855827331543e-01
-2.053396105766296387e-01
-2.042708992958068848e-01
-2.950286269187927246e-01
-3.010569214820861816e-01
-2.934123873710632324e-01
-2.025011181831359863e-01
-2.301769852638244629e-01
-2.496331930160522461e-01
-2.305018305778503418e-01
-2.363016009330749512e-01
-2.345736026763916016e-01
-2.123196125030517578e-01
-2.861670255661010742e-01
-3.175800442695617676e-01
-2.159617543220520020e-01
-2.203344106674194336e-01
-2.335962057113647461e-01
-2.346373200416564941e-01
-2.832195758819580078e-01
-2.213588953018188477e-01
-1.896027326583862305e-01
-2.442266941070556641e-01
-2.190600633621215820e-01
-1.752640604972839355e-01
-2.053429484367370605e-01
-2.227258086204528809e-01
5.079141259193420410e-02
-1.290935575962066650e-01
-2.699138522148132324e-01
-2.167951464653015137e-01
-2.158462405204772949e-01
-2.383033037185668945e-01
-2.008901834487915039e-01
-2.557439804077148438e-01
-2.560492157936096191e-01
-2.205915451049804688e-01
-2.108405232429504395e-01
-2.830294370651245117e-01
-1.561436057090759277e-01
-1.640161871910095215e-01
-2.475935816764831543e-01
-2.330223917961120605e-01
-2.012801170349121094e-01
-2.702091932296752930e-01
-2.689053416252136230e-01
-2.191269993782043457e-01
-2.655944228172302246e-01
-2.202160954475402832e-01
-2.930752038955688477e-01
-2.446721792221069336e-01
1.922936141490936279e-01
-1.808564662933349609e-01
-2.127793431282043457e-01
-2.558487057685852051e-01
-1.940197944641113281e-01
-2.144749760627746582e-01
-1.803113222122192383e-01
-1.764957308769226074e-01
-2.603794932365417480e-01
-1.859786510467529297e-01
-2.305002212524414062e-01
-2.486340999603271484e-01
-3.538855910301208496e-01
-2.591879963874816895e-01
-2.201597094535827637e-01
-2.542843818664550781e-01
-2.193501591682434082e-01
-2.447648048400878906e-01
-2.892815470695495605e-01
-2.709446549415588379e-01
-2.534080147743225098e-01
-2.191752791404724121e-01
-2.211518287658691406e-01
-2.305026054382324219e-01
4.972393810749053955e-01
-2.261827588081359863e-01
-2.103514671325683594e-01
-2.613028287887573242e-01
-2.472979426383972168e-01
-2.606680989265441895e-01
-2.313407063484191895e-01
-2.635915875434875488e-01
-2.592654824256896973e-01
-1.452513337135314941e-01
-2.822664976119995117e-01
-2.768805623054504395e-01
1.083241999149322510e-01
-2.298384904861450195e-01
-7.370662689208984375e-02
-2.332054376602172852e-01
-2.310229539871215820e-01
-1.741779446601867676e-01
-3.195826411247253418e-01
-2.422933578491210938e-01
-2.129113078117370605e-01
7.817456126213073730e-02
-2.490199208259582520e-01
-2.444775104522705078e-01
1.690898984670639038e-01
-3.413673043251037598e-01
-2.567756772041320801e-01
-2.791893482208251953e-01
-2.241015434265136719e-01
-2.957573533058166504e-01
-2.014786005020141602e-01
-2.702727913856506348e-01
-2.579138278961181641e-01
-3.055644631385803223e-01
-1.966491341590881348e-01
-2.300018668174743652e-01
-1.584638357162475586e-01
-8.714923262596130371e-02
-2.535694837570190430e-01
-2.172694206237792969e-01
-2.105492353439331055e-01
-2.601102590560913086e-01
-2.650423645973205566e-01
-2.310701012611389160e-01
-2.654979228973388672e-01
-1.942092180252075195e-01
-1.968617439270019531e-01
-2.009584307670593262e-01
7.680664062500000000e-01
-2.295633554458618164e-01
-1.890110969543457031e-01
-2.300923466682434082e-01
-2.595629096031188965e-01
-2.633637785911560059e-01
-2.497032880783081055e-01
-2.557417750358581543e-01
-2.047609686851501465e-01
-2.311469912528991699e-01
-2.636575698852539062e-01
-3.180714845657348633e-01
2.500225305557250977e-01
-1.995057463645935059e-01
-2.081634402275085449e-01
-1.632827520370483398e-01
-2.720147967338562012e-01
-2.824115753173828125e-01
-2.492651343345642090e-01
-2.850648760795593262e-01
-2.690112590789794922e-01
-2.529636025428771973e-01
-2.557653784751892090e-01
-3.239561319351196289e-01
-1.781689524650573730e-01
-1.413355469703674316e-01
-2.512266039848327637e-01
-2.493577599525451660e-01
-1.943523287773132324e-01
-2.886561751365661621e-01
-2.500150799751281738e-01
-2.256235480308532715e-01
-2.222201824188232422e-01
-3.358272910118103027e-01
-2.847760915756225586e-01
-2.479943037033081055e-01
-3.249767422676086426e-02
-2.922424077987670898e-01
-3.167008757591247559e-01
-2.502259612083435059e-01
-2.637540102005004883e-01
-2.630037069320678711e-01
-2.076508998870849609e-01
-2.825737595558166504e-01
-2.578033804893493652e-01
-1.903567910194396973e-01
-1.636354327201843262e-01
-2.030420899391174316e-01
7.693715095520019531e-01
-2.199812531471252441e-01
-2.049076557159423828e-01
-2.515381574630737305e-01
-2.029646039009094238e-01
-2.450543642044067383e-01
-2.995325326919555664e-01
-2.403417825698852539e-01
-2.492852807044982910e-01
-2.618213891983032227e-01
-2.804422974586486816e-01
-2.004579901695251465e-01
-2.282810807228088379e-01
-2.486577630043029785e-01
-2.489126920700073242e-01
-2.488790750503540039e-01
-2.750687003135681152e-01
-3.004369139671325684e-01
-2.343008518218994141e-01
-2.847750782966613770e-01
-2.359183430671691895e-01
-2.987915277481079102e-01
-2.611810564994812012e-01
-1.764435768127441406e-01
5.577409267425537109e-02
-1.523494720458984375e-01
-2.960047125816345215e-01
-2.768980264663696289e-01
-2.586900591850280762e-01
-2.211049199104309082e-01
-2.637704014778137207e-01
-2.990419864654541016e-01
-2.337633967399597168e-01
-2.835216522216796875e-01
-2.996836304664611816e-01
-3.102890849113464355e-01
-1.652664542198181152e-01
-2.087439894676208496e-01
-2.189402580261230469e-01
-2.777326107025146484e-01
-1.936923861503601074e-01
-2.541359663009643555e-01
-2.325640320777893066e-01
-2.278418540954589844e-01
-2.520502209663391113e-01
-2.367186546325683594e-01
-2.296025753021240234e-01
-2.631219029426574707e-01
-2.119353413581848145e-01
-2.088510394096374512e-01
-2.295502424240112305e-01
-2.130131721496582031e-01
-2.349772453308105469e-01
-2.305166125297546387e-01
-1.822022795677185059e-01
-3.183002471923828125e-01
-2.332138419151306152e-01
-1.928679347038269043e-01
-3.025705218315124512e-01
-1.113387644290924072e-01
-1.588886380195617676e-01
3.186420202255249023e-01
3.691176176071166992e-01
-2.734299898147583008e-01
7.169511318206787109e-01
-2.688206434249877930e-01
-2.446107268333435059e-01
-2.877013087272644043e-01
-2.530551552772521973e-01
-2.650183439254760742e-01
-2.756078839302062988e-01
-2.145305871963500977e-01
1.919829696416854858e-01
-2.081490159034729004e-01
-2.619880437850952148e-01
-2.738754153251647949e-01
-3.337640762329101562e-01
-2.213092446327209473e-01
-1.882962584495544434e-01
-2.280253171920776367e-01
-2.942229509353637695e-01
-2.938228249549865723e-01
-2.776001691818237305e-01
-1.604809761047363281e-01
1.002568840980529785e+00
-2.402451634407043457e-01
-2.803824543952941895e-01
-2.587241530418395996e-01
-2.864436507225036621e-01
-2.311686277389526367e-01
-1.870048642158508301e-01
-1.972915530204772949e-01
-3.025559186935424805e-01
-2.286410927772521973e-01
-3.283938765525817871e-01
-2.645068168640136719e-01
-2.110006809234619141e-01
-2.168129086494445801e-01
-2.678363919258117676e-01
-2.699402570724487305e-01
-2.378086447715759277e-01
-2.249860763549804688e-01
-1.703520417213439941e-01
-1.840810775756835938e-01
-2.284437417984008789e-01
-2.444157600402832031e-01
-2.941511273384094238e-01
-2.161690592765808105e-01
-2.433747649192810059e-01
-2.324317693710327148e-01
-2.852035760879516602e-01
-2.515872120857238770e-01
-2.119977474212646484e-01
-1.752228736877441406e-01
-1.959082484245300293e-01
-1.830049157142639160e-01
-2.877332568168640137e-01
-2.661349773406982422e-01
-2.262364029884338379e-01
-2.527392506599426270e-01
8.626764416694641113e-01
-1.984934210777282715e-01
-2.610991597175598145e-01
-3.672231435775756836e-01
-2.994594573974609375e-01
-1.996847391128540039e-01
-3.410434126853942871e-01
-3.145570158958435059e-01
-2.424774169921875000e-01
-2.948928475379943848e-01
-2.292253375053405762e-01
-2.733135819435119629e-01
1.258575916290283203e+00
-2.574287652969360352e-01
-1.543639302253723145e-01
-2.281723022460937500e-01
-2.713084816932678223e-01
-2.014894485473632812e-01
-2.343313694000244141e-01
-2.652838826179504395e-01
-2.752848863601684570e-01
-2.458181977272033691e-01
-2.732351422309875488e-01
-2.752389907836914062e-01
-1.858618855476379395e-01
-1.734135746955871582e-01
-2.394019365310668945e-01
-3.153752684593200684e-01
-2.127524614334106445e-01
-2.353120446205139160e-01
-3.537953495979309082e-01
-2.755227684974670410e-01
-2.925121784210205078e-01
-3.099007010459899902e-01
-3.148127198219299316e-01
-3.134487867355346680e-01
-2.184453010559082031e-01
-3.085302710533142090e-01
-2.226780652999877930e-01
-1.939641833305358887e-01
-2.976536154747009277e-01
-2.373492121696472168e-01
-2.706142663955688477e-01
-2.566952109336853027e-01
-2.423687577247619629e-01
-2.457432150840759277e-01
-2.118650078773498535e-01
-2.413951158523559570e-01
2.449572086334228516e-02
-1.349279582500457764e-01
-1.534029841423034668e-01
-2.029272913932800293e-01
-2.323589324951171875e-01
-1.652470231056213379e-01
-1.718363761901855469e-01
-1.862609386444091797e-01
-3.022603988647460938e-01
-2.438427209854125977e-01
1.091652393341064453e+00
8.739917874336242676e-01
9.659966826438903809e-01
9.636865854263305664e-01
7.158811092376708984e-01
9.777477979660034180e-01
5.900427699089050293e-01
3.550247550010681152e-01
-3.695759177207946777e-01
-2.755384445190429688e-01
2.471083700656890869e-01
-2.005727291107177734e-01
-3.326924443244934082e-01
-1.328048706054687500e-01
6.636309623718261719e-01
-2.436683177947998047e-01
-3.450269103050231934e-01
-2.724589109420776367e-01
-1.688890457153320312e-01
-2.086623311042785645e-01
-2.373836636543273926e-01
-1.852067112922668457e-01
-1.780925989151000977e-01
-2.112178206443786621e-01
-1.727651357650756836e-01
-1.845982670783996582e-01
7.874482870101928711e-01
-1.971679329872131348e-01
-2.359177470207214355e-01
-2.243821620941162109e-01
-2.830323576927185059e-01
1.161617755889892578e+00
1.163304805755615234e+00
-2.636716365814208984e-01
-2.234011888504028320e-01
-2.151532769203186035e-01
-1.778792142868041992e-01
-2.267723679542541504e-01
1.104488968849182129e+00
-5.436274409294128418e-02
-2.817034721374511719e-01
-3.006749749183654785e-01
-2.400822639465332031e-01
-2.158571481704711914e-01
-2.481895089149475098e-01
-1.647146344184875488e-01
-2.745919823646545410e-01
-2.174610495567321777e-01
-2.714818716049194336e-01
-2.783946394920349121e-01
-5.085427165031433105e-01
-2.709298133850097656e-01
-1.823855638504028320e-01
-2.896519303321838379e-01
-3.328297734260559082e-01
-3.193707466125488281e-01
-7.829046249389648438e-02
-2.723504900932312012e-01
-2.592403292655944824e-01
-3.123779892921447754e-01
-2.944438457489013672e-01
-2.284097075462341309e-01
-4.189743399620056152e-01
-2.061089873313903809e-01
-2.427849173545837402e-01
-2.567359805107116699e-01
-3.142104744911193848e-01
-2.481409907341003418e-01
-1.969935297966003418e-01
-1.990576982498168945e-01
-2.112178206443786621e-01
-2.359183430671691895e-01
-2.690666913986206055e-01
-2.363575100898742676e-01
-5.182176828384399414e-02
-1.159643828868865967e-01
-1.783484220504760742e-01
-2.582632303237915039e-01
-2.251400351524353027e-01
-1.973849534988403320e-01
-2.012141346931457520e-01
-1.664093732833862305e-01
-2.333169579505920410e-01
-2.168652415275573730e-01
-2.132722139358520508e-01
-3.337307572364807129e-01
4.055037200450897217e-01
-1.738427877426147461e-01
-1.907979846000671387e-01
-2.153148651123046875e-01
-1.639548540115356445e-01
-1.928034424781799316e-01
-2.129660248756408691e-01
-2.441731095314025879e-01
-3.003309369087219238e-01
-1.941089034080505371e-01
-2.673490047454833984e-01
-2.973394989967346191e-01
1.010611176490783691e+00
-6.573444604873657227e-02
-2.367603182792663574e-01
-1.651860475540161133e-01
-1.730604171752929688e-01
-2.312442660331726074e-01
-2.268322110176086426e-01
-2.417087554931640625e-01
-2.070784568786621094e-01
-2.503353953361511230e-01
-2.411713600158691406e-01
-1.806415319442749023e-01
1.214261412620544434e+00
-2.291446328163146973e-01
-8.255866169929504395e-02
-2.380226850509643555e-01
-1.789683103561401367e-01
-4.330033659934997559e-01
-1.497631072998046875e-01
-2.367649674415588379e-01
-2.367662191390991211e-01
-2.589182257652282715e-01
-2.079038619995117188e-01
-1.969823241233825684e-01
1.211184263229370117e+00
-1.649801731109619141e-01
-2.363094687461853027e-01
-2.112144827842712402e-01
-2.701941132545471191e-01
-1.808415055274963379e-01
-1.978802084922790527e-01
-2.368270754814147949e-01
-2.444114685058593750e-01
-2.355462908744812012e-01
-2.643993496894836426e-01
-2.329510450363159180e-01
2.168765664100646973e-02
-2.280457615852355957e-01
-2.803889513015747070e-01
-2.863149642944335938e-01
-2.207614779472351074e-01
-2.153815031051635742e-01
-2.112176418304443359e-01
-1.806415319442749023e-01
-1.664066314697265625e-01
-2.126102447509765625e-01
-2.222608923912048340e-01
-2.063740491867065430e-01
2.702850699424743652e-01
-2.142487764358520508e-01
-1.979950666427612305e-01
-1.807634830474853516e-01
-2.102360129356384277e-01
-1.942147016525268555e-01
-2.891203165054321289e-01
-1.893097758293151855e-01
-2.690666913986206055e-01
-1.717726588249206543e-01
-2.112178206443786621e-01
-1.957700848579406738e-01
-2.805780768394470215e-01
-1.947345733642578125e-01
-2.269247770309448242e-01
-1.806674599647521973e-01
-2.363770604133605957e-01
-1.806569099426269531e-01
-1.815153956413269043e-01
-1.664060354232788086e-01
-1.777786016464233398e-01
-2.112178206443786621e-01
-2.213978767395019531e-01
-1.807594299316406250e-01
-2.461630105972290039e-01
-1.678677797317504883e-01
-1.666930317878723145e-01
-1.892921924591064453e-01
-1.711454391479492188e-01
-2.025099992752075195e-01
-1.805827021598815918e-01
-2.111964225769042969e-01
-1.948696970939636230e-01
-1.877828836441040039e-01
-1.917984485626220703e-01
-1.665161848068237305e-01
-9.460985660552978516e-02
-1.969821453094482422e-01
-1.533616781234741211e-01
-1.755466461181640625e-01
-2.128278017044067383e-01
-2.112167477607727051e-01
-2.138403058052062988e-01
-2.026369571685791016e-01
-2.225869894027709961e-01
-1.807779073715209961e-01
-2.001916170120239258e-01
-1.806650757789611816e-01
-2.244572639465332031e-01
-1.969785094261169434e-01
-1.969839930534362793e-01
-1.911375522613525391e-01
-2.362673878669738770e-01
-2.089018821716308594e-01
-1.806414723396301270e-01
-1.919695138931274414e-01
-2.301381826400756836e-01
-2.029612660408020020e-01
-1.819044351577758789e-01
-2.391520738601684570e-01
-2.230519056320190430e-01
-1.887674927711486816e-01
-2.088377475738525391e-01
-1.975944638252258301e-01
-2.112982273101806641e-01
-2.112177610397338867e-01
-1.806554198265075684e-01
-1.806415319442749023e-01
-1.807584166526794434e-01
-2.070792317390441895e-01
-2.091102004051208496e-01
-1.806479692459106445e-01
-2.625915408134460449e-01
-1.678678989410400391e-01
-2.004552483558654785e-01
-1.664547920227050781e-01
-2.225931286811828613e-01
-2.205098867416381836e-01
-1.806415319442749023e-01
-1.806427836418151855e-01
-1.911043524742126465e-01
-1.623149514198303223e-01
-2.454599738121032715e-01
-1.527655720710754395e-01
-2.824777960777282715e-01
-2.171434164047241211e-01
-2.341668605804443359e-01
-2.497991323471069336e-01
-1.806415319442749023e-01
-1.914687752723693848e-01
-2.333337664604187012e-01
-2.642875313758850098e-01
-2.196219563484191895e-01
-2.359183430671691895e-01
-1.884398460388183594e-01
-1.904385685920715332e-01
-2.426719069480895996e-01
-1.687241196632385254e-01
-2.581480741500854492e-01
-2.356410026550292969e-01
-1.946328878402709961e-01
-2.095836400985717773e-01
-1.806415915489196777e-01
-2.107140421867370605e-01
-1.664060950279235840e-01
-2.112178206443786621e-01
-2.804422974586486816e-01
-2.110621333122253418e-01
-2.598196268081665039e-01
-1.947345733642578125e-01
-2.216821908950805664e-01
-2.893096804618835449e-01
-2.119510769844055176e-01
-1.973330378532409668e-01
-2.367594838142395020e-01
-2.582926154136657715e-01
-2.122498750686645508e-01
-2.082473039627075195e-01
-2.122543454170227051e-01
-3.747912049293518066e-01
-2.669005393981933594e-01
-1.887598633766174316e-01
-2.393066883087158203e-01
-2.367653846740722656e-01
-2.057839035987854004e-01
-1.950000524520874023e-01
-2.605377435684204102e-01
-1.851419806480407715e-01
-1.426287591457366943e-01
-2.225297689437866211e-01
-2.053421139717102051e-01
-1.969224810600280762e-01
-2.466876506805419922e-01
-1.969817876815795898e-01
-2.112177014350891113e-01
-2.112178206443786621e-01
-2.112199068069458008e-01
-2.112178206443786621e-01
-2.111157774925231934e-01
-2.540972828865051270e-01
-2.359179854393005371e-01
-1.667402982711791992e-01
-2.112178206443786621e-01
-2.268973588943481445e-01
-3.192829489707946777e-01
-1.568258404731750488e-01
-2.112180590629577637e-01
-1.664060354232788086e-01
-1.903006434440612793e-01
-1.832826733589172363e-01
-2.780149579048156738e-01
-1.725351810455322266e-01
-1.790505051612854004e-01
-1.831531524658203125e-01
-1.806371808052062988e-01
-2.108216285705566406e-01
-2.069836854934692383e-01
-1.678677797317504883e-01
-2.112178206443786621e-01
-2.357001900672912598e-01
-2.322990298271179199e-01
-2.052422165870666504e-01
-2.095444202423095703e-01
-2.016400694847106934e-01
-1.768987178802490234e-01
-2.357543706893920898e-01
-2.047410607337951660e-01
-1.806454658508300781e-01
-2.891718149185180664e-01
-1.969816684722900391e-01
-2.112143635749816895e-01
-1.806415319442749023e-01
-1.806437373161315918e-01
-1.806415319442749023e-01
-1.806417107582092285e-01
-2.112178206443786621e-01
-1.806415915489196777e-01
-1.806415319442749023e-01
-2.367653846740722656e-01
-2.163842320442199707e-01
-1.842880249023437500e-01
-1.680281162261962891e-01
-1.893827319145202637e-01
-2.476716041564941406e-01
-1.715731620788574219e-01
-2.067831754684448242e-01
-1.806380152702331543e-01
-2.105625271797180176e-01
-2.110697031021118164e-01
-2.112178802490234375e-01
-1.808319687843322754e-01
-2.604328989982604980e-01
-1.910263895988464355e-01
-1.887599229812622070e-01
-2.109850645065307617e-01
-2.075944542884826660e-01
-2.359181046485900879e-01
-1.681769490242004395e-01
-1.806416511535644531e-01
-1.806455254554748535e-01
-1.806415319442749023e-01
-1.640385985374450684e-01
-1.425231993198394775e-01
-1.866992712020874023e-01
-1.475614905357360840e-01
-1.792005896568298340e-01
-2.112065553665161133e-01
-1.664053201675415039e-01
-2.059295177459716797e-01
-2.182998657226562500e-01
-1.870272159576416016e-01
-2.558793425559997559e-01
-2.112178206443786621e-01
-2.366984486579895020e-01
-1.806415915489196777e-01
-1.807138919830322266e-01
-1.931027770042419434e-01
-2.184045314788818359e-01
-1.823551654815673828e-01
-1.805357933044433594e-01
-1.808430552482604980e-01
-1.806416511535644531e-01
-2.112176418304443359e-01
-2.114673852920532227e-01
-2.169905304908752441e-01
-1.806415319442749023e-01
-2.112167477607727051e-01
-1.806415319442749023e-01
-2.453928589820861816e-01
-2.168924212455749512e-01
-2.995921373367309570e-01
-2.112298607826232910e-01
-2.112178206443786621e-01
-1.969823241233825684e-01
-2.112178206443786621e-01
-2.112178206443786621e-01
-2.214335203170776367e-01
-2.144286036491394043e-01
-1.688293814659118652e-01
-1.969932317733764648e-01
-3.698294758796691895e-01
-2.112178206443786621e-01
-1.969823241233825684e-01
-2.053420543670654297e-01
-1.667367219924926758e-01
-2.220721244812011719e-01
-2.690666913986206055e-01
-1.896985173225402832e-01
-2.053547501564025879e-01
-2.047793269157409668e-01
-2.053419351577758789e-01
-1.931282281875610352e-01
-2.406036853790283203e-01
-2.112124562263488770e-01
-2.113302350044250488e-01
-2.701886296272277832e-01
-2.359096407890319824e-01
-1.949751973152160645e-01
-1.806416511535644531e-01
-2.119312882423400879e-01
-1.723656654357910156e-01
-2.050065994262695312e-01
-2.240700125694274902e-01
-1.809674501419067383e-01
-2.431501746177673340e-01
-1.374409198760986328e-01
-2.112178206443786621e-01
-2.366917729377746582e-01
-2.112178206443786621e-01
-2.339231371879577637e-01
-1.833360791206359863e-01
-2.461845278739929199e-01
-1.882100105285644531e-01
-2.026008963584899902e-01
-1.292068064212799072e-01
-1.792479753494262695e-01
1.765304505825042725e-01
-1.616978645324707031e-01
-2.112172245979309082e-01
-2.161629796028137207e-01
-1.988925933837890625e-01
-1.647971868515014648e-01
-2.359673380851745605e-01
-2.102560400962829590e-01
-1.806460022926330566e-01
-1.561788320541381836e-01
-2.602765560150146484e-01
-1.737543940544128418e-01
-2.199834585189819336e-01
-1.647405624389648438e-01
-2.217911481857299805e-01
-2.632243037223815918e-01
-2.414563298225402832e-01
-2.251443862915039062e-01
-2.652766108512878418e-01
-1.914865374565124512e-01
-2.938722372055053711e-01
-2.384185194969177246e-01
-1.796581149101257324e-01
-1.823894381523132324e-01
1.954147666692733765e-01
-1.935124397277832031e-01
-1.777908802032470703e-01
-1.907122731208801270e-01
-1.806427836418151855e-01
-2.454530596733093262e-01
-2.255858778953552246e-01
-2.309382557868957520e-01
-2.367652058601379395e-01
-1.622886061668395996e-01
-2.183921933174133301e-01
-2.432574629783630371e-01
-3.019498586654663086e-01
-2.861557602882385254e-01
-2.119069695472717285e-01
-1.923125982284545898e-01
-2.559436559677124023e-01
-1.616443395614624023e-01
-2.908039093017578125e-01
-2.375374436378479004e-01
-2.706795930862426758e-01
-2.674792408943176270e-01
-2.557421326637268066e-01
-1.608526706695556641e-01
-3.178126215934753418e-01
-1.165781021118164062e-01
-2.088607549667358398e-01
-2.666918039321899414e-01
-2.634739279747009277e-01
1.009630560874938965e-01
-2.030652165412902832e-01
-2.238314747810363770e-01
-1.719768047332763672e-01
-2.459006905555725098e-01
-2.449141144752502441e-01
-2.367653846740722656e-01
-3.148272633552551270e-01
-1.966722607612609863e-01
-2.081467509269714355e-01
-2.227558493614196777e-01
-2.766115665435791016e-01
-2.086737155914306641e-01
-2.367652654647827148e-01
-2.132946848869323730e-01
-2.433784604072570801e-01
-2.112173438072204590e-01
-2.383032441139221191e-01
-2.206531167030334473e-01
-2.565757632255554199e-01
-2.179558873176574707e-01
-1.806414723396301270e-01
-2.465393543243408203e-01
-2.367697954177856445e-01
-2.200641632080078125e-01
-2.131262421607971191e-01
-2.178696393966674805e-01
-2.943122982978820801e-01
-2.112178206443786621e-01
-2.076939344406127930e-01
-3.028962612152099609e-01
9.532154798507690430e-01
-2.301357984542846680e-01
-2.110764980316162109e-01
-3.467667698860168457e-01
-2.452343702316284180e-01
-2.637466788291931152e-01
-2.443757653236389160e-01
-2.062205076217651367e-01
-2.112182378768920898e-01
-2.416811585426330566e-01
-2.108976840972900391e-01
-2.177156209945678711e-01
3.842455148696899414e-02
-2.397635579109191895e-01
-2.258847951889038086e-01
-1.969811320304870605e-01
-1.914865374565124512e-01
-1.970465183258056641e-01
-1.913871169090270996e-01
-2.688077688217163086e-01
-2.804405093193054199e-01
-2.472789883613586426e-01
-1.969868540763854980e-01
-1.854330301284790039e-01
-2.111058235168457031e-01
-2.736442089080810547e-01
-2.391453981399536133e-01
-1.493144035339355469e-01
-1.667443513870239258e-01
-2.301586270332336426e-01
-2.348377108573913574e-01
-2.170341014862060547e-01
-1.806415319442749023e-01
-2.897565364837646484e-01
-1.191956400871276855e-01
-2.444143891334533691e-01
-3.518104553222656250e-01
-2.408046722412109375e-01
-1.959849596023559570e-01
-2.452904582023620605e-01
-2.724468708038330078e-01
-2.368739843368530273e-01
-2.163360714912414551e-01
-2.248721718788146973e-01
-2.157810330390930176e-01
-2.203614711761474609e-01
-2.367583513259887695e-01
-1.970049142837524414e-01
8.618056774139404297e-02
-2.494782209396362305e-01
-2.892346382141113281e-01
-1.957888603210449219e-01
-2.345740199089050293e-01
-2.481410503387451172e-01
-2.516259551048278809e-01
-1.953167319297790527e-01
-2.064731717109680176e-01
-2.367689609527587891e-01
-1.728778481483459473e-01
-2.053420543670654297e-01
5.957653522491455078e-01
-1.765643954277038574e-01
-1.909703016281127930e-01
-2.111351490020751953e-01
-2.359181046485900879e-01
-2.487678527832031250e-01
-2.520534396171569824e-01
-1.664062142372131348e-01
-1.931974291801452637e-01
-2.478250861167907715e-01
-1.806454658508300781e-01
-1.715338826179504395e-01
-9.885275363922119141e-02
-2.090712785720825195e-01
-1.690841913223266602e-01
-2.140961289405822754e-01
-2.073083519935607910e-01
-1.806415319442749023e-01
-2.367653846740722656e-01
-1.893362402915954590e-01
-1.817687749862670898e-01
-1.810247898101806641e-01
-2.092140316963195801e-01
-2.264221906661987305e-01
-2.894714474678039551e-01
-2.092923521995544434e-01
-2.088549733161926270e-01
-2.225298881530761719e-01
-2.112181186676025391e-01
-2.654610276222229004e-01
-1.966343522071838379e-01
-2.009043693542480469e-01
-1.861498355865478516e-01
-2.229555845260620117e-01
-2.112508416175842285e-01
-2.114501595497131348e-01
-2.187852859497070312e-01
-1.786977648735046387e-01
-1.831657886505126953e-01
-2.365057468414306641e-01
-2.367653846740722656e-01
-2.343571186065673828e-01
-2.702170014381408691e-01
-1.893631219863891602e-01
-1.806929707527160645e-01
-2.500185966491699219e-01
-2.112178206443786621e-01
-2.660952806472778320e-01
-2.086116075515747070e-01
-2.367652058601379395e-01
-1.951572895050048828e-01
-2.163026928901672363e-01
-1.806415319442749023e-01
-2.112178206443786621e-01
-2.359163165092468262e-01
-2.399374842643737793e-01
-3.061265945434570312e-01
-2.110538482666015625e-01
-2.112178802490234375e-01
-2.112049460411071777e-01
3.724989295005798340e-01
-2.026068568229675293e-01
-2.112115621566772461e-01
-2.367652654647827148e-01
-1.702983379364013672e-01
-2.076496481895446777e-01
-2.110867500305175781e-01
-2.111892104148864746e-01
-2.112169861793518066e-01
-2.618965506553649902e-01
1.131584346294403076e-01
-1.809432506561279297e-01
1.183096170425415039e+00
-1.832056045532226562e-01
-1.969095468521118164e-01
-1.806415319442749023e-01
-2.109713554382324219e-01
-1.806107759475708008e-01
-2.011708617210388184e-01
-2.017102837562561035e-01
-1.806425452232360840e-01
-2.122869491577148438e-01
-1.806415319442749023e-01
-2.112178206443786621e-01
-2.468407154083251953e-01
-1.664067506790161133e-01
-2.058405280113220215e-01
-2.112178206443786621e-01
-2.350206375122070312e-01
-1.835234761238098145e-01
-1.914865374565124512e-01
-2.454600930213928223e-01
-1.814953684806823730e-01
-2.187947630882263184e-01
-2.112178206443786621e-01
-1.599879860877990723e-01
-1.279304325580596924e-01
-1.968560218811035156e-01
-2.007352709770202637e-01
-1.732846498489379883e-01
-1.806442737579345703e-01
-1.917053461074829102e-01
-1.806736588478088379e-01
-1.958459019660949707e-01
-2.244110107421875000e-01
-1.882781386375427246e-01
-1.857365965843200684e-01
-2.094752788543701172e-01
-1.731173992156982422e-01
-1.673218011856079102e-01
-1.914308071136474609e-01
-1.650350093841552734e-01
-1.757534146308898926e-01
-1.812407374382019043e-01
-2.112178206443786621e-01
-2.067840695381164551e-01
-2.240464687347412109e-01
-2.186672687530517578e-01
-1.806413531303405762e-01
-1.749482750892639160e-01
-2.834340333938598633e-01
