-3.150730729103088379e-01
-2.242171168327331543e-01
-2.815823554992675781e-01
-4.260901212692260742e-01
-2.531663179397583008e-01
-2.654750347137451172e-01
-2.275834083557128906e-01
-2.995203733444213867e-01
-2.018721699714660645e-01
-2.282808423042297363e-01
-4.055753350257873535e-01
-3.431962132453918457e-01
-2.850723266601562500e-01
-2.174113392829895020e-01
-2.240708470344543457e-01
-2.915171980857849121e-01
-2.275833487510681152e-01
-3.367787003517150879e-01
-2.380042672157287598e-01
-2.576989531517028809e-01
3.637050986289978027e-01
-4.730214476585388184e-01
-1.929736733436584473e-01
-2.849720120429992676e-01
-2.377452254295349121e-01
-2.699096798896789551e-01
-2.515633106231689453e-01
-2.678611874580383301e-01
-1.592684984207153320e-01
-1.374711692333221436e-01
2.693423628807067871e-01
-3.120675086975097656e-01
4.777340292930603027e-01
-3.390846252441406250e-01
1.754451841115951538e-01
-3.326174020767211914e-01
-6.893047690391540527e-02
-3.375734686851501465e-01
-2.253625392913818359e-01
-2.516847252845764160e-01
-2.041549086570739746e-01
-3.030939698219299316e-01
-2.633191943168640137e-01
-2.845274209976196289e-01
-2.930942177772521973e-01
-2.757676839828491211e-01
-3.103065490722656250e-01
-3.137595653533935547e-01
-2.283061146736145020e-01
-2.372786402702331543e-01
-2.140713334083557129e-01
-2.678057551383972168e-01
-1.980974674224853516e-01
-2.394595742225646973e-01
-2.873665094375610352e-01
-3.057247400283813477e-01
-1.913447380065917969e-01
-4.218965768814086914e-01
-1.970042586326599121e-01
-3.097481131553649902e-01
-2.562917470932006836e-01
-1.389574706554412842e-01
3.948987126350402832e-01
-1.175526976585388184e-01
-3.141625523567199707e-01
1.395539790391921997e-01
-3.106705546379089355e-01
-2.203289866447448730e-01
-2.488316893577575684e-01
-1.467251181602478027e-01
-2.839007973670959473e-01
-2.673931121826171875e-01
-2.585409283638000488e-01
-2.047689557075500488e-01
-3.346383571624755859e-01
-2.728875875473022461e-01
-3.138355612754821777e-01
-2.393829226493835449e-01
-3.037495017051696777e-01
-3.112761378288269043e-01
-2.384862899780273438e-01
-2.778703570365905762e-01
-2.889798283576965332e-01
-2.503953576087951660e-01
-2.301461100578308105e-01
-2.801232933998107910e-01
-3.010575771331787109e-01
-2.428160905838012695e-01
-2.667273283004760742e-01
-3.001111745834350586e-01
-3.456137776374816895e-01
2.289702445268630981e-01
-2.870817184448242188e-01
-2.722927927970886230e-02
-2.694029211997985840e-01
-2.016007304191589355e-01
-2.940922379493713379e-01
-2.037693262100219727e-01
-2.820694446563720703e-01
-2.844666838645935059e-01
-1.782366633415222168e-01
-2.726063728332519531e-01
-2.328069806098937988e-01
-2.273292541503906250e-01
-3.098250031471252441e-01
-2.901267409324645996e-01
-3.028417825698852539e-01
-2.084984779357910156e-01
-2.600195407867431641e-01
-2.735032439231872559e-01
-3.090190291404724121e-01
-2.288420796394348145e-01
-3.135511279106140137e-01
-2.709676027297973633e-01
-2.655712962150573730e-01
-2.477086186408996582e-01
-2.612803578376770020e-01
-2.582406401634216309e-01
-2.450145483016967773e-01
-3.025919198989868164e-01
-2.359765172004699707e-01
-3.953273296356201172e-01
-3.049729466438293457e-01
-3.265894651412963867e-01
-2.068895101547241211e-01
-2.714804410934448242e-01
-3.084062337875366211e-01
-3.079067468643188477e-01
-2.340599894523620605e-01
-3.661853075027465820e-01
-1.877294182777404785e-01
-3.132616281509399414e-01
-3.052012324333190918e-01
-3.075483441352844238e-01
-3.428723812103271484e-01
-2.797642350196838379e-01
-2.062581181526184082e-01
-3.186464905738830566e-01
-3.516883254051208496e-01
-2.963296175003051758e-01
-2.696302533149719238e-01
-2.982402443885803223e-01
-2.348890304565429688e-01
-3.174959421157836914e-01
-2.857385277748107910e-01
-2.723337411880493164e-01
-2.807335853576660156e-01
-2.763161063194274902e-01
-2.664763331413269043e-01
-2.485855221748352051e-01
-3.186200261116027832e-01
-3.011342883110046387e-01
-2.615485787391662598e-01
-2.275311946868896484e-01
-1.488702297210693359e-01
-2.455329298973083496e-01
-2.524356842041015625e-01
-2.136821746826171875e-01
-2.510014176368713379e-01
-2.960257530212402344e-01
-2.613438963890075684e-01
-2.859852313995361328e-01
-3.454120159149169922e-01
-3.244680762290954590e-01
-3.433632850646972656e-01
-2.757473587989807129e-01
-2.327404618263244629e-01
-2.414964437484741211e-01
-2.992983460426330566e-01
-2.525570988655090332e-01
-3.453409075736999512e-01
-2.026069164276123047e-01
-2.871462106704711914e-01
-2.846293449401855469e-01
-2.437010407447814941e-01
-2.872251272201538086e-01
-2.296692728996276855e-01
-2.123017311096191406e-01
-2.825066447257995605e-01
-2.627608180046081543e-01
1.222388744354248047e-01
-2.861713171005249023e-01
-2.100032567977905273e-01
-2.831727266311645508e-01
-2.341875433921813965e-01
-3.078604936599731445e-01
-2.377566695213317871e-01
-2.843490242958068848e-01
1.467759013175964355e-01
-2.719177007675170898e-01
-3.052327036857604980e-01
-3.364208340644836426e-01
-3.122561573982238770e-01
-2.931270599365234375e-01
-3.154552578926086426e-01
-2.642174363136291504e-01
-2.483534216880798340e-01
-3.539112806320190430e-01
-2.760835289955139160e-01
-3.051987886428833008e-01
-3.131372928619384766e-01
-3.243099451065063477e-01
-2.698101401329040527e-01
-2.766746878623962402e-01
-2.292535901069641113e-01
-3.854041099548339844e-01
-2.357885837554931641e-01
-2.656236290931701660e-01
-2.578926086425781250e-01
-3.371999263763427734e-01
-3.310812115669250488e-01
-2.288007140159606934e-01
-2.454611063003540039e-01
-2.231460809707641602e-01
-2.629571557044982910e-01
-2.704550623893737793e-01
-2.324788570404052734e-01
-3.233900070190429688e-01
-3.368661403656005859e-01
-3.011629581451416016e-01
-2.774474620819091797e-01
-2.376542091369628906e-01
-3.271141052246093750e-01
-2.760402560234069824e-01
-3.148626089096069336e-01
-2.623398303985595703e-01
-2.537543773651123047e-01
-2.439407110214233398e-01
-3.180427551269531250e-01
-2.811104059219360352e-01
-2.759981751441955566e-01
-2.068142890930175781e-01
-2.477100491523742676e-01
-3.217550516128540039e-01
-2.948052883148193359e-01
-1.665244102478027344e-01
-4.485850930213928223e-01
-2.301585674285888672e-01
-2.137295603752136230e-01
-2.733670473098754883e-01
-2.643484473228454590e-01
-3.082869648933410645e-01
-2.938075661659240723e-01
-3.547105789184570312e-01
-2.753128409385681152e-01
-2.345406413078308105e-01
-2.428939342498779297e-01
-2.684639692306518555e-01
-2.775931358337402344e-01
-2.987174987792968750e-01
-2.491883039474487305e-01
-2.846276164054870605e-01
-2.657411098480224609e-01
-2.854683995246887207e-01
-2.783351540565490723e-01
-2.779127955436706543e-01
-2.637653350830078125e-01
-2.797318100929260254e-01
-3.124940395355224609e-01
-2.824890017509460449e-01
-2.881327867507934570e-01
-3.099389076232910156e-01
-2.688105702400207520e-01
-2.662634849548339844e-01
-2.649015784263610840e-01
-2.471786141395568848e-01
-3.342751264572143555e-01
-2.607395052909851074e-01
-2.846522927284240723e-01
-3.246495127677917480e-01
-2.337384819984436035e-01
-2.425368428230285645e-01
-3.044319748878479004e-01
-2.394673228263854980e-01
-3.980568647384643555e-01
-3.390447497367858887e-01
-3.400146961212158203e-01
-2.585938572883605957e-01
-3.126306533813476562e-01
-2.540124654769897461e-01
-2.690825462341308594e-01
-2.751913666725158691e-01
-2.871109247207641602e-01
-1.938909888267517090e-01
-2.780475020408630371e-01
-2.428570985794067383e-01
-3.261368274688720703e-01
-2.306078076362609863e-01
-3.080538511276245117e-01
-2.632681727409362793e-01
-3.469226956367492676e-01
-2.806017398834228516e-01
-3.153569102287292480e-01
-2.033448815345764160e-01
-3.084828853607177734e-01
-2.850521802902221680e-01
-2.491922378540039062e-01
-2.844923138618469238e-01
-2.948409318923950195e-01
5.131181478500366211e-01
-3.357434868812561035e-01
-2.453172802925109863e-01
-3.687434196472167969e-01
-2.590031623840332031e-01
-2.345517277717590332e-01
-3.147826194763183594e-01
-3.056597709655761719e-01
-2.386255264282226562e-01
-2.693333625793457031e-01
-2.295944094657897949e-01
-3.292977809906005859e-01
-2.852086424827575684e-01
-3.101817965507507324e-01
-2.360264062881469727e-01
-3.019406199455261230e-01
-2.897977828979492188e-01
-2.868747711181640625e-01
-3.103408813476562500e-01
-3.194321393966674805e-01
-2.689111828804016113e-01
-2.649643421173095703e-01
-1.958205103874206543e-01
-3.537121415138244629e-01
-3.276012539863586426e-01
-2.686299085617065430e-01
-2.809042930603027344e-01
-2.527371048927307129e-01
-3.565694689750671387e-01
-2.544645667076110840e-01
-2.911058068275451660e-01
-2.315137982368469238e-01
-2.954346537590026855e-01
-3.484110236167907715e-01
-1.905707716941833496e-01
-3.237642645835876465e-01
-3.159926533699035645e-01
-2.516562342643737793e-01
-2.804975509643554688e-01
-3.191896677017211914e-01
-2.682642340660095215e-01
-3.058241605758666992e-01
-2.962759733200073242e-01
-3.618977665901184082e-01
-3.375530242919921875e-01
-2.925770282745361328e-01
-2.997521162033081055e-01
-3.369582295417785645e-01
-3.190627694129943848e-01
-3.367093205451965332e-01
-2.654561996459960938e-01
-2.955920696258544922e-01
-3.375759124755859375e-01
-3.582355976104736328e-01
-2.394909858703613281e-01
-3.385344147682189941e-01
2.811998724937438965e-01
-2.803699374198913574e-01
-3.182851672172546387e-01
-3.011426329612731934e-01
-2.899660468101501465e-01
-4.698103666305541992e-02
-2.266662120819091797e-01
-1.752272248268127441e-01
-3.664979338645935059e-01
-2.496845722198486328e-01
-2.621045708656311035e-01
-2.388589382171630859e-01
-2.846004366874694824e-01
-2.894774675369262695e-01
-2.910567522048950195e-01
-2.120077610015869141e-01
-2.804248332977294922e-01
-2.860747575759887695e-01
-2.497456669807434082e-01
-1.476824283599853516e-03
-2.725670337677001953e-01
-2.673683762550354004e-01
-2.375176548957824707e-01
-2.929745316505432129e-01
-3.034422993659973145e-01
-1.891179084777832031e-01
-2.872484326362609863e-01
-1.506347656250000000e-01
-3.331586718559265137e-01
-2.758124470710754395e-01
-3.161733150482177734e-01
-1.028865575790405273e-01
-4.894493222236633301e-01
-6.193342804908752441e-02
-5.598917007446289062e-01
1.002806782722473145e+00
-2.615630626678466797e-01
-3.570199012756347656e-01
-1.294716596603393555e-01
-2.782634496688842773e-01
-2.503513097763061523e-01
-2.995790243148803711e-01
-2.018371820449829102e-01
-3.966977596282958984e-01
-2.491883635520935059e-01
-2.648521661758422852e-01
-2.866941690444946289e-01
-2.479339241981506348e-01
-2.453579902648925781e-01
-2.882978916168212891e-01
-2.359911799430847168e-01
-2.762798666954040527e-01
-2.647789120674133301e-01
-2.846294045448303223e-01
-3.502577543258666992e-02
-3.302956819534301758e-01
-2.390723228454589844e-01
-3.194754123687744141e-01
-2.958468794822692871e-01
-1.191535294055938721e-01
-3.280000686645507812e-01
-3.236325383186340332e-01
-2.559320330619812012e-01
-3.156057596206665039e-01
-4.063029885292053223e-01
1.255199551582336426e+00
-3.151469826698303223e-01
1.211853981018066406e+00
-3.334765434265136719e-01
-3.239799141883850098e-01
-2.996131777763366699e-01
-3.092486858367919922e-01
-3.429737091064453125e-01
-2.357704639434814453e-01
-2.937889695167541504e-01
-4.562303423881530762e-02
-3.234201669692993164e-01
-2.843527197837829590e-01
-2.713571786880493164e-01
-2.637297511100769043e-01
-1.895550489425659180e-01
-2.972028851509094238e-01
-2.846935987472534180e-01
-2.273801565170288086e-01
-3.641077280044555664e-01
-3.422781229019165039e-01
-3.186830878257751465e-01
-2.039355635643005371e-01
-2.438992857933044434e-01
-2.923464179039001465e-01
-2.704862952232360840e-01
-2.712150812149047852e-01
-2.264388799667358398e-01
-4.975063800811767578e-01
-1.269081532955169678e-01
-2.769649624824523926e-01
-1.111692190170288086e-02
-3.589740395545959473e-01
-2.298482656478881836e-01
-2.652659416198730469e-01
6.392151117324829102e-03
-3.060547709465026855e-01
-2.183802127838134766e-01
-2.786393165588378906e-01
-7.759147882461547852e-02
-2.964801788330078125e-01
-2.435349225997924805e-01
-2.763677239418029785e-01
-2.420795559883117676e-01
-4.050468206405639648e-01
-2.689195871353149414e-01
-2.604413032531738281e-01
-2.364090681076049805e-01
-3.483985066413879395e-01
-2.505341172218322754e-01
-2.837013006210327148e-01
-2.436507344245910645e-01
-2.347477078437805176e-01
-2.648981809616088867e-01
-2.491964101791381836e-01
-2.539137005805969238e-01
-2.836481928825378418e-01
-3.478083610534667969e-01
-2.620192170143127441e-01
-2.756774425506591797e-01
-2.590544223785400391e-01
-3.479815721511840820e-01
-2.954732179641723633e-01
-2.801977396011352539e-01
-1.488231420516967773e-01
-3.589611649513244629e-01
-2.698551416397094727e-01
-2.845573425292968750e-01
-2.214303612709045410e-01
-3.119014501571655273e-01
-2.940739393234252930e-01
-2.846257686614990234e-01
-2.047867774963378906e-01
-2.693701386451721191e-01
-2.846170067787170410e-01
-2.846026420593261719e-01
-2.605953216552734375e-01
-2.767517566680908203e-01
-2.832870483398437500e-01
-2.023778557777404785e-01
-2.491883039474487305e-01
-2.846307754516601562e-01
-2.669172286987304688e-01
-2.846292257308959961e-01
-2.684827446937561035e-01
-2.488543391227722168e-01
-2.715817093849182129e-01
-2.716247439384460449e-01
-3.199291229248046875e-01
-2.825889587402343750e-01
-2.606922388076782227e-01
-2.921518683433532715e-01
-2.980841398239135742e-01
-2.899965047836303711e-01
-3.069841861724853516e-01
-2.522972822189331055e-01
-3.052004575729370117e-01
-2.760744690895080566e-01
-2.853590250015258789e-01
-2.797325849533081055e-01
-2.625901103019714355e-01
-3.024037480354309082e-01
-2.885881066322326660e-01
-2.317173480987548828e-01
-2.576036453247070312e-01
-2.995072603225708008e-01
-2.571703195571899414e-01
-2.646415829658508301e-01
-2.651469707489013672e-01
-2.531104683876037598e-01
-2.784257531166076660e-01
-2.506172060966491699e-01
-2.661630511283874512e-01
-2.937588691711425781e-01
-3.564234972000122070e-01
-2.796535491943359375e-01
-2.986226677894592285e-01
-2.827444672584533691e-01
-2.762939929962158203e-01
-2.840058803558349609e-01
-2.938004732131958008e-01
-2.554411292076110840e-01
-2.515113949775695801e-01
-2.505204081535339355e-01
-2.420691847801208496e-01
-2.956349253654479980e-01
-2.797573804855346680e-01
-2.742243409156799316e-01
-2.421624660491943359e-01
-2.652662396430969238e-01
-2.884458899497985840e-01
-3.066024780273437500e-01
-2.156458497047424316e-01
-1.978696584701538086e-01
-2.625858187675476074e-01
-2.871358394622802734e-01
-2.414236068725585938e-01
-3.109821677207946777e-01
-2.648981213569641113e-01
-2.646875977516174316e-01
-2.791745066642761230e-01
-2.174385786056518555e-01
-3.221850991249084473e-01
-2.926943898200988770e-01
-2.479326128959655762e-01
-3.089150190353393555e-01
-2.522059679031372070e-01
-2.638751268386840820e-01
-3.109454512596130371e-01
-2.674055099487304688e-01
-2.104185819625854492e-01
-2.235093116760253906e-01
-1.980889439582824707e-01
-3.163467049598693848e-01
-2.648968100547790527e-01
-2.514714598655700684e-01
-2.708398103713989258e-01
-2.714336514472961426e-01
-2.687371373176574707e-01
-2.621564865112304688e-01
-2.929848432540893555e-01
-3.030861616134643555e-01
-2.689322829246520996e-01
-2.851592302322387695e-01
-2.403601408004760742e-01
-3.165979981422424316e-01
-2.832907438278198242e-01
-2.843676209449768066e-01
-3.216152787208557129e-01
-2.084738612174987793e-01
-2.900443673133850098e-01
-2.660804390907287598e-01
-2.580687999725341797e-01
-3.084063529968261719e-01
-2.826000452041625977e-01
-2.648979425430297852e-01
-2.994694709777832031e-01
-2.735816836357116699e-01
-1.583850979804992676e-01
-2.742782831192016602e-01
-1.755155324935913086e-01
-1.632966399192810059e-01
-2.909051179885864258e-01
-2.082836627960205078e-01
-2.459616661071777344e-01
-1.739906072616577148e-01
-2.970682978630065918e-01
-2.547458410263061523e-01
-2.871790528297424316e-01
-2.538727521896362305e-01
-1.810165643692016602e-01
-2.756941914558410645e-01
-2.693928480148315430e-01
-2.569088935852050781e-01
-2.628756165504455566e-01
-2.359082102775573730e-01
-2.501335144042968750e-01
-2.466163039207458496e-01
-2.840307950973510742e-01
-3.195174336433410645e-01
-2.644388675689697266e-01
-2.829858064651489258e-01
-2.845265269279479980e-01
-2.649650573730468750e-01
-3.103553652763366699e-01
-3.120501041412353516e-01
-2.645591497421264648e-01
-2.687526345252990723e-01
-3.151788711547851562e-01
1.785451769828796387e-01
-1.975057721138000488e-01
-3.110942840576171875e-01
-2.626491785049438477e-01
-2.652661204338073730e-01
-2.846294045448303223e-01
-2.846294045448303223e-01
-2.831286787986755371e-01
-2.494300007820129395e-01
-3.050229549407958984e-01
-2.496511936187744141e-01
-2.137989997863769531e-01
-2.560662031173706055e-01
-2.835378050804138184e-01
-2.547347545623779297e-01
-2.406315207481384277e-01
-2.599294185638427734e-01
-2.649218440055847168e-01
-2.842469811439514160e-01
-2.823716998100280762e-01
-3.862330913543701172e-01
-2.644920945167541504e-01
-2.649130225181579590e-01
-2.945736050605773926e-01
-2.506603598594665527e-01
-3.160620927810668945e-01
-2.648981213569641113e-01
-2.919837832450866699e-01
-2.487865686416625977e-01
-2.818044424057006836e-01
-2.736691236495971680e-01
-6.633886694908142090e-02
2.362636774778366089e-01
-2.737956047058105469e-01
-3.121395111083984375e-01
-2.846294045448303223e-01
-2.814556360244750977e-01
-3.216230869293212891e-01
-2.713114619255065918e-01
-2.648981809616088867e-01
-3.058450222015380859e-01
-3.570357561111450195e-01
-2.491883635520935059e-01
-2.846248745918273926e-01
-2.977981567382812500e-01
-2.526376843452453613e-01
-2.507632374763488770e-01
-2.534275054931640625e-01
-2.858012318611145020e-01
-3.124344348907470703e-01
-2.347642183303833008e-01
-2.846289873123168945e-01
-2.723394632339477539e-01
-3.089801669120788574e-01
-2.789742946624755859e-01
-2.846294045448303223e-01
-2.789591550827026367e-01
-3.240219354629516602e-01
-2.584348917007446289e-01
-2.648968100547790527e-01
-2.360036373138427734e-01
-3.213530182838439941e-01
-2.712346911430358887e-01
-2.532174587249755859e-01
-1.859113574028015137e-01
-2.425908446311950684e-01
-2.727490663528442383e-01
-2.648981809616088867e-01
-2.441594004631042480e-01
-2.498518228530883789e-01
-2.662319540977478027e-01
-2.655845880508422852e-01
-2.649875879287719727e-01
-3.004345893859863281e-01
-2.722125053405761719e-01
-2.910021543502807617e-01
-2.917244434356689453e-01
-2.911834120750427246e-01
-2.846294045448303223e-01
-2.845559120178222656e-01
-3.070160746574401855e-01
-3.519220352172851562e-01
-2.649310231208801270e-01
-2.795254588127136230e-01
-2.776187062263488770e-01
-3.005594611167907715e-01
-3.054698109626770020e-01
-2.491883039474487305e-01
-3.001241087913513184e-01
-2.448684573173522949e-01
-2.846794724464416504e-01
-3.168976306915283203e-01
-8.173218369483947754e-02
-2.207707166671752930e-01
-2.846296429634094238e-01
-2.491886019706726074e-01
-2.964506149291992188e-01
-3.186599612236022949e-01
-2.495667338371276855e-01
-2.682299613952636719e-01
-2.954433560371398926e-01
-3.273975253105163574e-01
-2.661321759223937988e-01
-2.627444267272949219e-01
-2.978515028953552246e-01
-2.403175830841064453e-01
-2.585054039955139160e-01
-2.671654224395751953e-01
-2.846294045448303223e-01
-3.112895488739013672e-01
-2.846002578735351562e-01
-2.650280594825744629e-01
-2.639981508255004883e-01
-2.493491172790527344e-01
-2.648981213569641113e-01
-2.649005651473999023e-01
-2.863806486129760742e-01
-2.650921940803527832e-01
-2.677042484283447266e-01
-2.654166817665100098e-01
1.205884814262390137e+00
-2.258824706077575684e-01
-2.625849843025207520e-01
-3.100207448005676270e-01
-2.277501821517944336e-01
-2.441128492355346680e-01
-3.056421279907226562e-01
-2.636085152626037598e-01
-2.793903946876525879e-01
-2.676526308059692383e-01
-3.043036460876464844e-01
-2.488700747489929199e-01
-2.519031763076782227e-01
-3.050534129142761230e-01
-2.586234807968139648e-01
-2.452192902565002441e-01
-2.652995586395263672e-01
-2.811688780784606934e-01
-2.715424299240112305e-01
-2.846301794052124023e-01
-2.399083971977233887e-01
-2.321714758872985840e-01
-3.108735680580139160e-01
-2.846291661262512207e-01
-2.050733566284179688e-01
-2.648981213569641113e-01
-2.689310908317565918e-01
-2.641822695732116699e-01
-2.678500413894653320e-01
-3.687884211540222168e-01
-2.363678812980651855e-01
-2.523282170295715332e-01
-2.984863519668579102e-01
-2.394220232963562012e-01
-2.689310908317565918e-01
-2.552025318145751953e-01
-2.905448079109191895e-01
-2.800297141075134277e-01
-2.827411293983459473e-01
-2.981089353561401367e-01
-2.995594739913940430e-01
-2.811219692230224609e-01
-3.137826919555664062e-01
-2.810109257698059082e-01
-2.848846316337585449e-01
-2.808923125267028809e-01
-2.369018793106079102e-01
-3.216702938079833984e-01
-3.083594441413879395e-01
-2.354692220687866211e-01
-2.648966312408447266e-01
-2.156640291213989258e-01
-2.461196184158325195e-01
-2.669767141342163086e-01
-2.689333558082580566e-01
-2.990348339080810547e-01
-2.912645936012268066e-01
-2.420177459716796875e-01
-2.846294045448303223e-01
-2.611324787139892578e-01
-2.654821276664733887e-01
-2.354431152343750000e-01
-2.863045334815979004e-01
-2.101716995239257812e-01
-1.680838465690612793e-01
-2.904682755470275879e-01
-2.445505857467651367e-01
-2.844341993331909180e-01
-3.333350419998168945e-01
-3.407154679298400879e-01
-3.092703223228454590e-01
-2.775734066963195801e-01
-2.730790972709655762e-01
-2.518165111541748047e-01
-2.649703621864318848e-01
-2.950562238693237305e-01
-2.961249351501464844e-01
-3.173238039016723633e-01
-3.043284416198730469e-01
-2.248868942260742188e-01
-2.334043383598327637e-01
-3.152043223381042480e-01
-2.673095464706420898e-01
-2.820571660995483398e-01
-1.181277632713317871e-01
-2.364609837532043457e-01
-2.649235129356384277e-01
-2.364734411239624023e-01
-3.299996852874755859e-01
-2.430843114852905273e-01
-2.353662848472595215e-01
-2.062932252883911133e-01
-2.537111639976501465e-01
-2.459820508956909180e-01
-2.689384222030639648e-01
-2.348605394363403320e-01
-2.715601325035095215e-01
-2.492090463638305664e-01
-2.648009657859802246e-01
-2.114944458007812500e-01
-3.162308931350708008e-01
-2.673725485801696777e-01
-2.677497267723083496e-01
-2.171064019203186035e-01
-2.876372933387756348e-01
-2.835955619812011719e-01
-2.830904126167297363e-01
-3.097198605537414551e-01
-2.843741774559020996e-01
-2.484842538833618164e-01
-2.491888999938964844e-01
-2.406489253044128418e-01
-2.668438553810119629e-01
-2.641880512237548828e-01
-2.304960489273071289e-01
-2.221166491508483887e-01
-2.471744418144226074e-01
-2.493765950202941895e-01
-2.674434781074523926e-01
-2.729999423027038574e-01
-3.291843533515930176e-01
-3.523483872413635254e-01
-2.555522322654724121e-01
-2.621081471443176270e-01
-2.673297524452209473e-01
-3.366782665252685547e-01
-2.846294045448303223e-01
-3.234913349151611328e-01
-2.886441946029663086e-01
-2.717337608337402344e-01
-2.671477794647216797e-01
-3.031243681907653809e-01
-2.511589527130126953e-01
-2.796806693077087402e-01
-2.845304608345031738e-01
-2.689198851585388184e-01
-2.554941773414611816e-01
-2.663760781288146973e-01
-2.654603123664855957e-01
-2.490773797035217285e-01
-2.792942523956298828e-01
-2.512030005455017090e-01
-2.782113552093505859e-01
-3.099949955940246582e-01
-2.858172059059143066e-01
-2.846294641494750977e-01
-3.039276003837585449e-01
-3.087213635444641113e-01
-2.849188446998596191e-01
-2.568601369857788086e-01
-2.877264022827148438e-01
-2.930021286010742188e-01
-3.158377408981323242e-01
-2.897884845733642578e-01
-3.117111921310424805e-01
-2.799016237258911133e-01
-2.716505527496337891e-01
-2.648717164993286133e-01
-2.432964444160461426e-01
-2.767460942268371582e-01
-2.567172050476074219e-01
-2.846294045448303223e-01
-2.392719984054565430e-01
-2.579964399337768555e-01
-2.682647705078125000e-01
-2.672824263572692871e-01
-3.114761114120483398e-01
-3.098604679107666016e-01
-2.716873288154602051e-01
-2.545953989028930664e-01
-2.818918824195861816e-01
-3.568446636199951172e-01
-2.648058533668518066e-01
-2.856098413467407227e-01
-3.415922522544860840e-01
-3.292606472969055176e-01
-2.774404287338256836e-01
-2.846293449401855469e-01
-3.058950901031494141e-01
-3.057789802551269531e-01
-2.812135219573974609e-01
-2.653664946556091309e-01
-2.833451032638549805e-01
-3.300672769546508789e-01
-2.767928838729858398e-01
-3.279568552970886230e-01
-2.382398247718811035e-01
-3.329730629920959473e-01
-2.771984338760375977e-01
-2.705996036529541016e-01
-2.980707883834838867e-01
-3.601076006889343262e-01
-2.757378816604614258e-01
-2.649734616279602051e-01
-2.975631356239318848e-01
-3.255155086517333984e-01
-2.836497426033020020e-01
-2.506540417671203613e-01
-3.241960406303405762e-01
-2.514550685882568359e-01
-2.685765624046325684e-01
-2.846287488937377930e-01
-3.269261121749877930e-01
-2.261283993721008301e-01
-2.689310908317565918e-01
-2.824720144271850586e-01
-2.846265435218811035e-01
-2.495337128639221191e-01
-3.722791671752929688e-01
-2.028582692146301270e-01
-2.511419653892517090e-01
-2.064864635467529297e-01
-3.269330859184265137e-01
-2.999876737594604492e-01
-2.754057645797729492e-01
-3.061372637748718262e-01
-1.340690255165100098e-01
-2.890951633453369141e-01
-2.768350243568420410e-01
-1.902472972869873047e-01
-1.692242026329040527e-01
-3.029803037643432617e-01
-1.512213945388793945e-01
-3.112932443618774414e-01
-2.628685832023620605e-01
-3.329784274101257324e-01
-6.406867504119873047e-02
-2.348960638046264648e-01
-3.131388425827026367e-01
-2.856614589691162109e-01
-2.948255538940429688e-01
-2.612609863281250000e-01
-2.645208835601806641e-01
-2.511215806007385254e-01
-2.480978965759277344e-01
-2.803378701210021973e-01
-2.743303775787353516e-01
-2.838349938392639160e-01
-2.023163437843322754e-01
-2.357599735260009766e-01
-2.745417952537536621e-01
-2.801623940467834473e-01
-2.812942266464233398e-01
-3.095354437828063965e-01
-3.062385320663452148e-01
-2.632352709770202637e-01
-2.172973752021789551e-01
-2.846058011054992676e-01
-2.665772438049316406e-01
-2.696757912635803223e-01
1.552262753248214722e-01
-3.058748245239257812e-01
-2.898770570755004883e-01
-2.334899306297302246e-01
-2.885719537734985352e-01
-3.504771590232849121e-01
-2.680540680885314941e-01
-2.318034172058105469e-01
-2.487374544143676758e-01
-2.846294045448303223e-01
-2.800584435462951660e-01
-2.509332299232482910e-01
-2.530790567398071289e-01
-2.626075148582458496e-01
-2.805610299110412598e-01
-2.417916655540466309e-01
-2.718562483787536621e-01
-2.330465316772460938e-01
-2.345961332321166992e-01
-4.059624075889587402e-01
-2.581635713577270508e-01
-2.391774058341979980e-01
-2.714951038360595703e-01
-2.251150608062744141e-01
-3.095046281814575195e-01
-3.124638795852661133e-01
-2.012866139411926270e-01
-3.011045455932617188e-01
-2.944944500923156738e-01
-2.491886615753173828e-01
-2.925623059272766113e-01
-2.664897441864013672e-01
-2.691398262977600098e-01
-2.796232700347900391e-01
-3.154873847961425781e-01
-2.995424866676330566e-01
-3.168257474899291992e-01
-2.706922888755798340e-01
-2.846294045448303223e-01
-2.907716631889343262e-01
-3.825204968452453613e-01
-2.710429430007934570e-01
-2.846344709396362305e-01
-2.784023880958557129e-01
-2.712407112121582031e-01
-2.836506962776184082e-01
-2.846294045448303223e-01
-3.117212653160095215e-01
-2.752267122268676758e-01
-2.220484614372253418e-01
-3.101354837417602539e-01
-2.419313788414001465e-01
-2.693604230880737305e-01
-2.510910630226135254e-01
-2.458779215812683105e-01
-2.514963150024414062e-01
-2.707697153091430664e-01
-2.603914141654968262e-01
-2.595475912094116211e-01
-3.002415299415588379e-01
-2.748563289642333984e-01
-2.501168847084045410e-01
-2.681623101234436035e-01
-2.316921353340148926e-01
-3.236229419708251953e-01
-2.386509180068969727e-01
-2.662613987922668457e-01
-2.814385294914245605e-01
-2.653372883796691895e-01
-2.978753447532653809e-01
-2.648982405662536621e-01
-2.978365421295166016e-01
-2.656378149986267090e-01
-2.518057227134704590e-01
-2.672770619392395020e-01
-2.163134813308715820e-01
-3.021934032440185547e-01
-2.733054161071777344e-01
-2.538644671440124512e-01
-3.017166852951049805e-01
-3.409301042556762695e-01
-2.637588381767272949e-01
-2.815080285072326660e-01
-2.926668524742126465e-01
-2.968012094497680664e-01
-2.292138338088989258e-01
-2.710763216018676758e-01
-1.522683501243591309e-01
-2.758594155311584473e-01
-2.542493939399719238e-01
-2.648981809616088867e-01
-2.684844732284545898e-01
-2.399806380271911621e-01
-2.362996935844421387e-01
-2.814885973930358887e-01
-2.197950482368469238e-01
-2.648752331733703613e-01
-2.795748114585876465e-01
-2.698166370391845703e-01
-2.839158177375793457e-01
-2.539708018302917480e-01
-2.797239422798156738e-01
-2.977446317672729492e-01
-2.653750777244567871e-01
-2.488611936569213867e-01
-2.483664751052856445e-01
-2.863326668739318848e-01
-2.804319858551025391e-01
-2.595052719116210938e-01
-2.734667658805847168e-01
-2.175973653793334961e-01
-2.350522279739379883e-01
-2.299516797065734863e-01
-2.650129199028015137e-01
-3.304964303970336914e-01
-2.806721925735473633e-01
-2.836207747459411621e-01
-2.857746481895446777e-01
-2.385394573211669922e-01
-3.024725914001464844e-01
-2.846290469169616699e-01
-2.844899892807006836e-01
-3.391931653022766113e-01
-3.133626580238342285e-01
-2.697196602821350098e-01
-2.786629199981689453e-01
-2.753386497497558594e-01
-3.113706111907958984e-01
-3.030686974525451660e-01
-2.501993179321289062e-01
-2.666236162185668945e-01
-2.182015776634216309e-01
-2.871499657630920410e-01
-2.657208442687988281e-01
-2.655373811721801758e-01
-2.518886923789978027e-01
-2.420018911361694336e-01
-2.661974430084228516e-01
-2.362390160560607910e-01
-2.334896922111511230e-01
-3.473787903785705566e-01
-2.441930174827575684e-01
-2.380521893501281738e-01
-2.183905243873596191e-01
-2.303696870803833008e-01
-2.352911829948425293e-01
-2.793346643447875977e-01
-3.143585324287414551e-01
-2.718961238861083984e-01
-2.280772328376770020e-01
-2.723511457443237305e-01
-2.651693820953369141e-01
-2.846292257308959961e-01
-2.588157653808593750e-01
-3.137648701667785645e-01
-2.391260266304016113e-01
-2.834352850914001465e-01
-2.846294045448303223e-01
-2.419322133064270020e-01
-2.882505059242248535e-01
-2.601681351661682129e-01
-2.883816957473754883e-01
-2.804673910140991211e-01
-2.735148668289184570e-01
-2.825206518173217773e-01
-2.704367637634277344e-01
-2.579649090766906738e-01
-2.644039988517761230e-01
-3.151172399520874023e-01
-2.469649910926818848e-01
-2.368987798690795898e-01
-2.523856163024902344e-01
-2.857298254966735840e-01
-2.846208810806274414e-01
-2.834274172782897949e-01
-2.202898859977722168e-01
-2.244071364402770996e-01
-2.557698488235473633e-01
-2.648684978485107422e-01
-2.342640757560729980e-01
-3.036913275718688965e-01
-2.846294045448303223e-01
-2.491998076438903809e-01
-2.629660367965698242e-01
-2.977111935615539551e-01
-3.122497200965881348e-01
-2.846294045448303223e-01
-2.108616828918457031e-01
-2.574701905250549316e-01
-2.450042963027954102e-01
-2.669360041618347168e-01
-3.077046871185302734e-01
-2.567001581192016602e-01
-2.648980617523193359e-01
-2.491883039474487305e-01
-2.365682125091552734e-01
-2.699061036109924316e-01
-2.648993730545043945e-01
-2.846096158027648926e-01
-2.437540888786315918e-01
-2.741391658782958984e-01
-2.384049892425537109e-01
-2.649030089378356934e-01
-3.337191939353942871e-01
-3.124292492866516113e-01
-2.846294045448303223e-01
-2.689310908317565918e-01
-2.509199380874633789e-01
-1.425080895423889160e-01
-2.648984193801879883e-01
-2.648981213569641113e-01
-2.799338698387145996e-01
-2.505341172218322754e-01
-2.701763510704040527e-01
-2.660740613937377930e-01
-3.064489364624023438e-01
-2.973682880401611328e-01
-3.381063342094421387e-01
-2.649160027503967285e-01
-2.643651366233825684e-01
-2.846294045448303223e-01
-2.603005766868591309e-01
-2.337664961814880371e-01
-2.730996012687683105e-01
-2.844328880310058594e-01
-2.718923091888427734e-01
-2.290415763854980469e-01
-2.911058068275451660e-01
-2.648978829383850098e-01
5.806931853294372559e-02
-2.575562596321105957e-01
-2.518036365509033203e-01
-2.293737530708312988e-01
-2.973967194557189941e-01
-2.710979580879211426e-01
-2.846294045448303223e-01
-2.674483060836791992e-01
-3.541392683982849121e-01
-2.521526217460632324e-01
-2.713509202003479004e-01
-2.545884847640991211e-01
-2.965243458747863770e-01
-2.491885423660278320e-01
-2.842196226119995117e-01
-2.466214299201965332e-01
-3.185818791389465332e-01
-2.812032699584960938e-01
-2.846294045448303223e-01
-2.673048377037048340e-01
-2.725875973701477051e-01
1.201106905937194824e-01
-2.486419677734375000e-01
-2.519125938415527344e-01
-2.676110267639160156e-01
-2.820472121238708496e-01
-2.628422379493713379e-01
-2.512007355690002441e-01
-2.519128322601318359e-01
-2.433650493621826172e-01
-4.078567028045654297e-02
-2.783083319664001465e-01
-3.014681935310363770e-01
-3.016145825386047363e-01
-3.196491599082946777e-01
-3.023875355720520020e-01
-2.915090918540954590e-01
-2.629823088645935059e-01
-2.768823504447937012e-01
-2.582394480705261230e-01
-2.708969116210937500e-01
-2.266561388969421387e-01
-2.106326222419738770e-01
-3.033347129821777344e-01
-2.340879440307617188e-01
-2.689319252967834473e-01
-2.632774710655212402e-01
-2.985433936119079590e-01
-2.954743504524230957e-01
-2.951249480247497559e-01
-2.709452509880065918e-01
-2.881452441215515137e-01
-2.754759788513183594e-01
-2.715605497360229492e-01
-2.705604434013366699e-01
-2.694655060768127441e-01
-2.350408434867858887e-01
-2.438068389892578125e-01
-2.798648476600646973e-01
-2.480342388153076172e-01
-2.691509127616882324e-01
-3.020713329315185547e-01
-3.485750555992126465e-01
-2.379164099693298340e-01
-2.341269254684448242e-01
-2.591773867607116699e-01
-2.745399475097656250e-01
-2.495565414428710938e-01
-2.728743553161621094e-01
-2.869036793708801270e-01
-3.159363269805908203e-01
-2.837476730346679688e-01
-2.664007544517517090e-01
-2.663359045982360840e-01
-2.626010179519653320e-01
-2.411767244338989258e-01
-2.967364192008972168e-01
-3.124364614486694336e-01
-2.922910451889038086e-01
-2.785870432853698730e-01
-2.341238856315612793e-01
-2.946583628654479980e-01
-3.008517026901245117e-01
-2.749928832054138184e-01
-2.977333664894104004e-01
-3.303563594818115234e-01
-2.582059502601623535e-01
-2.491996884346008301e-01
-2.912467718124389648e-01
-3.025776147842407227e-01
-2.448735833168029785e-01
-2.559598684310913086e-01
-2.628368735313415527e-01
-3.297548890113830566e-01
-2.652298212051391602e-01
-2.973416447639465332e-01
-2.594735026359558105e-01
-4.661511778831481934e-01
-2.649017572402954102e-01
-2.621960639953613281e-01
-2.466284632682800293e-01
-3.154559731483459473e-01
-2.519127130508422852e-01
-2.705408334732055664e-01
-2.498760223388671875e-01
-2.819659113883972168e-01
-2.762499451637268066e-01
-2.830894589424133301e-01
-2.856721878051757812e-01
-3.239963054656982422e-01
-2.689315676689147949e-01
-2.347537279129028320e-01
-2.589187026023864746e-01
-2.348203063011169434e-01
-3.043520450592041016e-01
-2.648941874504089355e-01
-2.648916840553283691e-01
-3.149254322052001953e-01
-2.560129761695861816e-01
-2.347318530082702637e-01
-2.572100162506103516e-01
-2.102074623107910156e-01
-3.528305888175964355e-01
-3.283645510673522949e-01
-2.666096687316894531e-01
-2.426106929779052734e-01
-2.821141481399536133e-01
-3.098281025886535645e-01
-2.873417735099792480e-01
-2.426281571388244629e-01
-3.360296487808227539e-01
-2.967082262039184570e-01
-2.830819487571716309e-01
-2.573314309120178223e-01
-2.627698779106140137e-01
-2.648981213569641113e-01
-2.846294045448303223e-01
-2.526800632476806641e-01
-3.350910544395446777e-01
-2.843321561813354492e-01
-2.842811346054077148e-01
-2.716441154479980469e-01
-2.718992829322814941e-01
-2.504305243492126465e-01
-2.504380941390991211e-01
-2.703604102134704590e-01
-3.299698233604431152e-01
-2.649601697921752930e-01
-2.712840437889099121e-01
-3.025565743446350098e-01
-3.212543725967407227e-01
-3.267455101013183594e-01
-3.332625031471252441e-01
-2.629117965698242188e-01
-1.936386823654174805e-01
-2.863655686378479004e-01
-3.268150091171264648e-01
-2.723567485809326172e-01
-2.322515845298767090e-01
-2.997645735740661621e-01
-2.960860133171081543e-01
-2.651910185813903809e-01
-2.846294045448303223e-01
-2.703939676284790039e-01
-3.254941105842590332e-01
-2.846292853355407715e-01
-2.846193909645080566e-01
-2.682753801345825195e-01
-2.828419208526611328e-01
-2.505341172218322754e-01
-2.835007309913635254e-01
-3.097010254859924316e-01
-3.339963555335998535e-01
-2.844593524932861328e-01
-2.846500277519226074e-01
-2.981985211372375488e-01
-2.702648043632507324e-01
-2.632855772972106934e-01
-2.654138207435607910e-01
-2.599471807479858398e-01
-3.638991713523864746e-02
-2.700302004814147949e-01
-2.845969200134277344e-01
-2.647579312324523926e-01
-2.580860257148742676e-01
-2.738774418830871582e-01
-2.654266953468322754e-01
-2.353627085685729980e-01
-2.281160354614257812e-01
-2.873423099517822266e-01
-2.846342921257019043e-01
-2.405677437782287598e-01
-2.460656166076660156e-01
-2.846299409866333008e-01
-2.846286892890930176e-01
-2.666262388229370117e-01
-2.805758714675903320e-01
-2.872134447097778320e-01
-2.649195194244384766e-01
-3.152043819427490234e-01
-2.910734415054321289e-01
-2.679742574691772461e-01
-2.716690301895141602e-01
-3.582916259765625000e-01
-2.679455876350402832e-01
-2.846295237541198730e-01
-2.846285700798034668e-01
-2.798352241516113281e-01
-2.946358919143676758e-01
-2.846200466156005859e-01
-2.846294045448303223e-01
-2.846313714981079102e-01
-2.839506864547729492e-01
-2.148728370666503906e-01
-2.846297025680541992e-01
-2.465636730194091797e-01
-3.406856060028076172e-01
-2.648981213569641113e-01
-2.649075388908386230e-01
-2.937043905258178711e-01
-2.962232828140258789e-01
-2.491869330406188965e-01
-2.842950820922851562e-01
-2.647323608398437500e-01
-2.648981213569641113e-01
-2.648981213569641113e-01
-2.690038681030273438e-01
-2.233060002326965332e-01
-2.846294045448303223e-01
-2.906671762466430664e-01
-2.440287470817565918e-01
-2.749601602554321289e-01
-2.937417626380920410e-01
-3.739698529243469238e-01
-2.747062444686889648e-01
-2.843688130378723145e-01
-2.393324971199035645e-01
-2.708603739738464355e-01
-2.764111757278442383e-01
-2.652828693389892578e-01
-2.587988376617431641e-01
-2.856186628341674805e-01
-2.282954454421997070e-01
-2.864072322845458984e-01
-2.950413823127746582e-01
-2.685714960098266602e-01
-3.060089945793151855e-01
-2.895818352699279785e-01
-2.787078619003295898e-01
-3.156081438064575195e-01
-2.699501514434814453e-01
-2.689656615257263184e-01
-2.489897012710571289e-01
-3.216900229454040527e-01
-2.758116126060485840e-01
-2.706345915794372559e-01
-2.740417718887329102e-01
-2.248193621635437012e-01
-2.648987770080566406e-01
-2.845659255981445312e-01
-2.797496914863586426e-01
-2.672325968742370605e-01
-2.675095200538635254e-01
-2.846276760101318359e-01
-2.476972341537475586e-01
-2.514996528625488281e-01
-2.842758893966674805e-01
-2.649469971656799316e-01
-2.585506439208984375e-01
-2.546893358230590820e-01
-2.690946459770202637e-01
2.273038923740386963e-01
-3.655145168304443359e-01
-2.638291716575622559e-01
-2.879438400268554688e-01
-2.467058897018432617e-01
-3.435655236244201660e-01
-2.519373893737792969e-01
-2.801436781883239746e-01
-3.162283897399902344e-01
-2.978053092956542969e-01
-2.624115943908691406e-01
-2.617298960685729980e-01
-2.089792490005493164e-01
-3.265293240547180176e-01
-2.268616557121276855e-01
-2.995074987411499023e-01
-1.823567152023315430e-01
-2.004382610321044922e-01
-2.797174453735351562e-01
-2.504349946975708008e-01
-2.917818427085876465e-01
-3.328651785850524902e-01
-2.920860052108764648e-01
-3.069509267807006836e-01
-2.797322273254394531e-01
-3.209789991378784180e-01
-2.510911822319030762e-01
-3.282481431961059570e-01
-2.479552626609802246e-01
-2.569375038146972656e-01
-2.780929803848266602e-01
-3.234211206436157227e-01
-2.934227585792541504e-01
-3.400015234947204590e-01
-2.764224410057067871e-01
-2.716510295867919922e-01
-2.735971212387084961e-01
-2.518892288208007812e-01
-2.451652884483337402e-01
-2.209719419479370117e-01
-2.468835711479187012e-01
-2.807117104530334473e-01
-3.007781505584716797e-01
-2.879824042320251465e-01
-2.723798155784606934e-01
-2.952064871788024902e-01
-3.204656243324279785e-01
-2.532421350479125977e-01
-3.531218767166137695e-01
-3.492172360420227051e-01
-3.054614067077636719e-01
-3.105818629264831543e-01
-2.912293076515197754e-01
-2.734050154685974121e-01
-2.380885481834411621e-01
-2.704088091850280762e-01
-2.442052960395812988e-01
-3.352928161621093750e-01
-2.854762673377990723e-01
-2.606050372123718262e-01
-3.151011466979980469e-01
-3.940263390541076660e-01
-2.578612565994262695e-01
-2.689268589019775391e-01
-2.583129405975341797e-01
-2.670881748199462891e-01
-2.345502376556396484e-01
-2.607311606407165527e-01
-2.290647625923156738e-01
-2.806117534637451172e-01
-2.496680617332458496e-01
-2.515261173248291016e-01
-2.091763615608215332e-01
-2.825931310653686523e-01
-2.652659416198730469e-01
-2.519075274467468262e-01
-2.869828343391418457e-01
-2.628004550933837891e-01
-2.691751718521118164e-01
-2.485707402229309082e-01
-2.689522504806518555e-01
-2.445346713066101074e-01
-2.269230484962463379e-01
-2.491849064826965332e-01
-2.730540037155151367e-01
-2.238806486129760742e-01
-2.429242134094238281e-01
-2.566893100738525391e-01
-2.492134571075439453e-01
-2.949934601783752441e-01
-2.103453278541564941e-01
-2.518798112869262695e-01
-2.850362062454223633e-01
-2.330105304718017578e-01
-3.265125751495361328e-01
-2.512717843055725098e-01
-2.649281620979309082e-01
-2.836248278617858887e-01
-2.506185770034790039e-01
-2.648990154266357422e-01
-2.493320107460021973e-01
-3.137420415878295898e-01
-2.936663627624511719e-01
-2.947522997856140137e-01
-2.692230939865112305e-01
-2.375933527946472168e-01
-2.589176893234252930e-01
-2.487933039665222168e-01
-2.873215675354003906e-01
-2.237451076507568359e-01
-2.855969071388244629e-01
-2.519127130508422852e-01
-2.829898595809936523e-01
-2.869249582290649414e-01
-3.133062720298767090e-01
-3.295499682426452637e-01
-2.648669481277465820e-01
-2.629922032356262207e-01
-3.121600151062011719e-01
-2.670271396636962891e-01
-3.613276481628417969e-01
-3.016099333763122559e-01
-3.370438814163208008e-01
-2.775892019271850586e-01
-2.701290249824523926e-01
-2.919147014617919922e-01
-3.050566315650939941e-01
-1.405778527259826660e-01
-2.151551842689514160e-01
-2.805399894714355469e-01
-2.563160061836242676e-01
-2.885337471961975098e-01
-2.911065220832824707e-01
-2.835188508033752441e-01
-2.846253514289855957e-01
-2.723218202590942383e-01
-3.124989271163940430e-01
-2.491883039474487305e-01
-2.648994922637939453e-01
-3.136297464370727539e-01
-2.825504541397094727e-01
-3.219372630119323730e-01
-2.488650083541870117e-01
-2.846293449401855469e-01
-2.556058168411254883e-01
-2.644657492637634277e-01
-2.846294045448303223e-01
-2.705826163291931152e-01
-2.986685633659362793e-01
-2.784848809242248535e-01
-2.491884231567382812e-01
-2.689338326454162598e-01
-3.083950281143188477e-01
-2.656756043434143066e-01
-2.846294045448303223e-01
-3.015508651733398438e-01
-2.311657071113586426e-01
-2.885318994522094727e-01
-2.846294045448303223e-01
-2.505139708518981934e-01
-2.516750097274780273e-01
-2.701637148857116699e-01
-2.821714282035827637e-01
-2.845538258552551270e-01
-2.616836428642272949e-01
-2.727331519126892090e-01
-2.648967504501342773e-01
-2.491883039474487305e-01
-2.611636519432067871e-01
-2.698218822479248047e-01
-2.702703475952148438e-01
-2.494101524353027344e-01
-3.166933059692382812e-01
-2.702659964561462402e-01
-2.505564093589782715e-01
-2.648981213569641113e-01
-2.646356821060180664e-01
-2.721660137176513672e-01
-2.643263936042785645e-01
-2.317913770675659180e-01
-2.362989783287048340e-01
-2.352562546730041504e-01
-2.049914002418518066e-01
-3.139824271202087402e-01
-2.210855484008789062e-02
-2.324128746986389160e-01
-3.152056336402893066e-01
-2.740953564643859863e-01
-2.575439810752868652e-01
-2.837383151054382324e-01
-2.631079554557800293e-01
-2.702628970146179199e-01
-2.550450563430786133e-01
-2.486408948898315430e-01
-2.637506127357482910e-01
-2.943071126937866211e-01
-3.124338984489440918e-01
-2.811986207962036133e-01
-2.675567269325256348e-01
-2.846549749374389648e-01
-2.637044191360473633e-01
-2.759289741516113281e-01
-2.865110039710998535e-01
-2.665142416954040527e-01
-2.515844702720642090e-01
-2.912735342979431152e-01
-2.983935475349426270e-01
-2.743245959281921387e-01
-3.053569197654724121e-01
-3.271211981773376465e-01
-2.689183950424194336e-01
-2.919052839279174805e-01
-2.301925420761108398e-01
-2.747588753700256348e-01
-2.689351439476013184e-01
-2.694296836853027344e-01
-2.497578859329223633e-01
-2.337846755981445312e-01
-2.437965273857116699e-01
-2.545080780982971191e-01
-2.180828452110290527e-01
-2.480004429817199707e-01
-3.003555536270141602e-01
-2.587578296661376953e-01
-2.498714327812194824e-01
-3.456768989562988281e-01
-2.496148943901062012e-01
-2.546598911285400391e-01
-2.674331068992614746e-01
-3.027356863021850586e-01
-2.525410056114196777e-01
-2.844659090042114258e-01
-2.509062886238098145e-01
-2.704496383666992188e-01
-2.830016613006591797e-01
-2.846292853355407715e-01
-2.464689612388610840e-01
-2.459815144538879395e-01
-2.648991346359252930e-01
-2.492093443870544434e-01
-2.489058375358581543e-01
-1.835421323776245117e-01
-2.846294045448303223e-01
-2.846292853355407715e-01
-2.759497761726379395e-01
-2.788587808609008789e-01
-2.652330398559570312e-01
-2.557542920112609863e-01
-2.998134493827819824e-01
-2.739096283912658691e-01
-4.219324588775634766e-01
-3.354262113571166992e-01
-2.843659520149230957e-01
-2.846277952194213867e-01
-3.264420628547668457e-01
-2.803084254264831543e-01
-2.491885423660278320e-01
-2.607177495956420898e-01
-2.347330451011657715e-01
-2.794393897056579590e-01
-2.648991942405700684e-01
-2.846294045448303223e-01
-2.894300222396850586e-01
-3.512090444564819336e-01
-3.433366417884826660e-01
-2.777722477912902832e-01
-3.209429383277893066e-01
-2.836012840270996094e-01
-3.020736575126647949e-01
-2.933433055877685547e-01
-3.282129168510437012e-01
-3.642738461494445801e-01
-2.528747320175170898e-01
-2.716631293296813965e-01
-2.037686109542846680e-01
-3.030440211296081543e-01
-2.854892611503601074e-01
-2.929120659828186035e-01
-2.331704497337341309e-01
-3.072087168693542480e-01
-3.193459510803222656e-01
-2.503022551536560059e-01
-2.834013700485229492e-01
-2.488070130348205566e-01
-2.714380621910095215e-01
-2.689195871353149414e-01
-2.491980195045471191e-01
-2.648768424987792969e-01
-2.805520892143249512e-01
-2.161220908164978027e-01
-2.952616214752197266e-01
-2.665525674819946289e-01
-2.506413459777832031e-01
-2.681170105934143066e-01
-2.398037910461425781e-01
-3.016766309738159180e-01
-2.466162443161010742e-01
-2.626855969429016113e-01
-2.466166615486145020e-01
-2.708038687705993652e-01
-2.648967504501342773e-01
