-6.135282379233580885e-02
-1.604784320791673435e-01
-2.644232709954993932e-01
-3.791060826873334788e-01
-5.065049040291736970e-01
-6.357820516820886780e-01
-7.512952669913470771e-01
-8.383703887004656519e-01
-8.795621561134212563e-01
-8.526497375331406614e-01
-7.333303808304187932e-01
-5.480099473725302817e-01
-3.707416898341824862e-01
-2.190173204286468556e-01
-6.199730082345195764e-02
9.539811537577019829e-02
2.285916159421582661e-01
3.445854381728281068e-01
4.645201336045438611e-01
5.582445740005366197e-01
5.487424836597731836e-01
4.130610344310266524e-01
1.948550372489179505e-01
-7.052956009611162369e-02
-3.601987294113347393e-01
-6.230403138690352449e-01
-7.883291616891460185e-01
-8.329589888397911368e-01
-7.769131100273076740e-01
-6.481906520064810717e-01
-4.874907403113261095e-01
-2.957472977628406996e-01
-7.833520274403785177e-02
1.198528958568948061e-01
2.625334587044365064e-01
3.187109985281147972e-01
3.079558905866961460e-01
3.006806422202373263e-01
3.289844811811513114e-01
3.757038602684283912e-01
4.044792958176334219e-01
3.625766826683207711e-01
2.530929748347792163e-01
1.312991577815573185e-01
3.560260714007691674e-02
2.409197933119036975e-03
2.157204084840765729e-02
2.485444238239761794e-02
-8.380726447090145956e-03
-4.327171402113171722e-02
-4.702287677234839869e-02
-2.005037404156571890e-02
8.504574596753921439e-03
3.294872603411915651e-02
7.522816421834394029e-02
1.333503073125857918e-01
1.767727902069916035e-01
1.934480751657954856e-01
1.901496935241640540e-01
1.748364492296367312e-01
1.561062853592001531e-01
1.338504297549284461e-01
9.955870729278751274e-02
5.000859100672718632e-02
-4.388464435885149062e-03
-5.199385563054964576e-02
-9.232032764437647643e-02
-1.276281658141176778e-01
-1.535533508743913700e-01
-1.643345317930526295e-01
-1.597342778914096206e-01
-1.441869017894739091e-01
-1.219670628303537174e-01
-9.761391610490852133e-02
-7.643336039089981826e-02
-5.832914871507466348e-02
-4.078869423943238398e-02
-2.299122962668609729e-02
-5.884760907130643336e-03
7.704402685439475096e-03
1.686263824881603993e-02
2.366762195967001686e-02
2.993227396750128277e-02
3.064694810374902004e-02
1.950413941828463629e-02
-2.803568136181722788e-03
-3.288803174310053756e-02
-6.354716963215324699e-02
-8.539051219092837208e-02
-9.934246587286545138e-02
-1.155158486480992591e-01
-1.386675382681720747e-01
-1.635549242068712328e-01
-1.811698524748738826e-01
-1.838851466490359909e-01
-1.732478750805514500e-01
-1.559349993940583601e-01
-1.276109144036239873e-01
-7.869721135655320665e-02
-1.364181967976980936e-02
5.240895573257334239e-02
1.111364942707482040e-01
1.617219053541457952e-01
2.021940845779672258e-01
2.259072913625962686e-01
2.294938188583119099e-01
2.187029685755689790e-01
2.000007955045717267e-01
1.751388342322229841e-01
1.434515578561348648e-01
1.060412701417474401e-01
6.942816083348396505e-02
3.811436943412470357e-02
9.917217419710903925e-03
-1.725803988152189994e-02
-4.314114217099102727e-02
-6.308546072445134212e-02
-7.277394021210213670e-02
-7.485222858431263282e-02
-7.195691418813790485e-02
-6.373292965034366153e-02
-5.174427804721382085e-02
-3.760592453670618535e-02
-2.022186617748331083e-02
4.648965141391282058e-04
2.008120293715638660e-02
3.240412718844429274e-02
3.428797324327920171e-02
2.891631491960735753e-02
2.037336301018080956e-02
8.422550794236108307e-03
-6.967107375888120270e-03
-2.349654948136360721e-02
-3.869661761711796349e-02
-5.479705520066812524e-02
-7.281585813614083191e-02
-8.375662570386542549e-02
-8.120812372154133374e-02
-6.787850592979038922e-02
-4.684054418070313086e-02
-2.012779703695822056e-02
8.255651668336267540e-03
3.318046811827512349e-02
5.152482448882739902e-02
6.373670353324997762e-02
7.130721533990112826e-02
7.503452271005882357e-02
7.443113408409102183e-02
6.968259965945124146e-02
6.311473829220730358e-02
5.272881040270505082e-02
3.360463499535412679e-02
5.106191818699853946e-03
-2.717638340714630812e-02
-5.583062837623913033e-02
-7.651369679397967971e-02
-8.539472919274945784e-02
-8.241273077256425217e-02
-7.410477410375616858e-02
-6.390022479159070123e-02
-4.988130265837354554e-02
-3.347311619310815167e-02
-1.846758728193841764e-02
-6.300415790467556176e-03
4.212336634263396697e-03
1.502309236160246850e-02
2.579811728957303457e-02
3.600125586851399273e-02
4.550188864873607603e-02
5.461137952263452749e-02
6.453597655747608797e-02
7.317310759082558402e-02
7.661505979075178274e-02
7.314440857372710159e-02
6.389819379863094506e-02
5.231005054295433110e-02
4.226214278398140317e-02
3.406270483167046781e-02
2.300008899751241828e-02
7.505033641163414392e-03
-9.828787278852696430e-03
-3.024360387512571580e-02
-5.691485652439574189e-02
-8.801917123699995460e-02
-1.172930902953574911e-01
-1.371291816157041987e-01
-1.441989553922326806e-01
-1.411650252896634594e-01
-1.282271682666087098e-01
-1.022009858393222725e-01
-6.224947360667376639e-02
-1.223473272048575256e-02
3.725007255913037607e-02
7.391729795488148624e-02
9.308537002298432339e-02
9.733051848146676011e-02
9.411598513475663563e-02
8.909765765689597883e-02
8.152363466333634179e-02
7.138415530683626942e-02
5.974938698900980616e-02
4.548148228929087267e-02
2.826011217771816353e-02
9.911186834904897602e-03
-6.117132296142054407e-03
-1.683104102184354925e-02
-2.245317687277451069e-02
-2.388565942304922765e-02
-2.136975857452500654e-02
-1.593183967063891565e-02
-8.086416088843109001e-03
1.157241591837428717e-03
8.430574596815400626e-03
1.203828959171679078e-02
1.052059256405612001e-02
2.801452385931612905e-03
-5.102925597881766140e-03
-8.613140958112705525e-03
-1.144914164876423279e-02
-1.640837259477258975e-02
-2.130386656506577658e-02
-2.485825384889828876e-02
-2.850546059141507299e-02
-3.106034145175043393e-02
-2.954721239477752642e-02
-2.481668763993758603e-02
-2.117903653316055221e-02
-2.209980520634683906e-02
-2.676533360013867366e-02
-3.205220241236647616e-02
-3.585479339626174156e-02
-3.552622109822958785e-02
-2.805093742958004316e-02
-1.288180019781089841e-02
1.126089823210077445e-02
4.445081605061697305e-02
7.725298594414653497e-02
9.709076224742566041e-02
9.976218274851397783e-02
8.794715486010712402e-02
6.697883067729228090e-02
4.463050864632089193e-02
2.819811151020628487e-02
1.943443081098314429e-02
1.430388005738088796e-02
9.878839960421385152e-03
4.716989721147538811e-03
-6.328142119892093791e-03
-2.913989484434196045e-02
-5.971782993481998536e-02
-8.375038366804583856e-02
-9.338705674816812075e-02
-9.121239761996438600e-02
-8.012524891038913522e-02
-6.100724221500599537e-02
-3.745455233232622416e-02
-1.437798288389378898e-02
7.608099504268887175e-03
2.955872415040694187e-02
5.175487413615786902e-02
7.359947249190146312e-02
9.356385578512391166e-02
1.104233393938934271e-01
1.235812429484545866e-01
1.336973717870539036e-01
1.420276935089816450e-01
1.475452070060917498e-01
1.474664965357754542e-01
1.388373987790350039e-01
1.165291227270871671e-01
7.768922195138168452e-02
2.354030437303715126e-02
-4.431376321324977108e-02
-1.227917585062492933e-01
-2.086950130731888842e-01
-2.974113808390262959e-01
-3.806459474933665543e-01
-4.464209431954303531e-01
-4.752375222883086225e-01
-4.386520031622289650e-01
-3.080878420444459476e-01
-1.178304809215653670e-01
4.231664540620585363e-02
1.425870661426067165e-01
2.091038799539310933e-01
2.513566782597132510e-01
2.601886117601652781e-01
2.399930206315517012e-01
2.101408233519878321e-01
1.725724513618416278e-01
1.167217625730314068e-01
4.473076154236459850e-02
-3.478463693128185097e-02
-1.130137693277984412e-01
-1.768634892547856219e-01
-2.025214688436654253e-01
-1.598450975502972160e-01
-4.105853335141689681e-02
1.407258237143761692e-01
3.360296510188365837e-01
4.608040900056774025e-01
4.846040686749896187e-01
4.358953044761288975e-01
3.484323979642664493e-01
2.491093501543172606e-01
1.483259403273663457e-01
4.636090690109107015e-02
-4.764281184726565366e-02
-1.203358336030151965e-01
-1.707475302652545768e-01
-2.010155360053237916e-01
-2.138641398579819164e-01
-2.149515266720244955e-01
-1.954022641758543788e-01
-1.363907151014584485e-01
-5.351939494065838243e-02
6.562234162488883582e-03
1.892611036435425803e-02
-2.122170295827488506e-02
-1.078811309308152500e-01
-2.259144371103636029e-01
-3.609513527617107531e-01
-4.925344514192292467e-01
-5.947410403000967793e-01
-6.374515811017890110e-01
-6.161236993590148980e-01
-5.552811050128069192e-01
-4.413983619556277604e-01
-2.742158356590064239e-01
-1.078716062482159843e-01
5.941180078758505345e-02
2.778589770702123429e-01
5.277109412564855440e-01
7.121165497969003111e-01
7.745860617955590000e-01
7.465106051400343112e-01
6.807236536217975420e-01
5.984365897950130186e-01
4.971498243859743260e-01
3.842532293476110805e-01
2.714419186870595802e-01
1.625694587435069227e-01
6.129450929296630102e-02
-2.777062820070653332e-02
-1.002721873485478282e-01
-1.533246195487405761e-01
-1.865030006151357500e-01
-1.995474436658054573e-01
-1.933588419432688277e-01
-1.689851750183310464e-01
-1.291978526944577155e-01
-8.064618079986191068e-02
-2.899630331882623036e-02
2.203602267922320779e-02
6.839049346729902945e-02
1.047080337738027223e-01
1.253026286992780514e-01
1.271813810304202874e-01
1.087765785964669718e-01
6.967880982942509238e-02
1.488386894698179308e-02
-4.813875547034777991e-02
-1.135363593474964100e-01
-1.728086048917060469e-01
-2.155630060118616798e-01
-2.379062583748925708e-01
-2.377452721554111914e-01
-2.079399699658192047e-01
-1.642379402713393943e-01
-1.423436894753066784e-01
-1.447958519346808359e-01
-1.443398448999766714e-01
-1.400049373875092706e-01
-1.616997528131283168e-01
-2.129227050150900857e-01
-2.660948433853115302e-01
-3.029302485612151985e-01
-3.122340098990555868e-01
-2.691320861250609542e-01
-1.460220159764060166e-01
3.649592524957252782e-02
2.201895861617049199e-01
3.636624332433612272e-01
4.392476506710181194e-01
4.463305590216134489e-01
4.072846836306216467e-01
3.406255169548607631e-01
2.649706109192922487e-01
1.962247105110078438e-01
1.472811880639846582e-01
1.172463239646224370e-01
9.060661626205251951e-02
6.342409939514224992e-02
3.938540805394755151e-02
1.661950378855044444e-02
-4.316443929933546503e-03
-2.140615260921096760e-02
-3.572742143850952956e-02
-4.692100919347835103e-02
-5.386259084757705901e-02
-6.024729275830104092e-02
-6.903160859793812387e-02
-7.615044387394177827e-02
-7.757917060366101292e-02
-7.556435550993351180e-02
-7.240962631848460451e-02
-6.740473970337601539e-02
-5.953885489424201594e-02
-4.924311379404436306e-02
-3.835061841065431909e-02
-2.841938091193616650e-02
-2.082183224919421927e-02
-1.854895322946768441e-02
-2.370630969539257171e-02
-3.324711359360125323e-02
-4.203199929691915637e-02
-4.777930857320045188e-02
-5.094076049258877692e-02
-5.030451002835738261e-02
-4.165828577934807542e-02
-2.261395832473572440e-02
5.265792819179603533e-03
3.508013546599499100e-02
5.482741245512290362e-02
5.942434338791509341e-02
5.566450972737961578e-02
5.083640292212932010e-02
4.769450551000390531e-02
4.475722276121535392e-02
3.911865608091725371e-02
3.318600919537609273e-02
2.902266566165723552e-02
2.257707869246718818e-02
1.219453544047497881e-02
1.824659404293532423e-03
-4.484892436542124369e-03
-6.222995327982126096e-03
-7.149926799902772516e-03
-1.017181628380981612e-02
-1.196283456826361183e-02
-8.916811181210036741e-03
-2.420436194311690638e-03
6.597219334151388503e-03
1.684720885541540411e-02
2.339425511037716843e-02
2.028818599200496106e-02
7.385190020091275676e-03
-6.324418088842555762e-03
-1.168514314324797451e-02
-6.085789418916825143e-03
5.597004756185091148e-03
1.569656681488956415e-02
2.206981150820378976e-02
2.299316355559117078e-02
1.403029873680992912e-02
-2.680471933899108029e-03
-2.235696382054441073e-02
-4.246430729410324845e-02
-6.191883783888140619e-02
-8.337834073187302963e-02
-1.067246397008572295e-01
-1.271704327469545259e-01
-1.402120464596090799e-01
-1.407393594725807884e-01
-1.243467990981158566e-01
-8.987789684986427496e-02
-4.284930584275681992e-02
6.076964876994783021e-03
4.941176024408031053e-02
8.226994142173202351e-02
1.034676603139157991e-01
1.166766536421242617e-01
1.241906725488029495e-01
1.258811424140321433e-01
1.223059996223441193e-01
1.131416527687374995e-01
9.759174599585221377e-02
7.773227834386368940e-02
5.613665587199903606e-02
3.439169129741895953e-02
1.315246272200711573e-02
-7.333854477634913285e-03
-2.584314136353065006e-02
-4.076136234844035533e-02
-4.821446778277658357e-02
-4.105569335588910018e-02
-1.315776210553016787e-02
2.926154429928111422e-02
6.914685921138982727e-02
9.832005382491239287e-02
1.173883881925946310e-01
1.278150592521566375e-01
1.329338507818310922e-01
1.344727984386606401e-01
1.329444114762450002e-01
1.283545589184250657e-01
1.165636936425105824e-01
9.162917080902902023e-02
4.989733969497558985e-02
-8.657952275591511426e-03
-8.017256519020972416e-02
-1.600762532289992934e-01
-2.455861457776619683e-01
-3.343086442218241583e-01
-4.232566562338390681e-01
-5.079990011185429033e-01
-5.788666833767209807e-01
-6.228381059714365175e-01
-6.262804342041112804e-01
-5.656542030872184768e-01
-4.075099005448427070e-01
-1.793558527351273579e-01
3.250033276407752331e-02
2.032990108734504808e-01
3.677742379526910410e-01
5.216737429430058359e-01
6.181700338804081429e-01
6.440104493064702229e-01
6.166804208872298521e-01
5.465564631189854250e-01
4.428975865953732605e-01
3.279041833701911157e-01
2.332592278892364202e-01
1.637270741336898094e-01
9.983434064269794406e-02
3.747637984236876219e-02
-1.295358846588318819e-02
-4.858030836000298142e-02
-7.384076021997516837e-02
-9.111164668614554762e-02
-1.015245317501536904e-01
-1.085533292618355711e-01
-1.160411099412274605e-01
-1.258496212764483035e-01
-1.378251411823076256e-01
-1.514562367182492875e-01
-1.648163573886937128e-01
-1.738555511232987572e-01
-1.758079483353136852e-01
-1.715141218478324348e-01
-1.615513031029753854e-01
-1.406356848086293132e-01
-1.030223459315090240e-01
-5.900976138172564500e-02
-2.603663079988748422e-02
-5.675328326787656280e-03
7.303262946893592650e-03
1.592659851972866650e-02
2.447991650802367261e-02
3.440717189309949742e-02
4.446693717354327502e-02
5.143512464915762916e-02
5.140734445527760793e-02
4.522504325294236793e-02
3.754880369455490530e-02
3.263318850347936284e-02
3.281225966799550253e-02
4.046474862062609396e-02
5.835950954323390616e-02
8.836911089424664967e-02
1.208791824392339842e-01
1.331940790877592928e-01
1.203121381958119768e-01
9.800598665541968013e-02
7.443327199069386946e-02
5.092777119513348938e-02
2.923436114612889061e-02
9.582274519438514770e-03
-8.015886967789894943e-03
-2.512138739502578488e-02
-4.429610800895923683e-02
-7.113491675665246927e-02
-1.108911881142780609e-01
-1.524287299731784118e-01
-1.732134676998868805e-01
-1.657983692623861416e-01
-1.362541442342163900e-01
-8.877733111982899494e-02
-2.790662557695230972e-02
3.211983725674131401e-02
7.414241719160935551e-02
9.867538332948763702e-02
1.140152696578609209e-01
1.181948478358057775e-01
1.065406551442788646e-01
8.238446965175240388e-02
5.709610582851512572e-02
4.043318701943625360e-02
3.546735343467216639e-02
4.230431073209116322e-02
5.818445494325906464e-02
7.844396851865778619e-02
9.881782738273259259e-02
1.133993882289393851e-01
1.150756358999786427e-01
9.775776755796485029e-02
5.947251758599390870e-02
5.193565705449695868e-03
-5.737580023849757349e-02
-1.217914607614683925e-01
-1.798220659721250503e-01
-2.246410554602151222e-01
-2.546531151369804680e-01
-2.718214070870148547e-01
-2.806215019453734971e-01
-2.827251905355825379e-01
-2.731730282755940320e-01
-2.543068513917462470e-01
-2.419148998044269583e-01
-2.442360411877669835e-01
-2.522190389376520181e-01
-2.430341683056492230e-01
-1.968484425591973119e-01
-1.035210277721765326e-01
5.591121387936050235e-02
2.554984879825713540e-01
4.143802331369597081e-01
5.010189555033861541e-01
5.337596663908924510e-01
5.270354100844788503e-01
4.926582783125887932e-01
4.406794925423630493e-01
3.769403187806175115e-01
3.059484077060237173e-01
2.331941116078427578e-01
1.616576570373030042e-01
9.010698813251444284e-02
1.785621681547429340e-02
-5.278905476191809304e-02
-1.167003575408360749e-01
-1.673699016092465020e-01
-2.022527609039847518e-01
-2.217052086443904169e-01
-2.262773073631623166e-01
-2.183342038577429089e-01
-2.016868680111121859e-01
-1.847005661326394654e-01
-1.749784061266937418e-01
-1.710670047133281968e-01
-1.684429675571662566e-01
-1.657769043963573108e-01
-1.624884942819796452e-01
-1.552143973252056997e-01
-1.399803836766116416e-01
-1.096746073043320391e-01
-5.153588339335071072e-02
2.291416391168889233e-02
7.502428914035368102e-02
9.219340100259382220e-02
8.855102541978179809e-02
7.368656214979910080e-02
5.169391604331395607e-02
2.853894272765988144e-02
1.626632693944589370e-02
2.492038626191781653e-02
5.369467292020038696e-02
9.088869490545251062e-02
1.224758508807502477e-01
1.406531250098139729e-01
1.409208714261412643e-01
1.267269858357780166e-01
1.110042241671298779e-01
9.808509750720020848e-02
8.028045755704249498e-02
5.542535387261518509e-02
3.154521220157408684e-02
1.333735997786928730e-02
1.950648657045306322e-04
-9.113880382626660809e-03
-1.842083086642690853e-02
-3.132040916845385548e-02
-4.889851223829770610e-02
-6.634062141586551109e-02
-7.380101849530561198e-02
-6.809311253811969888e-02
-5.551842078328257657e-02
-4.402366707729743478e-02
-3.692489189250706960e-02
-3.451671107164275276e-02
-3.779011339218599913e-02
-4.564414319615817117e-02
-5.371277427064532345e-02
-5.793937346415143491e-02
-5.654777928228654077e-02
-5.084716585839730435e-02
-4.433503221780731030e-02
-3.933687546841262150e-02
-3.479807674056777794e-02
-2.841187905941355840e-02
-1.843289629802836310e-02
-4.482375695676724808e-03
1.258156279625383817e-02
3.114794228180536168e-02
4.898235078115562025e-02
6.726639856045964205e-02
8.136265536603240478e-02
8.198436037424469691e-02
7.303479451055128191e-02
6.153891331078425314e-02
4.733015895083767660e-02
3.017433512532153791e-02
1.158814285247050310e-02
-6.701944915679253385e-03
-2.199603875359838409e-02
-3.022481475007853663e-02
-3.046526534589513377e-02
-2.585243490245993370e-02
-1.868987042183488378e-02
-9.578585492421718556e-03
1.837907078460675192e-03
1.587945663686741310e-02
3.145086224706320627e-02
4.647199285030052113e-02
5.792927655256631392e-02
6.267247308416432072e-02
5.781433686523682058e-02
4.141121906941976766e-02
1.461916679312936368e-02
-1.798228330068911765e-02
-5.088092913956154817e-02
-8.020088534988079054e-02
-1.032789871456944453e-01
-1.183381451130482431e-01
-1.253810712185801368e-01
-1.252154278771009377e-01
-1.174439894173465310e-01
-9.887554915578730674e-02
-6.839915475086394414e-02
-3.017604253861577365e-02
1.106090941509425482e-02
5.014471011675633583e-02
7.965836725895103498e-02
9.513912320609366202e-02
9.901071689704750434e-02
9.422449314964155553e-02
8.394688616897361122e-02
7.284349127055186890e-02
6.237386487227991605e-02
5.279373590554987949e-02
4.553220087653069015e-02
4.089403875700356461e-02
3.789597315555381235e-02
3.665459582510614128e-02
3.733464030947272749e-02
3.899092156808932341e-02
3.986229594937075460e-02
3.719643882545013713e-02
2.624781888738724964e-02
-1.002071654939046567e-04
-3.756047588568115631e-02
-6.765298047492029898e-02
-8.075475092376702135e-02
-7.862763740079040109e-02
-6.566574782316715597e-02
-4.936907060721526519e-02
-3.471165111836416184e-02
-2.414774720677305767e-02
-2.015077119353591781e-02
-2.052071719015562123e-02
-2.007685003047679495e-02
-1.716928894922710447e-02
-1.283941265634547073e-02
-5.406182792077506710e-03
6.140937333149608553e-03
1.590013503138755155e-02
1.756146125637637195e-02
1.081721282921693263e-02
4.995840112838739744e-04
-8.155492816412073659e-03
-1.524658693957047992e-02
-2.307774643065322456e-02
-3.190498028385228141e-02
-3.936806050520325062e-02
-4.310483161338436731e-02
-4.305203894556785399e-02
-3.872497103825425085e-02
-3.020565581924174181e-02
-1.875927029480189273e-02
-4.738735210831884065e-03
1.014763712807188224e-02
2.378465439672602239e-02
3.427024101294690039e-02
4.054799922008736623e-02
4.678669223628582202e-02
5.551950393219377139e-02
6.315436620079312169e-02
6.628335236365402727e-02
6.489549765159796646e-02
5.886968608675879899e-02
4.514985724117112631e-02
2.358241574321764955e-02
5.358144449662985247e-04
-1.654023420689029050e-02
-2.539393069520689411e-02
-2.718781659662101308e-02
-2.258278092064432835e-02
-1.178123751130860826e-02
3.984103983887460343e-03
1.987546812361871973e-02
3.023965114568331197e-02
3.396050036787346543e-02
3.204941684804864938e-02
2.594981626508062467e-02
1.849571584768602839e-02
9.105091153899369863e-03
-5.221583862729657806e-03
-2.202428805295554223e-02
-3.675813561576538741e-02
-4.949156577364391407e-02
-6.026544554142954785e-02
-6.768960360818107591e-02
-7.088760629674455138e-02
-6.776293214008222154e-02
-5.986470400449304952e-02
-5.249311298464442999e-02
-4.536018170664897486e-02
-3.406322291018765852e-02
-2.029015321831654367e-02
-9.431542732938015192e-03
-4.346901325070580066e-04
1.072563454122336078e-02
2.418527726640687381e-02
3.987134373442720314e-02
5.763352889190191675e-02
7.472843754519847836e-02
8.838562030201821407e-02
9.650663569800542463e-02
9.870502988657557653e-02
9.669424869516109189e-02
9.080988408394452538e-02
7.972086111901136030e-02
6.214611254626020015e-02
3.640274966371303406e-02
3.185165680010108337e-03
-3.276984571258398371e-02
-6.662956453396985668e-02
-9.679952955173534712e-02
-1.216097669797723130e-01
-1.371211896189140078e-01
-1.422811917570924178e-01
-1.388338419244860567e-01
-1.276656273887572801e-01
-1.079021400787838064e-01
-7.874222436370864608e-02
-4.186275225168579334e-02
-4.137621428383863285e-03
2.737749003903043946e-02
5.425668748419901904e-02
8.172852117839696229e-02
1.065835026643065231e-01
1.181608909240459276e-01
1.140026863182444922e-01
9.766659762317668469e-02
7.268785515263689878e-02
4.714865571621464774e-02
2.675757195652453402e-02
1.186709925346231959e-02
4.414245906811703653e-04
-1.016399380585018310e-02
-1.956255773769320638e-02
-2.385636596792814479e-02
-2.195615263006838597e-02
-1.866141019134198720e-02
-1.623292500509247727e-02
-1.225704768194173927e-02
-7.547875964912760700e-03
-5.776556592354708218e-03
-4.487945599495985968e-03
1.522704652442800899e-03
9.379720962299057524e-03
1.338783327937662603e-02
1.462025072650720292e-02
1.611208757083908497e-02
1.426033887799424242e-02
4.526723020113537430e-03
-9.300775697018559898e-03
-2.372134247445125202e-02
-4.028606592769091999e-02
-5.671244770088015169e-02
-6.740338061138302639e-02
-7.052941323016216624e-02
-6.656945641993278207e-02
-5.260317792376670298e-02
-2.844428215527511350e-02
-1.768325595532195885e-03
2.180584575399599490e-02
4.191565614583065563e-02
5.621484576878489625e-02
6.119472302044898920e-02
5.760286423321252930e-02
5.134140137755189431e-02
4.884922598707325953e-02
5.199779955896669664e-02
5.395904273457359512e-02
4.307589095112956262e-02
1.929696667518902842e-02
-9.641069595891338384e-03
-4.109046852192719396e-02
-7.185738826875572027e-02
-9.585414038006505322e-02
-1.079224778005908186e-01
-1.057850980428886728e-01
-8.782963501952469054e-02
-5.626289135259788382e-02
-2.123040974889257165e-02
8.765955615319134808e-03
3.005805997099309651e-02
4.230272708024111067e-02
4.860910335730560250e-02
5.201266612358976249e-02
5.606839339916062231e-02
6.308094789980145389e-02
7.119983589004931501e-02
7.690878787498647839e-02
7.739320695544166240e-02
7.176732088343863725e-02
6.052652301448422506e-02
4.586812739609506806e-02
3.354723875100570907e-02
2.723200417215439900e-02
2.446919856997608472e-02
2.373586359681114505e-02
2.708932492264617270e-02
3.483314254294871126e-02
4.439360454582688686e-02
5.279234424011149118e-02
5.784683188407493265e-02
6.075295693774487166e-02
6.276596356091528051e-02
6.171628542990252597e-02
5.654260592979923339e-02
4.702252459195986611e-02
3.253800286650521123e-02
1.165725392833124457e-02
-1.970364251012416204e-02
-6.603366896888079873e-02
-1.300046359775493543e-01
-2.111144508382385154e-01
-3.034436074824478635e-01
-3.966004742798787119e-01
-4.786870498357119752e-01
-5.389457721481434316e-01
-5.642987427010924817e-01
-5.332435228281213746e-01
-4.178210652540199632e-01
-2.358562341382680061e-01
-5.408685232958693190e-02
1.029502240644452754e-01
2.599228715450214722e-01
4.087366528648415653e-01
5.014089892563562412e-01
5.276378591338160007e-01
5.112543854257518561e-01
4.701018306778105837e-01
4.159745738936885262e-01
3.548603089555188994e-01
2.942250474738226651e-01
2.406949944526333984e-01
1.944080714826708634e-01
1.496934675654274793e-01
9.978388265376839095e-02
4.173842626441760795e-02
-2.116460239196649162e-02
-7.967078864597579302e-02
-1.261660920477235548e-01
-1.602388263125027190e-01
-1.819929836412521873e-01
-1.884441135389720579e-01
-1.761353837239239550e-01
-1.419681850083564789e-01
-9.034405957436533741e-02
-3.400888788729165141e-02
1.298066510427590275e-02
3.852555510410820422e-02
4.013237631226258817e-02
2.091072347326874623e-02
-1.826459807808217956e-02
-7.533506504995907127e-02
-1.455732492128640476e-01
-2.189481403251202773e-01
-2.824754102653249666e-01
-3.230821167434517194e-01
-3.213476752657497548e-01
-2.678585141250398038e-01
-1.702851065121999408e-01
-2.720565939201495184e-02
1.382626610635890319e-01
2.622476676516934946e-01
3.102754364983218993e-01
2.902013359148915006e-01
2.240885092170410986e-01
1.363064895464081994e-01
4.173616895775144470e-02
-5.082542834050777364e-02
-1.330260456567211869e-01
-1.917688661441195597e-01
-2.116445035959119148e-01
-1.814580283137069427e-01
-9.130703527185959900e-02
3.640791202152135475e-02
1.454357650516955036e-01
2.125685706271605024e-01
2.488719550007444381e-01
2.636370920826188735e-01
2.623085196811300590e-01
2.473951877871076177e-01
2.206928650295989780e-01
1.847057736112926174e-01
1.419606365095169576e-01
9.479068019250150301e-02
4.458064230940787798e-02
-8.709690656508249640e-03
-6.604336188567977439e-02
-1.276662308436907201e-01
-1.925804391081453737e-01
-2.584024342679893116e-01
-3.200368775609516714e-01
-3.715896324717935517e-01
-4.094032656408425064e-01
-4.277080013528033464e-01
-4.093129383627706619e-01
-3.331133009817306978e-01
-1.845941494345139655e-01
9.468936362526211153e-03
1.820546282921950976e-01
3.038995051279949622e-01
3.853350387617875406e-01
4.280186728368063909e-01
4.267395135328946876e-01
3.905192943528043026e-01
3.375344200367020875e-01
2.734269152186095120e-01
1.917778244853659275e-01
9.381970319800682356e-02
-6.622665410479985741e-03
-9.988463798962327056e-02
-1.811506866653422865e-01
-2.433489556925336195e-01
-2.819438209595400147e-01
-2.935069565300714722e-01
-2.720339775038179697e-01
-2.136543385459652444e-01
-1.179736748676946112e-01
-1.296848964420185130e-02
5.186273951422895601e-02
6.455310733192909378e-02
4.207104930104498680e-02
-3.185834546131437184e-03
-5.969033583163516066e-02
-1.118616833492984963e-01
-1.438755419173503580e-01
-1.463614199998165832e-01
-1.140675837506952423e-01
-5.050143918796478476e-02
3.244101238377339325e-02
1.171011672950844767e-01
1.827738229335640341e-01
2.257267078361185897e-01
2.529479199076176132e-01
2.645024049943917599e-01
2.547580455675158007e-01
2.230456912581054996e-01
1.802070488779503321e-01
1.344981614428540084e-01
8.555935132852872382e-02
3.349191735553243288e-02
-2.047369962027683829e-02
-7.583967551467060697e-02
-1.297351252913681863e-01
-1.758555741476885703e-01
-2.063394955703242162e-01
-2.160980534370104400e-01
-2.039089250379171880e-01
-1.678369464422741486e-01
-1.053384349228717320e-01
-3.234925757027939247e-02
2.331756569749614608e-02
5.699764068753766788e-02
7.950233179059855437e-02
1.000584286687524610e-01
1.257048409291078861e-01
1.550401825321845728e-01
1.799448033086164245e-01
1.905088539626875188e-01
1.800916883679064828e-01
1.524861496580328102e-01
1.164008968026611357e-01
7.734480337736457378e-02
3.773936436526532934e-02
-4.424170923985407122e-03
-5.551257250759038253e-02
-1.212088617779698979e-01
-2.020786366967702585e-01
-2.916705931195409662e-01
-3.806329499191125620e-01
-4.603607888060916031e-01
-5.182155737448149724e-01
-5.366211562211036235e-01
-4.962754072317336895e-01
-4.032524431580337132e-01
-2.858182998825412047e-01
-1.442676303453704345e-01
4.483506388939918069e-02
2.563445049252003893e-01
4.144392348116089364e-01
4.900866562145645422e-01
5.027008448117470385e-01
4.738005724791233275e-01
4.266214592112856918e-01
3.724642587613298250e-01
3.092146890052345221e-01
2.388730867390544410e-01
1.724148598076526429e-01
1.147618536467304856e-01
6.076169625556714776e-02
9.262764939588327001e-03
-3.556808754964237151e-02
-7.168946239620686833e-02
-9.846353566784718514e-02
-1.166172699030158244e-01
-1.254789172619139026e-01
-1.241630658964295864e-01
-1.172639066068030533e-01
-1.113091569100295164e-01
-1.090268590550787231e-01
-1.057211893626205795e-01
-9.486241625501680430e-02
-7.691257010103486058e-02
-5.611975769856207552e-02
-3.475572015957891642e-02
-1.549339494938908532e-02
-1.294353069353825023e-03
9.109586067036313378e-03
1.974030179012059918e-02
3.335705902045381366e-02
4.881629012269336071e-02
6.109053388252115580e-02
6.518962428614533122e-02
5.879899063685542493e-02
3.905761334113594385e-02
5.613312486974877599e-03
-3.321207792284451565e-02
-6.486438330406803232e-02
-8.221796223918446944e-02
-8.784910375109061809e-02
-8.613829626564301067e-02
-7.870092057485170156e-02
-6.508069294321629228e-02
-4.007478302968867784e-02
-2.417573798938321000e-03
3.808152664409924365e-02
6.975925306085675737e-02
8.827508394940093706e-02
9.837280209711188328e-02
1.068657203456018778e-01
1.126077947296211246e-01
1.085117476909910894e-01
9.356409788549836792e-02
7.247879735856450900e-02
4.991962640099617543e-02
2.946335138414789626e-02
9.609594075675267216e-03
-1.364194852056840185e-02
-4.156562940794467781e-02
-7.401618269110486759e-02
-1.085665071792221853e-01
-1.403896409673472678e-01
-1.665904450964351136e-01
-1.833528641156947914e-01
-1.815026760841067233e-01
-1.504437865329312229e-01
-8.778184813653441831e-02
-1.485987503276895230e-02
3.900329340641713743e-02
6.935520095003146201e-02
8.043537825200240687e-02
7.266120390080214875e-02
5.378886799194281670e-02
3.281890352845817649e-02
1.603792926215433234e-02
7.492518310427610795e-03
1.093445339879886916e-02
3.217446402789413823e-02
7.500250204690452061e-02
1.291439426724021178e-01
1.738688442035424830e-01
1.994722127350465612e-01
2.051073454105589722e-01
1.908252201306067930e-01
1.590650004761141045e-01
1.130298425290602315e-01
5.563917869134516608e-02
-7.716975580397049048e-03
-6.922893739184324269e-02
-1.260957144468872748e-01
-1.816160224922223065e-01
-2.363395279682351524e-01
-2.836298123619992451e-01
-3.175888511225600230e-01
-3.336090393171105561e-01
-3.322902629751707249e-01
-3.229686021547035768e-01
-3.046062331667415690e-01
-2.676121858491761762e-01
-2.029964821042296863e-01
-1.061109353588238630e-01
1.879239285127430603e-02
1.495225411818769112e-01
2.503510203493024000e-01
3.151682027619688853e-01
3.632937379700724168e-01
4.011449213125094504e-01
4.202034611360977445e-01
4.167606971722879194e-01
3.949444903426480025e-01
3.551196485351229004e-01
2.957906566457635944e-01
2.208566113392761987e-01
1.387272237450377088e-01
5.732380365208834816e-02
-1.895121379052840810e-02
-8.999470479506438414e-02
-1.536793467953902204e-01
-2.103371941739889950e-01
-2.656090093467420865e-01
-3.138053832497307849e-01
-3.404597839634250223e-01
-3.380550676325685400e-01
-3.042700078984207357e-01
-2.385851677051291919e-01
-1.414549317989872712e-01
-2.022578104791959708e-02
9.732750450328041258e-02
1.798728361499614403e-01
2.187367378603970458e-01
2.182068719531979339e-01
1.880092287293149145e-01
1.417529737643353216e-01
8.517331127797714285e-02
1.779491917041952850e-02
-5.865285604535130926e-02
-1.355843384548384156e-01
-2.027063328493534933e-01
-2.561218881765526811e-01
-2.942651617467074154e-01
-3.101660319186406167e-01
-2.919126691152767461e-01
-2.284874149107702090e-01
-1.113158205256566391e-01
3.392813127220636882e-02
1.476008597131450162e-01
2.070002998747324796e-01
2.254554569735802982e-01
2.149016053042565599e-01
1.881566279220355797e-01
1.565863757050686977e-01
1.263450900989039893e-01
9.849144167075493672e-02
7.230670338729841551e-02
4.787565903692710123e-02
2.595327317575467363e-02
4.680762028965546745e-03
-1.845010947594757922e-02
-3.695700273205242137e-02
-4.027787212776541559e-02
-2.584750415517791250e-02
2.962943490727894952e-03
3.850558435059378559e-02
6.929515646175971044e-02
9.014282430903522436e-02
1.022943780543680709e-01
1.064940955791668642e-01
1.014245140557196445e-01
8.653509668599854154e-02
6.648438592881750209e-02
4.619048584931677998e-02
2.671693139442875634e-02
7.056406818552886373e-03
-1.345903285398541982e-02
-3.350291129190843820e-02
-5.178277967670490145e-02
-6.388117037147156285e-02
-6.530153676607744484e-02
-5.829426896696374150e-02
-4.471829070187879895e-02
-2.900348585320411052e-02
-2.341455306401950612e-02
-3.405537847053612815e-02
-5.398961379204871014e-02
-7.738224470986239389e-02
-1.065044900978639741e-01
-1.419678035776604508e-01
-1.800392665414719540e-01
-2.174186298804719752e-01
-2.510436400942230306e-01
-2.718921736492257435e-01
-2.666625312408466009e-01
-2.287568533868322707e-01
-1.560453992059485928e-01
-4.027272032348309938e-02
9.502147953523898405e-02
1.933217236923079341e-01
2.390050624836720372e-01
2.560382291114751130e-01
2.711741870516606867e-01
2.856942746704840275e-01
2.761683775657765016e-01
2.394241489122586053e-01
1.874667368262144251e-01
1.277249899743366779e-01
6.519759217155306208e-02
6.099861663054125319e-03
-3.969394472295101339e-02
-6.644710892838076588e-02
-7.632517792723088335e-02
-7.500506910969326202e-02
-6.796471348237437260e-02
-5.764243864148980295e-02
-4.290069340972921252e-02
-2.523023795390203633e-02
-1.181280318272890165e-02
-9.006945843924651224e-03
-1.067393583440916574e-02
-6.295828354009292208e-03
1.684405356284964135e-03
8.210210312116657944e-03
1.196823244717524180e-02
1.355398075877796427e-02
1.468497549956462866e-02
1.182828592971004247e-02
3.129123926672550474e-03
-6.300046386533736560e-03
-1.291908239720666179e-02
-1.775747944516674684e-02
-2.091330676534195604e-02
-2.221817420714664384e-02
-2.525417935186049373e-02
-3.299807661636512679e-02
-4.364494288098103719e-02
-5.134475369237780779e-02
-5.145390062860742686e-02
-4.492069385952336680e-02
-3.360679213429063061e-02
-1.632229025134321679e-02
6.983970457389312991e-03
3.103531353810592974e-02
4.821605493609271154e-02
5.593698293124887977e-02
5.801760873946104624e-02
5.478043288686230972e-02
4.380202263591113920e-02
2.976521600491919758e-02
1.920230894281703751e-02
9.890347559133837174e-03
-2.472154668595699049e-03
-1.468627922605508611e-02
-2.558709803822736134e-02
-4.094331759454138131e-02
-6.428815241562817195e-02
-9.035961895646289765e-02
-1.091312497931083425e-01
-1.159397401402738059e-01
-1.119027252710390746e-01
-9.841495905672247024e-02
-7.674652403131597411e-02
-4.948769596949154081e-02
-1.997690969429560467e-02
9.798782939345173498e-03
3.972450061313666236e-02
6.903253757417392167e-02
9.447154761181801585e-02
1.143351156222462278e-01
1.284522894327862763e-01
1.345219765639114329e-01
1.312254639470890327e-01
1.202169977940539536e-01
1.032069768690516698e-01
8.180800031723750587e-02
6.031504919210848442e-02
4.356069591593331181e-02
3.294732222812107869e-02
2.704523601171910166e-02
2.427463393628120913e-02
2.403576410761275664e-02
2.952029642115673244e-02
4.148591781881982854e-02
4.951826769540416950e-02
4.319266339909420133e-02
2.349424152595702697e-02
-4.105742301253554119e-03
-3.613813257963683495e-02
-6.791160864174006218e-02
-9.802119679341522729e-02
-1.294935099049556726e-01
-1.593457010784480876e-01
-1.808496926665129623e-01
-1.930291265978313353e-01
-1.999768936944547604e-01
-2.004151902928313911e-01
-1.825856370603373136e-01
-1.344122980285974434e-01
-4.715503457425569700e-02
5.820924169187961100e-02
1.318411786291122656e-01
1.544031499052480605e-01
1.341875514569323691e-01
8.379258145479209774e-02
1.989984966049500315e-02
-4.629532485678101994e-02
-1.051274130089588088e-01
-1.392040500919783930e-01
-1.274975941331532026e-01
-5.835446638497658600e-02
4.399629297308434162e-02
1.287749859002633446e-01
1.762065784987242034e-01
1.957309661078425189e-01
1.964340896290300287e-01
1.831971478243658857e-01
1.569861484776033933e-01
1.196619953982905465e-01
7.604313330030408602e-02
3.424547443044071576e-02
1.237223762309488939e-03
-2.216173553827181786e-02
-3.963904205473954556e-02
-5.463821922947602328e-02
-6.834105164873549576e-02
-7.785576349682839237e-02
-8.117506520988548857e-02
-8.129820658536068834e-02
-7.940163679704129174e-02
-7.675907129947401319e-02
-7.771461611303871753e-02
-8.110723199110617121e-02
-7.754298282688415478e-02
-5.683139749245564448e-02
-2.228968428479605884e-02
1.151911745342477401e-02
3.852050380169928789e-02
5.814543854000508299e-02
6.778996863962505337e-02
6.600365626082083104e-02
5.619874942966295028e-02
4.536777681900833192e-02
3.529926848743047962e-02
2.496914446402538623e-02
1.439588253678648899e-02
2.163304718274441669e-03
-1.205374319903280110e-02
-2.532436409396401217e-02
-3.322482571110350197e-02
-3.261259183404066619e-02
-2.182939022885776320e-02
-9.858052314145639150e-04
2.503744499615387017e-02
4.793910162567989464e-02
6.008506060890850958e-02
5.829918664786990640e-02
4.689994951498375336e-02
3.439681844279298545e-02
2.407883843114831321e-02
1.451809904598414663e-02
6.106939541273242837e-03
-1.923405890723193547e-03
-1.385641558735556389e-02
-3.207257089046609833e-02
-5.370404218700877697e-02
-7.598732526552286204e-02
-9.662459909761712817e-02
-1.099644635263255371e-01
-1.089075714726638611e-01
-9.123526829423173057e-02
-6.428618485331574761e-02
-3.690072464232949101e-02
-1.408157856460682048e-02
3.611686027136292582e-04
6.298990172550363725e-03
8.837668047330229926e-03
1.550000311212101911e-02
3.143254175454560095e-02
5.602203951218007183e-02
8.696952553849884859e-02
1.212604609930130056e-01
1.511742079706086817e-01
1.670874450458494087e-01
1.632607204723375838e-01
1.423949425648952660e-01
1.115995959330103870e-01
7.365476613909702208e-02
2.878118669212462524e-02
-1.765698984521269638e-02
-5.905887979089520512e-02
-9.777288350711688114e-02
-1.342016001395974212e-01
-1.586933168495710256e-01
-1.651948675038577008e-01
-1.529515578538978571e-01
-1.213119809396148163e-01
-7.793928068042763058e-02
-3.556514098802867480e-02
4.594170147371061386e-03
4.748353725913368600e-02
9.134304593900063884e-02
1.294240304669214692e-01
1.572486866441680786e-01
1.745985755365772329e-01
1.824966652562844682e-01
1.825284862979341671e-01
1.757831323834384840e-01
1.585225401855294980e-01
1.230948231456787390e-01
6.573307802171200753e-02
-1.243541613577179607e-02
-1.100704329866180053e-01
-2.250182439134435775e-01
-3.514812556308409830e-01
-4.795019423089219579e-01
-5.946478440655451614e-01
-6.760188380780616235e-01
-6.993270330302940874e-01
-6.402542227660310559e-01
-4.694029425986223081e-01
-2.143954127327050152e-01
3.607803877521677249e-02
2.418322652962174024e-01
4.099190296889084761e-01
5.350437280223035996e-01
6.001405493901901256e-01
6.064026339352057704e-01
5.702310652240929478e-01
5.019678909853814153e-01
4.117244497495365363e-01
3.153126488491910795e-01
2.267671145801465893e-01
1.504810447817032104e-01
8.571342132964275551e-02
3.131986336255600245e-02
-1.461792370088502852e-02
-5.572126769461005491e-02
-9.496626328158544461e-02
-1.306183649036762318e-01
-1.588436666408977183e-01
-1.775135292396990971e-01
-1.854642546034364903e-01
-1.818704768557778406e-01
-1.646411669643683962e-01
-1.354672464924577269e-01
-9.735856425284813986e-02
-5.260646362098642809e-02
-1.099483403702102013e-02
1.931404487009964754e-02
3.868979051935034913e-02
4.932907929214014331e-02
5.345839306446006911e-02
5.259499518199578505e-02
4.653612242223831297e-02
3.636632995455525014e-02
2.515774371241599056e-02
1.463836703326692676e-02
2.056783735774454780e-03
-1.751485162241849664e-02
-4.415399488711460596e-02
-7.341434441216725115e-02
-1.012506963068629251e-01
-1.236553776948753208e-01
-1.333136277996293528e-01
-1.240635257252201834e-01
-1.029574075811241912e-01
-8.315809428956524862e-02
-6.470873587003615757e-02
-4.218494708899529766e-02
-1.766890193361313199e-02
6.005308133866626985e-03
3.226265538962742180e-02
6.180432022610863468e-02
8.693389815322402625e-02
1.034998751865852107e-01
1.127710274647990563e-01
1.137548540076865344e-01
1.037427735580150057e-01
8.458768269721225752e-02
6.030533687680909860e-02
3.213907721512326843e-02
4.896034298773983481e-04
-3.246657622324015252e-02
-6.014326798123523221e-02
-7.924235704166290861e-02
-9.227155317566038129e-02
-9.883540732191936629e-02
-9.584979464489229439e-02
-8.382684578784291296e-02
-6.615827026061261995e-02
-4.402369870632284743e-02
-1.797487227789866179e-02
1.106037570267351389e-02
4.336863467344562184e-02
7.539882207897234678e-02
9.807267175345617261e-02
1.052237059654789059e-01
9.678971924921836445e-02
7.889428429101374984e-02
5.860200971719874835e-02
3.910642575414027822e-02
2.495264161125090169e-02
1.902147407491181288e-02
1.780485442067674187e-02
1.703587151940466962e-02
1.575768835400670129e-02
1.351963863664488140e-02
7.322134308144617569e-03
-5.977365745488983154e-03
-2.308504163628345707e-02
-3.747217481619726648e-02
-4.697279842228449520e-02
-5.050725403611092124e-02
-4.602764904786486866e-02
-3.422052441880118340e-02
-1.926071238526555138e-02
-5.329463587053979642e-03
6.505806966528092199e-03
1.822193420697427318e-02
3.363869453204392651e-02
5.443112324349194675e-02
7.631104167558529217e-02
9.195776880861608604e-02
9.661887333660675037e-02
9.095149299543575649e-02
7.791782624497176069e-02
5.924615875859110675e-02
3.576517069068420318e-02
7.919935544228852431e-03
-2.239971438458509406e-02
-5.342098301152346101e-02
-8.441402996798713643e-02
-1.133999169464132428e-01
-1.377795326274042775e-01
-1.546393981599739065e-01
-1.559396244167658707e-01
-1.415974830567373055e-01
-1.224313162900227403e-01
-9.200370923282347180e-02
-3.101918055874661878e-02
4.909207656847316970e-02
1.093994686288267126e-01
1.411998394347300789e-01
1.636416676250280200e-01
1.906114061025770967e-01
2.091486350120443927e-01
1.831391469429916596e-01
1.013721972055266207e-01
-2.286984501798137309e-02
-1.751611037402543425e-01
-3.373341047355645217e-01
-4.836954528085132266e-01
-5.855231025052322069e-01
-6.176098033256812725e-01
-5.561485053017153346e-01
-3.791304595951838774e-01
-1.133719978104847370e-01
1.684292465217347989e-01
4.086135964379691288e-01
5.638433797087382127e-01
6.275399916294995828e-01
6.308592569383877358e-01
6.018953402830589106e-01
5.479950831942224099e-01
4.618746749410913011e-01
3.479522928218211075e-01
2.190261607232230345e-01
8.440789106373226824e-02
-5.276150238343754739e-02
-1.920461181801488004e-01
-3.231285631228200117e-01
-4.239596339509698053e-01
-4.769667432775057114e-01
-4.737999782829669937e-01
-4.069350719090112367e-01
-2.958703420957191632e-01
-1.801877570071824530e-01
-6.106947493179297470e-02
6.561431310209900336e-02
1.787176274540697163e-01
2.528360120622415441e-01
2.584433055871977469e-01
1.975585052304065781e-01
9.738803393534536945e-02
-2.258201804567039339e-02
-1.419330787979381225e-01
-2.336652150334636024e-01
-2.749619412025656184e-01
-2.636511792942901611e-01
-2.064395583848501747e-01
-1.166510722780296494e-01
-2.550682267498741163e-02
4.772710251788785801e-02
1.033756387847590275e-01
1.384167001101545003e-01
1.548366913507629450e-01
1.622336472336662894e-01
1.621373973537449387e-01
1.495228209337346181e-01
1.289684466638988947e-01
1.098039549199786857e-01
9.344921897813206202e-02
7.872704224444765364e-02
6.707750376192372910e-02
5.875948227833505816e-02
5.146102847868474356e-02
4.391098148172564719e-02
3.389891545566254411e-02
1.800147784956374758e-02
-1.731101480959807218e-03
-1.823675862450376689e-02
-2.976186546167392324e-02
-3.892001264073219335e-02
-4.468604204384921119e-02
-4.625091310989884463e-02
-4.586862025762776518e-02
-4.395701558293739486e-02
-3.922380520488683020e-02
-3.087159265801539890e-02
-2.037343644893891206e-02
-1.189220615604996700e-02
-7.576023214773157897e-03
-4.248218638823529451e-03
4.042302778612462053e-03
2.000897584754729105e-02
4.214210387619407583e-02
6.715864539536899047e-02
9.028216136550151760e-02
1.048293863644442214e-01
1.038361542485142369e-01
8.626807262833026402e-02
5.739852160179583634e-02
2.062858599040994292e-02
-2.332019729679127296e-02
-7.241572750555173854e-02
-1.245532934580282913e-01
-1.811577589625262552e-01
-2.421808461807283264e-01
-2.989881964554141347e-01
-3.430172035442427547e-01
-3.696080639437531734e-01
-3.730823454205475231e-01
-3.474988311631342919e-01
-2.851521147572109172e-01
-1.751908152815302988e-01
-4.944304859756835230e-03
1.945796464860246600e-01
3.480331438039331315e-01
4.255633971521449177e-01
4.438313975467753636e-01
4.190362977499254016e-01
3.646842810490688036e-01
2.944573086779166404e-01
2.217382720534952223e-01
1.544698416562226284e-01
9.543447619532344217e-02
4.693085570305172149e-02
1.146633349165694996e-02
-1.214351020211975815e-02
-2.977495173437051668e-02
-4.821252184671910579e-02
-7.043246750130752187e-02
-9.780090534634941490e-02
-1.318877905474366563e-01
-1.680016030375647562e-01
-1.976813024806327590e-01
-2.157328644824267339e-01
-2.158624846039771672e-01
-1.865247708388756698e-01
-1.153696948381354448e-01
-1.791119507381061862e-02
6.400551934730479287e-02
1.136346737672464524e-01
1.381951032274008062e-01
1.398125148711316657e-01
1.203788582528309281e-01
8.851048140390967156e-02
5.191854453343302395e-02
1.449091701602956382e-02
-2.018553674472926482e-02
-4.859359637382383579e-02
-6.768319882479303939e-02
-7.789171315326554046e-02
-8.075690662289572441e-02
-7.306848452621939050e-02
-5.111396472924627926e-02
-1.285433495094178563e-02
3.483417110672892836e-02
7.638937767704789827e-02
1.074670338304186401e-01
1.277593546551800963e-01
1.338421580758622775e-01
1.276090695911766548e-01
1.124505068193180218e-01
9.061355528818662575e-02
6.506739818402851316e-02
4.017874642778870159e-02
