-7.462268066608226946e-03
6.077340490970349618e-02
1.252201594072207824e-01
1.740834337313544866e-01
2.031047224257237493e-01
2.133594900643194237e-01
2.069499711330882175e-01
1.912465652458014975e-01
1.744915921578498452e-01
1.581996890870925321e-01
1.370108741382110307e-01
1.023468959956682217e-01
5.540576666103576298e-02
9.560709980366746685e-03
-2.681861499812174948e-02
-5.090051160611618747e-02
-6.105636309199805045e-02
-5.934152765706460914e-02
-4.968805048444164402e-02
-3.688470056909568667e-02
-1.598264583771725339e-02
2.768112613591537652e-02
9.532590209896318889e-02
1.576749677097937508e-01
1.825442580454285924e-01
1.735166107295290916e-01
1.502291338383421604e-01
1.225605990111064414e-01
9.172384503513407450e-02
5.316889300592496370e-02
8.166633837718494798e-03
-3.470947693934696432e-02
-6.643673284507338461e-02
-8.076743303498326587e-02
-8.078368571052127467e-02
-7.051429198670464138e-02
-4.931102064211980579e-02
-2.024403429599057336e-02
1.321134103101968132e-02
5.023697387576044754e-02
7.949092971962917753e-02
8.704323880734429753e-02
7.520007460744466965e-02
4.884148232094993880e-02
1.035758960715051774e-02
-3.460700875403589089e-02
-8.049917993827834795e-02
-1.257360611705782560e-01
-1.731555440055478068e-01
-2.214933146424813426e-01
-2.646714484629150155e-01
-2.976535792890539489e-01
-3.148683694929250154e-01
-3.062393939051770708e-01
-2.614377322163689565e-01
-1.928934508321513974e-01
-1.282084360649435040e-01
-6.567885797152867022e-02
1.839469692812685173e-02
1.172923972777580870e-01
1.881359828135939494e-01
2.094077641846784910e-01
1.957890166050315628e-01
1.650689881829942862e-01
1.302448946429632382e-01
1.042570134168225859e-01
9.560744454072922505e-02
1.039068601261478320e-01
1.282684745570387697e-01
1.706640499387097887e-01
2.281918058535531146e-01
2.797114932689032107e-01
2.988856193722324028e-01
2.829497868133965532e-01
2.445524003151873516e-01
1.928697090183822960e-01
1.345799681177095031e-01
7.829136456896240714e-02
2.821527199330851887e-02
-1.815502036550160903e-02
-6.502797509917890295e-02
-1.156467614489241763e-01
-1.702252782440449308e-01
-2.300908330916046907e-01
-2.920292761965976314e-01
-3.417193162188973399e-01
-3.681358892179529274e-01
-3.653748979181786760e-01
-3.299158911835027852e-01
-2.631100115000783446e-01
-1.730563064348502322e-01
-8.478205441023407840e-02
-2.454336771318869556e-02
7.332353555804381473e-03
2.682769677908990874e-02
4.402947970349027629e-02
6.351104965354989473e-02
9.590700113489994405e-02
1.362176507205656306e-01
1.554511443297655338e-01
1.446987033509659903e-01
1.177537575530827607e-01
8.696319141769920380e-02
6.360332577480971861e-02
5.434373003968681615e-02
5.750427986764690413e-02
6.858980414457971353e-02
8.175173725029198646e-02
8.921659215122465514e-02
8.923622565522394690e-02
8.526287974674241765e-02
7.823868666079229761e-02
6.773452383108104213e-02
5.350755075831185176e-02
3.688675172851488965e-02
2.074911637854094659e-02
4.685299552267660830e-03
-1.342073370640187689e-02
-3.497163328663131787e-02
-5.988860080221325433e-02
-8.595380164138442802e-02
-1.109203096623656015e-01
-1.310569955632726324e-01
-1.424650430743092111e-01
-1.416602497366910574e-01
-1.265584918169635753e-01
-9.903735583920540708e-02
-6.091292609277391273e-02
-1.196395638926242913e-02
4.821762435744873093e-02
1.211793985632022980e-01
1.894113504825608030e-01
2.180663569617904418e-01
1.988010017555960074e-01
1.450452034952359193e-01
7.346131653873240464e-02
6.155954708788936337e-03
-4.036974752325209886e-02
-6.344422575336802761e-02
-6.676596673278978322e-02
-5.069186626724803135e-02
-1.728195044524228133e-02
3.279830620074712655e-02
9.892172757901093738e-02
1.685674523761788168e-01
2.310446096195689636e-01
2.787992914458443106e-01
2.968134865485785312e-01
2.787664706676297177e-01
2.294691225447006988e-01
1.522251611883432276e-01
4.714095746074909582e-02
-8.277885474127318066e-02
-2.277590729854119811e-01
-3.764043991692850866e-01
-5.231844113751673575e-01
-6.657780670983937110e-01
-7.888962809297191958e-01
-8.705912387205019254e-01
-8.922744870311463128e-01
-8.559046585367066085e-01
-7.789763772707182232e-01
-6.529980385441443991e-01
-4.506267255179478570e-01
-1.578876938201953795e-01
1.811435061874853703e-01
4.948198154937151205e-01
7.386351478888786293e-01
8.803936932182139241e-01
9.219622490149064209e-01
8.886648840368180924e-01
7.962365748669945065e-01
6.646385999767662200e-01
5.205868132605463439e-01
3.890032237237328605e-01
2.822078938304556361e-01
2.006271632080378342e-01
1.449475226705277953e-01
1.141375005844592894e-01
9.830021175608545658e-02
8.379365287356477232e-02
6.310777958393570808e-02
3.612836395253238991e-02
5.868621840349419472e-03
-2.482598367651753235e-02
-4.642326784179866273e-02
-4.776088395800620612e-02
-3.081170879652052330e-02
-8.278031036354049910e-03
4.227053081497095244e-03
-1.970376044645755220e-03
-2.393512198332563290e-02
-5.240869533175250561e-02
-8.370673705184511482e-02
-1.243816514718501243e-01
-1.801864247942606689e-01
-2.520055721175668006e-01
-3.404172003955232562e-01
-4.413386675904726886e-01
-5.427919548983268783e-01
-6.309205870664293947e-01
-6.851778436810869177e-01
-6.748288900048281524e-01
-6.169887068094093152e-01
-5.758991928597114729e-01
-5.581424745696285106e-01
-5.148211848049143446e-01
-4.068182035790556816e-01
-2.246606461316309755e-01
2.959042140647940439e-02
3.419624253780694234e-01
6.387494875360512081e-01
8.370644921713038533e-01
9.271580911912278289e-01
9.408565274623884589e-01
8.947514981328790196e-01
7.974226911809210172e-01
6.721767263393446656e-01
5.381074481506561424e-01
4.016790492386894118e-01
2.701587346462211436e-01
1.486123392100482110e-01
3.686167997888546016e-02
-6.118884183248922415e-02
-1.385808314677280384e-01
-1.968386521350257157e-01
-2.417100701435553334e-01
-2.774814783422249742e-01
-3.085607954297863720e-01
-3.333666955167335355e-01
-3.484376119633192381e-01
-3.564252716146517619e-01
-3.593215619822009987e-01
-3.547956755586315070e-01
-3.392934799517652866e-01
-3.093330585194747906e-01
-2.599675707344405451e-01
-1.827707514109487286e-01
-7.044902875540594300e-02
5.777209409101058402e-02
1.616733470379300430e-01
2.256040337225183878e-01
2.569786465650623630e-01
2.628204721187247794e-01
2.486800823871385124e-01
2.210565028704988277e-01
1.855486166833764106e-01
1.426188094851884025e-01
9.095522897097538251e-02
3.906985217354437545e-02
1.843568903430065423e-03
-1.650608543816283608e-02
-2.049370468801773454e-02
-1.669467908492381844e-02
-1.104717608789252195e-02
-3.944557292271402837e-03
4.294478234996595978e-03
1.097903445760876201e-02
1.398456747348684331e-02
1.170713339493552156e-02
4.480009900309243898e-03
-5.463477913556471360e-03
-1.536283521231536844e-02
-2.340907664972131583e-02
-3.027626385049714264e-02
-4.049683629599141327e-02
-5.715084001084849707e-02
-7.755308349403976231e-02
-9.807706097216294105e-02
-1.119489483965459692e-01
-1.057216797477040227e-01
-7.626373843725553492e-02
-3.844170160154544713e-02
5.942889664646185122e-03
7.908323566120353809e-02
1.720378569017392001e-01
2.343698064199367381e-01
2.398686046221854551e-01
1.984922530385132555e-01
1.298508718579070575e-01
5.615314769123315453e-02
-2.459854929044684099e-03
-3.440198639848156964e-02
-3.547733413369305588e-02
-2.121017234931659584e-02
-2.601511043074606830e-02
-7.352918907436221951e-02
-1.695316369096092068e-01
-2.988711336224000870e-01
-4.333939108692165254e-01
-5.470242289558744364e-01
-6.242089711599816404e-01
-6.641352265075509687e-01
-6.613590785619515300e-01
-5.927965946692210775e-01
-4.165338545020220717e-01
-1.251262257377060982e-01
2.086201865120553001e-01
4.915118122132683398e-01
6.771795958202283527e-01
7.702891721537663550e-01
7.896496403999959668e-01
7.569046934992753606e-01
6.966281217909856549e-01
6.166192071862083290e-01
5.088248103669701372e-01
3.759655109657470962e-01
2.409167234109504951e-01
1.264885298769898858e-01
4.127370080572293626e-02
-2.642559891756630225e-02
-9.892191808869864322e-02
-1.853141868348926469e-01
-2.807375746042330977e-01
-3.752652263609348449e-01
-4.558514995715734486e-01
-5.095900606037482294e-01
-5.261090071993174133e-01
-4.985755716935661441e-01
-4.198566947041199038e-01
-2.942195516931992438e-01
-1.369285563779662762e-01
5.605675953936661848e-02
2.624276753502704507e-01
4.128016997604693206e-01
4.774886398916030061e-01
4.710013836036382462e-01
4.115851272241473069e-01
3.202327781129227224e-01
2.158684300726754490e-01
1.195866451064142577e-01
5.449017238292117732e-02
3.902049365615193471e-02
8.676714335768302699e-02
1.834097857024050149e-01
2.717217018391355210e-01
2.992026914026085782e-01
2.560655375756628604e-01
1.537296814967683001e-01
5.115068733094040726e-03
-1.769152742505017417e-01
-3.824430058985279213e-01
-5.993577127124614101e-01
-8.053921455063434154e-01
-9.753017864968993589e-01
-1.091515239883611654e+00
-1.137137815985096001e+00
-1.110294928427688843e+00
-1.030702007903417705e+00
-8.834117191096040322e-01
-6.204628147780858471e-01
-2.475519105074135973e-01
1.594582086698957679e-01
5.159788156962024086e-01
7.609910969647120105e-01
8.791826436980217929e-01
9.088327456943917637e-01
9.017443344878832701e-01
9.007609720058686875e-01
9.171321970679353619e-01
9.114120731312798096e-01
8.504860690678794910e-01
7.459444818814534583e-01
6.196057017781397835e-01
4.834487028591011870e-01
3.418937767192916088e-01
1.989238267663125392e-01
6.122521379434348043e-02
-6.690773302798555533e-02
-1.858102379468105914e-01
-2.944367529958602514e-01
-3.818516935241765831e-01
-4.389621876140398227e-01
-4.623572953024284171e-01
-4.572110002376382765e-01
-4.393835425607656719e-01
-4.214312673511758645e-01
-4.102664348130157790e-01
-3.993828371271571087e-01
-3.751518696994616819e-01
-3.273171038553329137e-01
-2.638048029798087390e-01
-2.018622427776169681e-01
-1.343276438166751963e-01
-4.813150242211584884e-02
3.863225855603813486e-02
9.208777860015841810e-02
1.170187826815701493e-01
1.385674497979345332e-01
1.655105195523836614e-01
2.021987339799450889e-01
2.374066712525244316e-01
2.521874685289617890e-01
2.521874443309850000e-01
2.532261945011624049e-01
2.605492255773347865e-01
2.626558571194889113e-01
2.385274105543391254e-01
1.823767716900239755e-01
9.979375037718091201e-02
-4.296535695439024707e-03
-1.224028645499502382e-01
-2.435841052304414389e-01
-3.582996828451602278e-01
-4.541104327838995092e-01
-5.081666580129884370e-01
-5.001437609916775662e-01
-4.214377226453579484e-01
-2.878600426207760243e-01
-1.315154826806992916e-01
1.676747291749121349e-02
1.293245342090781347e-01
1.967287993576877780e-01
2.157073578872434894e-01
1.954074139698948054e-01
1.674074631766253041e-01
1.615307067422406262e-01
1.845002730846381223e-01
2.192981939713444239e-01
2.423607424308203973e-01
2.365598806530409826e-01
2.070920503049425154e-01
1.693126205640319293e-01
1.299191912242939895e-01
9.246272810293808264e-02
5.756532888524590330e-02
2.329723482004424778e-02
-4.902007705402014470e-03
-1.577760877555726970e-02
-4.323092196763918260e-03
2.956516179902583114e-02
8.553684332739039387e-02
1.492030875845290760e-01
1.917944608740058121e-01
1.977333452649564782e-01
1.703245426717642230e-01
1.163763628049927640e-01
3.830761777525913681e-02
-6.053075643537281225e-02
-1.710745434837393220e-01
-2.872077275160536125e-01
-4.060237425023122682e-01
-5.189310048852340262e-01
-6.112407641194378405e-01
-6.678418918436835883e-01
-6.707142330734363611e-01
-5.996447432519629306e-01
-4.387859526660834453e-01
-2.117002937660837913e-01
-3.833811075463010309e-03
1.235128210515912817e-01
1.877388745212523746e-01
2.282567880189307341e-01
2.763549340206072902e-01
3.629815482176350083e-01
4.693672385300465266e-01
5.248280970021602654e-01
5.053277385331409466e-01
4.339111665609790558e-01
3.302074448276305363e-01
2.115443934198390219e-01
9.752068557480801647e-02
1.154661445554318669e-02
-2.708116805337168476e-02
-2.879997192229369340e-02
-2.739740953038410920e-02
-3.328050947969414530e-02
-5.087077005279315445e-02
-9.374375868906154041e-02
-1.531332619651069593e-01
-2.061146116922847882e-01
-2.270355939949656454e-01
-2.191323435671753694e-01
-2.175465333546297286e-01
-2.266442107538553519e-01
-2.246479571656868901e-01
-1.944350628250524626e-01
-1.175575480370649739e-01
2.300368756825337674e-02
1.987859268981698457e-01
3.351095532329345095e-01
3.988545957346176229e-01
4.076871702792016494e-01
3.753665522993446801e-01
3.094783141150833639e-01
2.211995211935803285e-01
1.230672685215192241e-01
2.902782209481862344e-02
-5.056132054958813182e-02
-1.113900677200111711e-01
-1.491915670351819379e-01
-1.607773603231006099e-01
-1.596166683958802623e-01
-1.710902878759731627e-01
-2.038789120041416825e-01
-2.492290088594469877e-01
-2.946443308564844488e-01
-3.283505578049873974e-01
-3.379861954101385790e-01
-3.143005986823657061e-01
-2.540127075123911893e-01
-1.514010977771346467e-01
-4.655374519427768476e-04
1.656624178133423164e-01
2.836562324481972097e-01
3.349877395929301005e-01
3.356515708037897672e-01
2.964506007736515403e-01
2.293193103931856214e-01
1.499078322416587117e-01
7.205669527945265940e-02
5.646235504961138324e-03
-3.701561357872111546e-02
-3.342677998152164542e-02
3.310976147551678017e-02
1.322288568751301130e-01
2.059783819878124866e-01
2.304476348012524101e-01
2.160350223761992872e-01
1.795702557451727965e-01
1.326483071970153693e-01
7.973349555619992091e-02
2.286208367118598012e-02
-3.711368198388148576e-02
-9.778351236397653246e-02
-1.536197668674704475e-01
-1.985393895302707545e-01
-2.370570137448392845e-01
-2.793768226778937658e-01
-3.172375947945755836e-01
-3.453803079706689871e-01
-3.732432455844341135e-01
-3.945499405234378920e-01
-3.869667740823464208e-01
-3.223119940511550707e-01
-1.866915050979245649e-01
-6.357615550232960377e-03
1.781535421789563756e-01
3.243331453089364769e-01
3.875996966370184316e-01
3.654857037372314377e-01
2.895065819051785283e-01
1.889451024975900562e-01
9.195136866114034246e-02
2.316886504381799466e-02
-8.408318530343850128e-03
-1.323153399245480949e-03
2.909736036022914779e-02
4.862715603594713887e-02
5.822522560009052439e-02
9.405856695380976351e-02
1.459093462717107048e-01
1.596852348193162907e-01
1.266477614873418589e-01
6.558509732670966819e-02
-1.462726938021328971e-02
-9.363568042724509932e-02
-1.583514813251460929e-01
-2.143525210332367370e-01
-2.561940850606664322e-01
-2.609442545010817738e-01
-2.272401360162947248e-01
-1.780969700624244756e-01
-1.284342876805091849e-01
-8.533699578077962034e-02
-4.398821883476551620e-02
1.023628208887881509e-02
6.829390192052353648e-02
1.062608495594243863e-01
1.344581411501727941e-01
1.653241535331357315e-01
1.802855996112716908e-01
1.734927290957753998e-01
1.567423469505399569e-01
1.417430046112275743e-01
1.252851640470674099e-01
9.115117356432243800e-02
4.103574827761057725e-02
-4.726324452007468410e-03
-2.975087991922926306e-02
-2.694172667418182759e-02
2.017613650169600148e-02
1.003008444625120565e-01
1.598842779364851030e-01
1.789437936668187012e-01
1.720344444997687350e-01
1.533755875934105783e-01
1.269240245389627875e-01
8.561606819460111650e-02
3.450739031277879482e-02
-1.680204008029057006e-02
-7.133032829972760225e-02
-1.347036917266057343e-01
-2.038797509268085728e-01
-2.654196041429606745e-01
-3.026976259694749150e-01
-3.082844226842559321e-01
-2.815372468752995183e-01
-2.159137423215426177e-01
-1.250654566456004535e-01
-4.346219607497080195e-02
2.392080165439769077e-02
7.519385839802157634e-02
8.510027447970473780e-02
5.048248979261107938e-02
-7.996858237578237383e-03
-7.054301680845959099e-02
-1.179620150008821589e-01
-1.321777870623408735e-01
-9.523815863540278925e-02
9.146967101252005683e-03
1.474644166046924776e-01
2.342215457366337572e-01
2.296737336184677680e-01
1.569054177608452671e-01
4.289230871395287997e-02
-9.056941363708891080e-02
-2.119829633227574839e-01
-2.867329032878173090e-01
-2.902514597536030583e-01
-2.184323915754966261e-01
-9.129391625671173793e-02
6.949240210061038980e-02
2.292066681824911356e-01
3.347646040157683522e-01
3.699007286866814459e-01
3.444693766403589819e-01
2.627908954100720562e-01
1.408143771378273512e-01
6.641972723180920857e-03
-1.125742065053784019e-01
-2.021389396032256536e-01
-2.541519814873943184e-01
-2.589597409001224149e-01
-2.209620849738992421e-01
-1.685961467775185518e-01
-1.193642250722455195e-01
-5.837302289339409839e-02
1.669664082612944481e-02
8.181102867125022993e-02
1.371215948055663214e-01
2.037718495383260275e-01
2.695760057253696607e-01
2.998869543210169741e-01
2.942378350359199923e-01
2.834897568092278886e-01
2.657625560973292389e-01
2.117031576375831003e-01
1.320214348477748434e-01
5.826686982382330016e-02
-2.717918199094393472e-03
-5.199881943439745718e-02
-7.977371893812919279e-02
-7.600405087167268203e-02
-5.286891959484874698e-02
-3.975796938591148050e-02
-4.699297067327695004e-02
-6.686932945805118544e-02
-9.837201364361725098e-02
-1.440040554713746257e-01
-2.012107138090351854e-01
-2.617752442174349770e-01
-3.142326429836780344e-01
-3.516178175731585753e-01
-3.754019273816974200e-01
-3.856999205383801477e-01
-3.775406703257954688e-01
-3.468412590298948217e-01
-2.901056406872765114e-01
-2.017178260642221721e-01
-7.455719577560106226e-02
7.622254553117323306e-02
2.074673672353969101e-01
2.967551649371302780e-01
3.533997495744523043e-01
3.722749466720765010e-01
3.354982188543897403e-01
2.531609416954401781e-01
1.535774061130068535e-01
5.861247121133779381e-02
-1.260567882267034714e-02
-3.778782365145324368e-02
-5.693650388568477494e-03
6.481891242572881962e-02
1.406431705450123804e-01
1.997635585614414844e-01
2.384213144615113800e-01
2.569155679934785885e-01
2.514137385924196666e-01
2.299867706216861540e-01
2.050388322744483016e-01
1.816809745545027166e-01
1.654571297834914467e-01
1.638513043410664283e-01
1.693950182915257285e-01
1.530450081240847249e-01
9.574432242662865578e-02
1.144892520755391024e-02
-7.683704578454245149e-02
-1.670852418641565751e-01
-2.723019960206742307e-01
-3.880909069164233394e-01
-4.795075834390173930e-01
-5.127024787549988583e-01
-4.735050566146223883e-01
-3.537772168821682883e-01
-1.497786655625595320e-01
9.412509969864098214e-02
2.946045080248074766e-01
4.111010166023394974e-01
4.489550885456403684e-01
4.227884408579660191e-01
3.463714463671338506e-01
2.244372631975698196e-01
5.856977302695919735e-02
-1.369880717413502480e-01
-3.404861008686181356e-01
-5.300253786351284413e-01
-6.781279203661697563e-01
-7.882693561428125717e-01
-9.029821001283478976e-01
-1.028534892163187608e+00
-1.126344979277128511e+00
-1.151019674923629665e+00
-1.039421627957542338e+00
-7.479495957380810633e-01
-3.051815588380004107e-01
2.127627769355717180e-01
7.160234160116676350e-01
1.126016743464683056e+00
1.416671943448765125e+00
1.584996796028481647e+00
1.611439913132933555e+00
1.504032307733081719e+00
1.298886401081168929e+00
1.031458491272347011e+00
7.387878326721457611e-01
4.556250166656309331e-01
2.084941563722344238e-01
8.610780912983659330e-03
-1.495760430473360436e-01
-2.779765154920960657e-01
-3.799471298875670700e-01
-4.554911743348766251e-01
-5.133567896357134064e-01
-5.618589040479048391e-01
-6.038057114545853921e-01
-6.375927123315507927e-01
-6.575038139052612474e-01
-6.646160646382777148e-01
-6.609175617008227199e-01
-6.327690638149915392e-01
-5.599234737988388888e-01
-4.280908999086880384e-01
-2.235843290879682144e-01
2.148050441856142606e-02
2.291477726773002987e-01
3.738656098451812460e-01
4.686522588086453056e-01
5.124651320709617819e-01
5.064128656681999852e-01
4.580560053132771703e-01
3.827143498337548522e-01
3.054633400107931718e-01
2.399331633878640790e-01
1.768882829776395604e-01
1.098769303269507558e-01
4.789264170628948492e-02
1.726283900023928980e-03
-2.786900145242865445e-02
-4.613103002800177793e-02
-5.595189946680571152e-02
-5.730071349774062267e-02
-5.219376301746578295e-02
-4.850326722915801470e-02
-5.173341230318120876e-02
-6.275993098170051798e-02
-8.274450356779078364e-02
-1.140282164279177168e-01
-1.580735513372441559e-01
-2.072905595581460425e-01
-2.498786586481759608e-01
-2.810575294940557689e-01
-2.901186751194699265e-01
-2.800881547786698844e-01
-2.847410069384162523e-01
-3.164581559980627623e-01
-3.548059922007568145e-01
-3.760462387779887061e-01
-3.523062601929006221e-01
-2.458208815911343548e-01
-4.303656449700252185e-02
2.025605182260400705e-01
4.205923038312152640e-01
5.819628724261547426e-01
6.755245199808591616e-01
7.010650442543369110e-01
6.716426537428434873e-01
5.975542927749353250e-01
4.930357994280680223e-01
3.784239212397199625e-01
2.616924079835341033e-01
1.462544287835598478e-01
4.553377588436653689e-02
-4.164869652166144909e-02
-1.345626278254207775e-01
-2.366935585497333405e-01
-3.346828247314757587e-01
-4.176675766026781145e-01
-4.783725471986322031e-01
-5.118289094045361809e-01
-5.138934015793412691e-01
-4.799902416882505518e-01
-4.075910753436801093e-01
-2.924510107685258098e-01
-1.516106602747372134e-01
-2.469470879420700149e-02
8.260333842175553165e-02
1.750149452748056000e-01
2.330309874813843163e-01
2.557078957945352338e-01
2.616533079486990654e-01
2.657254549490078444e-01
2.842884829350804110e-01
3.116868759475967532e-01
3.132211504394093460e-01
2.776226801357424834e-01
2.231863407263140475e-01
1.651503434017007610e-01
1.049311204466017999e-01
3.882301845369728194e-02
-2.979717731396823097e-02
-9.193540794374857605e-02
-1.408271834559176039e-01
-1.780994625158617561e-01
-2.094193799530037203e-01
-2.307255814864691279e-01
-2.271051257336639817e-01
-1.873101102722701250e-01
-1.181915947911285208e-01
-5.800814320755948855e-02
-4.779456579210530215e-02
-8.963313193772808052e-02
-1.634472016500973512e-01
-2.461490680692984545e-01
-3.113403815319579215e-01
-3.489122239703874584e-01
-3.577681621285322411e-01
-3.152252624210565290e-01
-1.986205353089972592e-01
2.009294697724491041e-03
2.585778862338976025e-01
4.848190977404736590e-01
6.218845012871069278e-01
6.718703121306282000e-01
6.601533297143487022e-01
6.147568752794858593e-01
5.477340944633811715e-01
4.597122315494135969e-01
3.526685159097341926e-01
2.284104497716620275e-01
8.591015233316336153e-02
-7.585885690954284610e-02
-2.523145830032176296e-01
-4.297410772525291356e-01
-5.876757702470040146e-01
-7.043219301892060802e-01
-7.723064376629192873e-01
-8.018548867554661230e-01
-7.886328641019403340e-01
-7.078931594364530344e-01
-5.422580310004299076e-01
-2.975018456114503773e-01
1.289376274247641327e-02
3.714114587364540920e-01
7.189351171591029654e-01
9.833227776658159947e-01
1.126361453345342545e+00
1.137890619687028204e+00
1.030045382357399841e+00
8.296714550437429558e-01
5.713378308800801664e-01
2.883978900762051989e-01
3.742082652243874236e-03
-2.644321344316474809e-01
-4.983468448807361062e-01
-6.890067785669472533e-01
-8.302631313428393556e-01
-9.180970907693967176e-01
-9.658922164271355193e-01
-9.905775657528967937e-01
-9.869785423174364247e-01
-9.319682723418115655e-01
-7.998958637785473780e-01
-5.642133542019808212e-01
-2.116027615264969020e-01
2.124031776392286130e-01
5.950971245415723754e-01
8.367604429863568782e-01
9.256241646208693830e-01
9.096324012969347894e-01
8.328616445146536096e-01
7.166709605696643948e-01
5.657224874692567962e-01
3.844005813844790787e-01
1.862663432068182578e-01
-1.197280027934055635e-02
-1.848448252066719200e-01
-2.927872136436550088e-01
-3.164739418497724555e-01
-2.696803231232205444e-01
-1.643365554602815859e-01
-3.625580169818751891e-02
5.514401950418733322e-02
9.407531597914312038e-02
9.661532761225172239e-02
8.094093573098513905e-02
6.195756950814908931e-02
4.244093337886024886e-02
2.323481628355743289e-02
1.102158765802920687e-02
1.188726706055454746e-02
2.587758261383886135e-02
4.417063249093672317e-02
5.213197803447610496e-02
4.450379839261747045e-02
2.699494237332849406e-02
7.195443264393704130e-03
-8.148970875370840222e-03
-1.568665845137975565e-02
-1.820793111767234074e-02
-2.113575764855928421e-02
-2.525526843141423158e-02
-2.929326864028383715e-02
-3.756774686419488141e-02
-5.651680236423865106e-02
-8.397063792617823208e-02
-1.104033045702975946e-01
-1.341844361518419182e-01
-1.611048613011025754e-01
-1.860918724347936093e-01
-1.968028233214555167e-01
-1.904364786126648834e-01
-1.612536537208317244e-01
-1.008242837850513440e-01
-1.934870500106245297e-02
6.944534990878264979e-02
1.579218792306761043e-01
2.321917396099045239e-01
2.738232851408290425e-01
2.726193877922905573e-01
2.331427956136237767e-01
1.651981200659770888e-01
8.180268998040350625e-02
1.617562181637909047e-03
-5.998055681381422172e-02
-9.447927100084796415e-02
-1.115358038504222910e-01
-1.288048343626750358e-01
-1.439299248917268736e-01
-1.584208803069902249e-01
-1.811985966953677807e-01
-2.101905599634968647e-01
-2.344164408368385744e-01
-2.306625484264253345e-01
-2.006796228450206110e-01
-1.714146464601594977e-01
-1.460029266010527127e-01
-1.182326780086028345e-01
-8.682533503240971728e-02
-3.607798692518328354e-02
3.177152153105147758e-02
8.502997306822870915e-02
1.218061149565412421e-01
1.587705515306831461e-01
1.937504375135122858e-01
2.247969731087356426e-01
2.524661488678615062e-01
2.711146946028859528e-01
2.771872069344509804e-01
2.667732290797744099e-01
2.345690739066186858e-01
1.871200116318941786e-01
1.388349053226053398e-01
9.980531545424538298e-02
7.955937841854612835e-02
7.729407978553237690e-02
7.438212770681609798e-02
5.912058766395272835e-02
2.798681436292307576e-02
-1.878685400287553875e-02
-6.930599780482743499e-02
-1.184069233988480768e-01
-1.727391981624888384e-01
-2.270904449738896935e-01
-2.594836139930690733e-01
-2.540251351128117729e-01
-2.099908173206973538e-01
-1.280627717266902832e-01
-3.162501012516208410e-02
2.939307939581930346e-02
3.961675228004754579e-02
2.217366254730242237e-02
-1.005243210206150511e-02
-5.699986718616793790e-02
-1.102358976947091229e-01
-1.503350443747271392e-01
-1.502877472589210228e-01
-8.957263290091579955e-02
4.161478702684008601e-02
2.341249378627808242e-01
4.264923425459811179e-01
5.471587829923719726e-01
5.900253055149138337e-01
5.942387393112811278e-01
5.706041645155056630e-01
4.975066469706447281e-01
3.707007154882046018e-01
2.034980645103312835e-01
7.066792736399603314e-03
-2.132651660041039732e-01
-4.582319954539382234e-01
-7.258701086475070063e-01
-9.962935933009087197e-01
-1.233785716832409562e+00
-1.397924921205121684e+00
-1.446940575122397599e+00
-1.343252583611242557e+00
-1.070819312814502489e+00
-6.690634129795325347e-01
-2.068643825323047414e-01
2.564161778308697848e-01
6.588938070147082326e-01
9.536339717789773518e-01
1.115067681562207147e+00
1.140836897709582409e+00
1.070349530745017708e+00
9.487250079044474704e-01
7.977040332664084854e-01
6.340254721259288573e-01
4.741908199400591828e-01
3.247044858280027091e-01
1.913205237697668537e-01
7.913442917524024511e-02
-1.636722027664495177e-02
-9.858885283169260827e-02
-1.663201858296931568e-01
-2.172003693180779293e-01
-2.495441657410117364e-01
-2.668224044527552352e-01
-2.761249208432535185e-01
-2.788049209673690854e-01
-2.665363291541961166e-01
-2.270618460788312587e-01
-1.479975534553389371e-01
-1.633936966785702605e-02
1.434292653097153925e-01
2.661335881275144200e-01
3.238316250090372272e-01
3.316481967039717205e-01
3.029528763090952870e-01
2.393003149576518607e-01
1.396081379551759871e-01
1.499883406552879501e-02
-1.186302444897933406e-01
-2.503459976293490596e-01
-3.597121890863568261e-01
-4.217305190628755085e-01
-4.256645728010773899e-01
-3.632540576261730214e-01
-2.504022185418149915e-01
-1.389579585077223012e-01
-6.161962826906701440e-02
-2.300146180606619031e-02
-1.930516846968089936e-02
-3.137928183134008897e-02
-3.333963982373686075e-02
-2.290757635883172109e-03
8.074000022524666087e-02
1.859166507143574509e-01
2.423019286282106222e-01
2.260933361806422293e-01
1.558672184158871321e-01
4.393681239954848328e-02
-9.749069822615669123e-02
-2.472866228639189201e-01
-3.888370037556711512e-01
-5.143756680354953925e-01
-6.105110037645391508e-01
-6.542338355496295499e-01
-6.147901486095277424e-01
-4.634056064148530107e-01
-2.212738194741578346e-01
3.624117846048578728e-02
2.532962079316713466e-01
4.313927711075115634e-01
5.919631420302854385e-01
7.188829598542375576e-01
7.813120727805753507e-01
7.786189638152076764e-01
7.247898692705077028e-01
6.344243659525896639e-01
5.190317509484829728e-01
3.894253977189532367e-01
2.560984171089518702e-01
1.332577574426666855e-01
3.727111588070407960e-02
-3.231948782756888239e-02
-8.429922186079746860e-02
-1.205859928508675044e-01
-1.410159146934841512e-01
-1.486272491461292367e-01
-1.478116370937873625e-01
-1.393287208303853886e-01
-1.278190921727334894e-01
-1.371823236675071001e-01
-1.895918006364681330e-01
-2.734881148800442086e-01
-3.645209079755213910e-01
-4.432736496943459059e-01
-4.858625296899808932e-01
-4.743390144768588890e-01
-4.071090283455371939e-01
-3.062054983423995735e-01
-2.024620748864912056e-01
-9.821866354999202187e-02
1.601898292605508090e-02
1.198038024091545861e-01
1.831216137299834512e-01
2.060083358369582118e-01
2.066545625353464199e-01
2.017050744503781634e-01
1.878596981629714058e-01
1.481439202644028730e-01
9.210331648907202351e-02
4.573015369412612025e-02
2.169034821407062746e-02
2.527359832088864333e-02
6.064375964737096780e-02
9.351593933830429362e-02
7.313975419052026750e-02
6.980256854791904580e-03
-7.250591478584415828e-02
-1.542883481084476316e-01
-2.299870163772694820e-01
-2.797352024702929874e-01
-2.782894805782178960e-01
-2.039573630480565058e-01
-6.634455572527273026e-02
9.447328464157217498e-02
2.630174013194575555e-01
4.144994109488193690e-01
4.946094539963873382e-01
4.894593628218848469e-01
4.191602188739972923e-01
3.043147105646930584e-01
1.658272760892480213e-01
2.088853001193918119e-02
-1.135751392029465262e-01
-2.141673825399295072e-01
-2.549702666956926711e-01
-2.116778927383359266e-01
-8.389639537789023160e-02
7.166654759201376845e-02
1.896960285382197631e-01
2.562347679752488006e-01
2.680954182792105733e-01
2.122480587279522712e-01
9.372545477603783093e-02
-6.707278450277483206e-02
-2.474650768285241442e-01
-4.230430396737983045e-01
-5.644073535995155488e-01
-6.393414657417064717e-01
-6.234055952867643136e-01
-5.466837560028783294e-01
-4.694825582581644841e-01
-3.907896035365477361e-01
-2.817810218425891300e-01
-1.279047942789021397e-01
6.320942906660916016e-02
2.220592522931161827e-01
2.814194161185140652e-01
2.568857392290779806e-01
1.983633020361502686e-01
1.393738496130544624e-01
1.191651585412854403e-01
1.459921551111879046e-01
1.793737987742112239e-01
2.069872055607195893e-01
2.537677372593225567e-01
3.148187249691392076e-01
3.438454240109756199e-01
3.224428804850913988e-01
2.694281945225837638e-01
2.028257346212562484e-01
1.339844488870830796e-01
7.438716939598032096e-02
3.213548501706237071e-02
3.709234679253353706e-03
-8.970173854684591885e-03
6.866848011587226019e-03
4.592010444215121473e-02
7.818652670449341424e-02
8.683206476362362314e-02
7.602276646564436191e-02
5.757509849044759043e-02
4.673178837589567897e-02
4.840715904040897993e-02
6.179778042695321244e-02
7.448979600068070250e-02
6.225524574842341424e-02
2.580809643064048420e-02
-1.822554487939977846e-02
-7.061769326819386516e-02
-1.420958978605948719e-01
-2.314319109136518948e-01
-3.268710535916347082e-01
-4.181005465294390100e-01
-4.946586674434353958e-01
-5.375439866555637991e-01
-5.153892360744289913e-01
-4.132471364803191882e-01
-2.355365255241231581e-01
1.109432112629399336e-03
2.253371737722247858e-01
3.563492127609284577e-01
3.875549547088795732e-01
3.541843736084746563e-01
2.774358036496086255e-01
1.729244369390536273e-01
6.493515031602375975e-02
-2.557050627446036048e-02
-9.016646869933571395e-02
-1.243273679120202868e-01
-1.310806284396554833e-01
-1.391875923368288137e-01
-1.692241472876998554e-01
-2.054249313143712286e-01
-2.234133352306017228e-01
-2.110594533618592172e-01
-1.811431920471187340e-01
-1.486834380186592697e-01
-1.005046129647827330e-01
-3.029517633323036349e-02
5.413411672566083993e-02
1.583755532323463111e-01
2.751555152188603914e-01
3.842008120389886483e-01
4.631737875802157678e-01
4.811988651372983150e-01
4.396106127377448214e-01
3.562827428037453892e-01
2.353083625160214964e-01
9.447110317050542994e-02
-3.533854174987251240e-02
-1.307188157016663244e-01
-1.819808074128932140e-01
-1.784960620881557714e-01
-1.345612606187913951e-01
-1.019592171107508577e-01
-1.026571735082620340e-01
-1.237279560577795035e-01
-1.552006791145758569e-01
-1.926345613086358488e-01
-2.341259229363747418e-01
-2.648259753210518985e-01
-2.591762971530134907e-01
-2.061559483387054859e-01
-1.085775768491971521e-01
3.712060695079849593e-02
2.037857573410236933e-01
3.275799039750399988e-01
3.873981796594531124e-01
3.998664250774122131e-01
3.795406714443138041e-01
3.416457760165313995e-01
2.882552837115552324e-01
2.147248722353707617e-01
1.296105099390029158e-01
4.395050315443813083e-02
-3.874138612394977671e-02
-1.164531109965724898e-01
-1.829890121969925121e-01
-2.356007276929006355e-01
-2.812243706368744434e-01
-3.246118370385845386e-01
-3.621548743684829264e-01
-3.877461794290061325e-01
-3.933034644187141660e-01
-3.611031575506748470e-01
-2.783660773578822134e-01
-1.520080252882699545e-01
1.136412426454898664e-02
1.767745952658812403e-01
2.783569183819659121e-01
2.982888785781476759e-01
2.594293038035754839e-01
1.832444365002516562e-01
9.369888127967614111e-02
1.739190365027166660e-02
-2.702641743491975002e-02
-3.190379720863328189e-02
-1.339696419154615126e-03
4.962065810557542839e-02
9.298139961185164504e-02
9.464284300418446261e-02
5.243935433331349538e-02
-8.622341828780834272e-03
-7.190405046507902798e-02
-1.285329076622484801e-01
-1.602242296015618239e-01
-1.461745273384884580e-01
-7.497715339495097941e-02
3.219297490746630963e-02
1.216798805208135770e-01
1.694081511341375967e-01
1.856213309892002228e-01
1.842267749915889874e-01
1.811650716330910349e-01
1.774763143950972566e-01
1.606248021971882489e-01
1.266771200988675850e-01
7.833279224745466618e-02
2.387198227633309175e-02
-2.634319515759896493e-02
-6.600235785102334662e-02
-8.776300998404108766e-02
-8.669765953974395423e-02
-6.320181028053507843e-02
-1.905378388278631402e-02
3.600919470835640263e-02
7.574737127780849233e-02
7.887998168010590394e-02
4.685607292511879268e-02
-1.375970526889121887e-02
-9.812515032035608320e-02
-1.918425336368863587e-01
-2.780301265890530171e-01
-3.464857050824605711e-01
-3.873723609894986764e-01
-3.875961036709440477e-01
-3.374326101370311304e-01
-2.305156541698903938e-01
-8.480690695395326495e-02
5.512225424987361039e-02
1.723167493329172961e-01
2.597883746883495326e-01
2.890301235263653679e-01
2.495863555842093295e-01
1.618542051897186029e-01
5.820821531196260223e-02
-3.481179755766833361e-02
-1.023096575013428128e-01
-1.342523825841316909e-01
-1.355147125684933174e-01
-1.284708849843518852e-01
-1.206180356158410155e-01
-9.659876999886993221e-02
-3.736158146051770518e-02
7.558952658801855462e-02
2.182948758364127440e-01
3.247139361483974418e-01
3.695533871417914229e-01
3.665019804601257758e-01
3.285481418919716790e-01
2.676228670908458174e-01
1.938932996136596976e-01
1.151421993513566111e-01
3.661446139036529657e-02
-3.969702013056262968e-02
-1.144493400802020361e-01
-1.844037770955292144e-01
-2.377051451246942060e-01
-2.635744587052897825e-01
-2.624092918236595740e-01
-2.347218440002789563e-01
-1.706940406170813773e-01
-7.453156945538969014e-02
2.696365942024274778e-02
1.120921592865282146e-01
1.657851615472076268e-01
1.833095835407646534e-01
1.767463762873502375e-01
1.628989063934909165e-01
1.546574875809060556e-01
1.503874107078216893e-01
1.411799351670793568e-01
1.282765955078142839e-01
1.150200142839336859e-01
9.611434159498791208e-02
6.540481817539738063e-02
2.605863127797709150e-02
-1.141090019463814054e-02
-3.375481864504237955e-02
-3.985431566904515388e-02
-4.480180298616748963e-02
-5.531483010313917315e-02
-6.885817433450902580e-02
-8.094288993562903656e-02
-8.116576747708288686e-02
-6.952489455280652653e-02
-7.748515383315150717e-02
-1.392990242826400993e-01
-2.487496518394569367e-01
-3.668088394109680905e-01
-4.565807241933360627e-01
-5.224998979877673033e-01
-5.888114621559579209e-01
-6.460300190862592329e-01
-6.765272806512467874e-01
-6.709530111430708210e-01
-5.966459068562373069e-01
-4.439597126854181730e-01
-2.428615707400840762e-01
-9.875945265966981634e-03
2.309015194485923295e-01
4.291625136324058731e-01
5.533774421734081184e-01
6.424043857142670566e-01
7.450790793623289776e-01
8.334722321700455128e-01
8.692187919416851649e-01
8.556231350954173198e-01
8.020159330860099356e-01
7.169241113418685085e-01
6.083351400187703151e-01
4.859508164973070921e-01
3.604823811100938413e-01
2.340056439930050802e-01
1.120346589894194722e-01
6.753406721311944194e-03
-7.732857204932161443e-02
-1.454296880340233411e-01
-2.021236682562525810e-01
-2.484791494464158035e-01
-2.914618700858694900e-01
-3.324326531911052651e-01
-3.450311419960430115e-01
-3.270230345216377232e-01
-3.165402265506986890e-01
-3.248973580522302451e-01
-3.421072005946850791e-01
-3.549485814325200050e-01
-3.548002184645739354e-01
-3.510537036787728105e-01
-3.358104718705964831e-01
-2.742444653925339426e-01
-1.715867203323325485e-01
-8.131603726785964492e-02
-1.099693095983119047e-02
4.581386464285126803e-02
5.634831396290863881e-02
1.185451182716779767e-02
-6.461715481718464937e-02
-1.374594159902196577e-01
-1.602620742947659105e-01
-1.263214525072292871e-01
-7.004905191133342646e-02
1.157842047982354794e-02
1.206903445650796963e-01
2.084728943882972751e-01
2.418256090964637506e-01
2.261273172193400682e-01
1.901279309428202391e-01
1.789262460603824323e-01
1.998645572207492227e-01
2.060323083572652147e-01
1.678941032701883607e-01
9.486725201103891891e-02
9.211724441205146330e-03
-6.106487099449137146e-02
-1.043888544843782629e-01
-1.248427694832542206e-01
-1.001775007764391101e-01
-3.599812988300941929e-02
7.850504507012003030e-03
1.516667643060932817e-02
9.615281946276338365e-03
1.031576245143343666e-02
3.251987943964389921e-02
8.531657156956515276e-02
1.862343055228161404e-01
3.124960795374741584e-01
3.917454330515302563e-01
3.976117963002091527e-01
3.491268216493408905e-01
2.636986523823136030e-01
1.506828773975719959e-01
1.341846383796213571e-02
-1.406106592567446245e-01
-2.986097760281861691e-01
-4.417518930500376473e-01
-5.475998893351157193e-01
-5.947618247033419348e-01
-5.654269849128218395e-01
-4.645729353002195361e-01
-3.190380047088202664e-01
-1.357601031204370978e-01
5.938727982620004703e-02
1.962433652274212514e-01
2.497963212406505984e-01
2.462476114897651502e-01
2.089200484286828363e-01
1.563559282234640024e-01
1.116277953575392778e-01
9.547695628056049322e-02
1.126790346161544304e-01
1.511296419970984961e-01
1.954760926796663134e-01
2.389030966891349805e-01
2.670075769351573647e-01
2.542091149962815710e-01
1.912574546176347701e-01
9.280043097738022162e-02
-2.286980651174763332e-02
-1.421687539856046345e-01
-2.480463542112249509e-01
-3.229169346994109624e-01
-3.527622377575269086e-01
-3.316168864296644148e-01
-2.779602187061451235e-01
-2.195722387476451154e-01
-1.695528166619020838e-01
-1.307783108326159294e-01
-9.129635489513547586e-02
-3.473705551312774448e-02
3.375218862455403590e-02
9.305320341218541180e-02
1.346170264957118057e-01
1.646401742684238667e-01
1.821972979740183740e-01
1.814324137460073261e-01
1.664560718657949745e-01
1.485126408773589923e-01
1.367146670468173397e-01
1.344419201206598635e-01
1.406153633884385246e-01
1.469397605054736378e-01
1.410612530953359589e-01
1.215137417421434524e-01
9.390416604672625900e-02
6.110809147978064904e-02
2.451248878059417852e-02
-1.809509962574416819e-02
-7.171706363030044828e-02
-1.366689430152273066e-01
-2.057796889148161834e-01
-2.667463512735413489e-01
-3.089216208634051331e-01
-3.275055592659135706e-01
-3.202957914187756217e-01
-2.812104608293543029e-01
-1.971348110894995120e-01
-8.654793720831564785e-02
1.926461507314021493e-03
5.666505176404142835e-02
9.659031430716169542e-02
1.381153529332897201e-01
1.810499643683828874e-01
2.051602523399520261e-01
2.022602766530918195e-01
1.815810903990037473e-01
1.515772579698785039e-01
1.212547063172988437e-01
1.025868509810145962e-01
9.194638761752307876e-02
6.894422204035823010e-02
2.614625095788331716e-02
-2.946077060111430834e-02
-8.898206548478078404e-02
-1.388283807669025705e-01
-1.638728049661463126e-01
-1.546348733179289392e-01
-1.215221811987225592e-01
-8.917302243929522976e-02
-6.520448518621731193e-02
-4.204267241669630562e-02
-1.581295922069651111e-02
1.438345483144453513e-02
4.850198852233872371e-02
8.217996664858234768e-02
1.159570960010145313e-01
1.510015732750067952e-01
1.753693633285273168e-01
1.783644791592734480e-01
1.602175218693873138e-01
1.285809717566271659e-01
9.402735207530256434e-02
6.220841764802305385e-02
3.197128678061551821e-02
1.226396831899819254e-03
-2.946947914780250616e-02
-5.726492219060642236e-02
-7.652235819813502093e-02
-8.876292457238425804e-02
-1.042255371700226418e-01
-1.284658418005201197e-01
-1.625464050799110827e-01
-2.070159365195993195e-01
-2.562549304815947004e-01
-2.947302655104286351e-01
-3.065221041806143187e-01
-2.850065750519403251e-01
-2.273352017582273843e-01
-1.280015226944234141e-01
9.713612049512288307e-03
1.514439726710256062e-01
2.513933334270145314e-01
3.014795546856223751e-01
3.196377494161141697e-01
3.162218626831250767e-01
2.960654796948575251e-01
2.637031546867560916e-01
2.265434880031146903e-01
1.891732632090954158e-01
1.492634103770425769e-01
1.098497020699410465e-01
7.881110516495451468e-02
5.981366837361487554e-02
4.755136590093111959e-02
3.102645639660961407e-02
8.797347013763882895e-03
-1.201146553685503160e-02
-2.731942026736185886e-02
-3.759571290051838544e-02
-4.541048084034778748e-02
-5.389657459039598475e-02
-6.743288583540046899e-02
-8.962276431784807484e-02
-1.136383643006064204e-01
-1.305704134108049974e-01
-1.571556987475979383e-01
-2.190276058080512511e-01
-3.166928278549708820e-01
-4.316031389684570341e-01
-5.367146759698931957e-01
-6.004717230546020579e-01
-5.966129576376691945e-01
-5.232767941517378896e-01
-3.980203334985703556e-01
-2.156515479692248383e-01
4.104458933689388717e-02
3.282737603594456655e-01
5.698139301483489128e-01
7.569862232608286501e-01
8.949748532928032407e-01
9.464958137249367409e-01
9.028292197338774194e-01
7.957070957425872448e-01
6.501352558770248091e-01
4.743771942891409910e-01
2.771074371765493427e-01
6.898872964965127585e-02
-1.406614128919916606e-01
-3.463192732337458390e-01
-5.445739637270143874e-01
-7.265796838823441739e-01
-8.820207683332685900e-01
-9.953339854632928807e-01
-1.038602519709018290e+00
-9.776583415285498013e-01
-8.160353023874437062e-01
-5.888599363391604502e-01
-2.928963969555661850e-01
6.391259285166266124e-02
4.262668415527407495e-01
7.228974522960703863e-01
8.848758837490804385e-01
9.074558226972099240e-01
8.321312018479954942e-01
6.938523512861659581e-01
5.191408779513687621e-01
3.294805244533266508e-01
1.454271129182126698e-01
-1.750419547405024714e-02
-1.498297093429790117e-01
-2.433352485106212715e-01
-2.812785177994295838e-01
-2.384694712674388650e-01
-1.380891611854186962e-01
-5.029561287472256170e-02
1.044452856785532679e-03
3.199572057124028257e-02
5.006622806265634273e-02
5.980691918213136560e-02
6.830683131085489579e-02
7.225462775454601083e-02
5.579064448537374155e-02
1.280336600836302734e-02
-4.828150641178338004e-02
-1.120793235363412577e-01
-1.698738988497858760e-01
-2.236369800524670715e-01
-2.651158621260230608e-01
-2.786247007707013945e-01
-2.660811232091881973e-01
-2.394315276417988136e-01
-1.994175606204918183e-01
-1.394537865919229791e-01
-4.563888893154552373e-02
8.149521296154246808e-02
2.090812806185919914e-01
3.000107578512598572e-01
3.334153355953181630e-01
3.114186604665847291e-01
2.463155099528676339e-01
1.474904741979335965e-01
2.566176670572208052e-02
-1.073369385704219525e-01
-2.342098858899677727e-01
-3.346033713238792950e-01
-3.991548261747342452e-01
-4.222213477012485283e-01
-3.846641738724412840e-01
-2.585627731359805836e-01
-5.637339872417602288e-02
1.666970282247765556e-01
3.600065408559564029e-01
4.787002786804689936e-01
5.125064684698956707e-01
4.934877032860969237e-01
4.567831076463096385e-01
4.248420486091684656e-01
4.076062793725782063e-01
4.111357129353887530e-01
4.387979444276576269e-01
4.767718420110492739e-01
4.930060584835380122e-01
4.700062335271354974e-01
4.136291613283943347e-01
3.313543450002969237e-01
2.245981976620463894e-01
9.264808997325532647e-02
-6.290049751388006316e-02
-2.384403202283804368e-01
-4.294127262113107690e-01
-6.304607285423197149e-01
-8.324664192827238018e-01
-1.028432071336862430e+00
-1.215318287979565870e+00
-1.365206728321192164e+00
-1.461957949815090307e+00
-1.521867397597269633e+00
-1.527489731071971946e+00
-1.461363920335789324e+00
-1.331095174497161526e+00
-1.094548167028951635e+00
-6.945715624162890345e-01
-1.528648306241784383e-01
4.539602800004577388e-01
1.045232885425008362e+00
1.545618748579492774e+00
1.888950635831837976e+00
2.022130102876062097e+00
1.944491474698609723e+00
1.714586373889325221e+00
1.391727176173590985e+00
1.022575134088037130e+00
6.515366266854871746e-01
3.055370884459956971e-01
1.580681098398831197e-03
-2.367143373784574845e-01
-3.900753106238994405e-01
-4.626237937240046949e-01
-4.715425813500615515e-01
-4.177653509581077396e-01
-2.828799981378151696e-01
-9.307434296238395466e-02
7.108010083835533677e-02
1.695326782667179177e-01
2.086322179015519251e-01
1.987283094230481995e-01
1.493346255979081383e-01
6.810642195183075343e-02
-2.415702637481097204e-02
-9.535869630597586244e-02
-1.256683144710678546e-01
-1.259204128097796138e-01
-1.251327872777419081e-01
-1.387579538068917095e-01
-1.716107147831139046e-01
-2.258804831726380913e-01
-2.971029967195972232e-01
-3.769442425374878169e-01
-4.551621757094527765e-01
-5.219606206963657291e-01
-5.703343631397997937e-01
-5.955195854521266874e-01
-5.822025209843026960e-01
-4.987691173069015438e-01
-3.012304872302120629e-01
6.377712284455924752e-03
3.109411828383836229e-01
4.987715509248172308e-01
5.593195476644826636e-01
5.237464099336993639e-01
4.146341809096611986e-01
2.527312789200319987e-01
5.901553893908997872e-02
