-9.076677679452052616e-02
-1.900740583511214832e-01
-2.918634986224336592e-01
-3.884401485148624711e-01
-4.646090912487877977e-01
-5.154859480566709173e-01
-5.470379936032173651e-01
-5.504536899400559458e-01
-4.951121796914526030e-01
-3.649835729215496483e-01
-1.774483445480404264e-01
2.517516373016915124e-02
1.845122486454901511e-01
2.800244424718428271e-01
3.349116564648275118e-01
3.698254565875763178e-01
3.932966495848597144e-01
3.993250211073025580e-01
3.774073473109417209e-01
3.236773062343442087e-01
2.410618432330390859e-01
1.454634479855530516e-01
5.990983037876003447e-02
2.967133333767312670e-03
-1.878806432862717077e-02
-1.226795273615081949e-02
5.672579083869259270e-03
1.654342873939968275e-02
1.638858991735350074e-02
1.447571111877411429e-02
1.713979346683270830e-02
2.093135795014310421e-02
2.038655160479273948e-02
2.054499947883578481e-02
3.379254857092117703e-02
5.332465017591858647e-02
5.559455832767833117e-02
3.499990933679571203e-02
4.225899090106590567e-03
-2.629256783013156004e-02
-5.335304379347313719e-02
-7.663126411417961470e-02
-9.690484556530631899e-02
-1.172998281107714702e-01
-1.347854227444278408e-01
-1.359003179242169179e-01
-1.116687679345257089e-01
-7.982940095547706727e-02
-7.401994178209482522e-02
-1.023174545765738463e-01
-1.498928177130602613e-01
-2.059383066592548606e-01
-2.623929739010537054e-01
-3.074997016460019883e-01
-3.307740126078871912e-01
-3.248387582449350219e-01
-2.806501579061582152e-01
-1.844861341883371753e-01
-2.294896802059287477e-02
1.666609586453619285e-01
3.063927785789201108e-01
3.745669632866445165e-01
3.967204291791869286e-01
3.892568653588905914e-01
3.580325050128436160e-01
3.100939129666487326e-01
2.591606852471383116e-01
2.135502677634968927e-01
1.725747990765808260e-01
1.349098565362278068e-01
9.699160526208848443e-02
5.509784770322673220e-02
1.013276451125515523e-02
-3.675666047798861746e-02
-8.491411844637714035e-02
-1.333200182356388541e-01
-1.824754689926740558e-01
-2.297152540890560202e-01
-2.683174688208634362e-01
-2.954163971359634600e-01
-3.059810732138087963e-01
-2.876035356083579408e-01
-2.254472242663298487e-01
-1.189902371919870361e-01
5.988865149126627180e-04
9.654257562091184131e-02
1.573493835247079808e-01
1.880486519865979811e-01
1.963369496742572717e-01
1.913358055252775691e-01
1.809598668785868669e-01
1.680532011598351860e-01
1.513879916354502475e-01
1.279572336869419513e-01
9.462032824230530437e-02
5.658933699772312337e-02
2.684848851843147505e-02
1.150602796064208524e-02
8.830534919257993637e-03
1.301101021078492764e-02
1.581352283806023232e-02
1.364586293844000792e-02
7.241072247455827837e-03
1.744181176675737438e-03
3.299258478379724080e-03
5.169872004719036629e-03
-3.556829930350204061e-03
-2.428494618335890268e-02
-5.203338333022854839e-02
-7.545729661711615688e-02
-8.575977724411118497e-02
-8.608248881276366060e-02
-8.352187345765378634e-02
-8.120002639652917908e-02
-7.663844575008406379e-02
-6.332727764426243633e-02
-4.731423850635288475e-02
-4.770733725958052618e-02
-7.247934579351768269e-02
-1.158326144320762363e-01
-1.692476802559619298e-01
-2.287477012948780086e-01
-2.889503768882288326e-01
-3.307310117449295817e-01
-3.304809745657343312e-01
-2.655498223084577503e-01
-1.521968513302156545e-01
-5.177471970079527974e-02
1.894140778849513068e-02
9.133154295947937262e-02
1.946911202934915597e-01
3.106066735167480330e-01
3.792630185939979137e-01
3.908556900322832650e-01
3.708605577219485361e-01
3.286066642101089785e-01
2.724173589944738905e-01
2.137634989789792272e-01
1.607409631917706416e-01
1.190746110870794655e-01
8.803414766152374560e-02
5.987140921627691348e-02
2.917918404403239616e-02
-2.135396149509360963e-03
-2.837595349844228981e-02
-4.751945963640372833e-02
-6.109515329527683697e-02
-7.169129442466795621e-02
-8.177086018831750125e-02
-9.054786217343199772e-02
-9.328688535793983050e-02
-8.556775930988878842e-02
-6.874012831991430095e-02
-4.867959018835073953e-02
-2.974010864103819596e-02
-1.226050981967804175e-02
4.648624648929459285e-03
2.054043754220546275e-02
3.447294160545559538e-02
4.490890697114850727e-02
4.887454138146374999e-02
4.631470842410168737e-02
4.144966596045122909e-02
3.637870684267166532e-02
2.876085786871971847e-02
1.679698355622398151e-02
-1.152184716097716388e-03
-2.971124359223490524e-02
-7.066341130088488187e-02
-1.202046998987845589e-01
-1.738879881556111839e-01
-2.298329370110385184e-01
-2.838277213528974663e-01
-3.248930083685530601e-01
-3.447542607104414625e-01
-3.395215860080523784e-01
-2.998262831720330812e-01
-2.135150038592830701e-01
-7.321365862177506290e-02
8.888506562834906644e-02
2.096858160968251839e-01
2.712028657779697038e-01
2.911480757465653157e-01
2.825778018495541111e-01
2.595477218418089649e-01
2.350499759109330455e-01
2.135655725750027767e-01
1.928360933619433504e-01
1.697942856003009926e-01
1.401559420248569554e-01
1.007634142947783917e-01
5.649023826219880945e-02
1.733506786973182390e-02
-1.096436019377924204e-02
-2.836292345307927718e-02
-3.466130565819105364e-02
-2.931194946255372830e-02
-1.633613200815355743e-02
-3.568211916229736130e-03
1.941975708397689765e-03
-1.335200615331634533e-03
-1.001842031884222356e-02
-2.576001511347426193e-02
-5.209010472068325431e-02
-7.831062974535996091e-02
-8.748205673635393864e-02
-7.604393658669700296e-02
-5.359477065927211598e-02
-3.066223974920648937e-02
-1.134151895372729341e-02
4.782546412208979122e-03
1.697380401594359572e-02
2.645048798874755427e-02
3.805181136297212940e-02
4.248654501941379058e-02
2.587028924772705185e-02
-1.517293206979733553e-03
-2.036646061232761512e-02
-2.410618924588394177e-02
-2.628894992509044418e-02
-4.725531664885516264e-02
-7.837405915513503962e-02
-9.544116523865976698e-02
-9.320764227047266537e-02
-7.569157100871766464e-02
-4.498323961887791544e-02
-4.964622875951445191e-03
3.508232593632300972e-02
6.099681833979174461e-02
6.585406183467523711e-02
5.437961053116483617e-02
3.364533856854109994e-02
6.073612714847954203e-03
-2.786257600575051119e-02
-6.330412661314013811e-02
-9.210555102322527665e-02
-1.053652959305359099e-01
-9.266721166791282160e-02
-4.449511262671553002e-02
2.325126345753132651e-02
7.298993169888499943e-02
9.278531660022970584e-02
9.242629607261018676e-02
7.865822324242376096e-02
5.572853296660747191e-02
2.793856912157220707e-02
-3.063820343979298255e-04
-2.572102899988357866e-02
-4.428275074810484463e-02
-4.696338035932963451e-02
-1.974748096680216045e-02
2.688225184448824606e-02
5.915969783006934379e-02
6.483059921912195933e-02
5.296106852035499524e-02
3.692958585200236538e-02
2.717791670991700700e-02
2.495790023473841435e-02
2.708322338051344716e-02
2.719317520300765581e-02
1.957827885743577967e-02
5.859690744046169159e-03
-9.505487377956289494e-03
-2.596570440099976382e-02
-4.178498330621564089e-02
-5.194875400440328306e-02
-5.520109751435951784e-02
-5.434505117658193496e-02
-5.002053040175220844e-02
-3.999647798817650840e-02
-2.557314641595157326e-02
-9.118574246329053459e-03
1.579626333346612066e-02
5.149343143921636390e-02
8.443090669508479529e-02
1.043804957692604507e-01
1.116177762905310872e-01
1.067025797697624956e-01
8.913701525674828929e-02
6.250223632570291177e-02
3.295880904518633248e-02
3.112753410765736750e-03
-2.689472223556844260e-02
-5.950430648999134597e-02
-1.000356153892534156e-01
-1.475279747777358541e-01
-1.935254586059294568e-01
-2.245466226900756923e-01
-2.239214274843125685e-01
-1.862612279359443235e-01
-1.151977909522662463e-01
-1.094983100356762898e-02
1.016318972783325919e-01
1.757808124814348449e-01
1.997015636204876876e-01
1.917232639665059912e-01
1.660001468534778590e-01
1.267923016213885479e-01
7.269758822948231558e-02
1.267122443476130858e-02
-3.543223269455992447e-02
-6.548386356228644289e-02
-8.078476327875684648e-02
-8.117794106268783061e-02
-6.592772326212154033e-02
-4.062056365875212072e-02
-1.319170870542861126e-02
1.019847182594747076e-02
2.150195838202828211e-02
1.529421470024844992e-02
-3.627068376536764227e-03
-2.498049872924609088e-02
-4.230546509082131618e-02
-5.404614166121908536e-02
-5.876182814520002073e-02
-5.535099482155069611e-02
-4.521025797275952940e-02
-2.828039972474215985e-02
-3.793834890189446297e-03
2.481368778274944259e-02
5.460915628854549203e-02
8.628638777845601404e-02
1.110018424115111479e-01
1.151321328989672044e-01
1.006770215605113650e-01
7.917612050024687431e-02
5.859086305664585465e-02
4.148235721622905992e-02
2.861429074408314288e-02
2.078307833689004014e-02
1.854389715971582059e-02
2.207662786374934433e-02
2.881448315392400733e-02
3.375413679444208559e-02
3.141194030991391328e-02
1.776620313898941844e-02
-3.246449227255473330e-03
-1.943432443279302299e-02
-2.491665527864964438e-02
-2.358128774916671416e-02
-1.984596291401260690e-02
-1.766148649676299240e-02
-2.223992759164317851e-02
-3.421767654811728315e-02
-4.979144322791613508e-02
-6.822318696725324094e-02
-8.825457389703454669e-02
-1.028038581850511529e-01
-1.068838566393315731e-01
-1.029155855237734452e-01
-9.452404472968875537e-02
-8.387367917246472959e-02
-7.372190315845704445e-02
-6.637079600638766397e-02
-6.034495777100763736e-02
-5.058414450951815439e-02
-3.349666404438141065e-02
-8.561738379553313419e-03
2.507660154548137926e-02
6.465766226855096388e-02
9.643774540569610698e-02
1.063407359107992334e-01
9.548477476097513850e-02
7.055220509464674161e-02
3.606260142643383237e-02
1.810615433175049444e-03
-2.143270777743841449e-02
-3.023893005485839974e-02
-2.489653426274157297e-02
-3.039739269804296595e-03
3.583020701932746604e-02
7.824336140271512252e-02
1.034769118520355857e-01
1.048053347259580437e-01
8.968842712834543263e-02
6.609457286759577721e-02
3.799152260615042132e-02
8.259646120754013388e-03
-2.008400045931689124e-02
-4.452213171780165790e-02
-6.442760246017698034e-02
-7.956129765605705895e-02
-8.974454046426424969e-02
-9.045570287120321962e-02
-7.037720979775322072e-02
-2.079290992852160166e-02
4.959347686149801621e-02
1.159326585165482287e-01
1.621214267663473874e-01
1.857161047297435919e-01
1.892598251879485383e-01
1.790920740015103652e-01
1.608417904537023657e-01
1.348287862092069078e-01
9.811748484410627580e-02
5.124937464735673104e-02
-2.400457600061509100e-03
-6.240075116873258082e-02
-1.290173873962826290e-01
-1.999588096042997920e-01
-2.707095799798212576e-01
-3.341317615776344674e-01
-3.810192954716761227e-01
-3.997348624503978542e-01
-3.775219389193142927e-01
-3.027242415149186683e-01
-1.652524550699259187e-01
4.277002908867663655e-03
1.369646614827673137e-01
2.057052558570959810e-01
2.253992790268458668e-01
2.133219064487350547e-01
1.820768959361886985e-01
1.382179319371641402e-01
9.157670978444315546e-02
5.387234309371979196e-02
3.083175436861277166e-02
2.400345192416973930e-02
3.317274384521282787e-02
5.095277538393207933e-02
6.569119027952188827e-02
7.391205360110816858e-02
7.806987640935506012e-02
7.895865244445914033e-02
7.839720625215126915e-02
7.810125642978765770e-02
7.604255815753073466e-02
6.969919353627647418e-02
5.804122876374002982e-02
3.804805854148395061e-02
3.139376793673367191e-03
-4.587699333974235016e-02
-9.564408314335670624e-02
-1.325414064736775144e-01
-1.475539661165465033e-01
-1.345699792938280792e-01
-1.001952437011161684e-01
-6.019390808493590983e-02
-1.919248497470711287e-02
2.521527530836845804e-02
6.717766259436805387e-02
9.358473174616019352e-02
9.480080173725910497e-02
7.423067302957526981e-02
4.110961463789655768e-02
1.042066763090761933e-03
-3.947511783795527168e-02
-7.506148448956134756e-02
-1.016474683148914093e-01
-1.150178634294138358e-01
-1.147763955579996775e-01
-1.019146777455852415e-01
-7.757772795155383483e-02
-4.255264100935975125e-02
5.898286768768962532e-03
6.191690009303770642e-02
1.078712407999708744e-01
1.351751171825125164e-01
1.477408638696748877e-01
1.511770321424819041e-01
1.480186183078792683e-01
1.384392479368884987e-01
1.231055891301452848e-01
1.047204573151634122e-01
8.385250275877163817e-02
5.641253398666024044e-02
1.934657309585571805e-02
-2.519395198517104806e-02
-7.268784577691848880e-02
-1.207080687639809635e-01
-1.691521526448024892e-01
-2.186014367986965357e-01
-2.678584479360485715e-01
-3.118607034858129623e-01
-3.422647304217623643e-01
-3.489147477659131358e-01
-3.199846671996847691e-01
-2.407508004579202721e-01
-1.104869262413795961e-01
3.043188643731531418e-02
1.315265153640449436e-01
1.857210525433514725e-01
2.157860230157157833e-01
2.454704647383991467e-01
2.793705725207544233e-01
2.913964436096109223e-01
2.592455296169656198e-01
1.925509271965346603e-01
1.222757480085933379e-01
7.765175171322041825e-02
6.345017213018108726e-02
5.898570912702376379e-02
4.679976276115677819e-02
2.517747717768855850e-02
-1.630829798474793535e-04
-1.511165082668643536e-02
-9.310841882540950298e-03
1.153440893582192983e-02
3.688189695997427797e-02
5.761767475189698284e-02
6.492810417031918968e-02
5.425419429908266006e-02
2.791493347004340292e-02
-6.135713542510703999e-03
-4.146800343367343378e-02
-8.089221650994996016e-02
-1.285640946160046538e-01
-1.802748417416575599e-01
-2.274627139122312458e-01
-2.618872789235336951e-01
-2.795053538958489625e-01
-2.752234198217134442e-01
-2.409819129753415778e-01
-1.747865890624831775e-01
-7.289896941411712350e-02
4.990989105301499307e-02
1.521712547208455280e-01
2.163488640717016187e-01
2.511912589956414865e-01
2.648467027322385925e-01
2.637469997026181123e-01
2.513599940952070400e-01
2.287088352237736100e-01
1.957998476095197671e-01
1.525221038599997025e-01
9.965320153403389725e-02
3.741176981901937759e-02
-2.858079869004852627e-02
-8.843668103718160811e-02
-1.397125075624923440e-01
-1.823070506504325672e-01
-2.142841851078707838e-01
-2.360014078078363498e-01
-2.477870841723486539e-01
-2.484637777592324792e-01
-2.351699928272717732e-01
-2.035619537630000142e-01
-1.483139257412029455e-01
-6.146220602439993186e-02
4.264322393194912297e-02
1.262363123073907412e-01
1.786792497741712116e-01
2.124136321279681272e-01
2.318843512232762749e-01
2.381966259718584777e-01
2.338988809195431673e-01
2.189875537884890533e-01
1.904252229587230782e-01
1.446996530177004081e-01
8.056058109923908139e-02
6.704741086615501403e-04
-8.809652577970436549e-02
-1.729672670180919525e-01
-2.352367579610381287e-01
-2.520608324774341047e-01
-2.112745089346406702e-01
-1.384124134574601650e-01
-7.568009851054022241e-02
-3.543323475319815757e-02
-9.092393657667620713e-03
6.971233172128787209e-03
1.060915928008287351e-02
3.073223337016183984e-03
-4.695629267532907061e-03
3.621769527928076632e-03
3.640798304093877807e-02
8.204556136718778314e-02
1.137456294114642386e-01
1.152044970361547765e-01
9.309816497046882744e-02
6.397732799574618046e-02
3.813521742565125633e-02
1.674226969250550839e-02
-4.602626012104233701e-04
-1.198374585284995610e-02
-1.948593283644810617e-02
-2.722282130100483338e-02
-3.322815438339704608e-02
-3.329458363225822060e-02
-2.867493899910819599e-02
-2.168768458926940285e-02
-1.288965779157926275e-02
-3.735361835465795047e-03
3.378590347027226725e-03
8.723051489714549189e-03
1.560266777587759543e-02
2.542227999389483351e-02
3.443814971770958744e-02
3.691892265399433076e-02
3.058652738002936092e-02
1.662163151187527610e-02
-1.259720143320085814e-03
-1.950543480095840929e-02
-3.743855962057845987e-02
-5.376922692823662281e-02
-6.570288350887859563e-02
-7.206826353923634354e-02
-7.229604529172446725e-02
-6.521964407137410824e-02
-5.211112113061396045e-02
-3.655403775050813237e-02
-1.895863417643363011e-02
3.261109210696210362e-03
3.022797941265796193e-02
5.957157598998680942e-02
8.922642826995973164e-02
1.163731755379482785e-01
1.363694120980903923e-01
1.441562465540202342e-01
1.357569964032555310e-01
1.091592253327599571e-01
6.897159228260021924e-02
2.612800646604154092e-02
-1.418193943508802221e-02
-5.328388509483669710e-02
-9.110404667227743614e-02
-1.264314691510321498e-01
-1.575456405897946166e-01
-1.769245616657910136e-01
-1.733533985794867283e-01
-1.450659066694276189e-01
-9.809020897839140773e-02
-3.395244535728299262e-02
3.352223694635762113e-02
7.623473015933132646e-02
8.933983670911219144e-02
8.744287546228063368e-02
7.688715101040451139e-02
5.820443886484183427e-02
3.393778770033895054e-02
4.769640311675864275e-03
-3.226312719796028267e-02
-7.417196310322379804e-02
-9.551527017277634812e-02
-7.453040654146490807e-02
-3.333117921742935474e-02
4.999631602747055432e-03
5.577985543388529199e-02
1.238971681659447044e-01
1.809016353168071134e-01
2.093880303762813977e-01
2.133230780904319113e-01
1.988106456507020836e-01
1.711892723760451152e-01
1.351538811693953068e-01
9.393087407242449449e-02
4.293958240582722297e-02
-2.571050920162182285e-02
-1.082880245756965010e-01
-1.946513773410005199e-01
-2.778719640122266910e-01
-3.514049131790940028e-01
-4.096110659720335612e-01
-4.500643911984313905e-01
-4.681271026720962292e-01
-4.527137426843364509e-01
-3.917517045775990026e-01
-2.725853773592144536e-01
-7.548086730812539336e-02
1.647975386210808746e-01
3.525621650224086134e-01
4.485772132591009376e-01
4.734019653293066177e-01
4.468676983663684155e-01
3.894006101096979533e-01
3.231167155703918992e-01
2.607014100482635266e-01
2.037165443202502424e-01
1.507441771592074875e-01
1.016349827241498360e-01
5.723867765194895485e-02
1.504888407032155609e-02
-2.776342516006131272e-02
-6.683504610528114009e-02
-9.704128226318542438e-02
-1.173356168852412451e-01
-1.247154160047928700e-01
-1.188875896861786852e-01
-1.031074379818827796e-01
-7.899901349054971877e-02
-5.123843187601408167e-02
-2.804867690419029017e-02
-1.628874119925308867e-02
-1.876420419067881262e-02
-3.073838567210828918e-02
-4.151788619936261360e-02
-4.431425277043331279e-02
-3.861904109140409935e-02
-2.607457559285082660e-02
-9.655184862667065201e-03
6.961131295929060513e-03
2.022892370960820141e-02
2.929494099045589287e-02
3.529233544112003740e-02
3.668695588964367843e-02
3.025057883674947545e-02
1.630112099929190150e-02
-2.070400203901985592e-04
-1.708344991714573144e-02
-3.656376051738377542e-02
-5.787209805205253271e-02
-7.640417505029979683e-02
-8.799649574068735269e-02
-9.124827090684915765e-02
-8.613451964230697810e-02
-7.039109962389929198e-02
-4.061942811912748474e-02
-3.562177458353424364e-03
2.514904802661382249e-02
3.931879908400651158e-02
4.011019544103670842e-02
2.723190183134571035e-02
3.886515217642962788e-03
-2.218556602379167381e-02
-4.148277949256874014e-02
-4.503755730820011710e-02
-2.820585772312874870e-02
8.775681528225933933e-03
6.568320486817814940e-02
1.289056726687602683e-01
1.708678863649608637e-01
1.819226707219892269e-01
1.661235601254257011e-01
1.309567599283678607e-01
9.215432322392204390e-02
5.942871729692175697e-02
3.550865269934789376e-02
2.258119891499416748e-02
1.618251840868109928e-02
4.488862609605485596e-03
-2.156325028088358978e-02
-5.620603485919995618e-02
-8.315079131729964657e-02
-8.882496227748090667e-02
-7.406010163471048180e-02
-5.423333655866362929e-02
-3.945616461485978999e-02
-3.084392678910004293e-02
-2.834830708462279109e-02
-3.696463427782861744e-02
-6.573167055264070302e-02
-1.141678368257769000e-01
-1.726906581974557708e-01
-2.294622021448919358e-01
-2.698025029634498195e-01
-2.816768105999213900e-01
-2.579923023636790380e-01
-1.882551003745455420e-01
-5.785881644663533330e-02
1.050386400194310427e-01
2.303928452487103984e-01
2.913512907349841696e-01
3.026696135166615509e-01
2.784867558351645234e-01
2.298724165594735469e-01
1.652599334977718770e-01
9.487064705050750335e-02
3.115363768329751371e-02
-1.341298557922380487e-02
-2.997892982681450366e-02
-2.137843612009629815e-02
-2.284656592485410920e-03
1.479041672744717609e-02
2.605295080471813768e-02
3.320983056146726425e-02
3.733634036899347031e-02
3.537718524033492407e-02
2.654677537529070291e-02
1.415481491903684830e-02
-2.452891386072610092e-03
-2.890291811919936532e-02
-6.394802680331554412e-02
-9.655446192805260119e-02
-1.203460145619754673e-01
-1.336852990023701948e-01
-1.304261425166334532e-01
-1.047409886512108423e-01
-5.553396865764202717e-02
1.457052814314013095e-02
1.027549459744653559e-01
1.894361635863221760e-01
2.380632587201755024e-01
2.407912976343050404e-01
2.208141009261759824e-01
1.962550194007255944e-01
1.700387162235870719e-01
1.394930328973060518e-01
1.022100600615014343e-01
5.426713265193838787e-02
-5.111617666297491730e-03
-7.082948422756793483e-02
-1.346090867888615206e-01
-1.902565290658772557e-01
-2.393088652710309294e-01
-2.862270959327318787e-01
-3.305969888502346965e-01
-3.688099927531647282e-01
-3.989370008067927853e-01
-4.150830511245182097e-01
-4.035736499988319403e-01
-3.506060284246865222e-01
-2.451946872267133926e-01
-7.663205567746955715e-02
1.223736201338210400e-01
2.769862749511455280e-01
3.594854375057249252e-01
3.875162155049887147e-01
3.780259658247330234e-01
3.442777098355982446e-01
2.940157446138161879e-01
2.338323314056311442e-01
1.712065863664152809e-01
1.123849809454808002e-01
6.023579967821149350e-02
1.576392624714877122e-02
-1.564225242131409011e-02
-3.013556771540743667e-02
-3.076443179554974594e-02
-2.032959413623659783e-02
-2.102093229870385938e-03
1.853093376347844656e-02
3.740733401598753810e-02
5.177120395388648544e-02
5.942298099713255732e-02
5.830433465591981779e-02
4.486415428149384543e-02
1.382034491717198076e-02
-2.936438466933100760e-02
-7.140790061906499009e-02
-1.122359323433854694e-01
-1.573996372644637654e-01
-2.017795763610549242e-01
-2.326288370935087613e-01
-2.346795647629799919e-01
-1.981670018010639467e-01
-1.333218700543180035e-01
-5.840833882744538713e-02
2.443836763336087667e-02
1.086829997919871310e-01
1.694726834738392862e-01
1.954342825652753135e-01
1.920656057080326051e-01
1.676662131732749306e-01
1.328547706539678908e-01
9.656210321005385955e-02
6.266240894717051146e-02
2.258212638634761460e-02
-2.927137301189146681e-02
-7.721975278217260708e-02
-1.078636581017487217e-01
-1.336023840152294750e-01
-1.718210215592189671e-01
-2.116815084671478941e-01
-2.293213551958268315e-01
-2.090578139828292437e-01
-1.294768041148088022e-01
8.503849385278379469e-04
1.237735226337450811e-01
2.043074378336687258e-01
2.457650536179766532e-01
2.519036337521432523e-01
2.285451321932270019e-01
1.777889546073850302e-01
1.000764430589481946e-01
1.826738449984024321e-02
-4.114809224842511104e-02
-7.699775783084508718e-02
-1.010656419530090860e-01
-1.163019668566751541e-01
-1.192672250118878702e-01
-1.129147481093424887e-01
-1.072299905481825938e-01
-1.076756698412250912e-01
-1.068903998810421807e-01
-9.172090776494706832e-02
-5.857482763247276458e-02
-1.583966178959600457e-02
3.252212604063667994e-02
8.209951579652810527e-02
1.206790787918978758e-01
1.432886939800334103e-01
1.521574642270100142e-01
1.471853815490379858e-01
1.261515359846206996e-01
9.068079493901043397e-02
4.734197603320102615e-02
2.515201881026926656e-03
-3.688491412671142389e-02
-6.730066118438371436e-02
-9.366921023398648571e-02
-1.193342826661806105e-01
-1.340818080523445421e-01
-1.259862248972717924e-01
-9.490967979112290009e-02
-4.334137045951705347e-02
2.983515429658764248e-02
1.097317067691982034e-01
1.621685861607992940e-01
1.702444816520599369e-01
1.389116483398311619e-01
8.149218470767989608e-02
1.722977320588748446e-02
-4.077207034448724482e-02
-8.924523653544970403e-02
-1.256354285839262064e-01
-1.459938626886606028e-01
-1.505948634531552033e-01
-1.394562861466293047e-01
-1.106699602067849342e-01
-6.206342798730784399e-02
8.870808483855983917e-03
9.681815621319722620e-02
1.798973108196584847e-01
2.304551896252709231e-01
2.394296757681884380e-01
2.204235302442195676e-01
1.890425842363917530e-01
1.458417034121329836e-01
8.940415399881979086e-02
2.956341950592676626e-02
-2.373677176089076732e-02
-6.769856512137872873e-02
-1.029061990073158878e-01
-1.268414608668843868e-01
-1.392944117526440651e-01
-1.487527483754400859e-01
-1.675507431922788337e-01
-2.050753584110652783e-01
-2.572390337197696941e-01
-3.092634705932122974e-01
-3.473779427265112907e-01
-3.596397118354867084e-01
-3.331112589956594094e-01
-2.575595216385495045e-01
-1.216970808202524623e-01
5.526092256746693854e-02
2.066700635607042758e-01
2.925000552035212364e-01
3.224502008343724246e-01
3.195116156424618881e-01
2.996207431678201694e-01
2.664634968230069623e-01
2.254254199468663511e-01
1.829842594859314442e-01
1.413276896230872826e-01
1.018298703734341615e-01
6.826619846618298126e-02
4.349657190605640822e-02
2.940208800877461975e-02
3.033421218020946469e-02
4.051827587802438180e-02
5.121907937201971434e-02
6.357183459470726328e-02
7.505231511683445322e-02
8.133417771367557059e-02
8.431020674234131207e-02
8.766042519306310732e-02
9.236290589713194721e-02
9.369450005599473663e-02
8.476021298429907425e-02
6.043048924687956236e-02
1.865846520927820495e-02
-3.360950744550939007e-02
-8.098366177598440019e-02
-1.124706196045561213e-01
-1.263821659584807300e-01
-1.404953760635251625e-01
-1.784287833089363562e-01
-2.308715293006021463e-01
-2.753729684675880196e-01
-3.005103804557176517e-01
-3.041683654095983513e-01
-3.073985578638262495e-01
-3.337319138192909040e-01
-3.766431255941137812e-01
-4.132903110688313508e-01
-4.178236779081752617e-01
-3.592352540923979820e-01
-2.362809205348879171e-01
-8.071352040074619705e-02
8.589335928695432387e-02
2.558461066969963116e-01
4.413596779627730338e-01
6.196029364339753487e-01
7.145634229860371445e-01
7.043079672177524619e-01
6.172379532272477265e-01
4.727355124888294458e-01
2.946299241363746213e-01
1.170085681866071814e-01
-3.878510921672954914e-02
-1.664409197444575994e-01
-2.570983022376649996e-01
-3.010639829292385272e-01
-2.968357286112584537e-01
-2.543097324703569861e-01
-1.913632223941293953e-01
-1.185676063444865702e-01
-3.337368762136202344e-02
5.253621797968412166e-02
1.103031762805276178e-01
1.316429560278875033e-01
1.261653616126730271e-01
1.024384391608379186e-01
7.165506313080639844e-02
4.860459106996153217e-02
4.632291452161643730e-02
5.978133896400330410e-02
6.902329673619306272e-02
6.806341623745490454e-02
5.805322783943915599e-02
3.208060326388978423e-02
-9.886566407659015329e-03
-5.840808834294446833e-02
-1.039234656516005717e-01
-1.384778069039656612e-01
-1.553404193517828602e-01
-1.485428411504955137e-01
-1.071667336450952135e-01
-4.636476768955835603e-02
-1.494273530689492827e-02
-2.875384800391303161e-02
-6.912890498762294667e-02
-1.229925269418536693e-01
-1.823982604353218961e-01
-2.368583866935391746e-01
-2.725287112515954457e-01
-2.785029651526090833e-01
-2.500274450326021025e-01
-1.826316994259773729e-01
-6.606025275624834159e-02
7.956575861741382871e-02
2.007039782666528993e-01
2.739529405971158349e-01
3.089331890047584128e-01
3.178005273435159372e-01
3.097625565467567732e-01
2.924322066220166882e-01
2.724569630630169770e-01
2.517354105233785555e-01
2.292027402638691091e-01
2.019725115798397808e-01
1.633677431686628434e-01
1.108368673561229423e-01
4.930599848635132398e-02
-1.871465188590811304e-02
-8.952094493845988432e-02
-1.519487992000279897e-01
-1.974556462497263909e-01
-2.220431738728210758e-01
-2.220731332183691620e-01
-1.992352318325532612e-01
-1.589214444750771116e-01
-1.052997793158373524e-01
-4.128745075802967013e-02
2.584869808402528307e-02
8.235270210265156765e-02
1.199185902685943883e-01
1.388639615453183818e-01
1.405291367518651802e-01
1.319537412794999642e-01
1.252310734828800121e-01
1.208292680401314712e-01
1.080542193092963038e-01
7.769450874050598532e-02
2.618811260911545896e-02
-4.540223400533489884e-02
-1.289223009103334927e-01
-2.125379466680346330e-01
-2.906240376058212838e-01
-3.597739345677669620e-01
-4.137279296664159722e-01
-4.414992424145396943e-01
-4.294185213557127345e-01
-3.811955135781018855e-01
-3.210643147075079584e-01
-2.597188098621082131e-01
-1.851406320856595344e-01
-7.338441657809798013e-02
7.190158215777897599e-02
1.974295717748881240e-01
2.722862963978404660e-01
3.141260996667651906e-01
3.561113128352305091e-01
4.070131511269036162e-01
4.413993471585151984e-01
4.441924812726589789e-01
4.116445835691276978e-01
3.450280282916810548e-01
2.555036047103564356e-01
1.554214554015012073e-01
6.051321672217574443e-02
-1.569451470523210157e-02
-6.942556986291908983e-02
-1.018304284995046882e-01
-1.160345757911951936e-01
-1.176052784888942798e-01
-1.115830782054382520e-01
-1.020744093391075524e-01
-9.280967027623093779e-02
-8.560606782977547846e-02
-7.970826512777867690e-02
-7.465122388937626974e-02
-6.428948902134033749e-02
-4.318768543370904434e-02
-2.215587710163922225e-02
-1.071983017883315452e-02
-7.381130743209301896e-03
-9.296748062173704197e-03
-1.271112146047395988e-02
-1.530970861702164384e-02
-1.967699173108845151e-02
-2.618408444941145233e-02
-2.766613000845961554e-02
-1.765597774740429102e-02
2.609563080171160149e-03
2.637932346796349400e-02
4.914089315451213025e-02
6.976109034918942520e-02
8.617153154886356137e-02
9.726056493942240866e-02
1.060987556291350664e-01
1.146990035818733905e-01
1.182508438107199439e-01
1.092966777156266361e-01
8.462062444035114983e-02
4.448814780847076822e-02
-8.849433386117842859e-03
-7.112156045754741696e-02
-1.409508247710287432e-01
-2.174323650698311017e-01
-2.963572270220239391e-01
-3.699958028354811690e-01
-4.269086021851435375e-01
-4.559878970136459486e-01
-4.487542841293620799e-01
-3.944966292107809913e-01
-2.763011704002713009e-01
-8.135874951326342586e-02
1.478135663233997033e-01
3.266942701633024360e-01
4.263413252535533937e-01
4.644674189078625837e-01
4.560827707113226936e-01
4.145579471232120339e-01
3.502934487123754437e-01
2.733214109632378652e-01
1.954913338744629914e-01
1.254548971780535260e-01
6.317818291191927560e-02
4.425022546787294939e-03
-5.157025138420896770e-02
-1.033276235212149813e-01
-1.467710269096276776e-01
-1.733435404013022874e-01
-1.786961059160733500e-01
-1.677267703942832699e-01
-1.470190785423581281e-01
-1.161538495295221934e-01
-7.270099060048358652e-02
-2.420027331732161821e-02
1.752456289114811411e-02
4.861485612202651185e-02
6.720530002860203300e-02
6.868948665673771381e-02
5.610845681889507774e-02
3.712413746578744483e-02
1.585666882965711816e-02
-3.695181190231587066e-03
-1.751429552183593474e-02
-2.278913651928447803e-02
-2.096926060153495031e-02
-1.739437443234430336e-02
-1.432083120345774979e-02
-1.106067958697286996e-02
-6.185759445535678538e-03
1.912538366682401975e-03
1.333138045049390985e-02
2.755850458374677070e-02
4.386707585195415149e-02
5.870099246159752454e-02
6.578270755054231589e-02
6.149313878175650255e-02
4.496591040262053890e-02
1.695526141023465105e-02
-1.465876500696041210e-02
-3.803590136364456975e-02
-5.063209722041919769e-02
-5.539142561926986563e-02
-5.108644981765774612e-02
-3.863822037052412617e-02
-2.316484160233063874e-02
-8.219229296784898511e-03
4.780555266447441068e-03
1.395981334471334961e-02
1.813245261648488427e-02
1.826981469897734009e-02
1.466394045919926226e-02
5.572345368082800600e-03
-6.958542266515738151e-03
-1.824848952177861652e-02
-2.777955652476725434e-02
-3.690241154570573362e-02
-4.656236160198266860e-02
-5.825349286042855179e-02
-7.107669969512585284e-02
-8.018860930947216414e-02
-7.985912372314696306e-02
-6.834082996919751962e-02
-4.855076415757528935e-02
-2.063284429492440175e-02
1.452861218041645412e-02
4.873366810844217967e-02
7.577282414395788979e-02
9.562497106062170515e-02
1.099938951102333029e-01
1.191835140561477019e-01
1.232622845109257043e-01
1.236251769802783201e-01
1.176918967586826903e-01
1.009359044102153685e-01
7.408729729165694500e-02
4.142797806071366051e-02
8.095454017460087387e-03
-2.199584269209918508e-02
-4.926040087832927322e-02
-7.545179945580042513e-02
-1.009342919114852993e-01
-1.258276836410781030e-01
-1.487654471985758731e-01
-1.667371119587791051e-01
-1.769760628181012707e-01
-1.759955141263133682e-01
-1.589130893803682998e-01
-1.194796239834239049e-01
-5.260155384130192624e-02
2.736739495889792262e-02
8.832992879410897502e-02
1.165064717646865367e-01
1.217679726929305345e-01
1.161893721538005964e-01
1.091367903340066947e-01
1.049646974586632836e-01
1.023661960641093077e-01
1.025561757239001059e-01
1.068668733721408887e-01
1.127193712739378573e-01
1.114515368185324817e-01
8.812245476254686183e-02
4.352241462941120603e-02
-3.407311271598776562e-03
-4.401833590346455188e-02
-7.923242894516693835e-02
-1.035819169199227174e-01
-1.104874885173120769e-01
-9.885863519075485661e-02
-7.007022387861439050e-02
-2.737458163256958552e-02
1.450991425601157354e-02
3.683502007727067901e-02
3.516162766471336160e-02
1.319843503639168969e-02
-2.258430957852815626e-02
-6.521743433093186992e-02
-1.108419524930878558e-01
-1.553601643568515156e-01
-1.949990571080175428e-01
-2.251615890375645579e-01
-2.365044037966646251e-01
-2.158923004897683462e-01
-1.525953073959073203e-01
-5.187437087475347403e-02
6.391295445296588107e-02
1.774651905702586130e-01
2.759281414745213823e-01
3.418987848740144830e-01
3.666142383032521823e-01
3.506025982823529619e-01
2.978813615646965784e-01
2.178971338492047827e-01
1.276304209935321676e-01
4.865983287038606886e-02
-6.536820088021498554e-03
-3.989286035073244530e-02
-5.834754730811106405e-02
-6.808945723741757772e-02
-7.346615795627250978e-02
-7.567354723809743833e-02
-7.393622917348548207e-02
-7.065997686339445250e-02
-7.152078739996030332e-02
-7.609518278084501097e-02
-7.771746253301278773e-02
-7.486199388820014011e-02
-7.208937460992126400e-02
-6.876871376468141062e-02
-5.937246259420653205e-02
-4.325130488944251700e-02
-2.387870346103941263e-02
-4.466607201892835825e-03
1.325901640561612943e-02
2.844581624079219398e-02
3.999748086343759418e-02
4.649713310582370696e-02
4.707319918316528462e-02
4.258828005215065798e-02
3.276871021352413538e-02
1.800990804639672829e-02
-5.324138432200465482e-04
-2.703464630798082038e-02
-6.586743716295076490e-02
-1.176497991025826501e-01
-1.827295992710547823e-01
-2.548692955498307877e-01
-3.169189970757479990e-01
-3.514722098637072523e-01
-3.448241733847878243e-01
-2.816376081735554315e-01
-1.445440489952252994e-01
3.992351652456208044e-02
1.978850512840791831e-01
2.959470115950364466e-01
3.461682020831896023e-01
3.619885930228967097e-01
3.553145477876729630e-01
3.335650225701151106e-01
3.010681901448636344e-01
2.633520626589814229e-01
2.236760538466393278e-01
1.803205617789570281e-01
1.294234023236474629e-01
7.620385188560926948e-02
3.407324759464318287e-02
4.289913352100792332e-03
-2.007427819530958196e-02
-4.056349828294525395e-02
-5.823925798579248497e-02
-7.940013539053418501e-02
-1.058654026107548329e-01
-1.285499855758015508e-01
-1.428032781812075269e-01
-1.512426246859180645e-01
-1.558011155953745175e-01
-1.587508863237250822e-01
-1.640720499715250802e-01
-1.738077263822032925e-01
-1.825584487152427937e-01
-1.806968687816981334e-01
-1.591903740424608915e-01
-1.090214200768624686e-01
-3.402402449931839212e-02
4.375065395946765162e-02
1.089597486879741173e-01
1.599334698554273904e-01
1.939934409111196967e-01
2.028572970071146342e-01
1.787102363878484701e-01
1.263751447352408630e-01
6.516158601895899460e-02
1.327895551015938549e-02
-3.294056009555267756e-02
-9.039513329247236828e-02
-1.576943866360741853e-01
-2.159519406316303125e-01
-2.535240736725137278e-01
-2.694658698208961534e-01
-2.604239178889080630e-01
-2.294125091292849028e-01
-1.875608176022947049e-01
-1.283333355258583219e-01
-3.823089786835005832e-02
7.484688239791441322e-02
1.873637887769042942e-01
2.916975678191375265e-01
3.904343963146210683e-01
4.694113970253382950e-01
5.100903651677680672e-01
4.977692771388976256e-01
4.332140567516113983e-01
3.373187018894053812e-01
2.327912266213996439e-01
1.329629313432196258e-01
4.391802176568129767e-02
-3.144456221486969377e-02
-9.215884316223968420e-02
-1.382352800165397855e-01
-1.728191648889307874e-01
-1.994358139118689310e-01
-2.222760593075780444e-01
-2.457411774724727604e-01
-2.721023727872491915e-01
-3.051571568255892486e-01
-3.447003544984687529e-01
-3.785785723117577883e-01
-3.911278213213723598e-01
-3.743989123050233125e-01
-3.363480293699499524e-01
-2.926331058177463751e-01
-2.409279403439037737e-01
-1.591578882135117889e-01
-3.265444861960597328e-02
1.275408171725530282e-01
3.035720005234088803e-01
4.797970103493728322e-01
6.210499039056985859e-01
6.906049585714764127e-01
6.806639012879387440e-01
6.032851822676926767e-01
4.764500226379815850e-01
3.185953172674900746e-01
1.369515759440350644e-01
-6.441392897225999004e-02
-2.653727471282317785e-01
-4.453713422090997409e-01
-5.956921348713875020e-01
-7.070209891450511819e-01
-7.641985631830208181e-01
-7.491730803139720063e-01
-6.462174513302990642e-01
-4.389692462513079541e-01
-1.368038206017139768e-01
1.879028921852215761e-01
4.414167108011170515e-01
5.776116444410395179e-01
6.085615653497575828e-01
5.730933903810432328e-01
5.035527909608474850e-01
4.099825279975937153e-01
2.929132800345438659e-01
1.586136383427577123e-01
1.801303469228090343e-02
-1.160892894485296006e-01
-2.321260507627758707e-01
-3.234757794940155695e-01
-3.851345584721669324e-01
-4.079761466639372780e-01
-3.822842938614950947e-01
-3.054459813856358896e-01
-1.945470800219696317e-01
-8.165705402087711229e-02
1.417549411875116371e-02
9.539755497828189545e-02
1.669266871105692107e-01
2.267047048703837997e-01
2.772328369854542562e-01
3.225549636638455619e-01
3.512664626301363335e-01
3.431018365677657722e-01
2.951850326364827692e-01
2.217227509058055657e-01
1.348646871598930819e-01
4.583989554273894956e-02
-3.133744721277868794e-02
-8.900272493186370260e-02
-1.273154541592327327e-01
-1.480847053791257417e-01
-1.561397325607724595e-01
-1.596602686129099391e-01
-1.613571159329134641e-01
-1.584093254420734509e-01
-1.497578062778772146e-01
-1.345740898698267463e-01
-1.100992245332600150e-01
-7.542602335771321498e-02
-3.403911088084968228e-02
8.644856728376882488e-03
4.905203592144156272e-02
8.820037868980265539e-02
1.265864962204505118e-01
1.583470731485799310e-01
1.752496494878423017e-01
1.741499136701378236e-01
1.567571672131802540e-01
1.243989444766048225e-01
8.015659027272543924e-02
3.670788947259052276e-02
3.783797352381997048e-03
-2.625717823054983871e-02
-6.023797891884335315e-02
-9.500149878336924814e-02
-1.276031510303245742e-01
-1.582051132943927962e-01
-1.886794203235182266e-01
-2.204940795729176672e-01
-2.526725719634909106e-01
-2.797460443937557772e-01
-2.864347854734482501e-01
-2.682408322682029445e-01
-2.454266860210900791e-01
-2.256185998084137279e-01
-1.904296572442152058e-01
-1.452716939398070728e-01
-1.218007778965536358e-01
-1.170809893583629191e-01
-1.010584540265230119e-01
-4.182124830513277158e-02
8.508959660122139557e-02
2.507861512239637491e-01
3.879898804344619201e-01
4.680496353771563811e-01
5.019677043256063342e-01
4.993105190552638017e-01
4.654703936430846789e-01
4.084951574624087201e-01
3.389549401664441741e-01
2.627077162583347225e-01
1.762916208263482776e-01
8.002200539176598793e-02
-1.158784241601865800e-02
-8.463680228293574137e-02
-1.348395021569365471e-01
-1.593971408261079525e-01
-1.595199560525379923e-01
-1.439694138594188044e-01
-1.207818631408080490e-01
-9.869500197402909791e-02
-8.538459400698325541e-02
-8.162973747264572200e-02
-8.604124529960804901e-02
-9.812609326064813953e-02
-1.197751227560826803e-01
-1.520878525885797916e-01
-1.909247776914758665e-01
-2.256011356452774785e-01
-2.398407604377605362e-01
-2.188962113192926551e-01
-1.643706294074094576e-01
-9.203102658071687925e-02
-9.957849490506669524e-03
8.049299235895171489e-02
1.626192030026104851e-01
2.086292104640654066e-01
2.112908654099782679e-01
1.833535043268442466e-01
1.349407749846928684e-01
7.251472213811324674e-02
5.296269529306518037e-03
-5.092326432488251953e-02
-8.283499197678062531e-02
-9.018404338230885664e-02
-7.283088429917883300e-02
-2.409624200001156402e-02
4.297173783834742911e-02
9.481807340327179368e-02
1.171407565105027498e-01
1.164776448128793385e-01
1.045530505033587521e-01
9.354113618199319524e-02
8.018405335377497278e-02
5.587019466192109235e-02
2.475924233604694102e-02
-6.161595130997945743e-03
-3.399981691375963955e-02
-5.562921361140077403e-02
-6.983537616196011655e-02
-8.115740026475370961e-02
-9.093353580099966527e-02
-9.370055189354281611e-02
-8.793752364308203562e-02
-7.825586784659420425e-02
-6.949375834213826486e-02
-6.263643875780566805e-02
-5.691489546814469669e-02
-5.337226179558082068e-02
-5.275841512503294528e-02
-5.222954832195985525e-02
-4.693899276455232999e-02
-3.422580589585814265e-02
-1.370477239745996820e-02
1.493045429076134481e-02
5.136638788966897684e-02
8.910644989204849487e-02
1.190110506459520212e-01
1.393977065955094019e-01
1.517575600864627949e-01
1.552651056369330484e-01
1.489210293889584868e-01
1.311569199622114601e-01
1.013256946761688232e-01
6.333797258567509803e-02
2.138385205034707554e-02
-1.812394193565110972e-02
-4.712069179971326016e-02
-6.602550720792349503e-02
-8.026786119202104774e-02
-8.961059195793659449e-02
-8.776229359093279392e-02
-7.282746636969664178e-02
-5.126898137800485478e-02
-3.334150415073056095e-02
-2.527910941534911721e-02
-2.669247687854497952e-02
-3.370764230734189792e-02
-4.117793089207402724e-02
-4.706398563972946647e-02
-5.059654970588911560e-02
-4.897599801673521019e-02
-4.051561414453466736e-02
-2.490342843588157912e-02
-2.809263351951359327e-03
2.159427283747013260e-02
4.181721663565617086e-02
5.369463560707734423e-02
5.761051504477228413e-02
5.512083994499419187e-02
4.666435729321588566e-02
3.452267667424965131e-02
2.179637774897594596e-02
8.684791271217712216e-03
-3.840810817762476282e-03
-1.307719751080200013e-02
-1.900408373233082593e-02
-2.327423116663979857e-02
-2.510077058560861163e-02
-2.205690290886516691e-02
-1.306640587647409438e-02
-3.495458152300472479e-04
1.027324837002869910e-02
1.463317187830916709e-02
1.166585144157392638e-02
3.280819446034537352e-03
-4.736628064730580810e-03
-9.248475864251379588e-03
-1.207995820594160753e-02
-1.490560647897869705e-02
-1.761513129421051968e-02
-2.156637732284702458e-02
-2.928967484066426208e-02
-4.011040060154482528e-02
-5.010457270094668958e-02
-5.461206929740502342e-02
-5.170310085192714872e-02
-4.329955155465747829e-02
-3.065952248959816565e-02
-1.384009340416657644e-02
5.501351632255619198e-03
2.513634586684014571e-02
4.245907529489826443e-02
5.440671741604162504e-02
5.905340098601188220e-02
5.669153721467121154e-02
5.008374353376104232e-02
4.385338255639502358e-02
4.205739410658216465e-02
4.595192447615736864e-02
5.533733542817768220e-02
6.810574292095526727e-02
7.890875593776013053e-02
8.286970281849584397e-02
7.770926776384075307e-02
6.452082467696215740e-02
5.031686531701970444e-02
3.988183351645504388e-02
2.712032814467098957e-02
4.943747580358251112e-03
-2.217960995254808151e-02
-4.323064607886542565e-02
-5.061761578228604619e-02
-4.594691198322812392e-02
-4.181477494674318979e-02
-4.602639376030442930e-02
-5.511709508242502997e-02
-6.468318669475855986e-02
-7.160495369300770574e-02
-7.372139579014706789e-02
-7.052978779600045656e-02
-6.454402995083406702e-02
-5.928573917839094487e-02
-5.546781425810100308e-02
-5.166800434097471029e-02
-4.715563651894270208e-02
-4.398309009367479261e-02
-4.561960107967354128e-02
-5.189895078144707991e-02
-5.757074294507088380e-02
-5.901725778660236316e-02
-5.671369647120315383e-02
-4.469100954038016105e-02
-9.232128883893433308e-03
4.222306255469059771e-02
7.935119358489052532e-02
9.127844897487809306e-02
8.927460616869803411e-02
8.247967725703325703e-02
7.292220452923818541e-02
5.870427391676381196e-02
4.115347273873426470e-02
2.569813291077080453e-02
1.592542364058767076e-02
1.216555524629950140e-02
1.163625849455566033e-02
8.095840313334178029e-03
-1.291191850795526605e-03
-1.188173837143711824e-02
-1.827932501582220370e-02
-1.897118636938086716e-02
-1.455499181646302195e-02
-4.865910332459338905e-03
1.183447840741203884e-02
3.685557225243487472e-02
6.945163950326385671e-02
1.072977768249080005e-01
1.426535015805654727e-01
1.690507893726539423e-01
1.884979998263121848e-01
2.020488931714886915e-01
2.092542642317647694e-01
2.101761812935561691e-01
2.049798859881600266e-01
1.961728841294883563e-01
1.865649753261644783e-01
1.731899745894091847e-01
1.452124947712628011e-01
9.250816844641246428e-02
9.400675956005612177e-03
-1.045897675326445952e-01
-2.419804536755424118e-01
-3.907481354431021625e-01
-5.410509838196002619e-01
-6.804855351869659730e-01
-7.838978770140999641e-01
-8.175304780210368438e-01
-7.656414606444887916e-01
-6.581260404801257957e-01
-5.406091723771134783e-01
-4.228962407342676255e-01
-2.751048025228104987e-01
-8.904158191204246398e-02
1.031099846428156497e-01
3.041776827137862571e-01
5.275814860017634667e-01
7.243064685332027963e-01
8.338393361294008654e-01
8.412007068210962668e-01
7.622611103340659611e-01
6.295938877875024708e-01
4.797167693373014519e-01
3.316817371077133703e-01
1.943924895021512667e-01
7.519610068366239242e-02
-3.116944098223657644e-02
-1.350101269832321704e-01
-2.319609544053103378e-01
-3.071093479497416512e-01
-3.515520775079706839e-01
-3.598003982622768326e-01
-3.288900560654828831e-01
-2.634456052412437743e-01
-1.655242617037820940e-01
-5.298981873511750956e-02
3.615462061966086965e-02
8.652231643919505721e-02
1.084272132657012055e-01
1.204019335408758051e-01
1.320957918126441921e-01
1.349213946417752719e-01
1.278203049076622189e-01
1.249258185459474757e-01
1.292251188620720526e-01
1.282669461107153741e-01
1.169367113669833730e-01
9.904751417429909222e-02
7.373212022708880431e-02
3.589085984971152055e-02
-1.643970111088103453e-02
-7.715113836663586855e-02
-1.320189390599207646e-01
-1.695182273139623774e-01
-1.867403928871492480e-01
-1.849289763320174085e-01
-1.695595213446407790e-01
-1.473556179175642411e-01
-1.196302807618140895e-01
-8.790588999805067083e-02
-5.705771979469712735e-02
-2.826638193757464307e-02
-2.207505907408094641e-03
1.726508187794218233e-02
2.849622697636272281e-02
3.294966539504325109e-02
2.850136414676923691e-02
1.228269645115666678e-02
-9.742790872643528055e-03
-2.889069919609197484e-02
-4.441378596362555164e-02
-5.282874860769325165e-02
-3.896305123793263742e-02
-3.493498184589949491e-03
3.321471608693798983e-02
6.363897915636877733e-02
9.493315031413074312e-02
1.286765362615753805e-01
1.581437817329435780e-01
1.790444466387198230e-01
1.891996320497371931e-01
1.880309645716670142e-01
1.753222619932436610e-01
1.457849060170988975e-01
9.620073767389963892e-02
3.395335835358199300e-02
