4.227568980784751629e-02
1.171150635724027556e-02
-1.129002243030147179e-02
-2.813032610957641455e-02
-3.635530640630067062e-02
-3.835279443430920920e-02
-3.925250252549924990e-02
-4.139500524039922691e-02
-5.051828388974795303e-02
-7.375682962081846206e-02
-1.088887965755159781e-01
-1.451158336375105717e-01
-1.748893682408356187e-01
-2.011690996097058037e-01
-2.288035758808628917e-01
-2.539899050837254313e-01
-2.767737049362113955e-01
-3.041176480518651415e-01
-3.374967216106193324e-01
-3.742615577091998880e-01
-4.063001930019610186e-01
-4.155964858448889521e-01
-3.801478172460637239e-01
-2.881777554269850938e-01
-1.359721406750167561e-01
9.372506326861212989e-02
3.647955364715381177e-01
5.720460208146568304e-01
6.684767702922087551e-01
6.710736027991610619e-01
5.993527551623901717e-01
4.704948137087728854e-01
2.989087142125005370e-01
1.013239093809367997e-01
-1.037735028628335027e-01
-3.039861729091552500e-01
-4.919199961362868967e-01
-6.466463323694127130e-01
-7.553616793914887939e-01
-8.258425894559051628e-01
-8.355390664463497874e-01
-7.259917871062374628e-01
-4.443486502325986742e-01
-1.884448494976356803e-02
4.148241450048539836e-01
7.399431062801906656e-01
9.306905146049551103e-01
9.832203726880095473e-01
8.915660293335073705e-01
6.768457798606950515e-01
3.828306250977246972e-01
5.464461141624614438e-02
-2.730082268728428185e-01
-5.710561716010815747e-01
-8.087589183770499401e-01
-9.527103330458208674e-01
-9.655978170717753883e-01
-8.055035241610868368e-01
-4.917807348813728607e-01
-1.424381704679333061e-01
1.538252542857451721e-01
4.056307272309629397e-01
6.077403681320289186e-01
7.094470823494445355e-01
7.049559307802126806e-01
6.302659436400823711e-01
5.162285181648285093e-01
3.875099242930408749e-01
2.668929015954009110e-01
1.772627035421761588e-01
1.316554457086030194e-01
1.344852106449266893e-01
1.756002843107474787e-01
2.334345664634537021e-01
2.900645611261948864e-01
3.225093605094816462e-01
3.211612814927572446e-01
2.919214131149918123e-01
2.362973090612488225e-01
1.543131859331823008e-01
5.035310758882069471e-02
-6.739419729936604875e-02
-1.947985122671059000e-01
-3.283177054514126447e-01
-4.642637882277899086e-01
-6.051577474555046576e-01
-7.532871324040930627e-01
-9.032596620837379797e-01
-1.042699485121746594e+00
-1.152150511812269018e+00
-1.207657621441577511e+00
-1.182472903680995779e+00
-1.043086934506641583e+00
-7.550794336429929032e-01
-3.271003183185504093e-01
1.451660620373146360e-01
5.459071048767392131e-01
8.265223656559274046e-01
9.929003820075651410e-01
1.064411734281238253e+00
1.052687181187375698e+00
9.760046479490369631e-01
8.605530455499402764e-01
7.199472230758485747e-01
5.641960980729676667e-01
4.080160195781838972e-01
2.652806421830625760e-01
1.447202563795403629e-01
4.874378684818134189e-02
-2.437844926853318522e-02
-7.804925084785921396e-02
-1.184936075889984619e-01
-1.508501817611227480e-01
-1.760085743218059995e-01
-1.950942886038253554e-01
-2.094942024156368487e-01
-2.206932113649922034e-01
-2.302488376692959360e-01
-2.374865235084780146e-01
-2.428799296743013592e-01
-2.481818329209200535e-01
-2.536949137336390603e-01
-2.598035726828933911e-01
-2.636856370575240138e-01
-2.609483344480479361e-01
-2.458101392916204331e-01
-2.068792417773331338e-01
-1.348009745161078132e-01
-4.011807809567469185e-02
5.209292058222342314e-02
1.353105948555329840e-01
2.080112730378105290e-01
2.532303984062356239e-01
2.644875018129306254e-01
2.521986266249701125e-01
2.278106289015124075e-01
1.987435986008180000e-01
1.704440712057554708e-01
1.460949787119357191e-01
1.256424693908922419e-01
1.077917129292300658e-01
9.208025820963408603e-02
7.807057612755331777e-02
6.433617501162175456e-02
4.948977346928541687e-02
3.393494218109416316e-02
1.941370973030557417e-02
6.460437564242756114e-03
-4.418625543160855512e-03
-1.356073328589984389e-02
-2.414883383138884815e-02
-3.697812923353255288e-02
-4.852722195067649125e-02
-5.684865310231134589e-02
-6.256922394802721943e-02
-6.178731842172411476e-02
-5.331031934629781172e-02
-4.803837516861721169e-02
-5.408435163525121547e-02
-6.776958049672662798e-02
-8.334881561780185799e-02
-9.978560747172379730e-02
-1.191674819279560649e-01
-1.450724206046651588e-01
-1.761542606538476219e-01
-1.993769379655065677e-01
-1.969107656266078366e-01
-1.743796828614747607e-01
-1.636055344299288117e-01
-1.787007460041653284e-01
-2.063600137495555376e-01
-2.289766680104886598e-01
-2.346417487860415485e-01
-2.102467434732395724e-01
-1.579575281856757385e-01
-1.015283462573484952e-01
-3.851409255978165830e-02
6.369047465677482589e-02
2.302585938060693060e-01
4.170429834227377119e-01
5.323566376323000116e-01
5.507128324318201207e-01
5.000923772465958317e-01
4.058276382671724414e-01
2.877833407611869454e-01
1.619347107151333232e-01
4.585206713066267148e-02
-4.481467008009866471e-02
-1.004343158691679144e-01
-1.128650512511238935e-01
-7.148999902154973274e-02
5.981506361565920582e-03
7.161268454638652914e-02
1.033028515223834709e-01
1.042268189457451893e-01
7.823343441857463776e-02
3.360515387669565229e-02
-1.814894309243604564e-02
-6.593190643926793992e-02
-1.023543527300926487e-01
-1.250015848982912736e-01
-1.333444224899784092e-01
-1.262575122759230506e-01
-1.125708316012590943e-01
-1.083021758716632144e-01
-1.153183324666380294e-01
-1.268271080342421309e-01
-1.381580139166066756e-01
-1.475392444299039318e-01
-1.567495254052801157e-01
-1.623193599007388410e-01
-1.549955885503804254e-01
-1.277598179416387647e-01
-7.713696379154805216e-02
1.635094081772912357e-03
9.349043502912647574e-02
1.617340065698081863e-01
1.945712286014258663e-01
2.014266815255113807e-01
1.867831313139482752e-01
1.570713560989523694e-01
1.215904781512792965e-01
8.770020359650909647e-02
5.836890317622319552e-02
3.227707194545661323e-02
9.570528651157633043e-03
-7.391165243339621778e-03
-1.736092675099324203e-02
-1.905204087471305124e-02
-1.231635470215782825e-02
-1.322120785946553911e-03
9.106032462872804337e-03
1.683255341176918135e-02
2.051381704844001952e-02
1.892818294327900872e-02
1.118581414664564753e-02
-2.793151934474409973e-03
-2.201247140169329194e-02
-4.462902120883946444e-02
-6.404430308770700520e-02
-7.297913360332849986e-02
-7.340671523624255068e-02
-7.190898202939355333e-02
-7.262598591507925250e-02
-7.534231879726098480e-02
-7.557756251534254732e-02
-6.977796432646578284e-02
-5.867868824117459386e-02
-4.386874476102813752e-02
-2.299865584214332362e-02
6.054969499002717075e-03
3.827092844238817043e-02
6.570475942979731032e-02
8.450781587204489465e-02
9.628858083638192067e-02
1.040461857196119388e-01
1.066111870376992843e-01
1.013433489746153604e-01
8.723717606569256211e-02
6.531037049199991951e-02
3.917024770722924570e-02
1.237099390740832409e-02
-1.415249374023019348e-02
-3.815974266210915566e-02
-5.527684674969108453e-02
-6.713341610360705480e-02
-7.857625957876390732e-02
-8.993674179307165062e-02
-9.956641354154449619e-02
-1.062024668028653113e-01
-1.076400616216224987e-01
-1.028164933340608295e-01
-9.160306206839564924e-02
-7.293176447093255299e-02
-4.703486488773955809e-02
-1.792251532263689287e-02
9.351393098476191990e-03
3.296825680188826546e-02
5.302875783117154407e-02
6.987910899189003766e-02
8.381520915550494388e-02
9.585491209873929497e-02
1.079319429448949985e-01
1.193399299149957848e-01
1.249583419343456708e-01
1.191769951001411254e-01
9.703267234373230687e-02
6.193963907505517508e-02
2.913480377714845054e-02
7.858904587899763483e-03
-3.668832805761208099e-03
-9.357961968390020660e-03
-1.123041669162270183e-02
-1.032251766832812355e-02
-7.616677609228215268e-03
-2.144929201957621046e-03
6.701024079692051438e-03
1.813453344201956807e-02
3.281669252850062668e-02
5.041287201708927884e-02
6.686204177913938895e-02
7.935246590969935454e-02
8.758769266751187388e-02
8.889958345430176712e-02
7.933303121325838148e-02
5.732962116707894518e-02
2.245064194813856107e-02
-2.574425588464970480e-02
-8.605176403935740903e-02
-1.547935370913212927e-01
-2.267404749203652259e-01
-2.952588559639266474e-01
-3.538239949483577007e-01
-3.975766145738148238e-01
-4.205786563380948806e-01
-4.159370429620099507e-01
-3.771007167993164488e-01
-2.953119055057002451e-01
-1.586636930874771867e-01
4.768661595565161504e-02
2.835203564762907580e-01
4.533289005339429800e-01
5.205152520074179945e-01
5.100709163372326715e-01
4.480916112315984079e-01
3.518945681373887302e-01
2.350290767079923349e-01
1.126780935125263061e-01
-1.238981657863087033e-03
-9.491024542968774791e-02
-1.607886933105278637e-01
-1.969911274376469901e-01
-2.038650872332757047e-01
-1.791333680775957504e-01
-1.169455442639556475e-01
-3.330661748883816109e-02
3.339006693241784035e-02
6.831874020737807585e-02
8.003521864058792123e-02
7.551477665941673523e-02
5.894284031067956175e-02
3.473490496182760762e-02
6.776279145006112656e-03
-2.022596633114328094e-02
-3.837120209421884809e-02
-4.041797452670888718e-02
-2.237061921482586327e-02
9.394356417812015428e-03
3.866136727743807455e-02
5.732765368378563153e-02
6.707263606745192397e-02
7.037852452946269377e-02
7.060817167237087855e-02
7.056463406391422222e-02
7.014707784399645818e-02
6.662284315603282658e-02
5.753061532006363554e-02
4.314659657475427429e-02
2.167914905453320606e-02
-3.889949417267302492e-03
-2.031104807972868367e-02
-2.380545954021458591e-02
-2.014343455286598042e-02
-1.239574002573839637e-02
-5.173344228195767697e-03
-2.453232389566295524e-03
-4.105766796773512028e-03
-1.051473166014682548e-02
-2.319565171705073939e-02
-4.235265207622652267e-02
-6.644750050141512432e-02
-9.166353608023269928e-02
-1.134928020238066410e-01
-1.315903726825872200e-01
-1.501720544507686717e-01
-1.720172486850296556e-01
-1.949387451025019202e-01
-2.131175594828653153e-01
-2.206657981181389672e-01
-2.123979283731978474e-01
-1.806345376757199084e-01
-1.157297725048165304e-01
-1.199385500350530660e-02
1.064911886347864878e-01
1.947457947316749149e-01
2.396771799855548779e-01
2.540184779502444590e-01
2.482603436379096640e-01
2.287545936026579851e-01
2.003735325130834022e-01
1.687016122924046568e-01
1.356472842807500689e-01
1.019756824760447017e-01
6.870953547843443310e-02
3.432662006592177711e-02
-1.139077895673316389e-03
-3.157803432833720253e-02
-4.878783305298355077e-02
-5.053175122263167673e-02
-3.945255324774284145e-02
-2.008873331261439715e-02
1.150125002625096426e-03
1.952712556540948247e-02
3.289898177442406729e-02
3.786956503861826223e-02
2.940422276498404902e-02
7.099345962546582331e-03
-2.268615612474515070e-02
-5.227868654670900228e-02
-7.717696413302573000e-02
-9.702850905096617462e-02
-1.127113370239439805e-01
-1.230845316625870378e-01
-1.263360833540859429e-01
-1.229283801125484049e-01
-1.146421462458552948e-01
-9.960978526665877075e-02
-7.220949809772371497e-02
-2.717126054039098459e-02
2.918217584026953915e-02
7.875204646053735047e-02
1.111156890583512857e-01
1.244198488743522152e-01
1.193801566727824420e-01
1.005289141185581187e-01
7.256630516128895203e-02
3.906953542196758833e-02
6.111130328886963878e-03
-2.019871626939042514e-02
-3.805193500736067658e-02
-4.722678169931891073e-02
-4.968244614044868557e-02
-4.719556265304347686e-02
-3.864679014755575265e-02
-2.672070615859417630e-02
-1.838502349042910738e-02
-1.526058209979601517e-02
-1.273222879380665404e-02
-8.408309159319867290e-03
-2.843408621834055995e-03
4.178739165092040624e-03
1.322050158638242434e-02
2.540518429185081514e-02
3.859117635587553524e-02
4.870626123372596289e-02
5.775032951106825324e-02
6.819517435209886125e-02
7.868534993424108892e-02
8.739598086994598836e-02
9.336119853368513022e-02
9.639415128826382684e-02
9.540280205735539309e-02
8.822151731422804566e-02
7.383856043678226067e-02
5.219452769726865005e-02
2.461577038980843415e-02
-3.896398900839381091e-03
-2.938900410122302631e-02
-4.943927580041217879e-02
-6.106196904409073867e-02
-6.485348982350955249e-02
-6.443108401205975555e-02
-6.250679471014305988e-02
-5.912553931998440482e-02
-5.308362206721140009e-02
-4.506199243857800935e-02
-3.829372913988599025e-02
-3.719675565157283537e-02
-4.640094200071478298e-02
-6.863953673738941441e-02
-1.034630766203867985e-01
-1.479435001420144613e-01
-1.969658437296484821e-01
-2.436210344332532807e-01
-2.794627863085329400e-01
-2.947760060624224909e-01
-2.777111491731029669e-01
-2.128038128627700865e-01
-8.072818344683516112e-02
9.359725598618359732e-02
2.373240922830145705e-01
3.208057774667983919e-01
3.575512578159800170e-01
3.587882312558859921e-01
3.358035270275847028e-01
2.973444337571747309e-01
2.488943310775644513e-01
1.956554284759625117e-01
1.417044299650808414e-01
8.993356586293013710e-02
4.215575617589513435e-02
-8.526225037777286631e-04
-3.789929545847309234e-02
-6.921414921524626784e-02
-9.729307607454273921e-02
-1.247749254296032090e-01
-1.519497570284368826e-01
-1.738673591784851147e-01
-1.834970889571783947e-01
-1.780159830513430297e-01
-1.590943106228338566e-01
-1.263100580291875996e-01
-7.290360247421161233e-02
-5.432521960960003463e-03
5.125711696296000180e-02
8.527377288562780489e-02
1.005804376429312030e-01
1.024674253025672221e-01
9.711062460292643750e-02
8.750491396887336015e-02
7.094965516990082988e-02
4.778493949042407485e-02
2.427385474230154758e-02
5.139448645401499191e-03
-6.250383900880510796e-03
-9.576545249306914198e-03
-8.602681029283888725e-03
-6.128044341823676161e-03
-6.297715124223210448e-03
-1.279726226637628410e-02
-2.310600344015450655e-02
-3.240831712305482226e-02
-3.874233160003857923e-02
-4.307737572611977650e-02
-4.706560540824630129e-02
-4.974670502272537931e-02
-4.747345782136985770e-02
-3.821143226033173190e-02
-2.619879019425921593e-02
-1.573852975316218997e-02
-5.469390120361310517e-03
4.765848668853602324e-03
1.477371146625274315e-02
2.567001223625818909e-02
3.619671444810109578e-02
4.397288105148715320e-02
4.633070007087437825e-02
4.290814399090978060e-02
3.699294473007439660e-02
3.146417650097663860e-02
2.561320916816505269e-02
1.749208625350683402e-02
8.827402513703850109e-03
2.858504455347909545e-03
-4.638284139769389969e-04
-5.834636305199559017e-03
-1.700503076865738164e-02
-3.162951495108663053e-02
-4.448605906007725014e-02
-5.004292458038461788e-02
-4.429939445334455522e-02
-3.046225718827524909e-02
-1.688492470546082425e-02
-6.526128839936537820e-03
2.931198371051590371e-03
1.400149950863371039e-02
2.696641521598305141e-02
4.002981823292128122e-02
5.112235263984728217e-02
5.585100807082522129e-02
4.853559757973468364e-02
2.826663701445120136e-02
-1.827948861765583619e-03
-3.510588177107856755e-02
-6.208029167462279785e-02
-7.914859595328786745e-02
-8.703735875464331528e-02
-8.568623464814650870e-02
-7.444182308321259378e-02
-5.288496841618933048e-02
-2.457318685256960553e-02
4.020448167803441532e-03
2.857290951956705655e-02
4.759726429506200285e-02
6.173668099539791898e-02
7.195864253953875023e-02
7.790411152308855669e-02
7.947477025858667998e-02
7.690547919073587035e-02
7.082743815767451878e-02
6.227569773219972238e-02
5.147034695112617103e-02
3.754358834894407776e-02
1.930301744170356479e-02
-2.413781660045932666e-03
-2.505290814990134007e-02
-4.776289314891207782e-02
-6.660976328373163780e-02
-7.433728767991562569e-02
-7.142256670113628081e-02
-6.452034932607200735e-02
-5.709843795392417071e-02
-4.920438915608058017e-02
-4.070690323799300986e-02
-3.213148493887913598e-02
-2.427439450136135643e-02
-1.577388779456887630e-02
-4.053235968774935791e-03
1.331470032751251413e-02
3.553200373687145225e-02
5.484637764132244131e-02
6.540488525377970153e-02
6.855385020438413413e-02
6.705970544048195370e-02
6.223371064455115315e-02
5.410553453048176642e-02
4.257194304917438776e-02
2.839677759768669679e-02
1.295826479377278767e-02
-2.953933553129567922e-03
-1.969752227003252615e-02
-3.617585456533348176e-02
-5.061018288431008011e-02
-6.357193881731751373e-02
-7.549779198446841810e-02
-8.541679178842262465e-02
-9.200879825746091645e-02
-9.371015073792081373e-02
-8.924733647846302964e-02
-7.820253692059028761e-02
-6.153864222781548626e-02
-4.019935216197355332e-02
-1.254818715965263197e-02
2.122905410982299859e-02
5.643143543304006415e-02
9.215923866812400500e-02
1.257829710982948379e-01
1.498759031217030968e-01
1.629018154207806934e-01
1.660982361661426376e-01
1.597563714983298300e-01
1.443327868122539215e-01
1.189294469958788042e-01
8.090277562589656690e-02
3.121501621254408124e-02
-2.020112042902281330e-02
-6.406738083872140499e-02
-1.003599217204641791e-01
-1.317357550787319198e-01
-1.593879035163123514e-01
-1.844783433954423624e-01
-2.064264898802365411e-01
-2.215835273385418636e-01
-2.242022911622462977e-01
-2.059974601493061441e-01
-1.571120942315405444e-01
-6.907114190456059566e-02
4.080601963984584191e-02
1.297536318499047103e-01
1.780728415296286282e-01
1.924208158490296472e-01
1.816930196727101765e-01
1.540096403305889761e-01
1.179834775211305586e-01
8.359372581470775332e-02
5.555905034200236958e-02
3.246672484611624193e-02
1.494827085401371873e-02
5.789358938685045149e-03
2.627344795200851554e-03
-6.742986493608240511e-04
-4.464246664365597098e-03
-5.341661188926475311e-03
-3.185279864601939584e-03
1.088022365315367487e-03
8.478688064716452533e-03
1.852738175528554493e-02
2.884678763024325909e-02
3.036301175309920330e-02
1.270962535272902698e-02
-1.982335270872247548e-02
-5.414846345738455469e-02
-7.868004776222145558e-02
-8.796986194716678586e-02
-8.280002387915109952e-02
-6.643196960833384901e-02
-4.511582082832166218e-02
-2.594119345917161867e-02
-1.075150269451901133e-02
5.095690838359081317e-04
6.732725879815916470e-03
9.941768873260415501e-03
1.400132514586010027e-02
1.941572633754775484e-02
2.150613588607638155e-02
1.861255975636898902e-02
1.446119542891431339e-02
1.042338298862336386e-02
5.059294482670479744e-03
-2.837876047837010855e-03
-1.309338253822544575e-02
-2.420650670271206825e-02
-3.439599184688697797e-02
-4.119397140982396233e-02
-3.951345850951626382e-02
-2.803783679782548971e-02
-1.328214389896323518e-02
-4.386137666513925670e-04
8.576549230276807323e-03
1.180593464852139514e-02
9.700163161063210873e-03
7.288025751720730860e-03
1.015007266711979994e-02
1.713139094947981750e-02
2.352479578786993708e-02
2.766190619229422915e-02
2.724215566356374962e-02
2.274797501329160060e-02
1.966273592359621403e-02
2.001866534249395480e-02
2.468972043418401346e-02
3.388307203425958147e-02
4.501307042276968956e-02
5.743003624791730849e-02
7.143936578103241009e-02
8.604477597287718549e-02
9.674638602660513842e-02
9.487316295274897393e-02
7.353054680813204957e-02
3.853726344452224062e-02
5.106097914388140271e-03
-2.252305972884302218e-02
-5.037887532523747935e-02
-8.141684078784106049e-02
-1.134806551612054654e-01
-1.426544916678206265e-01
-1.651420321945859526e-01
-1.751028992353756697e-01
-1.643576309878820862e-01
-1.265166190652895484e-01
-5.924846791933219281e-02
2.570106834320754277e-02
1.017806498685360217e-01
1.533894602985472755e-01
1.822018093998028498e-01
1.940388131252239190e-01
1.928416049434251156e-01
1.797627804944704755e-01
1.561760484762249324e-01
1.240964584294351192e-01
8.354069631291033415e-02
3.269445823645850124e-02
-2.897350626817395483e-02
-9.529940382655437137e-02
-1.570985218432215669e-01
-2.133102633513014046e-01
-2.659784846910240863e-01
-3.124296902964392997e-01
-3.483967782576188332e-01
-3.713479781867508045e-01
-3.805425660783506858e-01
-3.717388508061497676e-01
-3.311257706559965208e-01
-2.360966917046458113e-01
-6.304546452462518602e-02
1.552228981125957641e-01
3.318176555947424666e-01
4.306272980059349664e-01
4.662400224034047302e-01
4.555476260227879215e-01
4.154466298294319238e-01
3.578501096453411412e-01
2.907002521928067074e-01
2.188261989639144478e-01
1.457707042186216773e-01
7.561572788825036973e-02
1.151104634701741875e-02
-4.200445735000633840e-02
-8.163362646156509250e-02
-1.109289756821273121e-01
-1.330374486248491195e-01
-1.469511793088169038e-01
-1.526192140413711318e-01
-1.506257521128676613e-01
-1.418577562886386700e-01
-1.281105557354875746e-01
-1.093226026025170550e-01
-8.348961435082766225e-02
-4.836175183615375878e-02
-7.457329229047109792e-03
2.681818961055719083e-02
4.691073765721298638e-02
5.591825162174716979e-02
5.773536646543530465e-02
5.414644162015400108e-02
4.724288711521691664e-02
3.918153028015663314e-02
3.096412114623668319e-02
2.421953656495790322e-02
2.166650257878684205e-02
2.219937362045586865e-02
2.160903803897376921e-02
1.786321617459563776e-02
1.269358038873626485e-02
7.871818958053757032e-03
3.583504691668326289e-03
2.174237917104856338e-03
4.970231716802801444e-03
9.210900961749080712e-03
1.211500210274643261e-02
1.349240762593553918e-02
1.258019592476053439e-02
7.164649377837561083e-03
-4.554194408945026404e-03
-2.498209615579300227e-02
-5.421652156517989957e-02
-8.886417052573397646e-02
-1.258804201359923214e-01
-1.625263014004369733e-01
-1.945325536105532160e-01
-2.167043289726217903e-01
-2.249722136704388475e-01
-2.142089038602134898e-01
-1.737623672532389307e-01
-9.052516884127075059e-02
1.944264924607909048e-02
1.112370378478453464e-01
1.670438981781212084e-01
1.962987722892665099e-01
2.077209949684955537e-01
2.077218968980495961e-01
1.990290049358275637e-01
1.837965499311032536e-01
1.646098512582963025e-01
1.429812283401967754e-01
1.217288062878014443e-01
1.038843612548521200e-01
8.901637038064162677e-02
7.481259161586499562e-02
6.013683653512020416e-02
4.543179428105399015e-02
3.305368511736762188e-02
2.486847893592285599e-02
1.941356667844469294e-02
1.435133608810764544e-02
6.208450651229564105e-03
-9.091334189077489303e-03
-3.216111526115468522e-02
-6.074454669340013935e-02
-9.094858546017588197e-02
-1.201310921573013613e-01
-1.507638023330956645e-01
-1.895636316232074958e-01
-2.408823310422158748e-01
-3.007408846154412396e-01
-3.599998700882864888e-01
-4.062356748705208132e-01
-4.249325829375802388e-01
-4.003940992797242471e-01
-3.122978171914118639e-01
-1.365707448146879222e-01
9.376278950816976931e-02
2.844256131635378715e-01
3.936285662136111974e-01
4.371469721947687792e-01
4.315943566205011628e-01
3.921935067626416971e-01
3.336128692166353549e-01
2.689696022680216903e-01
2.078727925891175610e-01
1.542582260411571871e-01
1.075462796113876990e-01
6.520386706113504016e-02
2.743846226343912148e-02
-2.053099544500999046e-03
-2.316326812102922211e-02
-3.779310802789392909e-02
-4.797856261201956241e-02
-5.651491347182856922e-02
-6.589180707595744535e-02
-7.970188279866405323e-02
-9.924379304040172045e-02
-1.215811458574325848e-01
-1.423166629566887664e-01
-1.569703548463377285e-01
-1.588005486598028371e-01
-1.392709014587916738e-01
-9.592176867186300027e-02
-3.772423226263738050e-02
1.854119630062931248e-02
5.918243566523405386e-02
7.846113398614147638e-02
7.764619035128772495e-02
6.314402177842401431e-02
4.119230511437316222e-02
1.762129771992050620e-02
-1.867201319605724455e-03
-1.317678657246202506e-02
-1.529754672202615282e-02
-1.299219046294408306e-02
-1.097320932969025019e-02
-9.267593735871536634e-03
-6.002944988676565605e-03
2.144170241716758952e-04
1.007799128593307898e-02
2.600665136952098194e-02
4.703071553521914056e-02
6.515243680909120483e-02
7.486777480002108909e-02
7.679697122955410349e-02
7.235220068232715851e-02
6.272589486039714668e-02
5.018535005343192912e-02
3.673163659630689082e-02
2.208821190167805509e-02
7.374763121512131411e-03
-1.352893384337082103e-03
3.569142335193668802e-04
6.832790374356814689e-03
6.797321278498327096e-03
-4.139535462518287301e-03
-2.260382076596936796e-02
-5.068813857711147730e-02
-9.728307546104904280e-02
-1.600972203233884117e-01
-2.251814442620936330e-01
-2.838514826989371187e-01
-3.324791006338481125e-01
-3.614122047480423094e-01
-3.568821314832713032e-01
-3.085847878103757380e-01
-2.068181611403291653e-01
-3.759743772662360595e-02
1.678610546400682857e-01
3.298917899791518615e-01
4.177650785918529119e-01
4.504215030833004230e-01
4.421957355048642402e-01
4.041238195232071950e-01
3.493860899295049283e-01
2.892291724972709810e-01
2.299639043323351562e-01
1.731016733499602944e-01
1.165122667169799509e-01
5.709323322486224705e-02
-2.596195425405362772e-03
-5.416883911084016678e-02
-9.410983103121277338e-02
-1.235353032977591359e-01
-1.451458868393814550e-01
-1.642671828440436799e-01
-1.855751345283658538e-01
-2.125956740114254007e-01
-2.481652134412041244e-01
-2.913538751306305463e-01
-3.387836271910593666e-01
-3.849664585589477328e-01
-4.164852888092824834e-01
-4.127113640879601086e-01
-3.559720337792707245e-01
-2.332716991435058451e-01
-2.827434912176737813e-02
2.188983913764006584e-01
4.093487528370362005e-01
5.067138446022111387e-01
5.333550026939679611e-01
5.067864447700012320e-01
4.395970326131309336e-01
3.418037084636998957e-01
2.302730005446969042e-01
1.240178481573221275e-01
3.101474760231594935e-02
-4.721459934447629070e-02
-1.106808918040137063e-01
-1.612126644554022770e-01
-2.005310597526197280e-01
-2.274801970178698951e-01
-2.375430184085876861e-01
-2.268158413794335304e-01
-1.925153922860981803e-01
-1.330384577618515252e-01
-5.871868418869370665e-02
9.292434880805007513e-03
6.090217203029280046e-02
9.691228695883530309e-02
1.175064732304828274e-01
1.233754300262170506e-01
1.166208978770035126e-01
1.002250788762327066e-01
7.746067754863091015e-02
5.452820794544088051e-02
4.094044141998214731e-02
4.383797012204512789e-02
6.137337514847510112e-02
8.249797391315812078e-02
9.760817396517822153e-02
1.055210164548096297e-01
1.079025741654092430e-01
1.036223646156908262e-01
9.131777909821024719e-02
7.028854444495692688e-02
3.835146670318730078e-02
-5.773681654911759498e-03
-6.077586152281055226e-02
-1.228041843475155825e-01
-1.870277132343263760e-01
-2.484332668832465174e-01
-3.011515200771404110e-01
-3.425322642085981695e-01
-3.738328238519011970e-01
-3.944923768233651873e-01
-3.980723670255986169e-01
-3.732296864003438186e-01
-3.084772303070174027e-01
-2.033078747657081076e-01
-6.090321279552207701e-02
1.328040703621879148e-01
3.506174531407096340e-01
5.117754143602042394e-01
5.828370427426033951e-01
5.803987268924148957e-01
5.220419733887401437e-01
4.208645488611125751e-01
2.831785603581405963e-01
1.150724488873529627e-01
-6.129334446003859016e-02
-2.161480851365611411e-01
-3.369692342952466113e-01
-4.195165746640838189e-01
-4.566726566904082962e-01
-4.375455143787294054e-01
-3.474796842085886017e-01
-1.812846163033979829e-01
2.260576753861533866e-02
1.928456399621645834e-01
2.973374581532895466e-01
3.449067316846163300e-01
3.437361091953466397e-01
3.017329398424493103e-01
2.314433144616410698e-01
1.447601502475140967e-01
5.636958254043936134e-02
-1.673093087937802675e-02
-6.678191314813894386e-02
-9.335077331991345484e-02
-9.647480351449566616e-02
-8.317877854138124027e-02
-6.693331999779282560e-02
-5.406738420164179659e-02
-4.479882475910640371e-02
-3.772878895005103705e-02
-2.806606237591836861e-02
-1.407560978376940289e-02
2.925102261471326098e-03
2.434276887131614150e-02
4.831078457845618124e-02
6.842697459099696122e-02
8.198321690481945312e-02
8.912964232096898254e-02
8.911770089511282522e-02
8.276978719317169830e-02
7.423219189545633701e-02
6.677751968626627344e-02
5.854554526183641111e-02
4.300022280322791240e-02
1.186842108233384166e-02
-3.861380489395577209e-02
-1.035228125137468147e-01
-1.767176821776761386e-01
-2.546988214536886064e-01
-3.312223097937419536e-01
-3.976090574053406934e-01
-4.434002717806648231e-01
-4.546744566767244033e-01
-4.145295046748704859e-01
-3.029678349140937366e-01
-9.850450779034636284e-02
1.568049975835785204e-01
3.576001627934682903e-01
4.608350555638501822e-01
4.872925429738798608e-01
4.582376521659439206e-01
3.920770317691101292e-01
3.030487161497641968e-01
2.022904217222314949e-01
9.929755855500514705e-02
-8.948377958049695546e-05
-8.974079516783220467e-02
-1.587602475481570685e-01
-1.985206769267885973e-01
-2.061956621487753549e-01
-1.802930188667501155e-01
-1.182039064729813738e-01
-3.783217171728577716e-02
2.204058696014573812e-02
4.609722899121432987e-02
4.725425716547031196e-02
4.268514000648047230e-02
3.945485198727590598e-02
3.702269955035825122e-02
3.987739773727161374e-02
5.097330070523634071e-02
6.800689695126629908e-02
8.646479563238351762e-02
9.855397597653164921e-02
9.808319873580174930e-02
8.436384943430144667e-02
6.076633609878678843e-02
3.282763322988960231e-02
4.066334312297610956e-03
-2.580047839433568385e-02
-5.878518918226165874e-02
-9.597161564634887343e-02
-1.354397062233921312e-01
-1.725568266077891211e-01
-2.009336551734449416e-01
-2.133156144187449699e-01
-2.034754858652569331e-01
-1.658338271041905343e-01
-9.308196749194248831e-02
3.462986137795186214e-04
7.785870248650975101e-02
1.257578003899001984e-01
1.528861702142376155e-01
1.684154350083429952e-01
1.755372450560366560e-01
1.712101026184430497e-01
1.554498584879492884e-01
1.307152323646964542e-01
9.917335380324648897e-02
6.520373648783837905e-02
3.411633796403505670e-02
1.034796891174806499e-02
-3.480394235408733675e-03
-7.651271672564805351e-03
-5.448643225636009418e-03
-4.784673773131783991e-03
-1.643049068646436350e-02
-4.633801175713630344e-02
-9.422989065555185950e-02
-1.580922672136150786e-01
-2.332052268239328541e-01
-3.105866119730187891e-01
-3.789305374403373339e-01
-4.260357205004915992e-01
-4.373077345038169916e-01
-3.970474935838594344e-01
-2.907647440023971575e-01
-1.016464709978726622e-01
1.329284609928942096e-01
3.195908192659366320e-01
4.222392761693869456e-01
4.587605868274306498e-01
4.448946522768282286e-01
3.969463732418339053e-01
3.289059874713401443e-01
2.508414268758046850e-01
1.711548037315733795e-01
9.850604070163057613e-02
4.279196422272724815e-02
1.012501085019366226e-02
-3.122368916782473219e-03
-4.703445676232924366e-03
2.799858642646944895e-04
8.117241168141463292e-03
1.532578568023153925e-02
2.003132488306402434e-02
2.151693789134846019e-02
1.773477694745476119e-02
9.172157745800688794e-03
7.004127219456569853e-04
-4.457640836738909623e-03
-4.383117152999240623e-03
3.103045958173435148e-03
1.735858366879584197e-02
3.477432386092369626e-02
5.230111734447050881e-02
6.938486624860978891e-02
8.412488262626446889e-02
8.528607518790276565e-02
5.890309104974776611e-02
1.013400814580730364e-03
-8.460556721655705659e-02
-1.916946433491451829e-01
-3.137578523942263220e-01
-4.387284796969072587e-01
-5.486565870135124978e-01
-6.277662385583563376e-01
-6.715132752236784297e-01
-6.796983543090473479e-01
-6.313776173939439351e-01
-4.875894070170805894e-01
-2.657762791365121391e-01
-4.213916187157809579e-02
1.656979139027430215e-01
3.983740585991477623e-01
6.315077114330440722e-01
7.801916047712172952e-01
8.233747005866233204e-01
7.933703836135107546e-01
7.159381111997960012e-01
6.134190557601133520e-01
5.001611275877665408e-01
3.831900502875562609e-01
2.653445041312587072e-01
1.485564461111896772e-01
3.022507445482128241e-02
-9.921012650292121426e-02
-2.483909893349838249e-01
-4.063144118839324692e-01
-5.423949638254683681e-01
-6.351541301280945184e-01
-6.743228630930351297e-01
-6.476278004523908782e-01
-5.534048881670139419e-01
-3.974696173414009048e-01
-2.088285647018132685e-01
-4.739813060859602439e-02
6.704405314525135884e-02
1.590618387907346554e-01
2.531637619759373736e-01
3.453360491764139728e-01
4.017288372418638676e-01
4.110091139495671841e-01
3.858763035052718560e-01
3.355718191715881260e-01
2.686687165400535870e-01
1.945945301788704340e-01
1.196014550683668493e-01
4.815978601666676129e-02
-1.599584321335366377e-02
-7.004747132455853287e-02
-1.101273430864451036e-01
-1.329405476679555442e-01
-1.406478527299355463e-01
-1.375858867654521367e-01
-1.272067866730755281e-01
-1.142875069297009383e-01
-1.014573756459012654e-01
-8.754740549310058295e-02
-7.156818505252490747e-02
-5.439845151510928900e-02
-3.716589209808589950e-02
-2.012106448464236891e-02
-1.800643999585928995e-04
2.249829184558121975e-02
4.012813506506913985e-02
5.181053863720058716e-02
6.333097116360174306e-02
7.377342793988206360e-02
7.945517930581674770e-02
8.026685552284937297e-02
7.570350456795345295e-02
6.269846815125519612e-02
4.146495499298644138e-02
1.596987895440369135e-02
-1.406499797398285713e-02
-5.061528933913465866e-02
-9.259252892726214934e-02
-1.357348590083203854e-01
-1.730803027569930430e-01
-2.001942303669252410e-01
-2.152117455820987957e-01
-2.172786903308473738e-01
-2.060993785641604403e-01
-1.802998928916353660e-01
-1.390036826444903395e-01
-8.066271354540738292e-02
-5.199573132546320142e-04
9.091307282130915712e-02
1.653936640420810567e-01
2.104579207430783416e-01
2.312581694744525740e-01
2.327908800471336082e-01
2.185317300915694261e-01
1.914864327249126419e-01
1.557114354449786742e-01
1.171169070148936620e-01
8.089020280074799008e-02
5.065985230480696960e-02
2.985805180910609813e-02
2.126905734511962826e-02
2.442706777872539342e-02
3.564061120385657311e-02
5.017349092055609083e-02
6.301953741983140622e-02
7.112333369521284254e-02
7.419799302880582259e-02
7.281015329900250577e-02
6.554752560406043593e-02
5.004329377506024773e-02
2.608631497247721268e-02
-6.410172386858582066e-03
-4.712152820526446101e-02
-9.495969574480606079e-02
-1.504777442335627491e-01
-2.112346032384212757e-01
-2.719994483668693452e-01
-3.290066844938361323e-01
-3.762006310509860563e-01
-4.051081842848937575e-01
-4.065769035081079341e-01
-3.676551317333153213e-01
-2.727372856177184834e-01
-1.064194809689967269e-01
9.988153110331518536e-02
2.654505908109161538e-01
3.540879368967022600e-01
3.775242710005073388e-01
3.494398370495120920e-01
2.862601909885353901e-01
2.048549855394740660e-01
1.191842112956362498e-01
4.152188032057313460e-02
-1.560674610932477092e-02
-4.232737604749333554e-02
-3.414135153311952109e-02
-1.377985589897982865e-03
3.122960668351849531e-02
4.908250477603934986e-02
5.291832181910247068e-02
4.796527863958452431e-02
3.947280590767633657e-02
3.026763747711883404e-02
2.089240237978518336e-02
9.285484578003697087e-03
-6.829276990134446230e-03
-2.564417770368028482e-02
-4.227773374317679578e-02
-5.215382199864558588e-02
-5.230517246714105201e-02
-4.368945452147345032e-02
-3.081856685299107917e-02
-1.839026532027168703e-02
-9.498650187514248028e-03
-4.874826966985462695e-03
-2.267344145323261367e-03
2.011158940282987626e-03
9.097676400143098197e-03
1.868734273265669488e-02
3.102035161460211729e-02
4.375837092562175762e-02
5.377611349331251622e-02
6.037445207008874243e-02
6.318908084284277638e-02
6.206163356789691499e-02
5.602216280761812550e-02
4.372445361882237175e-02
2.680801660203407238e-02
6.946727969715680781e-03
-1.716264094355449132e-02
-4.709929494942671768e-02
-8.235504116539213437e-02
-1.186881467965667097e-01
-1.494940057859121263e-01
-1.711781426002820239e-01
-1.835865010599901093e-01
-1.867527242861992676e-01
-1.796490955300412418e-01
-1.598532116575932527e-01
-1.213202997151543172e-01
-5.207827233744371370e-02
3.520071935058444179e-02
1.003438375816958772e-01
1.299315815947134078e-01
1.364950498593065775e-01
1.308255922202894161e-01
1.176633337449038696e-01
9.943348162967273474e-02
8.201293646888502265e-02
6.991299059310676633e-02
6.316508655552646734e-02
5.890046707491635586e-02
5.418782157818415740e-02
4.676653418553972791e-02
3.477186791609258865e-02
1.745410865651381843e-02
-7.947636829294593827e-04
-1.184474216357593937e-02
-1.326594010577418319e-02
-6.760375098447223355e-03
5.641320255283114107e-03
1.919321938805370470e-02
2.925567434095299041e-02
3.296718955671092133e-02
3.017923274045894791e-02
2.395026132837008159e-02
1.680994602523997253e-02
9.529405934372715825e-03
3.380725456017526914e-03
1.461721254951633617e-03
4.602748941684090336e-03
9.837813999052725036e-03
1.462603193175726103e-02
1.931043741389081025e-02
2.517212443273363076e-02
3.207480019758009865e-02
3.863494117823679935e-02
4.315684176863518462e-02
4.545199247770532330e-02
4.579816006009458651e-02
3.971975354443464667e-02
1.879975765776609187e-02
-2.051010097603801763e-02
-7.623406868311177753e-02
-1.472151043555392502e-01
-2.319642373342855890e-01
-3.237286692123506615e-01
-4.098205442718743652e-01
-4.739508701808558544e-01
-5.000853888719491991e-01
-4.731499533792076218e-01
-3.745821115000925738e-01
-1.775053199397289561e-01
8.255403175705794405e-02
2.982016984927083336e-01
4.226747126183156844e-01
4.748098216785265890e-01
4.745491416626547165e-01
4.398973094847107301e-01
3.840781545472096159e-01
3.165063113432975972e-01
2.453662297593596220e-01
1.780682485766630352e-01
1.188381045895965243e-01
6.626998151532241532e-02
1.551199394853723483e-02
-3.538061226596351388e-02
-8.407171714368548432e-02
-1.273428296635613632e-01
-1.621898940120086730e-01
-1.830189461382014104e-01
-1.857538355334118485e-01
-1.736422983316744939e-01
-1.492084571658825465e-01
-1.101449138698441799e-01
-5.269595864996401424e-02
1.623970259905384642e-02
7.812831980193069015e-02
1.246316748574482075e-01
1.567975736989823954e-01
1.739669684904351366e-01
1.765948137405733975e-01
1.682396081228975659e-01
1.495557508784430001e-01
1.193845854211964264e-01
8.216733228845239656e-02
4.353061198221279404e-02
6.179667356094067227e-03
-2.886430937384169143e-02
-6.472050786403595046e-02
-1.061106844392510906e-01
-1.543417812494467523e-01
-2.067052019463271051e-01
-2.540113424940310116e-01
-2.877489256576201138e-01
-3.081334185987352203e-01
-3.131552886603715113e-01
-2.914929944958569719e-01
-2.318023516751986923e-01
-1.238100058527897701e-01
1.348301192811269741e-02
1.246020049652975525e-01
1.815663750624070538e-01
1.916398478919816295e-01
1.658065940327172472e-01
1.162937628911230731e-01
5.527761238337244171e-02
-3.677402812048750913e-03
-4.641750582739301301e-02
-6.228385446973828954e-02
-4.336697866598048651e-02
1.892595266892162578e-02
1.053587410136382491e-01
1.674734753064857085e-01
1.858658358413089740e-01
1.722254019633143729e-01
1.392085655325425719e-01
9.768680320778494464e-02
5.590093354437622453e-02
1.868427430331353126e-02
-1.076666656734493431e-02
-2.837272643135076849e-02
-3.084550429344222466e-02
-1.854403859847189931e-02
1.733612901008877577e-03
2.013929483081715321e-02
2.979730112037020512e-02
3.073932798052805837e-02
2.735279042790600759e-02
2.259525797218467705e-02
2.045006454693285708e-02
2.176479502720399944e-02
2.191517039233516900e-02
1.738447497279986542e-02
7.071735753009246103e-03
-7.773832732245916297e-03
-2.201137876065237253e-02
-3.131028575261377012e-02
-3.486816896085253442e-02
-3.406796344123089182e-02
-3.215919097188622844e-02
-2.922996129627790374e-02
-2.276563371418618281e-02
-1.041558686450056066e-02
8.207917414901797284e-03
3.072703219919596662e-02
5.493131965323408417e-02
7.928103653780052551e-02
9.755679736551088610e-02
9.902594539914412464e-02
7.918595321430692280e-02
3.921078139576579524e-02
-1.918427055831541453e-02
-9.227314215019526145e-02
-1.753744242318621971e-01
-2.657779797168325908e-01
-3.599854688111408518e-01
-4.469683822474248003e-01
-5.094111360915757336e-01
-5.295963619046704096e-01
-4.886561749312058334e-01
-3.639478252485828236e-01
-1.318992506359910055e-01
1.634351976459211819e-01
4.112737931004047387e-01
5.670540120974987275e-01
6.505563039393479352e-01
6.766112521170568606e-01
6.543556395646472623e-01
5.889182534458897722e-01
4.851744088637555130e-01
3.490777887029872795e-01
1.934525932991296715e-01
3.475279426574216790e-02
-1.173989095304751873e-01
-2.542644753043223904e-01
-3.692393436489879166e-01
-4.609996118887423333e-01
-5.286611423491394124e-01
-5.688370701035083687e-01
-5.688483172312985836e-01
-5.086516263430325147e-01
-3.791305574543952783e-01
-1.789708512333952894e-01
5.695775137865975724e-02
2.476458213997521918e-01
3.559866774578126503e-01
3.993445279001595072e-01
3.970050550057991345e-01
3.636082911010062313e-01
3.106003778517505975e-01
2.481401950076629614e-01
1.824619118236277537e-01
1.159745572414926096e-01
5.059490210417250805e-02
-1.304177388432937838e-02
-7.006381641999480381e-02
-1.105254521712292909e-01
-1.311162072174452409e-01
-1.400629633362067972e-01
-1.488969846760450078e-01
-1.613464061766700097e-01
-1.735818526029799247e-01
-1.814197895110015446e-01
-1.816913653706409004e-01
-1.691178201517767321e-01
-1.359135488388893975e-01
-7.295332670292720145e-02
9.324461006022223553e-03
8.065777628965492552e-02
1.292390038697947274e-01
1.579191042287883262e-01
1.671156567455056030e-01
1.591104334969290768e-01
1.375179567146743442e-01
1.088969808873023193e-01
8.163338786317161921e-02
6.045683812057926765e-02
4.416225895128682299e-02
2.899524479608224167e-02
1.654198186102648349e-02
1.027550450605024292e-02
6.937431959644517476e-03
2.714295736840951351e-03
-2.581901174085075509e-03
-8.753584547643042044e-03
-1.549220631370808350e-02
-2.231278351953161487e-02
-2.861412325304373699e-02
-3.200278775445520446e-02
-2.817846298441613676e-02
-1.711287201804675973e-02
-3.625980450403130592e-03
8.682555812410274257e-03
1.825363970149943005e-02
2.389893127654167670e-02
2.308726124157654824e-02
1.592797202543294252e-02
5.729881420384957784e-03
-5.927561766361525916e-03
-1.752427820925394480e-02
-2.699597682970181212e-02
-3.037239258036300571e-02
-2.062564170031961491e-02
-5.181450413507210015e-03
-7.787531020193427106e-03
-3.877294674806086583e-02
-9.208741467100879652e-02
-1.587125131878205919e-01
-2.295158785207207786e-01
-2.959321441432719579e-01
-3.472016978678836296e-01
-3.710049323791044795e-01
-3.511834786421053067e-01
-2.672449877838365961e-01
-1.026417212723938627e-01
1.054924118842084091e-01
2.726857096307058748e-01
3.663706859580984632e-01
4.023515383117980404e-01
3.945584483121902242e-01
3.555307596684070259e-01
2.960527586353786100e-01
2.269724349002442687e-01
1.589151030385314578e-01
9.938515013802612375e-02
5.149819549737162661e-02
1.357617201018979092e-02
-1.333296560136183750e-02
-2.368796012450920599e-02
-1.805515686839992417e-02
-3.586061189352684336e-03
1.271579653752467204e-02
2.732933746881624493e-02
3.792008873360731835e-02
4.167968732443681767e-02
3.753251886917088886e-02
2.615028676838155805e-02
7.236299513124700572e-03
-2.255940741317604900e-02
-6.158027661551186693e-02
-1.010821781265538039e-01
-1.359959605285102902e-01
-1.668007820265314245e-01
-1.963415947597481892e-01
-2.265156909184404266e-01
-2.554106320967361454e-01
-2.764921803034455783e-01
-2.799748982252330820e-01
-2.563511642032916815e-01
-1.967447904015771076e-01
-9.218767911369411816e-02
3.688596060764817025e-02
1.418824676586026845e-01
2.052264053704770663e-01
2.382007977860566561e-01
2.498405292416199519e-01
2.469027193739812831e-01
2.353923287651915053e-01
2.208122055894112812e-01
2.016912700968479522e-01
1.722215411721671197e-01
1.302227014087331269e-01
7.272387549048697775e-02
8.531511530898218051e-03
-4.145921998482447746e-02
-7.401930182747279430e-02
-9.835507225866800540e-02
-1.156673185840177698e-01
-1.239286111942494578e-01
-1.237860750195396847e-01
-1.151028874256567885e-01
-9.911390245994812498e-02
-7.961771820464780269e-02
-5.835842322390347864e-02
-3.416381032792256689e-02
-8.635853923660175013e-03
1.138039693789125693e-02
2.280446632150643846e-02
2.759543999576349882e-02
2.835538457634236009e-02
2.740926319543273565e-02
2.503891836404303906e-02
2.088411885314683109e-02
1.584126666085974161e-02
1.212039889840815614e-02
1.309823515841210782e-02
2.067707406610390722e-02
3.138909391693187750e-02
3.868540357827072312e-02
3.896960079388370191e-02
3.221576493282372888e-02
1.928702103021638636e-02
9.703869963287601111e-04
-2.160878166514679927e-02
-4.625147157202448567e-02
-6.978930792861356980e-02
-8.689072839416223104e-02
-9.009044520482817342e-02
-7.530140534779997119e-02
-4.773412251740159762e-02
-1.696460926686206572e-02
1.312759359601149353e-02
4.077638417293720507e-02
6.267283752919082518e-02
7.716261739922926355e-02
8.369099595831627769e-02
8.400781291803356698e-02
8.047603488133257821e-02
7.178068995963748922e-02
5.540708881543252723e-02
3.037034236893753139e-02
2.713754209699362555e-03
-1.752758931931237135e-02
-2.933473813799860469e-02
-3.589459297624011253e-02
-3.892993083413714972e-02
-4.038066237560417743e-02
-4.102138568950625119e-02
-4.238873491077412015e-02
-4.574476877105103367e-02
-5.128914747045290601e-02
-5.916775443541910651e-02
-6.608986698279069316e-02
-6.423436207234467510e-02
-5.060608178009276537e-02
-3.232293798340032248e-02
-1.458783967584791758e-02
3.295168835596952971e-03
1.800681667658073082e-02
2.338385795605939926e-02
1.903677241191968975e-02
9.772062677754730572e-03
7.000321459226781923e-04
-4.837180508156083136e-03
-4.529866641330928048e-03
1.274854799576321564e-03
1.044762478264286629e-02
2.345593471477190259e-02
4.008897895370219788e-02
5.756790822747938352e-02
7.315457818573731230e-02
8.576921787352267956e-02
9.298162746436727799e-02
9.069602378992944192e-02
8.055298132929175625e-02
6.796956142289958813e-02
5.274573632215388830e-02
3.513580624299843941e-02
2.306054258230320203e-02
2.018752836707900233e-02
2.197244034557553280e-02
2.376866452752813066e-02
2.427038246902386842e-02
2.557009701753943515e-02
2.785672836280884621e-02
2.579921592516912221e-02
1.465802284334472710e-02
-8.674580196308583416e-03
-4.832427783662947285e-02
-1.000373826181777948e-01
-1.499744682409877294e-01
-1.858879533031065068e-01
-1.982391529903497207e-01
-1.798389831899350477e-01
-1.470426523335361668e-01
-1.313174034100832721e-01
-1.384713107582142000e-01
-1.530584826211295046e-01
-1.565455004229678315e-01
-1.301915911233575140e-01
-5.600228869249377489e-02
5.149788437042969458e-02
1.426163994469669682e-01
1.968691888582258798e-01
2.251524288618727276e-01
2.390900147981013801e-01
2.413257470948274308e-01
2.245596108071888919e-01
1.878840986897158394e-01
1.349184839579837536e-01
7.228563762291295713e-02
1.309994356800140043e-02
-2.968999146303647960e-02
-6.132196828810672351e-02
-1.045480962959419308e-01
-1.588367315735456087e-01
-1.984245602969628985e-01
-1.987716050052514560e-01
-1.706347308617797709e-01
-1.585857586557168075e-01
-1.721093380670311868e-01
-1.836014213500384296e-01
-1.653452348887893553e-01
-8.887303552644656990e-02
5.073433690827149067e-02
2.017683746888227214e-01
3.045241748623034317e-01
3.529767916606998401e-01
3.698108523372333201e-01
3.712565874189137638e-01
3.614859851144761049e-01
3.389626130375485991e-01
3.038673350582997701e-01
2.575556256928651089e-01
2.038587274639348801e-01
1.467364386058361281e-01
8.923515843815429949e-02
3.467117611528290622e-02
