1.915817393249635847e-02
2.730763940598420619e-02
3.456113189580800604e-02
3.862720570228231343e-02
3.831515506880962818e-02
3.161196045458975618e-02
1.640256721235227103e-02
-7.182595976419646477e-03
-3.754821365694557822e-02
-7.073671311527283956e-02
-1.054776573905573944e-01
-1.384809164331302911e-01
-1.611477898921596097e-01
-1.726890402607995367e-01
-1.768857652243331358e-01
-1.745581625330611675e-01
-1.661528616718531415e-01
-1.526036121355477670e-01
-1.357737790007075285e-01
-1.151827015092214829e-01
-8.632116480777869694e-02
-4.343743924390719435e-02
2.131188417983903224e-02
9.906607718433525778e-02
1.608907524272358280e-01
1.940542417697782851e-01
2.033863176758821112e-01
1.917893584881342761e-01
1.622869158511356380e-01
1.217698735512215552e-01
7.718086550036366844e-02
3.294080055868316148e-02
-4.249222282352596580e-03
-2.524783371199396803e-02
-2.529787140638448811e-02
-1.103671191499655535e-02
3.673351422952046696e-03
1.248826967862522348e-02
1.790023969121744968e-02
2.344278835102225206e-02
2.776889260036910501e-02
2.723636232503348284e-02
2.315112497336358280e-02
1.749083174642677985e-02
1.038952899535027299e-02
4.042254239181723371e-03
-3.328450491346078566e-03
-2.188627938012589758e-02
-5.925512748459185741e-02
-1.123285588560414688e-01
-1.704827272155768625e-01
-2.221516400472674513e-01
-2.586503163267461214e-01
-2.751382863530774103e-01
-2.670396668342022717e-01
-2.260120617407300470e-01
-1.546905486507064165e-01
-6.671550514621196748e-02
3.917085480495725858e-02
1.497118873284887242e-01
2.249600932204351700e-01
2.548062825321599223e-01
2.575832270316174566e-01
2.473138937459781750e-01
2.295246622493031796e-01
2.050107185144603439e-01
1.763125894461957943e-01
1.456204022620813110e-01
1.122812284053876231e-01
7.457524396226029861e-02
3.132760283835954451e-02
-1.386640890753562845e-02
-5.354253800979442285e-02
-8.350469282948493055e-02
-1.048276943229207309e-01
-1.194128472357637860e-01
-1.258951963994725254e-01
-1.230031852320957741e-01
-1.132690492604786214e-01
-9.926679115883021987e-02
-8.102794692703593760e-02
-5.775310433723450376e-02
-2.893803641664267207e-02
-1.250917741928824628e-04
1.986879285407808574e-02
3.051257024604206447e-02
3.558980282714847149e-02
3.757483240822730858e-02
3.853777481206007577e-02
3.959412390661079528e-02
4.087130034687132957e-02
4.108550552427543689e-02
3.841722889934118951e-02
3.330413297776277370e-02
2.777971463532044258e-02
2.119620093437449976e-02
1.316640381632585947e-02
6.996495017578452727e-03
3.816562980594450163e-03
1.472136219750846617e-03
-1.397738942284953989e-03
-5.799774326362568642e-03
-1.288189994526444879e-02
-2.113032827640280026e-02
-2.786174466206422021e-02
-3.389545971467296942e-02
-4.182517359656796885e-02
-5.029374634795735766e-02
-5.627308035753731535e-02
-5.989879559136419146e-02
-6.047029281295931979e-02
-5.613137377492145169e-02
-4.632094600371450960e-02
-3.147057749690901352e-02
-1.296961958160914967e-02
6.951574489157390235e-03
2.677754857892188436e-02
4.526792281184101319e-02
5.769250383369355084e-02
6.002836727049554177e-02
5.351151823755804365e-02
4.357263228091785151e-02
3.579153312758695527e-02
3.047731474351230568e-02
2.650355223126415333e-02
2.396147227917049330e-02
2.185816805391086262e-02
2.058266856710826848e-02
2.004809112589472919e-02
1.704446745684846595e-02
8.940448115423558009e-03
-4.405162575441321990e-03
-2.020173443826051365e-02
-3.479465910609741419e-02
-4.675771225116978624e-02
-5.495671798055807439e-02
-5.897422499545479369e-02
-5.976583436276916572e-02
-5.755914329259295692e-02
-5.198487530187166639e-02
-4.223088217310586728e-02
-2.683151015401750994e-02
-4.395972763210838005e-03
1.890757436657133569e-02
3.324376558811033971e-02
4.011465819718439824e-02
4.549811198577752291e-02
5.113614736299217783e-02
5.556608644807693731e-02
5.609077266816599877e-02
5.312811940476896977e-02
4.809306490342191848e-02
4.042614576554495742e-02
2.985530616890129732e-02
1.781208165401016591e-02
7.313252650325782062e-03
-3.704979731096276138e-04
-7.477438661732353255e-03
-1.537893534816423338e-02
-2.588892103063476086e-02
-3.917362604958740668e-02
-4.990349886500186627e-02
-5.404646706801886913e-02
-5.200114830896403195e-02
-4.555650456414876703e-02
-3.525886003935082419e-02
-1.915864762332911142e-02
2.370371736332264716e-03
2.268340793996426186e-02
3.565359446651269332e-02
3.942488631298419338e-02
3.236970851197746440e-02
1.273230739445336060e-02
-1.510297683152889148e-02
-3.913734819822720784e-02
-5.009205040605745063e-02
-4.642134345894107644e-02
-3.089651958217494790e-02
-6.250337713864426679e-03
2.281498986764069620e-02
5.087848774229344895e-02
7.755212707259878657e-02
1.021781262599458229e-01
1.216571178654431706e-01
1.332310681650119288e-01
1.344398035851495365e-01
1.237168867071898049e-01
9.996757635257796926e-02
6.248063703003303021e-02
1.543917391945355370e-02
-3.328999286200191865e-02
-7.923398634023050280e-02
-1.201101045558637670e-01
-1.532667745623666755e-01
-1.796278849264972000e-01
-2.045588763822027145e-01
-2.307347739803014275e-01
-2.533487605048003188e-01
-2.660449285503481143e-01
-2.645136888077196380e-01
-2.389505810965021904e-01
-1.729375472876948094e-01
-5.259106455795557744e-02
9.777348301609141423e-02
2.189806884296584544e-01
2.858695791156450339e-01
3.079020651366965455e-01
2.944721102886464492e-01
2.565415937997190809e-01
2.063595027165260887e-01
1.532198706687445400e-01
1.034440309765346233e-01
6.257966657398342236e-02
3.434440733831725656e-02
1.904035895381935017e-02
1.333021509501693472e-02
9.550829869799291882e-03
2.995521984431526868e-03
-7.067883739889500860e-03
-2.640503231441565513e-02
-5.639159515492458280e-02
-8.638299871640769956e-02
-1.063357973270111362e-01
-1.136422300737201518e-01
-1.088738565772027628e-01
-9.306996303537008741e-02
-7.120658734720328176e-02
-5.353908964666896642e-02
-4.503590533347087005e-02
-4.056337894283421758e-02
-3.517980917353727421e-02
-2.786012668508283663e-02
-1.844649823414907727e-02
-8.390256807340481376e-03
1.291370149083101784e-03
1.042080420092852781e-02
1.977731239982708639e-02
3.147664231975157156e-02
4.495303282343675322e-02
5.650482774834694744e-02
6.228014407680170644e-02
6.034419143719292611e-02
5.180861658170243800e-02
3.862780653797984187e-02
2.232668366043433217e-02
6.689612435888957903e-03
-4.274308201638194957e-03
-7.238384174460953981e-03
8.490520052709029514e-04
1.541273466923057112e-02
2.606548506478790703e-02
3.005752159557948180e-02
3.069692790699125873e-02
2.814495032079648851e-02
2.186812102497784696e-02
1.464230707278117369e-02
1.094099407592736065e-02
1.435622295698301375e-02
2.446499294568579147e-02
3.524734042471039386e-02
3.942608307859494371e-02
3.569767815195417499e-02
2.672174782624788664e-02
1.240088925741876860e-02
-6.800687912959683251e-03
-2.898602295722526798e-02
-5.477179627912112658e-02
-8.712796690232382790e-02
-1.248747990617285891e-01
-1.595890049455364335e-01
-1.830890735784173884e-01
-1.886651163282049570e-01
-1.693380901560737894e-01
-1.177824154534398010e-01
-2.134092369399080008e-02
1.023414045742289669e-01
1.980227187062199024e-01
2.410740673465240069e-01
2.398223916374539744e-01
2.010643416782252890e-01
1.313183575165389472e-01
3.825418869898628005e-02
-6.752311851213003979e-02
-1.733624492371977632e-01
-2.701281154667531381e-01
-3.484148583867768267e-01
-3.944980833504229123e-01
-3.915343231409076363e-01
-3.201429963083369801e-01
-1.650209955206087264e-01
3.555350775916536060e-02
1.961014300437882718e-01
2.852183755272236221e-01
3.219450778322551221e-01
3.235714051321643137e-01
3.068939068771779355e-01
2.843542266367298788e-01
2.624168816594074638e-01
2.450084228907225270e-01
2.285664692083669847e-01
2.024201129825300705e-01
1.600780763959912256e-01
1.007472474420909730e-01
3.022287804878574097e-02
-4.012858422690092353e-02
-1.026538122234096628e-01
-1.539790533859206056e-01
-1.893343116614041866e-01
-2.025227595121527335e-01
-1.887222797616126824e-01
-1.450930230052543679e-01
-8.534691607847541550e-02
-3.866412907154831435e-02
-1.758310551810320782e-02
-1.719340843310905587e-02
-3.440332200245479338e-02
-6.782742922910615924e-02
-1.122067648958535030e-01
-1.579994856711938733e-01
-1.933689911003639572e-01
-2.075410568921997323e-01
-1.915186160974064744e-01
-1.367218594199025028e-01
-5.439701922179912552e-02
2.475717881424198408e-02
8.935694188194338861e-02
1.360216857818675185e-01
1.516259448544198252e-01
1.379226306552467363e-01
1.073516204872863034e-01
6.912410732086110565e-02
3.396274352929434803e-02
1.512694664957006836e-02
2.436594395920687814e-02
6.868820353635393672e-02
1.297231149244524595e-01
1.699280790367166116e-01
1.798709879090498731e-01
1.728499805193433880e-01
1.576254497209125249e-01
1.400333073664443428e-01
1.222134397698523972e-01
1.022581466015827362e-01
7.947382073637548894e-02
5.260716231614419314e-02
1.653209950490663535e-02
-3.280072225773238148e-02
-9.245314375654095640e-02
-1.555768053549446139e-01
-2.178366271560959744e-01
-2.774246522331867970e-01
-3.325164670107618181e-01
-3.769041542669845923e-01
-4.030644237106256744e-01
-4.067356191923591768e-01
-3.801946357417664846e-01
-3.093033273471434974e-01
-1.786123449316672773e-01
2.403311766233291388e-02
2.609316616638529540e-01
4.486503424314371435e-01
5.521045385601918154e-01
5.854957956791563278e-01
5.657005032659341293e-01
5.074607035389699927e-01
4.227781006433510846e-01
3.233126634973417235e-01
2.178960348952851955e-01
1.089366285983479482e-01
-6.162273876630600805e-03
-1.304672413379276419e-01
-2.567790599044521560e-01
-3.684671427080857264e-01
-4.555496317952081320e-01
-5.155396980051597522e-01
-5.467512671132411795e-01
-5.452480409947407791e-01
-5.033023143193816606e-01
-4.265310354134144166e-01
-3.404176769201047725e-01
-2.557911258978098901e-01
-1.532860241436299620e-01
-1.725451161661223712e-03
1.886614394100979419e-01
3.619833801862700762e-01
4.999750425010237587e-01
6.035495302723410393e-01
6.504968190981905707e-01
6.359942309515269621e-01
5.736222081041394416e-01
4.783686599101184544e-01
3.669628829294996897e-01
2.492198902055462739e-01
1.280664113936553494e-01
5.694264116576353701e-03
-1.129581404110930609e-01
-2.202444500454845966e-01
-3.134656053054989400e-01
-3.923350398402286054e-01
-4.551444654737711315e-01
-5.019082611225388346e-01
-5.312254000285321354e-01
-5.390817446911884137e-01
-5.191646095877859857e-01
-4.600690562047370924e-01
-3.472722423453445950e-01
-1.674565167055137582e-01
4.648999457127735851e-02
2.178161240608581239e-01
3.159440276900992162e-01
3.580681097266000812e-01
3.651200618271127074e-01
3.541726126098340144e-01
3.300096226746108141e-01
2.916372980826249517e-01
2.434748165113738427e-01
1.910607814089905210e-01
1.358943596265055898e-01
8.246172843632219862e-02
3.927608714120976730e-02
9.223497195797462217e-03
-1.063042728752459226e-02
-2.250834721302677477e-02
-2.561691456932426933e-02
-1.708668066322501650e-02
3.606391855251505490e-03
3.235515823354959825e-02
6.246498836312858877e-02
8.818805858642056461e-02
1.052229120537050838e-01
1.100138751586390989e-01
9.821234062920763952e-02
5.748778720670581766e-02
-2.145473568488965102e-02
-1.246741339894425621e-01
-2.263855587362421928e-01
-3.108712640290194340e-01
-3.727929706883316152e-01
-4.065674072952639717e-01
-4.047303851758309312e-01
-3.603735075632433782e-01
-2.643042701013162965e-01
-1.025363614822690783e-01
9.715141039528384093e-02
2.602669978817911955e-01
3.534530890180624940e-01
3.918960538603120103e-01
3.951852878477942754e-01
3.773968011456860228e-01
3.435516234844754879e-01
2.929087829507039942e-01
2.273225139319408339e-01
1.514362891402286637e-01
6.864945611727676922e-02
-1.554989072105659315e-02
-8.940640859940895968e-02
-1.359272450402489174e-01
-1.413094264989701032e-01
-1.257930370717920132e-01
-1.375463320247365395e-01
-1.945932320779614200e-01
-2.853833476895403232e-01
-3.915630276945135657e-01
-4.880472083950121442e-01
-5.497829231342605816e-01
-5.548711646108641649e-01
-4.802628044538549412e-01
-3.501720286489895528e-01
-2.384623606014994734e-01
-1.649967441190040018e-01
-9.531662837262626364e-02
8.110873242767199787e-03
1.542995001365863317e-01
3.231030777654765318e-01
4.775538152744129849e-01
5.607534259243586172e-01
5.592616556788526649e-01
5.014164379076067046e-01
4.144573033436540488e-01
3.306022545845918037e-01
2.806152958531419883e-01
2.852053036879997339e-01
3.262637908930566266e-01
3.512893355293063014e-01
3.393367540603354771e-01
3.013919927123082099e-01
2.438804434939511878e-01
1.679892791842280686e-01
7.303723143962179143e-02
-4.048402330200501914e-02
-1.698870296060975837e-01
-3.063146149989350864e-01
-4.352695199158694850e-01
-5.483943632379973954e-01
-6.417949981372004231e-01
-7.079031007840534961e-01
-7.352435959483415440e-01
-7.077345749857731905e-01
-6.079476239495972267e-01
-4.555237432125710528e-01
-3.034005579795053253e-01
-1.645121936997298306e-01
-1.527975773688456523e-02
1.608501077007727098e-01
3.397696315998202099e-01
4.627091791336110371e-01
5.088457458893396179e-01
5.029735475869415717e-01
4.743549697618502092e-01
4.502641421339534378e-01
4.388154308478684484e-01
4.216768145083225061e-01
3.883949531296765900e-01
3.394017657706649982e-01
2.725124634493020781e-01
1.929656617990285761e-01
1.127807438078740065e-01
4.033618744504360171e-02
-2.325254719365744266e-02
-7.936515012021128079e-02
-1.260251512596072265e-01
-1.619652262489964245e-01
-1.877960354035929091e-01
-2.023834225622510585e-01
-2.053578946932501093e-01
-1.990842624836132724e-01
-1.875086552682151964e-01
-1.748903078580845150e-01
-1.639652192457669577e-01
-1.566252367006815138e-01
-1.552661307666025614e-01
-1.610711541598101593e-01
-1.767770454789983348e-01
-2.070793814678790756e-01
-2.487510560054735087e-01
-2.846976045237753494e-01
-2.906156313756883547e-01
-2.403232448094751728e-01
-1.112721756283198138e-01
5.610588289547294161e-02
1.699547340833187092e-01
2.021349445290741287e-01
1.799644756576069538e-01
1.275933792680965517e-01
6.418569466979653915e-02
5.529925995013972029e-03
-3.132781209603619638e-02
-3.689729188974223695e-02
-1.632040038198117118e-02
2.588950527721121248e-02
9.439004674170453635e-02
1.727912936521620590e-01
2.268027988664843009e-01
2.513346153736379929e-01
2.596182762585982906e-01
2.584964744839437500e-01
2.525128041226442632e-01
2.440243535116530249e-01
2.332463299771279364e-01
2.207392087072127251e-01
2.057486088136044611e-01
1.846792943347555227e-01
1.537911643740599299e-01
1.112165298134637770e-01
5.985270742606000477e-02
5.515363822170139818e-03
-4.575630881320109922e-02
-9.199190665026540925e-02
-1.364959754576590134e-01
-1.809704192549140833e-01
-2.285924301002536518e-01
-2.868047995923173610e-01
-3.574276979737570636e-01
-4.340907322481823982e-01
-5.066965902703043367e-01
-5.612851125289206600e-01
-5.806122722632571787e-01
-5.453702471936807683e-01
-4.542024533323773539e-01
-3.253096695602887833e-01
-1.568382657887678333e-01
7.629698036617842127e-02
3.403412045061572355e-01
5.379431731304830100e-01
6.310425613770812570e-01
6.452138079833544815e-01
6.053116389464539004e-01
5.234985146277807422e-01
4.058881254212682865e-01
2.673485191992923671e-01
1.231536488703645210e-01
-1.525633858087279207e-02
-1.383160707312319493e-01
-2.412128275878624439e-01
-3.177674035766742677e-01
-3.573341780361516395e-01
-3.507220529448253354e-01
-2.916163789242850468e-01
-1.717320266784843619e-01
-1.724514180282311210e-02
1.057916190813628504e-01
1.654029406246526335e-01
1.717271742086788899e-01
1.406888594715787755e-01
8.850033503879034535e-02
2.854573711887060244e-02
-3.198692775806916827e-02
-8.990505279374635950e-02
-1.357459624202097259e-01
-1.526976024733198434e-01
-1.234276204995838483e-01
-3.282793272673893009e-02
9.573416889408238595e-02
2.037562142471339710e-01
2.671389294516957613e-01
2.936412628978237183e-01
2.908484478892864322e-01
2.665155333713515318e-01
2.265771506775133004e-01
1.752607435846983697e-01
1.179844337064712562e-01
6.111082297963874727e-02
5.719735186410040279e-03
-5.115288984556239787e-02
-1.087015147801437265e-01
-1.634755180384604989e-01
-2.130267451838999682e-01
-2.558252394055178236e-01
-2.929661966468226630e-01
-3.240852450904172510e-01
-3.400811224955878620e-01
-3.269254149151352706e-01
-2.724854885406915450e-01
-1.673161230184665449e-01
-1.114398016241635592e-03
1.891082459698468221e-01
3.199199905211296269e-01
3.624586804185695454e-01
3.378715702737405402e-01
2.643080012386033739e-01
1.575489312353885452e-01
3.183222275016951708e-02
-9.994430834133052888e-02
-2.272216675388201435e-01
-3.389466368936828178e-01
-4.195942256112179525e-01
-4.497580055557182654e-01
-4.067062399028756881e-01
-3.083664824801264914e-01
-2.116434878404882258e-01
-1.269085942420307145e-01
-2.555239715891051769e-02
8.245301098906054893e-02
1.566383012622157844e-01
1.962053594623131281e-01
2.300916276306809449e-01
2.688822478993845855e-01
3.090016010629177412e-01
3.566511754775552046e-01
4.019593900197990788e-01
4.076574285861266356e-01
3.640891083097376746e-01
2.876793346999364509e-01
1.913961833718788030e-01
8.847410289096263591e-02
-6.638592928077202346e-03
-8.487851262014828313e-02
-1.434006116936979991e-01
-1.826186031593729220e-01
-1.997166836117033606e-01
-1.877130834603905618e-01
-1.518524966331655235e-01
-1.067791269980490620e-01
-5.696646872563943670e-02
-2.534446985610755432e-03
4.830938158594598464e-02
8.492783983908640255e-02
1.040922314462307818e-01
1.082224828051968207e-01
9.785158343733033059e-02
7.264265700905636614e-02
3.513522509620763123e-02
-1.241938357503473769e-02
-6.679090388342222295e-02
-1.197234127354241673e-01
-1.671573433543608600e-01
-2.127551968737370069e-01
-2.583940796812003726e-01
-3.014569592443092083e-01
-3.313242254521457930e-01
-3.277728917620107985e-01
-2.718189895001933976e-01
-1.521488669696892115e-01
3.844135369101309846e-02
2.527644127272645758e-01
4.032692554317687250e-01
4.700762649532584936e-01
4.768145618488487392e-01
4.359648499733145832e-01
3.571336080430318471e-01
2.495944087604387573e-01
1.242079750916152414e-01
-9.679324131740271037e-03
-1.422878400380022113e-01
-2.654951707890185197e-01
-3.732515467724195068e-01
-4.531694630291068226e-01
-4.861093593861871565e-01
-4.547547817056182273e-01
-3.434889912939950163e-01
-1.836418434422010526e-01
-5.551956432518874440e-02
1.075337120093596693e-02
3.563881521667662533e-02
3.908524057596515083e-02
4.109533481068096405e-02
5.783452511268850904e-02
1.019771502509784766e-01
1.915017433403541358e-01
3.055392262958721572e-01
3.811627060887141094e-01
3.987391585543250683e-01
3.761266800039633762e-01
3.241796875118181376e-01
2.529144497905501110e-01
1.752467086716047173e-01
1.035492077914079295e-01
4.761036932201931360e-02
1.688390752214551788e-02
1.903297852037597743e-02
3.558705019046326523e-02
2.843990992460730671e-02
-1.170612451372784329e-02
-7.325448827704000854e-02
-1.486618497902816305e-01
-2.283983531994829008e-01
-3.018509162483967723e-01
-3.579826726217191224e-01
-3.804907505588991934e-01
-3.504637750584571609e-01
-2.837921688866195669e-01
-2.298900638975266142e-01
-2.019833329333631800e-01
-1.774315369472478365e-01
-1.552064470384438566e-01
-1.515221570584463218e-01
-1.601025432784317359e-01
-1.565380694332211275e-01
-1.134792825475572642e-01
-3.998602644763958602e-02
1.431739797580825618e-02
3.710480472376254113e-02
5.554970629710360985e-02
9.932869606332089818e-02
1.994114218813838879e-01
3.402117048184818415e-01
4.505787445692903681e-01
4.929023561970985456e-01
4.802369749570117863e-01
4.323490441345876900e-01
3.629176425464031297e-01
2.802941115759652324e-01
1.929883866338972520e-01
1.083070257626144589e-01
3.067603260207535723e-02
-3.886462650289210924e-02
-1.018488358489496592e-01
-1.554309242788669831e-01
-1.948195376303911430e-01
-2.220114358192089576e-01
-2.398752159542530404e-01
-2.481537873094954993e-01
-2.478679500715938178e-01
-2.398992129594430534e-01
-2.239155557394988671e-01
-1.992890843017872948e-01
-1.631106251327905932e-01
-1.104793057292560582e-01
-3.657902333690176561e-02
4.802804065549926005e-02
1.187828520377196273e-01
1.665274466523679053e-01
1.948797239270674553e-01
2.079427018344754963e-01
2.117432372502506543e-01
2.107411261805443858e-01
2.066223093493038399e-01
1.997655030834294687e-01
1.896786377841873095e-01
1.761145885556421875e-01
1.608958415372418738e-01
1.466249375149976386e-01
1.341968804411088068e-01
1.218580349324241974e-01
1.079932990084884192e-01
8.988636975678543362e-02
6.229074271662927292e-02
2.146767915138730887e-02
-3.566114725921303713e-02
-1.117841679895826001e-01
-2.057119070692775276e-01
-3.112297295410486608e-01
-4.199608126860976953e-01
-5.204225562346409539e-01
-5.960024541254174135e-01
-6.283529133867133964e-01
-5.968932835461175923e-01
-4.724573049366698752e-01
-2.692628108501179951e-01
-8.523978809894983133e-02
1.245095932431244945e-03
-2.541579355645931515e-03
-5.530515699964576315e-02
-1.138000104211436547e-01
-1.366948909779189536e-01
-7.932339536188461049e-02
4.544714649259711664e-02
1.571910961660335504e-01
2.346933950400803826e-01
3.233861435823629504e-01
4.188903117145308386e-01
4.577522920547534291e-01
4.216537405714018694e-01
3.458648203307805868e-01
2.671876683523057849e-01
2.205146636571341523e-01
2.353519905010838520e-01
2.899106790039774895e-01
3.132445089816837669e-01
2.754787479949630802e-01
1.902756993484906733e-01
7.803973001436134704e-02
-3.861801935733868985e-02
-1.485600473171917735e-01
-2.422446681004140068e-01
-3.032903326319182913e-01
-3.218732784292288596e-01
-2.945290820030377343e-01
-2.140688832342023673e-01
-9.837858979928099101e-02
5.339358417489691033e-03
7.854204568227723948e-02
1.299492113009560190e-01
1.615795844029979944e-01
1.735424275540064232e-01
1.690387816161393053e-01
1.538832743590300423e-01
1.339295355043692293e-01
1.120130874610886090e-01
8.804310565405412681e-02
6.241335253373469366e-02
4.043413849608260002e-02
2.488004839952324965e-02
8.865768932289061488e-03
-1.414183474534620039e-02
-4.510694264072901555e-02
-8.531933268127703252e-02
-1.352904867054065541e-01
-1.938313326158493111e-01
-2.593088602926424957e-01
-3.281759588471510058e-01
-3.967552782008781920e-01
-4.598677315365375939e-01
-5.096990075339791204e-01
-5.340092709244949054e-01
-5.125763747510784230e-01
-4.252639871319950360e-01
-2.632873243369229233e-01
-2.734541141491642763e-02
2.466968460447475364e-01
4.762718839285187133e-01
6.060759679333870276e-01
6.414448137844088738e-01
6.057803375827279790e-01
5.224063124589005680e-01
4.163460389337727552e-01
3.062107973043011744e-01
1.994709080194213557e-01
1.013581834384710834e-01
1.878450992759384680e-02
-4.688178643605935003e-02
-9.965017785059629429e-02
-1.425925113764941465e-01
-1.766585111015686604e-01
-2.009022000088151461e-01
-2.104155530902532545e-01
-1.977127795768257867e-01
-1.672558262703011112e-01
-1.370640983251993350e-01
-1.168180482247956065e-01
-1.035447357394964213e-01
-9.034125028437711702e-02
-6.864927309253232579e-02
-3.040385441526490679e-02
1.866242910456075710e-02
5.990951747047824211e-02
8.608800159471120816e-02
1.000099714872481615e-01
1.031451037871331522e-01
9.910972050565734770e-02
9.399273276023621670e-02
9.079708316235847454e-02
8.813654851672052259e-02
8.493931880899674436e-02
7.958312343864820670e-02
6.825528995151947109e-02
4.955076030859494746e-02
2.652730341525013497e-02
5.106337612042504207e-03
-1.245779091663525885e-02
-2.928882173053135030e-02
-4.488920583271312215e-02
-5.493285757730638486e-02
-5.773319077110530828e-02
-5.606287117721875379e-02
-5.221064771651133529e-02
-4.224716543917522715e-02
-2.095024903516919113e-02
6.598350914251508922e-03
2.686459234687202380e-02
3.395818490122660960e-02
3.313362606389688020e-02
2.815379998133811512e-02
2.097426583200182396e-02
1.815574887316517491e-02
2.244758167461776560e-02
2.638268045249408944e-02
1.883670183335493103e-02
-3.102496172496492510e-03
-3.553353052437301790e-02
-7.511463481745678239e-02
-1.181898340678542714e-01
-1.587797107524881457e-01
-1.857060447676046888e-01
-1.844892087127555924e-01
-1.418318595515960789e-01
-7.091105672841793717e-02
-1.013582116248252195e-02
2.831158737976258166e-02
5.172091255840038926e-02
5.700755626273867893e-02
4.427245970724851681e-02
1.992460590236489609e-02
-9.028469456764835060e-03
-2.891224145141203100e-02
-2.112220557666496731e-02
3.054844893323534899e-02
1.060809793123557720e-01
1.530850387290094150e-01
1.513717514934506125e-01
1.113625138488483768e-01
4.578169233585527298e-02
-2.986073662029464434e-02
-9.781514325905606155e-02
-1.412520538526975400e-01
-1.466196938264487659e-01
-1.204570945729180054e-01
-8.940458477470052123e-02
-6.230073321868613567e-02
-2.258703235346476434e-02
3.612524617931867771e-02
8.989098378575552384e-02
1.180434363486644322e-01
1.236263536469288521e-01
1.160476672860976805e-01
1.037128982515467257e-01
8.862186876764402421e-02
6.775259079462433998e-02
4.590109585506788742e-02
3.285358872347787090e-02
3.316785436892737138e-02
5.239039358223849391e-02
8.902772851695990586e-02
1.254533847790909595e-01
1.504820037344413164e-01
1.607897919230467099e-01
1.519555370919783155e-01
1.247743594945807527e-01
7.963525720629546778e-02
1.427294188452849985e-02
-6.472780362641203378e-02
-1.381952925112584496e-01
-1.895747366704899350e-01
-2.074595295330467770e-01
-1.764711879859446886e-01
-8.710565470894815476e-02
2.893213561988910304e-02
1.110196013991425895e-01
1.393145121243530293e-01
1.285677248560622432e-01
8.925725299443001970e-02
2.808708232123150947e-02
-5.023574936848419770e-02
-1.397083898510931288e-01
-2.310406455034094420e-01
-3.123866269808804330e-01
-3.697379001452990588e-01
-3.864331460914274263e-01
-3.435208006895840160e-01
-2.623841614372386943e-01
-2.055647304107884321e-01
-1.947053988188554574e-01
-2.073872094417224254e-01
-2.172653793559642943e-01
-1.991193116986639255e-01
-1.276517545068864279e-01
1.606396561098861336e-02
1.928273202782696538e-01
3.234907065169781992e-01
3.873221356643874458e-01
4.089063939697793471e-01
4.015619729296883711e-01
3.719522438892423066e-01
3.283207095333559589e-01
2.761329519990347037e-01
2.179086907975376075e-01
1.589669628465999740e-01
1.080999361581453933e-01
7.184979904555391372e-02
4.542470739209874403e-02
1.870283909600877273e-02
-8.603960838113548087e-03
-3.145259247921882578e-02
-4.762656161221844736e-02
-5.716639049569357395e-02
-6.149650803865926163e-02
-6.240922795773427151e-02
-6.180423386679034792e-02
-6.157573830355100863e-02
-6.291446810468961925e-02
-6.499186214239438542e-02
-6.274255109845416900e-02
-5.238114426836834592e-02
-3.802512148351619437e-02
-2.300761872272835684e-02
-3.918326251989009273e-03
2.056460975603855573e-02
4.797199209558420524e-02
7.685284864020650031e-02
1.021982061724649588e-01
1.175669631605936877e-01
1.205462395677989601e-01
1.091529392764622880e-01
8.342925486611951769e-02
4.723445485409089734e-02
4.013335443752766990e-03
-4.221162507600641906e-02
-8.907089574206522586e-02
-1.400744626432158524e-01
-1.982225340143316250e-01
-2.628495943025019876e-01
-3.302699508012161833e-01
-3.905242361051208810e-01
-4.292972943756659943e-01
-4.309173268419852487e-01
-3.850413839428850626e-01
-2.874063484998291562e-01
-1.239640645133339991e-01
7.875894693652230050e-02
2.392254252077615773e-01
3.222020311146777116e-01
3.461585197043994810e-01
3.296068968147660705e-01
2.876900725146221416e-01
2.356901498964225627e-01
1.904141960628761288e-01
1.693130886092431564e-01
1.642608236259699428e-01
1.443147571412395080e-01
1.053527034689163422e-01
6.095994667725132543e-02
1.553288430556311328e-02
-2.751211424165419736e-02
-6.221903264782270571e-02
-8.494531003476635256e-02
-9.545280012922931212e-02
-9.359701145696977531e-02
-7.765555728683809500e-02
-4.140058719710457136e-02
6.932772239150421928e-03
4.092213073668574813e-02
5.254175497982762483e-02
4.978187833395989609e-02
3.722467126753904731e-02
2.028645687465197717e-02
3.670489306756340251e-03
-1.256944281921266310e-02
-2.899018533310539561e-02
-4.110904914594189913e-02
-4.315058170352472494e-02
-3.271271760599414602e-02
-1.492143005961235613e-02
-1.206908503541838026e-03
4.238064858312894437e-03
3.796652586677031795e-03
-2.108020912393915574e-03
-1.404183371815430521e-02
-3.103096188894705759e-02
-5.044975683357810770e-02
-7.047984156914995080e-02
-8.905907653643396760e-02
-1.007228506775875720e-01
-9.944365533720199435e-02
-8.111027161853091860e-02
-4.087203308921017603e-02
2.642638988793462318e-02
1.065603911034336687e-01
1.664195068531305888e-01
1.907977938304423193e-01
1.849748012224275151e-01
1.550654542172877903e-01
1.061423095571965985e-01
4.872298656314743431e-02
-3.353301746153630573e-03
-3.975873362943684736e-02
-4.578651310828138477e-02
-1.961320639118224393e-02
1.367402896141002577e-02
3.651508762098802652e-02
4.365403867900306822e-02
3.055069817140627572e-02
6.527154084156627269e-04
-4.014687239781342815e-02
-8.730833720548272781e-02
-1.398922186644953880e-01
-1.998406614092523292e-01
-2.631219083992031860e-01
-3.167531946204258930e-01
-3.416115421529122287e-01
-3.212560900429176081e-01
-2.439502699447052558e-01
-9.797228642376240582e-02
8.579724742556418815e-02
2.366406739669343617e-01
3.286793548326185088e-01
3.748623777745841990e-01
3.813766691944299181e-01
3.502333418588575720e-01
2.851694609299176841e-01
1.970818641044083941e-01
1.025835015591561872e-01
1.271688867142916485e-02
-6.872898551668098210e-02
-1.391746885187892246e-01
-1.997068772667614234e-01
-2.517215205771832776e-01
-2.911258786893006212e-01
-3.117512657147752941e-01
-3.082835034852966505e-01
-2.758586615679205489e-01
-2.089969986262938118e-01
-9.703155865860851881e-02
4.271293085742303153e-02
1.609677471201334253e-01
2.401566347443500893e-01
2.912591780151405629e-01
3.218442714123148085e-01
3.355153789234168737e-01
3.323024224264511939e-01
3.120575997004052526e-01
2.757803628108255189e-01
2.229237677876540757e-01
1.487446415321877213e-01
6.113504922046749529e-02
-1.482794088772166827e-02
-6.512031327017123172e-02
-9.250848151405183240e-02
-1.036426069110095161e-01
-1.052008224266952341e-01
-1.032164643445008245e-01
-1.059916650007847322e-01
-1.193046012232476527e-01
-1.406172168754475094e-01
-1.664450768330655583e-01
-1.932692222921517378e-01
-2.114903548800774746e-01
-2.102815937477625630e-01
-1.806854503531684641e-01
-1.338585726813288912e-01
-1.021018391481187115e-01
-9.568373261661711204e-02
-1.027575508848448949e-01
-1.100621892095281773e-01
-1.050545334489204480e-01
-8.446907374845483152e-02
-4.470819397317433996e-02
2.748734507692539991e-02
1.198742802730502904e-01
1.875507420015618543e-01
2.093011947951990415e-01
1.936428329578385732e-01
1.503899884893957761e-01
9.036601657637938212e-02
2.868149851258991467e-02
-1.982430343076850218e-02
-4.637995753455022296e-02
-4.665322064021757559e-02
-1.729170508062294331e-02
4.541863051511776939e-02
1.233758183881830117e-01
1.801921477415593664e-01
2.048053595641612101e-01
2.051000943083945427e-01
1.851740151936797918e-01
1.498024568625170305e-01
1.046345657404438995e-01
5.369178658034008678e-02
8.583476688710216934e-04
-5.062436219764096523e-02
-9.937548064913297174e-02
-1.461527880289130721e-01
-1.906137799146236378e-01
-2.281306419161062138e-01
-2.542079594427392175e-01
-2.666168836467358028e-01
-2.610692440820818194e-01
-2.279472386809254791e-01
-1.560964037057088472e-01
-5.574944748358669905e-02
3.884801657966397564e-02
1.093638555332425433e-01
1.594037756347400081e-01
1.913646876078211601e-01
2.018506838558335459e-01
1.899758756808509474e-01
1.622316858428756170e-01
1.255769110322336735e-01
8.648166749916960661e-02
5.050548322080927743e-02
2.060477032131434461e-02
5.058917535390814596e-04
-8.618645347951816096e-03
-1.266265674680108234e-02
-1.845363076113796380e-02
-2.901633363048999187e-02
-4.766441781851780968e-02
-7.571820338473923828e-02
-1.044406815031669183e-01
-1.147533423791583518e-01
-8.772676017691738437e-02
-3.066552264512280648e-02
2.568430911516645515e-02
6.668122315661252630e-02
9.212529664833819798e-02
1.015531486061369421e-01
9.830664900600759315e-02
8.438306619417691723e-02
6.787288548036692071e-02
6.607008817421183844e-02
7.693929918377138966e-02
7.870766075614910040e-02
5.984925138504767345e-02
2.130365511998304207e-02
-3.281913546878290761e-02
-9.386014186131838577e-02
-1.495601793611919528e-01
-1.915928937205742255e-01
-2.147121397830922540e-01
-2.116897474197146911e-01
-1.699493969514276059e-01
-9.325638776965486376e-02
-1.630330999229858552e-02
3.066943882634908664e-02
4.057114964103788329e-02
1.995888127955909586e-02
-1.989783636460756150e-02
-6.564716233947325008e-02
-9.945692028082209202e-02
-1.033685427981430593e-01
-6.334970869478680211e-02
2.883823667388740394e-02
1.468484066766535534e-01
2.342169399349537107e-01
2.690380135503214754e-01
2.644020269881475205e-01
2.339861068336882011e-01
1.887461053144013357e-01
1.362248956441410863e-01
7.741702424805904648e-02
7.296410487819507580e-03
-7.592628853037289294e-02
-1.690893786318871661e-01
-2.656252030498046923e-01
-3.521653680798380592e-01
-4.111311276177781471e-01
-4.269148258926210859e-01
-3.847020928970127929e-01
-2.635177115113211954e-01
-8.549952959602705183e-02
7.377351758611927490e-02
1.795378693739535236e-01
2.454833184846564875e-01
2.841272512898279645e-01
3.000294891667629193e-01
2.963720120275625813e-01
2.775405942031906603e-01
2.445785796864923811e-01
1.995328306602884849e-01
1.473365931054000100e-01
9.463825660042628207e-02
4.741003534895508326e-02
7.846119043275961297e-03
-2.458454119714243574e-02
-5.046216209417933585e-02
-6.796869239613698155e-02
-7.525295357807068597e-02
-7.452385320811266700e-02
-6.952136848010195824e-02
-6.013981265828120121e-02
-4.470466004334918558e-02
-2.803639460506469200e-02
-1.788355774688853150e-02
-1.479806420163329826e-02
-1.660302303904686444e-02
-2.219842446352442156e-02
-2.806912778283780080e-02
-3.240795877641435008e-02
-3.783806122156548046e-02
-4.543265741228522808e-02
-4.915711063583447921e-02
-4.168956954088676170e-02
-2.190251126375596796e-02
4.688352438793771948e-03
2.882161458448831426e-02
4.426226868577651935e-02
4.804668827802367065e-02
3.998407495097754116e-02
2.540471933937956880e-02
9.052182952539200925e-03
-8.768704860414150079e-03
-2.907675429936477929e-02
-4.926351212654807299e-02
-6.384781271935215108e-02
-7.069722803371498998e-02
-7.201375827335633473e-02
-7.259248849883623289e-02
-7.441924674569327935e-02
-7.485970515395977409e-02
-7.170739276675847096e-02
-6.412435810550802529e-02
-5.072663076090959400e-02
-3.012313401256415391e-02
-3.338503855678399274e-04
3.394760804328008502e-02
6.004801915845051075e-02
7.261142829828748368e-02
7.502866276043695937e-02
7.183544362459717836e-02
6.571363637314779627e-02
5.764625111751936481e-02
4.689169991074654265e-02
3.211298262833522932e-02
1.781315926860593118e-02
1.067063940010487891e-02
9.382350543098562021e-03
1.137172055462763384e-02
1.741541966252198662e-02
2.387171552974495098e-02
2.695470185108310435e-02
2.725472688255304102e-02
2.476948906191081198e-02
1.779191254214960299e-02
7.796097183655850173e-03
-1.279102587853141008e-04
-4.007023491195135095e-03
-6.233198711002527377e-03
-7.210867521570432821e-03
-4.093001439889420653e-03
1.476352649495147988e-03
3.662823007260475588e-03
2.677684639814712116e-03
3.647449775738718578e-03
7.632759788233782310e-03
1.305114305821811899e-02
1.904165465375547844e-02
2.444249250134154089e-02
2.820652374241419333e-02
3.008828201876324882e-02
2.989323385366928626e-02
2.930858696720333584e-02
3.216169084034197628e-02
3.816968521330187103e-02
4.354874543155093369e-02
4.580204887415576659e-02
4.369528560706544690e-02
3.727973510938187296e-02
2.701980090312782606e-02
1.349869109997668508e-02
-2.655545317538306888e-03
-2.173877158932962378e-02
-4.231803666713136736e-02
-6.517793965990147098e-02
-9.450950234810796824e-02
-1.319694537069219520e-01
-1.776587893017241016e-01
-2.303143802123207295e-01
-2.871786923791852519e-01
-3.423988880902638088e-01
-3.822526685564222038e-01
-3.874499605263478363e-01
-3.402991940117390257e-01
-2.237975116623104888e-01
-2.772823001769694415e-02
2.003718409371352260e-01
3.731522437829639660e-01
4.622184987768738762e-01
4.875362203385231186e-01
4.661161908712385671e-01
4.115785845152405420e-01
3.354669489662139847e-01
2.483217129293958936e-01
1.592740779495979697e-01
7.422784748368412011e-02
-5.939121249645283943e-03
-8.241260523037309549e-02
-1.503495542119852313e-01
-2.001126666864811721e-01
-2.275602816591774658e-01
-2.323182103808530408e-01
-2.136654932711365973e-01
-1.723659401570156735e-01
-1.077224706001106286e-01
-3.297103962740724481e-02
2.278465210482908190e-02
4.897606884680568567e-02
5.599249393388266299e-02
5.922861815126416463e-02
6.525063105655661000e-02
6.593607040166486744e-02
5.893959280262296013e-02
4.905898769925019776e-02
3.706413349734717644e-02
2.261703891993641774e-02
7.319553172756156079e-03
-4.175666820877971253e-03
-7.600775554930419044e-03
-4.060452280380303161e-03
2.915364385303428202e-03
9.937051263990186178e-03
1.470393390739454381e-02
1.812822606142449125e-02
2.217673917763239230e-02
2.737772017311432965e-02
3.143780951654492894e-02
3.112628411774235118e-02
2.592739557824592575e-02
1.642757129325499860e-02
4.167076981016135107e-03
-8.063334952237976097e-03
-1.973543512971800973e-02
-3.395106690619857648e-02
-5.103044956232239554e-02
-6.318161639530778251e-02
-6.495796386796379163e-02
-6.008826543244872448e-02
-5.582165402057753800e-02
-5.769577895284665192e-02
-6.721960244339587887e-02
-8.066871372176769028e-02
-9.096673351882014757e-02
-9.256116173474553122e-02
-7.931082405322834039e-02
-4.295420660042270633e-02
1.105601589860350474e-02
6.167130689406082056e-02
9.741839839977715909e-02
1.185030284299775499e-01
1.252161299438716846e-01
1.188675403396284858e-01
1.017604377766655882e-01
7.755825498371282656e-02
5.306252446675224083e-02
3.313566289656912772e-02
1.675083047627989180e-02
2.278930990063654950e-03
-7.596434107548212522e-03
-9.127084484157350214e-03
-3.077142956894879031e-03
7.240487668413765621e-03
1.917357528063805272e-02
3.080507733524381203e-02
4.138325920879968450e-02
5.050947485544107773e-02
5.705879691177407481e-02
5.756540555405827847e-02
4.628084132106526777e-02
2.205737774013473429e-02
-1.051350001219418517e-02
-4.907167706811975394e-02
-9.195361372542215639e-02
-1.379381297811810847e-01
-1.890401029590208504e-01
-2.442837852705558310e-01
-2.988268295342234593e-01
-3.415239040730815301e-01
-3.560338290421612428e-01
-3.287128468999119812e-01
-2.459594143211666084e-01
-9.348172408376514975e-02
9.708940142053154587e-02
2.512896759688991732e-01
3.396711160536089458e-01
3.750055985124222113e-01
3.690596245647179696e-01
3.333038568059779605e-01
2.782723202094918302e-01
2.130723849306723761e-01
1.457259686380018016e-01
8.318579609412993237e-02
2.994831966036146098e-02
-1.236709328001195374e-02
-4.403276490645062491e-02
-6.631394024130141118e-02
-7.930770322992844457e-02
-8.232929550594912660e-02
-7.735875064776207011e-02
-6.885890393376969953e-02
-6.006582509475053705e-02
-5.181604893461300848e-02
-4.506241849638865232e-02
-4.126405531180477038e-02
-4.087465954767033338e-02
-4.302155273731724655e-02
-4.496920844611442675e-02
-4.377081668888452293e-02
-3.874032075742928072e-02
-2.960668373687960764e-02
-1.557800700369908926e-02
2.293408644687753087e-03
2.072925021788023237e-02
3.718485388782905021e-02
5.052393075477524392e-02
6.032888841879573832e-02
6.621768946528858168e-02
6.593502294132765063e-02
5.979430334856955520e-02
5.303766240702217222e-02
4.926091290441307613e-02
4.786299898371241396e-02
4.757694198682813069e-02
4.842143004538056877e-02
4.984910818554791345e-02
5.033364207793429579e-02
4.978002228168928317e-02
4.791438583945629992e-02
4.186564686572950833e-02
2.721683652323320102e-02
-6.603912791761073348e-04
-3.971284199708911833e-02
-8.283207231449435382e-02
-1.283861251399855685e-01
-1.771208120702176536e-01
-2.280844867223221495e-01
-2.779734493245019089e-01
-3.182918166513055147e-01
-3.380728429830970327e-01
-3.249010451669173127e-01
-2.637260162696692389e-01
-1.414502834280738086e-01
1.442918023529262891e-02
1.402225808229544124e-01
2.120607633131205705e-01
2.442143752918826682e-01
2.497116324534038034e-01
2.384104978505949823e-01
2.170014913291926084e-01
1.893056746011199665e-01
1.581894525884137426e-01
1.260232817903600977e-01
9.277583793839130899e-02
5.987694343173131928e-02
3.503441190166262792e-02
2.448352109716778538e-02
2.311212865393649091e-02
2.281263021485491899e-02
1.885681718968473808e-02
9.469413318058591059e-03
-1.794148796146304015e-03
-1.163434467513987762e-02
-1.966632755887975231e-02
-2.520836610111387710e-02
-2.710722499284366066e-02
-2.603424947196054245e-02
-2.540043401018686822e-02
-2.622738203697190171e-02
-2.601564886346462852e-02
-2.526185143655662602e-02
-2.725004232944484503e-02
-3.184300809413537214e-02
-3.587308189672913650e-02
-3.800438263894756474e-02
-3.931449931210120180e-02
-4.109209407429732092e-02
-4.303273430036443081e-02
-4.203534676455809860e-02
-3.602304716534425466e-02
-2.835057278846131804e-02
-2.308096095036998516e-02
-2.002586956677873675e-02
-1.738285875747591289e-02
-1.504814666400496222e-02
-1.347425647889393882e-02
-1.106323723299993539e-02
-5.085981896656519702e-03
5.409513155490382197e-03
1.905554524566266741e-02
3.340180345715550170e-02
4.370089897336298934e-02
4.685392953725166232e-02
4.554488877211257392e-02
4.172958092112100115e-02
3.423339045319027940e-02
2.259313261663684763e-02
7.962002243194522821e-03
-6.771771077166911096e-03
-1.778040108671978536e-02
-2.339675421677516257e-02
-2.453103501190634361e-02
-2.173735967435183603e-02
-1.414521432433358747e-02
-2.618807197421677002e-03
8.732052674224053887e-03
1.647367748710221527e-02
2.058623424463981721e-02
2.310378961839422776e-02
2.533504224837414276e-02
2.644418920615827090e-02
2.524719914849479774e-02
2.068554911481449918e-02
1.051735818889088653e-02
-8.226745201769698757e-03
-3.411837942239420024e-02
-5.712914459798501543e-02
-6.845760677376327985e-02
-6.773529929857949328e-02
-5.719867736488281479e-02
-3.937797004725561434e-02
-1.812331884301712770e-02
3.112132229061716736e-03
2.271742301950380877e-02
3.916563068121006741e-02
4.948107382160383400e-02
5.278643353544983097e-02
5.087321246301353128e-02
4.616107069670447732e-02
4.096215760241674053e-02
3.372500594985358702e-02
2.133611239121763897e-02
5.033534968417411465e-03
-1.224279381229169579e-02
-2.935845101692778278e-02
-4.530222793416174842e-02
-5.694330023853978046e-02
-5.874234431577374932e-02
-4.730031790018158350e-02
-3.069917765670366824e-02
-2.053370375146333984e-02
-1.566552229447729788e-02
-1.119460025518691747e-02
-6.504458474838577600e-03
-1.367587778802090929e-03
3.817555676592369190e-03
8.411634903021353304e-03
1.260620375851571884e-02
1.669930216287261737e-02
2.000791429387872508e-02
2.121718025804950059e-02
1.969123467175490708e-02
1.724844801593461083e-02
1.565723448883215435e-02
1.478697452759010142e-02
1.657324602080254353e-02
2.392269942695100446e-02
3.637952993658031403e-02
5.215319248348609937e-02
6.996039321747735129e-02
8.685455746598563787e-02
1.002020391718087544e-01
1.093594862262665945e-01
1.124915097839786909e-01
1.086794254098965989e-01
9.923950441547406409e-02
8.525209745188458421e-02
6.753236582986911485e-02
4.569274097730020856e-02
1.886671888226930383e-02
-1.400463263381952761e-02
-5.418714329932997065e-02
-1.006173628219556859e-01
-1.503994618470907429e-01
-2.004705791300504247e-01
-2.458061222393481682e-01
-2.793728604410373739e-01
-2.945090949664698199e-01
-2.890669507348537226e-01
-2.632445058272667171e-01
-2.288860190834615116e-01
-2.097095420976601843e-01
-2.075970191448275881e-01
-2.040406146052899938e-01
-1.806237870108830523e-01
-1.173139606656409539e-01
8.127936938139602996e-03
1.707806918282304964e-01
2.981045155352519127e-01
3.631127319048826907e-01
3.834173114568977248e-01
3.743334937840573362e-01
3.462459637680042057e-01
3.037700714036524752e-01
2.512819419530534226e-01
1.944622177855274969e-01
1.366238042657579033e-01
8.021370796809161596e-02
2.684422617704582126e-02
-2.255640849891412184e-02
-6.341276034209962498e-02
-8.781990922935664634e-02
-9.351622240566215272e-02
-8.243584916336871293e-02
-5.632150810728769885e-02
-2.426805010060079787e-02
3.079175642110711791e-03
1.898045462013860790e-02
2.229175173363568893e-02
1.731587575363985332e-02
2.907691108194290774e-03
-1.808262342048460106e-02
-3.287247298330132211e-02
-3.735747219556499743e-02
-3.601224578836632884e-02
-3.315567726784915403e-02
-3.190842412149075269e-02
-3.096543166269534117e-02
-2.927214638747633116e-02
-3.071740005455216374e-02
-3.543885746819822047e-02
-3.754566167991316844e-02
-3.470868784294685316e-02
-3.037156054384426013e-02
-2.933023280016622616e-02
-3.470870585107258682e-02
-5.026472724998828912e-02
-7.910006783428227828e-02
-1.180669876933837376e-01
-1.592553796898600604e-01
-1.949154562231003585e-01
-2.175518877316892086e-01
-2.188982249514832001e-01
-1.851047272705793612e-01
-9.480168655764834029e-02
3.414747735425724406e-02
1.415608393880467830e-01
2.018986741164031096e-01
2.259049605573843211e-01
2.238684734587717551e-01
2.039027132339028547e-01
1.722365826391539234e-01
1.343326897400319853e-01
9.558435059521416810e-02
6.008740133151957430e-02
3.022697481874382641e-02
7.461345620396304078e-03
-7.592116800869705071e-03
-1.430332178830237555e-02
-1.241740139436611073e-02
-3.758043481302228081e-03
8.668808746585073347e-03
2.222127633698364052e-02
3.477767269763603480e-02
4.574647437202825073e-02
5.491656384866774182e-02
6.061894560945921273e-02
5.962074374202317589e-02
4.799437787967036906e-02
2.628381917890508165e-02
3.239900649305120506e-04
-2.457037543816282393e-02
-4.736456912581669954e-02
-7.071494226913511982e-02
-9.467174079883777793e-02
-1.144569108208585290e-01
-1.266254724219901540e-01
-1.312947789574381019e-01
-1.273561698150180443e-01
-1.113939744328378834e-01
-8.205864746587175629e-02
-4.873408706578832850e-02
-2.892081523120562311e-02
-3.189179602167342004e-02
-5.777653293656831446e-02
-1.026015762480634586e-01
-1.592784502682859094e-01
-2.214559835640530494e-01
-2.810107758883613194e-01
-3.246091378437764297e-01
-3.357847613189005598e-01
-2.974527634728943992e-01
-1.935368344788678807e-01
-3.334764446513719532e-02
