-2.889164088520369822e-02
-1.729919828353767286e-01
-3.108524931548383163e-01
-4.380299953593256856e-01
-5.499204953074058322e-01
-6.356638597025981996e-01
-6.772584761301985168e-01
-6.542528349481088190e-01
-5.449020052395591174e-01
-3.625696116608811970e-01
-1.520225087670873387e-01
4.749933089429630301e-02
1.954562032813390582e-01
2.843314390698259975e-01
3.178718608004894586e-01
2.770148110270209685e-01
1.684735537560498320e-01
2.596724770763331885e-02
-1.227262366105776881e-01
-2.684818052616253503e-01
-4.074497783735848699e-01
-5.242556921234559075e-01
-5.956980987409548067e-01
-6.069644209322718753e-01
-5.504697621152346843e-01
-4.016188575298921259e-01
-1.823434343018207893e-01
2.506826983109278206e-02
2.015939286386741747e-01
3.428732129259360328e-01
3.959849289046957210e-01
3.542496893790496593e-01
2.591024724354740183e-01
1.557119970677393606e-01
8.870463846779608197e-02
7.984773225713420741e-02
1.285624855398763422e-01
2.458732401635241593e-01
4.056019614184165345e-01
5.251221169943813827e-01
5.664928428605017219e-01
5.489672121580295716e-01
4.923234563622226334e-01
4.032035227984073211e-01
2.870251062724706870e-01
1.546927933937196631e-01
1.553612005901663234e-02
-1.255889226976207307e-01
-2.671077970705159066e-01
-4.014158716608636213e-01
-5.154735501969737177e-01
-6.024450733637201072e-01
-6.571858767887172048e-01
-6.662160062406644601e-01
-6.222820639127577547e-01
-5.338583090449755542e-01
-3.962233450710150318e-01
-1.972098147247025868e-01
1.690452953651159357e-02
1.677619694513743098e-01
2.391320576600584058e-01
2.590995339539604592e-01
2.577052964227479204e-01
2.455084873440618876e-01
2.067490922352500649e-01
1.453042456597389842e-01
8.541506291933870232e-02
4.529713587114617829e-02
4.382789717208052105e-02
1.037814284021524452e-01
2.030570100352808438e-01
2.729495237215741610e-01
2.819570316488916317e-01
2.459824916018154839e-01
1.857201803421825725e-01
1.099291361964372382e-01
2.384960462426663486e-02
-6.360863330311902764e-02
-1.471054188949226238e-01
-2.200423832629037069e-01
-2.694068862149411880e-01
-2.849941275813760999e-01
-2.686699674726508724e-01
-2.231400112936093860e-01
-1.379508120158449425e-01
3.170737105973472914e-03
1.669096019431411393e-01
2.747019967919114847e-01
2.989310095608749829e-01
2.666010949721032142e-01
2.051446913553011120e-01
1.269864471482054225e-01
3.667190428362533672e-02
-5.761450282129021438e-02
-1.530639395210978693e-01
-2.543430978212717908e-01
-3.554645756650212096e-01
-4.405695734125537610e-01
-4.947428206197271860e-01
-5.019928554001237275e-01
-4.430799138746846499e-01
-2.969352132619130225e-01
-5.826702123336694600e-02
2.068095899079047117e-01
3.950583748748480728e-01
4.775867322485068400e-01
4.797618485177811420e-01
4.236809763517049299e-01
3.301353974840076644e-01
2.193503320053347694e-01
1.069408884958493455e-01
4.783377601034467103e-03
-7.554711714610339024e-02
-1.248015927164466826e-01
-1.364682002254479776e-01
-1.026412552705631698e-01
-3.713240197874138199e-02
2.048263329565281135e-02
5.195134988433996320e-02
6.343452257085910317e-02
6.259804544860872455e-02
5.484327619543351989e-02
4.272198513433352052e-02
2.818222630215896571e-02
1.242915313461719767e-02
-1.591549703770888183e-03
-8.798821343514432250e-03
-9.728811388915873867e-03
-1.048290172056053939e-02
-1.335954213388646124e-02
-1.899739447409487178e-02
-2.978814301357975841e-02
-4.320263863430890555e-02
-5.227457883412588852e-02
-5.391664829167208683e-02
-4.921665344480490034e-02
-3.976168987438901542e-02
-2.578537248497859979e-02
-8.496390154404018583e-03
5.465492758209704836e-03
1.121819477750257178e-02
1.222619406892348076e-02
1.358135418035956790e-02
1.541720245131862968e-02
1.501652100101454924e-02
1.237461814687192477e-02
9.088164474325597167e-03
6.494572089449267976e-03
5.315644852292635350e-03
4.432159194141884612e-03
1.426416731939817795e-03
-6.926339501580303440e-03
-2.176104853814814916e-02
-4.123118359448993409e-02
-6.257415050724116079e-02
-8.466466952010436031e-02
-1.028857914974123516e-01
-1.076843861791897117e-01
-9.775217253679023555e-02
-7.796562069043128096e-02
-4.836229513254396845e-02
-4.225346066211294743e-03
5.136478999357119157e-02
1.012351940541570128e-01
1.330870023431730553e-01
1.470817798441881596e-01
1.435336931763119828e-01
1.208791475148909694e-01
8.656695345046787338e-02
5.647051995458380463e-02
3.842093040717039359e-02
2.970440101801276669e-02
2.593690793559230018e-02
2.264853673716169663e-02
1.697795395981468308e-02
7.600100482971669860e-03
-7.881549948924955820e-03
-2.928022311992564686e-02
-5.366558887563703528e-02
-8.080443596707395648e-02
-1.096898201291859332e-01
-1.319700583872444322e-01
-1.379597276184467702e-01
-1.248396382150552403e-01
-9.159857696423562290e-02
-3.613861872879146897e-02
3.878797078321832154e-02
1.171575452861799982e-01
1.728801473511369924e-01
1.933243847400401283e-01
1.838788025958939254e-01
1.530731462013455169e-01
1.072981127100481047e-01
5.127611825823705227e-02
-9.263335291365276669e-03
-6.929550314877594430e-02
-1.251777747581199474e-01
-1.715384072250193404e-01
-2.072041658169120337e-01
-2.368764568691805183e-01
-2.635064092056024765e-01
-2.834521651518582819e-01
-2.890219316489728296e-01
-2.717869578705949252e-01
-2.219523480532785142e-01
-1.276554018665480850e-01
2.545334091137385624e-02
2.044874179557251981e-01
3.314777904908364770e-01
3.818971604692902866e-01
3.801137294775621678e-01
3.459198140450180370e-01
2.935714253392653350e-01
2.329537793297423720e-01
1.707911173196208221e-01
1.114870887143590006e-01
5.860746251678983221e-02
1.828860553057867072e-02
-8.290096727739153931e-03
-3.217223544536462060e-02
-6.242493126831584471e-02
-9.814572993344022889e-02
-1.360372908783710477e-01
-1.726040996767693736e-01
-2.024807568039960759e-01
-2.166552278778159646e-01
-2.062867712777770590e-01
-1.697719119712163272e-01
-1.088350666356829033e-01
-2.245020741254684024e-02
7.511312828874143477e-02
1.541345972893383154e-01
2.063081530934294527e-01
2.377330075196270043e-01
2.453251158633631968e-01
2.232576006506099553e-01
1.703743080928500353e-01
9.363299785069661985e-02
3.561015681644815953e-03
-8.930403262244644702e-02
-1.745473859990776255e-01
-2.414910830911820017e-01
-2.890992722598195730e-01
-3.289156209697047806e-01
-3.614307969472436710e-01
-3.728847350652441661e-01
-3.478615355747387561e-01
-2.690918885431433649e-01
-1.185613813540136174e-01
7.345787300276013232e-02
2.303330202807530869e-01
3.241673805551827936e-01
3.724836573756805658e-01
3.869015172194352203e-01
3.774332546327197613e-01
3.603539705306240126e-01
3.521700485434555716e-01
3.439824817535811485e-01
3.079802510632081436e-01
2.360042476168635051e-01
1.330583138696718182e-01
8.103022003052139793e-03
-1.215245532803004985e-01
-2.435928129444322188e-01
-3.528018720711393885e-01
-4.456068845757601982e-01
-5.115127503968102118e-01
-5.251642989764370162e-01
-4.556381763921008021e-01
-3.259414622163610553e-01
-2.106559492168123826e-01
-1.360761207778962978e-01
-7.981655439830796783e-02
-1.811576153803612019e-02
7.101154386321471834e-02
1.758061769749603154e-01
2.517634365468552349e-01
2.807846902286771362e-01
2.720329104838268841e-01
2.389732113953546566e-01
2.008253396847019534e-01
1.725583087274625838e-01
1.550469627449841681e-01
1.397297879287114075e-01
1.219137055449096979e-01
9.970650530546479318e-02
7.240997469455544289e-02
4.400556526957533771e-02
1.714651452868407033e-02
-1.082852013454777169e-02
-4.211256288964852768e-02
-7.468771780947627836e-02
-1.056637483144705209e-01
-1.333873665520205198e-01
-1.566652931803361459e-01
-1.739857037008872565e-01
-1.823062875361151636e-01
-1.773760517568409856e-01
-1.541006182295253102e-01
-1.068070110347534296e-01
-3.460382415839734910e-02
4.268803010019135702e-02
9.729104438578969893e-02
1.276597822801989746e-01
1.458982025549787342e-01
1.576502503250540588e-01
1.658241093232829810e-01
1.718155394205783115e-01
1.765452721723209661e-01
1.823347577605321512e-01
1.892946339969719671e-01
1.927186286345039246e-01
1.862170080017209184e-01
1.640961406032256653e-01
1.234558735495238369e-01
6.590002034186856483e-02
-2.812606294425066406e-03
-7.586362547370228970e-02
-1.481257017716934854e-01
-2.139416705818838749e-01
-2.672027152611776146e-01
-3.088837933748646014e-01
-3.456627311190512142e-01
-3.777381668636435319e-01
-3.978385425499467165e-01
-3.953072793907270732e-01
-3.536395462549835611e-01
-2.531436975923293531e-01
-8.092863080885351335e-02
1.170825044667573867e-01
2.488647611190935582e-01
2.831786478859620315e-01
2.414746573374748073e-01
1.453247171695047635e-01
2.227991970606153782e-02
-9.627014747323876798e-02
-1.822221403398032458e-01
-2.108407422306391443e-01
-1.600251202533375938e-01
-8.604621904004204624e-03
2.082246038185920634e-01
3.854224385872997982e-01
4.656213839198129478e-01
4.630698123799952270e-01
4.021181176257380141e-01
3.038210639860055018e-01
1.858710691363304468e-01
6.327018388601234056e-02
-4.732005361550058187e-02
-1.304336495819398423e-01
-1.699953159246612444e-01
-1.417327051619199363e-01
-6.478621805216061569e-02
-8.960949728743186626e-03
-6.743207762097296054e-03
-4.436877924862426409e-02
-1.041417288959935739e-01
-1.695379825346136904e-01
-2.184635305654176463e-01
-2.196727312893045903e-01
-1.439668827995209399e-01
-2.353550729840886424e-02
5.794669993928971974e-02
6.956532672365170478e-02
2.810811875857124886e-02
-5.010031717129778683e-02
-1.471152373665814139e-01
-2.402675520451998392e-01
-3.027059393055520631e-01
-3.047588416282730472e-01
-2.167480610341573355e-01
-1.771862989023487850e-02
2.420795476010765279e-01
4.501722513569126338e-01
5.580170214534361239e-01
5.828108498077371191e-01
5.488090926692270610e-01
4.744338035842887713e-01
3.691905497398250691e-01
2.444147427232519765e-01
1.103212439781479509e-01
-2.929289058028146028e-02
-1.715910828431724267e-01
-3.086847984051621641e-01
-4.278458274150504503e-01
-5.169518179253415058e-01
-5.648228813074641641e-01
-5.547895223002458076e-01
-4.649141396934371451e-01
-3.160619374077817678e-01
-1.729448637496319718e-01
-5.691018451095525982e-02
5.227624621104385444e-02
1.455192392877882879e-01
1.867241618403337189e-01
1.721350860965400464e-01
1.325812601316037620e-01
9.930567583852101254e-02
9.798410706567677042e-02
1.534451330717682416e-01
2.417105974689286174e-01
2.843672196780916428e-01
2.510793704979749630e-01
1.665773770522366859e-01
5.408815409985213984e-02
-7.278686075094509267e-02
-2.010242150550104745e-01
-3.109439010895246325e-01
-3.820542761352957450e-01
-3.961410851435436253e-01
-3.348174048726308971e-01
-1.785317594486590109e-01
3.372004613389503747e-02
2.058541355484113655e-01
3.005999297137527115e-01
3.346578970708252165e-01
3.234150805244301874e-01
2.802740906931492915e-01
2.143525291068709149e-01
1.394372327960975155e-01
7.021528831037793239e-02
1.213524441689674792e-02
-3.386115858329710737e-02
-6.780148779393030400e-02
-8.996457424868932462e-02
-1.014128964662217303e-01
-1.051474761925952628e-01
-1.005099567770555841e-01
-8.445678884166524236e-02
-5.972452466003848326e-02
-3.304615802682828174e-02
-7.921145159579940503e-03
1.650725559259239375e-02
4.008084601913523143e-02
5.919619751957226617e-02
6.942558375950769189e-02
6.860681331722151555e-02
6.046240462198584908e-02
4.989585987159617098e-02
3.886266787810717382e-02
2.758591490435866045e-02
1.414180636331058109e-02
2.582915714071376545e-04
-7.549841119750298063e-03
-8.863160209779303439e-03
-1.082104895256749688e-02
-2.000785129618592312e-02
-3.613315181872558957e-02
-5.176031050600317374e-02
-6.244686844143394061e-02
-6.876065099377962064e-02
-7.065980901185385521e-02
-6.730973717825562697e-02
-5.690215627520055219e-02
-3.904420233186327999e-02
-1.755676535644271063e-02
3.587427656817662562e-03
2.033004030859509800e-02
2.851253435215436033e-02
3.084868230745996254e-02
3.143694118565874135e-02
2.661081276061737916e-02
1.098955102878360936e-02
-1.529964375978061335e-02
-4.850586018877789396e-02
-8.400045460069788250e-02
-1.152008506664709553e-01
-1.356430313752582384e-01
-1.424254591081366150e-01
-1.308946911100620780e-01
-1.008134304182077695e-01
-6.352158033947359617e-02
-2.543798303617230555e-02
1.610578055388937196e-02
6.833266129394340027e-02
1.314712311497059638e-01
1.873711533029461807e-01
2.232616939094379249e-01
2.432079115409092052e-01
2.521920285568630127e-01
2.475413950391882334e-01
2.235580491882315779e-01
1.833834776574197190e-01
1.375626310846097267e-01
9.196207470756424807e-02
4.694164036006237550e-02
1.155873260590311452e-03
-4.872584441985249037e-02
-1.062760691010672665e-01
-1.760483714723672377e-01
-2.584852600800653377e-01
-3.449186511928172272e-01
-4.253506926702241842e-01
-4.903543847581073867e-01
-5.293816118088021661e-01
-5.287978936922426154e-01
-4.718755900864750608e-01
-3.472701403627565520e-01
-1.474869319722242611e-01
9.249419816855722343e-02
2.939026975134776398e-01
4.266878447210905589e-01
5.042414017230413270e-01
5.333454292548476250e-01
5.240746771425853767e-01
4.890396077641075978e-01
4.352356136445470480e-01
3.666891416071085263e-01
2.909034280257590255e-01
2.178849804902268372e-01
1.541106542441682270e-01
9.956290578112469980e-02
5.241982710944297769e-02
1.501110053491198915e-02
-7.881990664579369144e-03
-1.442098106004705005e-02
-8.394399690661469293e-03
7.051048748299010294e-04
1.936094864502878321e-03
-8.102972186249883524e-03
-2.785097284368885651e-02
-5.868306815514109931e-02
-1.040508936577850402e-01
-1.684543626952267614e-01
-2.498931317888615222e-01
-3.392135233043526155e-01
-4.283776139441451969e-01
-5.123618163941894288e-01
-5.865746730968571798e-01
-6.359006975854547550e-01
-6.396348738891347585e-01
-6.098037842604361325e-01
-5.780822585961986615e-01
-5.282506315528684437e-01
-4.084707417976115584e-01
-2.187843020780771697e-01
-4.458756570862136559e-03
2.147356095556889888e-01
4.385694146843730490e-01
6.385680582427499807e-01
7.567193637904847670e-01
7.818050926720866434e-01
7.444530892516217913e-01
6.612250546184210709e-01
5.478740820557593816e-01
4.262448749431948514e-01
3.159789631554155709e-01
2.261112830520078110e-01
1.580882067614899633e-01
1.102377550149950813e-01
7.654259848834352176e-02
5.188616394835213891e-02
3.252824268531388785e-02
1.645545227232734359e-02
3.578355509192727990e-03
-9.395794503900302408e-03
-2.904466712852889904e-02
-5.599619130339982681e-02
-8.455776393400314672e-02
-1.133659942030270373e-01
-1.419247135316865360e-01
-1.706939956308622108e-01
-2.039634592212586917e-01
-2.415404718007089224e-01
-2.789144580777426219e-01
-3.101132319292068673e-01
-3.245409929256478088e-01
-3.212174031233929750e-01
-3.095831832933398364e-01
-2.798827887597208353e-01
-2.107866945697757233e-01
-1.129841659593197323e-01
-1.917223901791759166e-02
6.637665292121036620e-02
1.642021112680485950e-01
2.692574762518352705e-01
3.456178778883941538e-01
3.821059727437358666e-01
3.846695030129572146e-01
3.477925154452387035e-01
2.772314222882982793e-01
1.867893373156098435e-01
8.523090416324619056e-02
-2.600816743768936262e-02
-1.487351470779720852e-01
-2.745125108315897844e-01
-3.845670001833886853e-01
-4.621177415416409806e-01
-4.987983368805953832e-01
-4.875245071709253808e-01
-4.277305977774102930e-01
-3.257666756090125126e-01
-1.712414435288755754e-01
4.570738339560305452e-02
2.837281975573496817e-01
4.608910772033654180e-01
5.326278497217932228e-01
5.134977471896527979e-01
4.319491441568287238e-01
3.068967333234985939e-01
1.533145373297477576e-01
-8.900985976766091767e-03
-1.593343767365119068e-01
-2.823885872267619113e-01
-3.669801078350878876e-01
-4.010109895662671287e-01
-3.663392478378739714e-01
-2.438624691863400806e-01
-6.973049782947750297e-02
6.712452667978334453e-02
1.328539476791813501e-01
1.502360807717103008e-01
1.474118439645522582e-01
1.533011302111176033e-01
1.867465622726608154e-01
2.327334489682639784e-01
2.554764251960859878e-01
2.457066864593595301e-01
2.145128422236290411e-01
1.725229981630809206e-01
1.262483933457314855e-01
7.802166763498610824e-02
3.158896183894004117e-02
-1.088887674990812737e-02
-4.970595393895312075e-02
-8.300088118211770838e-02
-1.103033151957480140e-01
-1.354754304111775443e-01
-1.601992654286615025e-01
-1.797368045671666748e-01
-1.856746145290453787e-01
-1.707801633274789455e-01
-1.318244419749574348e-01
-6.621040859272878110e-02
3.303773133309408777e-02
1.501364211747368005e-01
2.435777250168527641e-01
2.961746645238618747e-01
3.154989841900190384e-01
3.075082833906513380e-01
2.760477634371606981e-01
2.248121537994432484e-01
1.590115805491257306e-01
8.405539038445040967e-02
5.073446182455310094e-04
-9.356620516488595163e-02
-2.004726932502431946e-01
-3.191168114261815902e-01
-4.347634773946023046e-01
-5.295431818169803462e-01
-5.878108626596172392e-01
-6.095381521410425663e-01
-6.135930602390118338e-01
-5.977295858971589659e-01
-5.398917760055539361e-01
-4.437824232996385732e-01
-3.297423937642828262e-01
-1.834208517562813945e-01
3.148218487633713814e-02
2.956976445167602829e-01
5.419720821126158272e-01
7.605268941404355054e-01
9.447304655958334019e-01
1.030566305172933461e+00
9.987838198051742777e-01
8.820631731132329012e-01
7.100510604775468471e-01
5.035757362052772912e-01
2.797558805002198778e-01
5.606747552341027896e-02
-1.505221074851438301e-01
-3.234252841929664557e-01
-4.623506204570770883e-01
-5.787553586701932318e-01
-6.738143098469711045e-01
-7.460445464682007310e-01
-7.869234750184577187e-01
-7.733619721133632163e-01
-6.760391323902850136e-01
-5.136139533507271260e-01
-3.507203204407482455e-01
-1.930933589962926800e-01
-4.316493844266572344e-02
4.476072255619779894e-02
7.200855623893576141e-02
9.397025561374333646e-02
1.373280162586644204e-01
1.987028030016866897e-01
2.924531485947065024e-01
4.145853477633776873e-01
5.052680943768843580e-01
5.249182802135520243e-01
4.906105741888284744e-01
4.385404168582123230e-01
4.000854318291375833e-01
3.990830953480292154e-01
4.296431700406094234e-01
4.531638051124359245e-01
4.456746301734226812e-01
4.080468109786974384e-01
3.465744444130212099e-01
2.671360864815854885e-01
1.726204956500987098e-01
6.574140821414763136e-02
-5.335793629929629078e-02
-1.874320566496965046e-01
-3.376206185215735456e-01
-5.035868709161589463e-01
-6.787635569428087656e-01
-8.444762634176762317e-01
-9.714257945482258627e-01
-1.024987523581469384e+00
-9.722983764843291521e-01
-7.817377817481512281e-01
-4.737354813111985252e-01
-1.303692599641391170e-01
2.153087929380937959e-01
5.468139434745689087e-01
7.948034939251701347e-01
9.075040774579659075e-01
8.770769506436294494e-01
7.285880121833426815e-01
5.039995133344137290e-01
2.382848375380407502e-01
-4.005198155169090168e-02
-3.007343498406995219e-01
-5.111696315480271924e-01
-6.402236847907727402e-01
-6.585187107577568089e-01
-5.449996065436777393e-01
-3.429321011524635865e-01
-1.674361378869503314e-01
-8.025097204472264600e-02
-4.731485620151363453e-02
-1.369679266542395135e-02
6.092161886988584768e-02
1.554136015013492522e-01
1.959347062632664782e-01
1.643382367773749686e-01
1.015684039698886987e-01
5.547009192620099005e-02
7.075068764486092121e-02
1.301841936775370301e-01
1.605528724349072900e-01
1.403934430415254564e-01
1.007419736524951398e-01
7.305627195454084122e-02
8.153986267524841736e-02
1.440561865526019947e-01
2.393541030018173366e-01
3.037630293396737513e-01
3.122466209506872814e-01
2.839470001337031091e-01
2.340658053779671455e-01
1.702329105221134509e-01
1.029171172737184947e-01
4.348533462229507707e-02
-3.187863159346160380e-03
-3.740605830932389880e-02
-6.367173668115067020e-02
-9.032895134443011398e-02
-1.241385295851176462e-01
-1.672256483129914983e-01
-2.162659612119787189e-01
-2.621368175111958299e-01
-2.906777471808943969e-01
-2.858234111081233708e-01
-2.456069418498373347e-01
-1.889411197638355133e-01
-1.355211247159090471e-01
-8.896363467730589170e-02
-4.430603870043864356e-02
3.344635466596473580e-03
5.497456760035072942e-02
1.027889797867194976e-01
1.400899020256187177e-01
1.684731478618661515e-01
1.819094506275336365e-01
1.661765869394994377e-01
1.251834196763224605e-01
7.737219597681521677e-02
3.255313563296234614e-02
-5.701404874273847956e-03
-3.436350596091752169e-02
-5.312633481365702792e-02
-6.306834618120249480e-02
-6.885713953417857414e-02
-7.434876784987506926e-02
-7.182470027871221130e-02
-5.519584525847129330e-02
-2.978824129800338588e-02
-2.409864988677163852e-03
1.952367317808236316e-02
3.172018603816988830e-02
3.671913955604475671e-02
3.833810982545253487e-02
3.898360589588750758e-02
3.879351526857845872e-02
3.125963639638984493e-02
6.605996903980894744e-03
-3.632877027951268711e-02
-8.568137295600337933e-02
-1.216104503097913264e-01
-1.322967031030055363e-01
-1.226921959978189841e-01
-1.011943600941170307e-01
-6.905125158980976452e-02
-2.600773095667245974e-02
2.191327220413084170e-02
6.576192201395768266e-02
1.001465384190731583e-01
1.236796049925925622e-01
1.356617315635773036e-01
1.327259062235015830e-01
1.115119240281806368e-01
7.553839950274182646e-02
3.557597554835909004e-02
-1.294577155839286668e-03
-3.241082655340560975e-02
-5.336989287724005354e-02
-6.128256940103611605e-02
-5.539120157094651331e-02
-3.793981155814819817e-02
-1.608568441388095668e-02
3.261759083634589197e-03
1.643778769481072516e-02
1.962981369657425951e-02
1.077223545442784411e-02
-5.539274790884065984e-03
-1.976086808764885086e-02
-2.423407321599013037e-02
-1.646396860276306412e-02
-1.424099389292224176e-03
1.100010014890190693e-02
1.675722196413698128e-02
1.909217198552194336e-02
2.234499137831233440e-02
2.762594312004045677e-02
3.467838803229405381e-02
4.263074310215132084e-02
4.734552266484500643e-02
4.557815812022465718e-02
3.818079533171241796e-02
2.673239572523275834e-02
1.083402472767858518e-02
-8.108983910619925115e-03
-2.302064805307654088e-02
-2.439633112636916540e-02
-7.147578020753834332e-03
2.639866170702967127e-02
6.107153069948191570e-02
7.468631629189768917e-02
6.099924022112265809e-02
2.563353021121355518e-02
-2.548150586696960873e-02
-8.273840810741618645e-02
-1.368100758089789148e-01
-1.798299626764984227e-01
-2.030556683768024728e-01
-1.953925204896122536e-01
-1.519844938753713293e-01
-9.814653300647654954e-02
-6.880229253518312105e-02
-6.510962917426509067e-02
-6.718053006503181546e-02
-6.463400386468612369e-02
-5.789802081044460869e-02
-3.856254855606436327e-02
-1.759801193155769231e-03
3.176264553490948384e-02
4.475408063094254985e-02
4.536122438296364551e-02
4.837754338528323095e-02
5.757326041264775041e-02
7.082027244164437740e-02
9.583835550348800136e-02
1.501407590281141347e-01
2.245675971196850751e-01
2.807665196807223595e-01
3.019712828254374481e-01
2.958584447317320620e-01
2.737264224381528166e-01
2.436648075437399252e-01
2.066533500305671733e-01
1.623627223124588792e-01
1.117570814663973733e-01
5.502736219905741272e-02
-9.878887888853105093e-03
-8.671623533101019410e-02
-1.748314820112741586e-01
-2.655367827692863836e-01
-3.530868698984793164e-01
-4.362129227063938908e-01
-5.086953876370958749e-01
-5.591330349068753813e-01
-5.723526127615574666e-01
-5.309414041684817898e-01
-4.199806791936263051e-01
-2.230384914360348525e-01
2.521647605831750516e-02
2.328483418662223303e-01
3.617376655013058162e-01
4.291021947315175056e-01
4.494880914283172491e-01
4.323268243553224366e-01
3.868916259627851462e-01
3.272232331996065002e-01
2.641511401848289919e-01
2.001214464987136343e-01
1.344238373493545358e-01
6.987369798128169329e-02
1.445016572836890605e-02
-2.986569916212183928e-02
-6.899337439719085974e-02
-1.039594140831547608e-01
-1.321065346014396180e-01
-1.515456033731446550e-01
-1.588771026781953810e-01
-1.545013332416502738e-01
-1.418100702334375851e-01
-1.211960890522031237e-01
-9.641797557967854426e-02
-7.198914196014820355e-02
-4.681383998794313300e-02
-1.805857543201535784e-02
1.539726874123810256e-02
4.950168111604998089e-02
7.251759532812047937e-02
7.493304305533221576e-02
6.070259429880549978e-02
4.070357227980605369e-02
2.292531617851804870e-02
9.564687446347353711e-03
2.487312083173335610e-03
4.138947245542754991e-03
1.275737829360715399e-02
2.573739563835176353e-02
4.041819037347325894e-02
5.229835434572652902e-02
5.832088979573830240e-02
5.658584970666485914e-02
4.445087375597207846e-02
2.356192786092082408e-02
1.825390545301286849e-04
-2.052757302423459385e-02
-3.777962254240993523e-02
-5.165888023838260262e-02
-5.950775273960497852e-02
-5.974240312542491993e-02
-5.327607746603230110e-02
-4.288979924132487603e-02
-3.040579832206597583e-02
-1.343016747377108813e-02
8.556875383194634255e-03
3.261713187183626350e-02
5.658193068198166809e-02
7.457419631388380321e-02
7.610317794839319139e-02
5.867066870131104617e-02
3.151820458011688614e-02
5.858941935799662909e-04
-3.455047184701289659e-02
-7.155183979705576069e-02
-1.071593925279642062e-01
-1.393623716135639068e-01
-1.611920242423379168e-01
-1.621942298893759571e-01
-1.368120995352114788e-01
-9.554243962214523100e-02
-5.960396453787785570e-02
-3.499311818044021499e-02
-1.348286567109209175e-02
1.377440385551778092e-02
4.649304505049861591e-02
7.267652615477121492e-02
8.592353461731946918e-02
8.929339271391009691e-02
8.620143951146005956e-02
8.016005900856514044e-02
7.469981610269199601e-02
7.133989189424067012e-02
6.915093200696749431e-02
6.744450993976948416e-02
6.925941678916799904e-02
7.482919265572947343e-02
7.582033993686954076e-02
6.610971862043982239e-02
5.084584042114956987e-02
3.439664347647074932e-02
1.517363228902429348e-02
-3.925559186966319503e-03
-1.619397863367906532e-02
-1.963837046962676677e-02
-1.744871397768914603e-02
-1.193078167472529788e-02
9.299388784457345014e-04
2.473232417871771421e-02
5.003668903574046145e-02
6.046775476586499498e-02
5.325715884387034749e-02
4.053234873493585799e-02
2.985404269764595914e-02
2.125535239317266623e-02
1.346282285486008132e-02
1.707838399698541343e-03
-1.772646922526999180e-02
-4.146029440978493685e-02
-6.629003689685467049e-02
-9.658714345280719482e-02
-1.403804600101085376e-01
-2.003744386916220810e-01
-2.694640643169634031e-01
-3.366198739987252830e-01
-3.904799937016128486e-01
-4.171350070611853367e-01
-3.988954522630053234e-01
-3.146070551313217001e-01
-1.412794925050978589e-01
8.701136807788485694e-02
2.764454598475802882e-01
3.900934967828027511e-01
4.515132393935581967e-01
4.856085010137985436e-01
5.035945776867555290e-01
5.047424318046201952e-01
4.908390582963420012e-01
4.554231777378379697e-01
3.880252013081631479e-01
2.908118641138767169e-01
1.751687535078286784e-01
5.038864767260835958e-02
-7.745220383675752163e-02
-2.004379719358833356e-01
-3.119254686797853227e-01
-4.122028514972234658e-01
-5.038472867662349142e-01
-5.773274618880155362e-01
-6.083720819540021640e-01
-5.744406381742772627e-01
-4.712460685237860325e-01
-3.027134061706243662e-01
-1.100726349434808238e-01
2.507087228825143066e-02
7.398019680538550635e-02
6.377664238001262698e-02
2.417348932446283100e-02
-1.439522120191052967e-02
-2.149386710051547772e-02
3.092597091756658576e-02
1.326351126894624033e-01
2.324932249022780562e-01
2.954283515618878475e-01
3.087305527419179074e-01
2.798295082921818944e-01
2.278325893860025930e-01
1.667614084993616630e-01
1.119153155792230875e-01
7.910701362628812239e-02
6.825334615827703677e-02
6.246853730343069483e-02
5.745653484865410193e-02
6.106519156204082144e-02
7.589743791244303595e-02
9.900107639799343717e-02
1.275786144267025135e-01
1.567642226659945459e-01
1.763895581363557619e-01
1.794240131649772196e-01
1.667577296676288068e-01
1.429193435590653816e-01
1.141314850969687988e-01
7.929405343108975046e-02
2.930114812610203762e-02
-3.455460983658723700e-02
-1.053096869354499809e-01
-1.820900580322986351e-01
-2.643000736934019712e-01
-3.471577002116278399e-01
-4.229394378491257989e-01
-4.873403403777755716e-01
-5.409593614743483103e-01
-5.775964853026853696e-01
-5.809422693924164438e-01
-5.354623997410514757e-01
-4.292481178900628414e-01
-2.581850349708954551e-01
-2.406431834633921546e-02
2.320337322624045906e-01
4.291413017576892197e-01
5.383067730773264392e-01
5.801298690161252880e-01
5.716380636005489180e-01
5.282685179505143269e-01
4.668993327271434013e-01
4.004642752386464721e-01
3.306889109599220333e-01
2.533865290173513141e-01
1.722825342327038434e-01
9.872627640780808067e-02
3.700321151866133029e-02
-1.572059683533543611e-02
-6.092711412317532854e-02
-1.025311131894112576e-01
-1.454303788809060138e-01
-1.890439803494645687e-01
-2.309695880785193889e-01
-2.701842097749458382e-01
-3.094433344034773214e-01
-3.488117473995814843e-01
-3.807687947043412180e-01
-3.974755907633653607e-01
-3.903536058890675342e-01
-3.506021733613224889e-01
-2.638191029477580107e-01
-1.101896792749245679e-01
8.017893937402129079e-02
2.330402295817311786e-01
3.194364324407154010e-01
3.518111889615808119e-01
3.427796399470289246e-01
3.041376828286850298e-01
2.498368554227536897e-01
1.945943725595971341e-01
1.460955051855057085e-01
1.092324889536733096e-01
8.438682988226003934e-02
6.343274493189926533e-02
4.067579120360238082e-02
1.607988813609654427e-02
-7.656547508094578222e-03
-2.754187439350763364e-02
-4.289895561250282874e-02
-5.458340753068290085e-02
-6.409201094758171235e-02
-7.137459568378722030e-02
-7.550776173892367882e-02
-7.680154774577296894e-02
-7.559554072594432128e-02
-7.158049435220989465e-02
-6.533892066781060715e-02
-5.958860314008831982e-02
-5.572943664385646839e-02
-5.053233518323839435e-02
-4.008638594857574788e-02
-2.357130026055613906e-02
-4.044752818949024463e-03
1.515476432810514834e-02
3.430322237163812432e-02
5.224695808728027635e-02
6.629312548771118530e-02
7.675147353862894761e-02
8.029397493019037324e-02
7.360108732873817117e-02
6.312569003882452512e-02
5.413171468392902197e-02
4.519802668264727430e-02
3.414363329815003206e-02
1.859703830472147351e-02
-1.669220826501137400e-03
-2.374632981559605949e-02
-4.542021660198237998e-02
-6.593008634808458779e-02
-8.452694301796863374e-02
-9.819880459577046139e-02
-1.005139166615201252e-01
-8.903039116284816590e-02
-6.657333690441158414e-02
-3.260790897490074836e-02
1.611452263472000490e-02
6.883874211796683906e-02
1.023642311470900207e-01
1.127911136388301955e-01
1.092479913219203541e-01
9.203822710795865614e-02
6.189970226142531978e-02
2.251955435585932530e-02
-2.308512020961998867e-02
-7.620050460693215955e-02
-1.404617550249886437e-01
-2.105957187034119826e-01
-2.776583518166688136e-01
-3.364038106261504901e-01
-3.780801035266818100e-01
-3.868485366785234247e-01
-3.440096196140041140e-01
-2.330821058290769021e-01
-5.235448504077763743e-02
1.486092601541800229e-01
2.954952998583005308e-01
3.689585267997693707e-01
3.893688784288337201e-01
3.733140974515694599e-01
3.343333892188957712e-01
2.849967425981623781e-01
2.357325128716876161e-01
1.907398624483069849e-01
1.509374845424777123e-01
1.184545523490235508e-01
9.542211603948468068e-02
8.013093934570600374e-02
6.331482363470813945e-02
3.833545673559356909e-02
7.075293332230361137e-03
-2.703619209543056331e-02
-5.789747254809601146e-02
-7.734452547399420230e-02
-8.139627949254954475e-02
-6.822066194818127149e-02
-3.855971565828310299e-02
-2.114649619856107110e-05
3.734043054472683393e-02
6.521316014423131358e-02
7.907640039254087982e-02
7.733061399064321273e-02
5.831024700205317268e-02
2.119943680898345173e-02
-3.334513110257931318e-02
-1.002574428293247777e-01
-1.719967923942300470e-01
-2.444741452754168043e-01
-3.149115584700964976e-01
-3.775470032926571129e-01
-4.230365843714462559e-01
-4.374507038020781780e-01
-4.039822998857767744e-01
-3.067488167866488369e-01
-1.283306808648087549e-01
9.425536968504485968e-02
2.693355125924073445e-01
3.631646059388625725e-01
3.935862109675009046e-01
3.762252966342830574e-01
3.366050601892531802e-01
2.939882326489271502e-01
2.421890697215165478e-01
1.720554319410739774e-01
8.812370127594776337e-02
1.452723803088782489e-04
-8.991663364205761122e-02
-1.856128077629881912e-01
-2.822892866432360481e-01
-3.674524835201486983e-01
-4.230555466119025887e-01
-4.259779045894902527e-01
-3.538480306191953417e-01
-1.870805954756429301e-01
3.604343588183248071e-02
2.246723530339083952e-01
3.528337385492556488e-01
4.285335590613951751e-01
4.332294274049062199e-01
3.708901769480907884e-01
2.664004623005570838e-01
1.402909574807967297e-01
1.037867342402649593e-02
-1.066029666013619537e-01
-1.959353325861973860e-01
-2.445552809253835891e-01
-2.410161960991096808e-01
-1.756298132962408054e-01
-6.820633520221736079e-02
3.204810475950045645e-02
1.106081466175545813e-01
1.734903711006671179e-01
2.049293051282734257e-01
1.979476377966946088e-01
1.641440996047083822e-01
1.133404340116594688e-01
5.007751377713069718e-02
-2.043010757435716890e-02
-9.277552367036032144e-02
-1.587614383135118046e-01
-2.060053217312457496e-01
-2.267661629107059762e-01
-2.182933145643588535e-01
-1.761000311297090115e-01
-9.649517678160821066e-02
-6.450899539644644465e-04
7.270046124897497353e-02
1.091029427645645866e-01
1.147973069049920553e-01
1.002685151165534638e-01
7.571208604880086401e-02
4.732350142525387077e-02
2.250876196834074999e-02
5.597967766327757028e-03
-3.136923839574045497e-03
-2.445642784995897320e-03
2.541343309930250895e-03
8.294293103267684226e-04
-1.000646605291135270e-02
-2.376100777425956684e-02
-3.523432007587383452e-02
-4.025670140711969103e-02
-3.491462364219829334e-02
-1.870255879900724685e-02
4.134312742990281508e-03
2.675058319524666745e-02
4.513147161043200295e-02
5.699368757605298430e-02
5.981401937857264151e-02
5.190502224918193408e-02
3.806098112327936656e-02
2.891641534704860600e-02
2.665177106398610232e-02
2.642665991060816344e-02
2.419099576835309628e-02
1.710069115093494629e-02
5.018020417745911420e-03
-1.017988073005038525e-02
-2.564205115443825983e-02
-3.827634907923239960e-02
-4.727708559131137134e-02
-5.401683008909778649e-02
-5.917791957739031161e-02
-6.232058781978220413e-02
-6.289882089976414625e-02
-6.272505694236144014e-02
-6.310885716633186926e-02
-6.117253916714795320e-02
-5.372243898003239981e-02
-4.172609953742541927e-02
-2.603782209489132610e-02
-4.752866992782630098e-03
1.799445093557107758e-02
3.465020249608553871e-02
4.208232580434633635e-02
4.008204243034595160e-02
2.956338431905818076e-02
1.412178658419621820e-02
-2.050529167167925923e-03
-1.727422031772981453e-02
-2.898465029152342762e-02
-3.519208578789257552e-02
-3.513570805245567336e-02
-2.437833585673566603e-02
1.049068155879811452e-04
2.879866679229022702e-02
5.066795929903958329e-02
6.749400470736595381e-02
8.227587098505173557e-02
9.346993923021690298e-02
1.004247471984032886e-01
1.048933757557012625e-01
1.066977567923687170e-01
9.928163524442198962e-02
7.890776032627289105e-02
5.133718144213041124e-02
2.416018736226335784e-02
-4.308055269859178277e-04
-2.072876886448626887e-02
-3.268346726608264974e-02
-3.526061474413257069e-02
-2.899883966409215821e-02
-1.537599412317378067e-02
1.637989328613712048e-04
1.251148194557503285e-02
2.062347644862949636e-02
2.383048302092940357e-02
2.084506946495264662e-02
1.045132638541346713e-02
-9.383555305464173074e-03
-4.026928218892067424e-02
-8.290169892240652205e-02
-1.376943748646898558e-01
-2.019121756660776090e-01
-2.671167226743751955e-01
-3.240060625572070974e-01
-3.646918551823959409e-01
-3.785644266109986500e-01
-3.537202701189149923e-01
-2.734584028551864110e-01
-1.139693081592108720e-01
9.507356489472851280e-02
2.681174964656815041e-01
3.682693007513687666e-01
4.105814435299049991e-01
4.066601803150404759e-01
3.684245472169270230e-01
3.147115557705241762e-01
2.568073570873268263e-01
1.980220041161786515e-01
1.416649110433798875e-01
8.832827998744841036e-02
3.613309695820906414e-02
-1.488414192621974851e-02
-5.929563013364582552e-02
-9.220766477763985003e-02
-1.142134862846627130e-01
-1.270681122206994140e-01
-1.339495495191848073e-01
-1.376332025115996893e-01
-1.349921923384756473e-01
-1.222509706316621814e-01
-1.018835910907300857e-01
-7.927060174506396495e-02
-5.703553177997681967e-02
-3.576283830776817024e-02
-1.362046712617948074e-02
1.030154731537944943e-02
3.007587242672255662e-02
4.007642021108476921e-02
4.214233019769222932e-02
4.176623992781035993e-02
4.298825762103476722e-02
4.532443868478863019e-02
4.662478829404798075e-02
4.604902850430492300e-02
4.083905843223630677e-02
3.118877114501619752e-02
2.211325116945300762e-02
1.845819573901813157e-02
2.106366716651578153e-02
2.501985006962136743e-02
2.693504840036164624e-02
2.630260378999341175e-02
2.071269145398542399e-02
8.942653633519658668e-03
-8.752232015141442334e-03
-2.735681812165973933e-02
-3.865867818802620759e-02
-4.546796244471362075e-02
-5.272446107028092022e-02
-5.655179022879697898e-02
-5.397240163180496569e-02
-4.734754747092888988e-02
-4.023757661407889596e-02
-3.529451203583207353e-02
-3.453695128255439284e-02
-3.763150144492946603e-02
-4.347216120255228966e-02
-5.045608962570308220e-02
-5.465447203551846572e-02
-5.222806523162534104e-02
-4.058314547460274702e-02
-1.921718607858414682e-02
6.916181077278905909e-03
2.713126970710029451e-02
3.610245564284336739e-02
4.191468782134976506e-02
5.066961855048286029e-02
5.657862442170474848e-02
5.756184155576143935e-02
6.019174980695365940e-02
6.814596575871717521e-02
7.988154510701592215e-02
9.458582970712581250e-02
1.117856781870265465e-01
1.273341776869651165e-01
1.367626588606502824e-01
1.360966969311160069e-01
1.217771196131868933e-01
9.583268265739357250e-02
6.171619409404097839e-02
2.055017244776373431e-02
-2.271756334891975732e-02
-6.268496555263042280e-02
-9.955723403935239080e-02
-1.347927589100459678e-01
-1.700886527939371173e-01
-2.067712693311948291e-01
-2.398830146742615133e-01
-2.612392587542147759e-01
-2.638419265686653414e-01
-2.397912012701406415e-01
-1.818038543091395898e-01
-9.943473840977765099e-02
-2.396838061356622654e-02
2.308141520685626225e-02
3.854102604449029246e-02
2.158617716734248515e-02
-2.142639657747423543e-02
-7.548204545499130613e-02
-1.221583948136722164e-01
-1.406035338213155184e-01
-1.092151431586804999e-01
-7.281591227868186578e-03
1.389762504330445680e-01
2.603941954101341438e-01
3.324490126168487270e-01
3.681768968197224323e-01
3.769740235444807852e-01
3.680045194383820273e-01
3.475177683745172552e-01
3.187672245210713684e-01
2.817992888187653699e-01
2.342444276876441134e-01
1.776051791377380451e-01
1.147353932511089442e-01
4.855370941465457502e-02
-1.552227987334138526e-02
-7.636987989782180464e-02
-1.336106060285460750e-01
-1.842296377379358252e-01
-2.269637427689514264e-01
-2.591927000197684072e-01
-2.737007927101781091e-01
-2.601056945170255874e-01
-2.075682305154510632e-01
-1.373146848676201071e-01
-1.007571102382747441e-01
-1.138456565317756269e-01
-1.584335145907875275e-01
-2.158328406314294901e-01
-2.624668064703058468e-01
-2.696827255863880057e-01
-2.104253657404006883e-01
-1.009964236707498603e-01
2.302970013741733116e-03
8.368563774547663203e-02
1.666097994670439619e-01
2.505725046803011780e-01
3.125650842455677814e-01
3.573011754999294021e-01
4.127766558054993817e-01
4.789017697372279225e-01
5.333310770572524673e-01
5.610278169876901089e-01
5.293251517765725778e-01
4.031109636870257029e-01
1.899032438786785737e-01
-7.983996515881834621e-02
-3.784266955548803990e-01
-6.863377630623372916e-01
-9.859368809689516011e-01
-1.242939089040683065e+00
-1.406712445435444492e+00
-1.427613901365514693e+00
-1.276793097333162486e+00
-9.891190420380105985e-01
-6.253565659077541250e-01
-2.223935448623607924e-01
1.851423118403168755e-01
5.621585758122638055e-01
8.773354229285572625e-01
1.109415361913976605e+00
1.239752114482540080e+00
1.291713767888351683e+00
1.291311719167996586e+00
1.212499777601568240e+00
1.056471520209261827e+00
8.583236200679533745e-01
6.493965458665303947e-01
4.514770338598377286e-01
2.681830895263035974e-01
9.627579432130237147e-02
-6.475100425485230682e-02
-2.212459630089368134e-01
-3.821725573161809941e-01
-5.498868134826714327e-01
-7.192309091312714120e-01
-8.785963288745418653e-01
-1.012730881138012684e+00
-1.103635545953790320e+00
-1.132958107222519439e+00
-1.083480367209384676e+00
-9.318817481329558783e-01
-6.445096456714324296e-01
-2.325055573477761706e-01
1.856765470441662236e-01
4.851570265839499907e-01
6.490761356070432475e-01
7.117328371815341281e-01
6.975591609896563128e-01
6.312869332386361609e-01
5.402029883941616983e-01
4.414314257124990482e-01
3.430906591630022429e-01
2.525229614909446640e-01
1.762304965971738524e-01
1.158497093757036994e-01
6.615518554133083262e-02
1.991716126308198248e-02
-2.261372355401397929e-02
-5.570186083151461992e-02
-7.756102472789133673e-02
-8.933409848985450485e-02
-9.293851617781710706e-02
-9.149043774411472207e-02
-9.137917742377293928e-02
-9.539110966046837614e-02
-9.622543145620217342e-02
-8.861918267499041546e-02
-7.467322630916557735e-02
-5.801272013667698596e-02
-4.081482041345318307e-02
-2.539303335392011432e-02
-1.318509565415650758e-02
-2.046278312973107832e-03
1.221751856591391135e-02
3.200203020605941334e-02
5.422963008129039197e-02
7.467692790342382592e-02
8.984459046786119618e-02
9.617948368794849989e-02
9.420320981383965842e-02
8.482791963761955600e-02
6.526312778663173608e-02
3.396601520138499419e-02
-8.702641327641494340e-03
-6.093899485604239996e-02
-1.193150869253021273e-01
-1.827785471150391305e-01
-2.494646332744939188e-01
-3.122304007148677396e-01
-3.570395392642700672e-01
-3.663550716894440340e-01
-3.250437060959593949e-01
-2.207562193714174281e-01
-8.519429431575772926e-02
1.100864524301324240e-02
3.774965044535130709e-02
9.026379689599114964e-03
-4.286995150430944479e-02
-8.419121961048882385e-02
-9.422548951609319157e-02
-5.108650816581555149e-02
5.728282934144604543e-02
1.934577414533011352e-01
2.977248977534022178e-01
3.557836472069640932e-01
3.825234748799291040e-01
3.870873133992124293e-01
3.740150216591319188e-01
3.440279541240735539e-01
2.980831549421007476e-01
2.387576136266508775e-01
1.700175568041937257e-01
9.710839007743032880e-02
2.631804553797231078e-02
-3.796992651079372089e-02
-9.514268669821852875e-02
-1.435153089791301184e-01
-1.822166545410565663e-01
-2.119875798447643511e-01
-2.333850599674344717e-01
-2.489431693564778114e-01
-2.597394865435898037e-01
-2.626284578246478874e-01
-2.522720107882007734e-01
-2.238900565944944299e-01
-1.719275056654102907e-01
-9.134331126553829616e-02
7.201318916680628929e-04
7.325846611164234246e-02
1.172433079403903122e-01
1.377090017995533933e-01
1.405233614844078327e-01
1.342809923453868737e-01
1.232706538129996754e-01
1.063178064075569473e-01
8.257022588461512824e-02
5.357539046752142486e-02
2.412657281235663226e-02
8.761103545292855260e-04
-1.348873863214674999e-02
-1.927298739506703301e-02
-1.652515175937839184e-02
-6.272710971764123081e-03
1.116848327694242200e-02
3.433627011011600172e-02
5.951390689375711529e-02
8.488422939827658387e-02
1.098906779501426095e-01
1.337369958108574619e-01
1.534059041166450366e-01
1.641198191188527056e-01
1.618847237411653595e-01
1.437527805555921245e-01
1.093556814262329341e-01
6.097550882178182086e-02
7.298779185387141433e-04
-6.996993028454789876e-02
-1.455062756055446882e-01
-2.167786381026172438e-01
-2.803472909012104664e-01
-3.343202039216867094e-01
-3.639341892857649308e-01
-3.651133695213237274e-01
-3.635428328777778884e-01
-3.728393650511779844e-01
-3.773193199607980941e-01
-3.586697605370109398e-01
-3.051711684831077687e-01
-2.004943376698624935e-01
-2.035169694792265949e-02
2.008747672804064022e-01
3.691979023802620108e-01
4.489475612670640881e-01
4.627367338366867866e-01
4.336505244704760842e-01
3.834576692690181421e-01
3.294550400385876099e-01
2.781341117242139838e-01
2.257277720796886100e-01
1.685554285893569038e-01
1.085081749043065175e-01
4.958202662624172641e-02
-3.268857052661566093e-03
-4.211037634779378480e-02
-6.054955182899787042e-02
-5.874726796918324639e-02
-3.962216052170442621e-02
-1.157762232387368057e-02
1.208573798347733347e-02
2.937331377463643298e-02
4.448078175292798087e-02
5.548767662044758880e-02
5.840264657761119749e-02
5.001816171828436797e-02
3.076233867540639419e-02
2.959016663057371238e-03
-3.451629865288478871e-02
-8.271137068119165103e-02
-1.374240538886939145e-01
-1.912805625296354339e-01
-2.374343694700995488e-01
-2.654096222227445012e-01
-2.585205013307366739e-01
-2.058239715652645518e-01
-1.015554210498866849e-01
6.977193747837832916e-02
2.734539269955752472e-01
4.170706128023165538e-01
4.627112186029856411e-01
4.319155542115982738e-01
3.504451889973098644e-01
2.294115374770209215e-01
6.569469516542882082e-02
-1.360878878598015818e-01
-3.630760438929990230e-01
-6.007132382784101665e-01
-8.294136448920697013e-01
-1.020841268693216675e+00
-1.135996465514152787e+00
-1.127086399136671968e+00
-9.416848669417851037e-01
-5.780351657790389064e-01
-1.331925442228989731e-01
2.543051777382067113e-01
4.954819015805407290e-01
5.987455088563422567e-01
6.276696322631298841e-01
6.383322085321263550e-01
6.722459591664214917e-01
7.483344474824527026e-01
8.213555370260200439e-01
8.178927240836835200e-01
7.244318979685097082e-01
5.753980547547304925e-01
4.078957987960935561e-01
2.423523893171963262e-01
8.556689163111012852e-02
-5.645514198622801627e-02
-1.769120408932632615e-01
-2.687968846695586445e-01
-3.263266286713939479e-01
-3.432380955827449287e-01
-3.271567373396163658e-01
-3.018241052911185829e-01
-2.791911833864002546e-01
-2.594671061149381175e-01
-2.389700275473752300e-01
-2.044471753807909076e-01
-1.438984249152366612e-01
-5.252009483887006697e-02
5.500646076607575846e-02
1.471354047875795268e-01
2.114935415163750332e-01
2.486522433688595768e-01
2.564285426307368887e-01
2.403928930236382266e-01
2.084643844721489891e-01
1.648723952714359897e-01
1.138494360594415472e-01
6.021554529080802576e-02
7.369873121736942451e-03
-4.309757839833086579e-02
-8.958334495339931314e-02
-1.293742071125568716e-01
-1.622238093320148566e-01
-1.937754084963540235e-01
-2.318802977395102716e-01
-2.844662936787130114e-01
-3.555934360675316319e-01
-4.376035946601796178e-01
-5.144175161337940505e-01
-5.668115833984482821e-01
-5.712727693309720411e-01
-5.004681088256326404e-01
-3.291043094772300170e-01
-7.493439970935658612e-02
1.797309483296685717e-01
3.573210484363773531e-01
4.386383377725746602e-01
4.447046328298982498e-01
4.005352206900789080e-01
3.234359051490519610e-01
2.348468086757156126e-01
1.495028611785721440e-01
