8.794537186622619629e-02
-3.365580439567565918e-01
-1.694402694702148438e-01
-2.782289385795593262e-01
-2.750629782676696777e-01
-2.708454132080078125e-01
-1.992413401603698730e-01
-2.638403773307800293e-01
-2.484080791473388672e-01
-2.744296789169311523e-01
-2.837464213371276855e-01
-4.903247952461242676e-02
-3.425451517105102539e-01
-2.824806571006774902e-01
-3.045628666877746582e-01
-2.364470362663269043e-01
-2.792287468910217285e-01
-2.735797166824340820e-01
-2.685468792915344238e-01
-2.414274215698242188e-01
-2.512295246124267578e-01
-2.122981548309326172e-01
-2.791564464569091797e-01
-2.415732741355895996e-01
-3.789318799972534180e-01
-2.978179454803466797e-01
-2.610158920288085938e-01
-2.514782547950744629e-01
-3.308509588241577148e-01
-2.792714238166809082e-01
-2.715225219726562500e-01
-2.749029994010925293e-01
-3.031800985336303711e-01
-3.182687759399414062e-01
-2.357570528984069824e-01
2.996963858604431152e-01
-1.580235362052917480e-02
-2.773422598838806152e-01
-2.152763605117797852e-01
-2.689304351806640625e-01
-2.181103229522705078e-01
-2.411348819732666016e-01
-2.514644265174865723e-01
-2.401041388511657715e-01
-2.514662742614746094e-01
-2.075478434562683105e-01
-2.514668703079223633e-01
-3.367699384689331055e-01
-3.512318134307861328e-01
-2.203967571258544922e-01
-2.249816060066223145e-01
-2.421581745147705078e-01
-2.748486399650573730e-01
-2.414311766624450684e-01
-2.700177431106567383e-01
-2.792713642120361328e-01
-2.778116464614868164e-01
-2.788509130477905273e-01
-2.946053743362426758e-01
-4.913038611412048340e-01
-3.688270449638366699e-01
-2.548732161521911621e-01
-3.081749081611633301e-01
-2.601428627967834473e-01
-2.645493745803833008e-01
-2.243931889533996582e-01
-2.792712450027465820e-01
-2.792713642120361328e-01
-2.792710065841674805e-01
-2.548732161521911621e-01
-2.643369436264038086e-01
-4.083330035209655762e-01
-8.033084869384765625e-02
-2.803151607513427734e-01
-2.826171517372131348e-01
-2.691854834556579590e-01
-2.658065557479858398e-01
-2.792714238166809082e-01
-2.665313482284545898e-01
-2.360156774520874023e-01
-2.434829473495483398e-01
-2.865216135978698730e-01
-2.926511764526367188e-01
3.308201432228088379e-01
-4.408776760101318359e-01
-2.744989395141601562e-01
-2.793863415718078613e-01
-2.652238607406616211e-01
-2.490464448928833008e-01
-2.741411924362182617e-01
-2.514668703079223633e-01
-2.514668703079223633e-01
-2.777366042137145996e-01
-2.691341638565063477e-01
-2.423570156097412109e-01
-1.700550317764282227e-02
4.389806985855102539e-01
-2.545824050903320312e-01
-2.460057735443115234e-01
-2.548753619194030762e-01
-2.558328509330749512e-01
-2.517526745796203613e-01
-2.512498497962951660e-01
-2.738381624221801758e-01
-2.788971066474914551e-01
-2.670057415962219238e-01
-2.532182931900024414e-01
-2.916401624679565430e-01
3.450232744216918945e-02
-2.908605337142944336e-01
-3.078373074531555176e-01
-2.462826371192932129e-01
-2.792713642120361328e-01
-2.231765389442443848e-01
-2.374119162559509277e-01
-2.652164101600646973e-01
-2.587532401084899902e-01
-2.876077294349670410e-01
-2.514713406562805176e-01
-3.039711713790893555e-01
-1.926451921463012695e-03
-2.462124824523925781e-01
-2.864390015602111816e-01
-2.606804370880126953e-01
-2.286095619201660156e-01
-2.231714129447937012e-01
-2.463859319686889648e-01
-2.466254830360412598e-01
-2.673578262329101562e-01
-2.372850179672241211e-01
-2.280589938163757324e-01
-3.785101771354675293e-01
-1.999446153640747070e-01
-2.450504302978515625e-01
-2.981207370758056641e-01
-2.792714238166809082e-01
-2.511394023895263672e-01
-2.652164697647094727e-01
-2.514812946319580078e-01
-2.411005496978759766e-01
-2.470712065696716309e-01
-2.522733211517333984e-01
-2.514837980270385742e-01
-2.172247171401977539e-01
-3.507368564605712891e-01
-2.596296668052673340e-01
-2.865050435066223145e-01
-2.651368379592895508e-01
-2.621330618858337402e-01
-2.357674241065979004e-01
-2.231040000915527344e-01
-1.793736815452575684e-01
-2.685652971267700195e-01
-2.648377418518066406e-01
-1.825302243232727051e-01
-3.480458855628967285e-01
-9.537819027900695801e-02
-2.484006881713867188e-01
-3.202384114265441895e-01
-2.386663556098937988e-01
-2.514668703079223633e-01
-2.513900995254516602e-01
-2.270575165748596191e-01
-2.612571120262145996e-01
-2.720302343368530273e-01
-2.514994740486145020e-01
-2.520660758018493652e-01
-4.666516184806823730e-01
-3.807290792465209961e-01
-2.439945936203002930e-01
-2.375177741050720215e-01
-2.372432947158813477e-01
-2.514668703079223633e-01
-2.514680624008178711e-01
-2.514668703079223633e-01
-2.677853703498840332e-01
-2.789441347122192383e-01
-2.195425033569335938e-01
-3.001346588134765625e-01
-4.283487796783447266e-01
-2.703772187232971191e-01
-2.341018319129943848e-01
-3.007285594940185547e-01
-2.792704105377197266e-01
-2.514668703079223633e-01
-2.627190947532653809e-01
-2.231764197349548340e-01
-2.790814638137817383e-01
-2.514668107032775879e-01
-2.652165889739990234e-01
-2.792712450027465820e-01
2.619238793849945068e-01
-3.538468480110168457e-01
-2.186011672019958496e-01
-2.850713729858398438e-01
-2.514553666114807129e-01
-1.950107216835021973e-01
-2.791825532913208008e-01
-2.768269777297973633e-01
-2.766343355178833008e-01
-2.411472201347351074e-01
-2.781149744987487793e-01
-2.415993809700012207e-01
9.103703498840332031e-02
-3.946194648742675781e-01
-2.108123302459716797e-01
-2.607967853546142578e-01
-2.042668461799621582e-01
-2.427698969841003418e-01
-2.791537642478942871e-01
-2.551989555358886719e-01
-2.497878670692443848e-01
-2.545320391654968262e-01
-2.583228945732116699e-01
-2.581633925437927246e-01
4.047512412071228027e-01
-3.849402070045471191e-01
-2.339392900466918945e-01
-2.451500296592712402e-01
-2.406370639801025391e-01
-2.773405313491821289e-01
-2.409858703613281250e-01
-2.773243188858032227e-01
-2.684699296951293945e-01
-2.374119162559509277e-01
-2.372314929962158203e-01
-2.374122142791748047e-01
-3.723499178886413574e-01
-3.405435085296630859e-01
-2.855211496353149414e-01
-2.679832577705383301e-01
-2.650400996208190918e-01
-2.378951311111450195e-01
-2.514649629592895508e-01
-2.792695164680480957e-01
-2.514616847038269043e-01
-2.514696121215820312e-01
-2.504299879074096680e-01
-3.094905614852905273e-01
6.150634288787841797e-01
-4.185920953750610352e-01
-2.628859877586364746e-01
-3.194888234138488770e-01
-2.692779302597045898e-01
-2.792712450027465820e-01
-2.607198357582092285e-01
-2.374894618988037109e-01
-2.519545555114746094e-01
-2.514668703079223633e-01
-2.706173062324523926e-01
-3.665686845779418945e-01
2.321129739284515381e-01
-3.473376631736755371e-01
-3.046268820762634277e-01
-2.589195370674133301e-01
-2.512897849082946777e-01
-2.616323828697204590e-01
-2.740908861160278320e-01
-2.629005312919616699e-01
-2.666300535202026367e-01
-2.635382413864135742e-01
-2.792714238166809082e-01
-2.791676521301269531e-01
-2.522257566452026367e-01
-2.520438432693481445e-01
-3.048189878463745117e-01
-2.773422598838806152e-01
-2.647922039031982422e-01
-2.773422598838806152e-01
-2.684653997421264648e-01
-2.616330385208129883e-01
-2.585797905921936035e-01
-2.480418682098388672e-01
-2.532183527946472168e-01
-2.616323232650756836e-01
-1.061370968818664551e-02
-2.360044717788696289e-01
-2.914128303527832031e-01
-2.742259502410888672e-01
-2.773423194885253906e-01
-2.590525150299072266e-01
-2.792714238166809082e-01
-2.512891888618469238e-01
-2.791478037834167480e-01
-2.254194617271423340e-01
-2.574261426925659180e-01
-2.510363459587097168e-01
-2.410092949867248535e-01
-2.586867809295654297e-01
-3.041628003120422363e-01
-2.589361667633056641e-01
-2.773247361183166504e-01
-2.418382167816162109e-01
-2.792714238166809082e-01
-2.512891888618469238e-01
-2.792526483535766602e-01
-2.512891888618469238e-01
-2.792714238166809082e-01
-2.727751135826110840e-01
-2.445073127746582031e-01
-2.202701568603515625e-01
-2.650368809700012207e-01
-2.442104220390319824e-01
-2.792613506317138672e-01
-2.774544954299926758e-01
-2.792714238166809082e-01
-2.498456835746765137e-01
-2.792714238166809082e-01
-2.595661282539367676e-01
-2.763146162033081055e-01
-2.634566426277160645e-01
-2.707960009574890137e-01
-2.464680671691894531e-01
-2.792714238166809082e-01
-2.717184424400329590e-01
-2.652164697647094727e-01
-2.582207918167114258e-01
-2.792714238166809082e-01
-2.495066523551940918e-01
-2.792714238166809082e-01
-2.493514418601989746e-01
-2.635617852210998535e-01
-2.357535958290100098e-01
-3.197468519210815430e-01
-2.263153195381164551e-01
-2.835265994071960449e-01
-2.908045053482055664e-01
-2.792681455612182617e-01
-2.685620784759521484e-01
-2.760999798774719238e-01
-2.495064735412597656e-01
-2.688868641853332520e-01
-2.512891888618469238e-01
-2.771665453910827637e-01
-2.512888908386230469e-01
-2.606619596481323242e-01
-2.769348621368408203e-01
-2.792714238166809082e-01
-2.934921383857727051e-01
-2.932387590408325195e-01
-2.616391181945800781e-01
-2.638766765594482422e-01
-2.616323828697204590e-01
-2.637470960617065430e-01
-2.617927193641662598e-01
-2.637057900428771973e-01
-2.635610103607177734e-01
-2.888555526733398438e-01
-2.807126641273498535e-01
-2.972561120986938477e-01
-2.938423156738281250e-01
-2.793114185333251953e-01
-2.369043231010437012e-01
-2.792714238166809082e-01
-2.355055212974548340e-01
-2.767501473426818848e-01
-2.512891888618469238e-01
-2.792682647705078125e-01
-2.513282299041748047e-01
-1.272889077663421631e-01
-3.509927988052368164e-01
-2.944039106369018555e-01
-3.055084347724914551e-01
-2.544136643409729004e-01
-2.172921299934387207e-01
-2.792713642120361328e-01
-2.244160771369934082e-01
-2.651976943016052246e-01
-2.512891888618469238e-01
-2.636963725090026855e-01
-2.616159319877624512e-01
-3.444768190383911133e-01
-3.264551162719726562e-01
-2.672624588012695312e-01
-3.040689229965209961e-01
-2.652164101600646973e-01
-2.396184206008911133e-01
-2.792712450027465820e-01
-2.402274012565612793e-01
-2.512970566749572754e-01
-2.616323828697204590e-01
-2.792645692825317383e-01
-2.616323828697204590e-01
-2.906216382980346680e-01
-1.871814727783203125e-01
-2.691916227340698242e-01
-2.908579707145690918e-01
-2.792714238166809082e-01
-2.396177649497985840e-01
-2.619827389717102051e-01
-2.780742645263671875e-01
-2.497177124023437500e-01
-2.515524029731750488e-01
-2.745767831802368164e-01
-2.615299820899963379e-01
-1.086590886116027832e-01
-2.737664580345153809e-01
-2.711265683174133301e-01
-2.617445588111877441e-01
-2.652164697647094727e-01
-2.493804097175598145e-01
-2.792714238166809082e-01
-2.616319656372070312e-01
-2.792713642120361328e-01
-2.614086270332336426e-01
-2.633107304573059082e-01
-2.614599466323852539e-01
-2.699452638626098633e-01
-3.164675235748291016e-01
-2.792714834213256836e-01
-2.986697554588317871e-01
-2.652164697647094727e-01
-2.498640418052673340e-01
-2.792714238166809082e-01
-2.512906789779663086e-01
-2.770622968673706055e-01
-2.512996196746826172e-01
-2.792434692382812500e-01
-2.749457359313964844e-01
-4.007281661033630371e-01
-3.733479976654052734e-01
-2.773422598838806152e-01
-2.888762354850769043e-01
-2.659205794334411621e-01
-2.891091108322143555e-01
-2.792714238166809082e-01
-2.113398313522338867e-01
-2.791796922683715820e-01
-2.583725452423095703e-01
-2.792713642120361328e-01
-2.513078451156616211e-01
-2.506067752838134766e-01
-3.310900330543518066e-01
-2.767868041992187500e-01
-3.210793137550354004e-01
-2.787354588508605957e-01
-2.847335338592529297e-01
-2.792714238166809082e-01
-2.635364532470703125e-01
-2.375777959823608398e-01
-2.579666376113891602e-01
-2.359024286270141602e-01
-2.519718408584594727e-01
-2.616036534309387207e-01
-3.844336271286010742e-01
-2.660352587699890137e-01
-3.059921860694885254e-01
-2.726757526397705078e-01
-2.748223543167114258e-01
-2.650354504585266113e-01
-2.691187262535095215e-01
-2.374148964881896973e-01
-2.514668703079223633e-01
-2.650056481361389160e-01
-2.514653801918029785e-01
-2.417706847190856934e-01
-2.035403847694396973e-01
-2.673258185386657715e-01
-2.954560518264770508e-01
-2.602932453155517578e-01
-2.652164697647094727e-01
-2.652201056480407715e-01
-2.652164697647094727e-01
-2.652224898338317871e-01
-2.792577743530273438e-01
-2.516838908195495605e-01
-2.652164697647094727e-01
-2.498806715011596680e-01
-3.599911332130432129e-01
-2.773368954658508301e-01
-2.887889742851257324e-01
-2.781532406806945801e-01
-2.551364302635192871e-01
-2.792714238166809082e-01
-2.652164697647094727e-01
-2.388578653335571289e-01
-2.771550416946411133e-01
-2.787362933158874512e-01
-2.587221264839172363e-01
-3.335649371147155762e-01
-2.139472365379333496e-01
-2.517445087432861328e-01
-2.874446511268615723e-01
-2.636283040046691895e-01
-2.792721390724182129e-01
-2.384305000305175781e-01
-2.514668703079223633e-01
-2.514721155166625977e-01
-2.397147417068481445e-01
-2.613111734390258789e-01
-2.792704701423645020e-01
-2.252240180969238281e-01
-2.937291264533996582e-01
-2.774904370307922363e-01
-2.962021827697753906e-01
-2.751355767250061035e-01
-2.898584604263305664e-01
-2.792714238166809082e-01
-2.236856222152709961e-01
-4.677047133445739746e-01
-3.017759919166564941e-01
-2.530399560928344727e-01
-2.863639593124389648e-01
4.151197969913482666e-01
-2.883342504501342773e-01
-3.195884227752685547e-01
-2.652160525321960449e-01
-2.652162313461303711e-01
-2.551364898681640625e-01
-2.789757251739501953e-01
-2.654497027397155762e-01
-2.792705893516540527e-01
-2.516800165176391602e-01
-2.514668703079223633e-01
-2.670575976371765137e-01
-2.657458782196044922e-01
-2.616699337959289551e-01
-3.148253560066223145e-01
-2.836194634437561035e-01
-2.730120420455932617e-01
-2.773574590682983398e-01
-2.514668703079223633e-01
-2.652164697647094727e-01
-2.697975635528564453e-01
-2.652744650840759277e-01
-2.652098536491394043e-01
-2.701570391654968262e-01
-2.685799002647399902e-01
-1.196927428245544434e-01
-3.129171729087829590e-01
-2.656864523887634277e-01
-2.456728219985961914e-01
-3.328865170478820801e-01
-2.508050203323364258e-01
-2.652164697647094727e-01
-2.650354504585266113e-01
-2.652164697647094727e-01
-2.651829123497009277e-01
-2.852281332015991211e-01
-2.140824794769287109e-01
-3.107190728187561035e-01
-2.628884315490722656e-01
-2.788825631141662598e-01
-2.635405659675598145e-01
-2.402909994125366211e-01
-2.627001404762268066e-01
-2.652164697647094727e-01
-2.652162313461303711e-01
-2.652164697647094727e-01
-2.376306653022766113e-01
-2.652164697647094727e-01
-1.611963510513305664e-01
-3.461686372756958008e-01
-2.884864211082458496e-01
-2.702202796936035156e-01
-2.657291889190673828e-01
-2.514668703079223633e-01
-2.651746869087219238e-01
-2.652164697647094727e-01
-2.647337913513183594e-01
-2.652164697647094727e-01
-2.751382589340209961e-01
-2.652159333229064941e-01
-3.017823100090026855e-01
-3.481464982032775879e-01
-2.747054696083068848e-01
-2.842742204666137695e-01
-2.651723027229309082e-01
-2.675118446350097656e-01
-2.641236782073974609e-01
-2.652942538261413574e-01
-2.231074571609497070e-01
-2.702197432518005371e-01
-2.553184032440185547e-01
-2.842751145362854004e-01
-7.965910434722900391e-02
-3.737292289733886719e-01
-2.935972809791564941e-01
-2.978757023811340332e-01
-2.822135090827941895e-01
-2.647204399108886719e-01
-2.645860314369201660e-01
-2.653196454048156738e-01
-2.374119162559509277e-01
-2.702202200889587402e-01
-2.374119162559509277e-01
-2.702202200889587402e-01
-2.780421972274780273e-01
-3.426480889320373535e-01
-2.744300365447998047e-01
-2.990134358406066895e-01
-2.698115110397338867e-01
-2.652164697647094727e-01
-2.374134659767150879e-01
-2.702202200889587402e-01
-2.374119162559509277e-01
-2.700589895248413086e-01
-2.374592423439025879e-01
-2.792714238166809082e-01
-4.159496426582336426e-01
-3.361124992370605469e-01
-2.626951336860656738e-01
-2.994676828384399414e-01
-2.325264215469360352e-01
-2.652164697647094727e-01
-2.770746946334838867e-01
-2.702201008796691895e-01
-2.652164697647094727e-01
-2.702199220657348633e-01
-2.652164697647094727e-01
-2.702186107635498047e-01
-1.881011724472045898e-01
-3.804510235786437988e-01
-2.884849905967712402e-01
-2.779682874679565430e-01
-2.866840958595275879e-01
-2.702201604843139648e-01
-2.667334675788879395e-01
-2.702202200889587402e-01
-2.652186751365661621e-01
-2.702189087867736816e-01
-2.652170658111572266e-01
-2.659981250762939453e-01
-2.592602968215942383e-01
-3.961371779441833496e-01
-2.884849309921264648e-01
-2.721000909805297852e-01
-2.652164697647094727e-01
-2.616295814514160156e-01
-2.735786437988281250e-01
-2.396172881126403809e-01
-2.728483080863952637e-01
-2.239422798156738281e-01
-2.193438410758972168e-01
-2.422380447387695312e-01
-2.482494711875915527e-01
-3.432003855705261230e-01
-2.502313256263732910e-01
-2.512589693069458008e-01
-2.652133703231811523e-01
-2.575803399085998535e-01
-2.792525291442871094e-01
-2.701341509819030762e-01
-2.792339324951171875e-01
-2.699697613716125488e-01
-2.786229848861694336e-01
-2.653796672821044922e-01
-2.229859828948974609e-01
-3.411116003990173340e-01
-2.884836792945861816e-01
-2.702202200889587402e-01
-2.652165293693542480e-01
-2.520641088485717773e-01
-2.652164697647094727e-01
-2.651560306549072266e-01
-2.514668703079223633e-01
-2.719903588294982910e-01
-2.380247712135314941e-01
-2.652164697647094727e-01
-2.077611684799194336e-01
-3.528141975402832031e-01
-2.744322419166564941e-01
-2.881255745887756348e-01
-2.331436872482299805e-01
-2.643210291862487793e-01
-2.792667150497436523e-01
-2.509809732437133789e-01
-2.323136329650878906e-01
-2.652164697647094727e-01
-2.504230141639709473e-01
-2.646055221557617188e-01
-4.090091586112976074e-01
-3.186150193214416504e-01
-2.735583782196044922e-01
-2.544184923171997070e-01
-2.438108921051025391e-01
-2.546690702438354492e-01
-2.514972090721130371e-01
-2.651910185813903809e-01
-2.792713046073913574e-01
-2.650190591812133789e-01
-2.516151070594787598e-01
-2.645257115364074707e-01
-2.999594807624816895e-01
-3.916341066360473633e-01
-2.742331624031066895e-01
-2.659615278244018555e-01
-2.586745023727416992e-01
-2.223826050758361816e-01
-2.623681426048278809e-01
-2.422876358032226562e-01
-2.485762834548950195e-01
-2.124343514442443848e-01
-2.650820016860961914e-01
-2.553156018257141113e-01
-3.967779278755187988e-01
-3.680223822593688965e-01
-2.947928905487060547e-01
-2.831250429153442383e-01
-2.652164697647094727e-01
-2.652103304862976074e-01
-2.461721897125244141e-01
-2.651920914649963379e-01
-2.553271651268005371e-01
-2.504718303680419922e-01
-2.483651041984558105e-01
-2.652161121368408203e-01
-2.314658761024475098e-01
-2.470576763153076172e-01
-2.716339826583862305e-01
-2.606282830238342285e-01
-2.792714238166809082e-01
-2.637609839439392090e-01
-2.405448555946350098e-01
-2.598769664764404297e-01
-2.539120912551879883e-01
-2.652164697647094727e-01
-2.652164697647094727e-01
-2.532888650894165039e-01
-2.699562311172485352e-01
-2.245674729347229004e-01
-2.656841874122619629e-01
-2.811262607574462891e-01
-2.493916749954223633e-01
-2.652018070220947266e-01
-2.374014258384704590e-01
-2.652065157890319824e-01
-2.643695473670959473e-01
-2.557305693626403809e-01
-2.792713642120361328e-01
-2.627414464950561523e-01
-3.388965725898742676e-01
-2.919223308563232422e-01
-2.884850502014160156e-01
-2.444927692413330078e-01
-2.792713642120361328e-01
-2.689243555068969727e-01
-2.518455386161804199e-01
-2.651658058166503906e-01
-2.538073658943176270e-01
-2.564706206321716309e-01
-2.367042303085327148e-01
-2.790207266807556152e-01
-2.649156451225280762e-01
-3.473792076110839844e-01
-2.965994477272033691e-01
-2.416493296623229980e-01
-2.635610103607177734e-01
-2.399902939796447754e-01
-3.373315334320068359e-01
-1.683983206748962402e-01
-2.684614658355712891e-01
-2.965326905250549316e-01
-2.556772232055664062e-01
-2.792714238166809082e-01
-3.460844159126281738e-01
-2.501639723777770996e-02
-2.606804370880126953e-01
-2.936896085739135742e-01
-2.580766677856445312e-01
-2.655782699584960938e-01
-2.370691895484924316e-01
-2.374119162559509277e-01
-2.519462704658508301e-01
-2.792694568634033203e-01
-2.512551546096801758e-01
-2.652186751365661621e-01
-3.114454746246337891e-01
3.144329786300659180e-02
-2.516589760780334473e-01
-2.937514185905456543e-01
-2.652669548988342285e-01
-2.651612758636474609e-01
-2.374094724655151367e-01
-2.374108433723449707e-01
-2.520588040351867676e-01
-2.631102800369262695e-01
-2.792713642120361328e-01
-2.773548960685729980e-01
-2.949100732803344727e-01
-1.903146505355834961e-01
-2.687287330627441406e-01
-2.720732092857360840e-01
-2.514646649360656738e-01
-2.652164697647094727e-01
-2.198353409767150879e-01
-2.374116778373718262e-01
-2.564026117324829102e-01
-2.652164697647094727e-01
-2.591769099235534668e-01
-2.427851557731628418e-01
-4.295058250427246094e-01
-1.859568953514099121e-01
-2.703369855880737305e-01
-2.795556187629699707e-01
-2.535379528999328613e-01
-2.744162678718566895e-01
-2.652177810668945312e-01
-2.948626875877380371e-01
-2.792713642120361328e-01
-2.665137648582458496e-01
-2.652177214622497559e-01
-2.699162364006042480e-01
-2.656391263008117676e-01
-2.381398081779479980e-01
-2.693751454353332520e-01
-2.355718016624450684e-01
-2.530083060264587402e-01
-3.235160112380981445e-01
-2.652164697647094727e-01
-2.618177533149719238e-01
-2.729473114013671875e-01
-2.553271651268005371e-01
-2.792714238166809082e-01
-2.427933216094970703e-01
-3.483686447143554688e-01
-2.450994253158569336e-01
-2.881132364273071289e-01
-2.754032611846923828e-01
-2.511547207832336426e-01
-2.645418047904968262e-01
-2.652044892311096191e-01
-2.799685001373291016e-01
-2.652164697647094727e-01
-2.453120350837707520e-01
-2.652164697647094727e-01
-2.452566027641296387e-01
-2.824338078498840332e-01
-1.226936578750610352e-01
-2.528144717216491699e-01
-2.771620750427246094e-01
-2.521514296531677246e-01
-2.645407319068908691e-01
-2.563495039939880371e-01
-2.503052949905395508e-01
-2.650803923606872559e-01
-2.509699463844299316e-01
-2.650939226150512695e-01
-2.652163505554199219e-01
-3.361833691596984863e-01
1.453175991773605347e-01
-2.610208988189697266e-01
-2.067351937294006348e-01
-2.934432625770568848e-01
-2.383872866630554199e-01
-2.608438730239868164e-01
-2.296385169029235840e-01
-2.514764666557312012e-01
-2.553104758262634277e-01
-2.514675259590148926e-01
-2.385283708572387695e-01
-3.653988242149353027e-01
-2.120127081871032715e-01
-2.792713642120361328e-01
-2.371675372123718262e-01
-2.652164697647094727e-01
-2.494860887527465820e-01
-2.497236132621765137e-01
-2.374119162559509277e-01
-2.651657462120056152e-01
-2.220833897590637207e-01
-2.547245025634765625e-01
-2.448239326477050781e-01
-3.205062150955200195e-01
-2.121710181236267090e-01
-2.826155424118041992e-01
-2.487466931343078613e-01
-2.792587876319885254e-01
-2.652103900909423828e-01
-2.012453675270080566e-01
-2.366739511489868164e-01
-2.474628686904907227e-01
-2.552809715270996094e-01
-2.362166047096252441e-01
-2.428506612777709961e-01
-3.150994777679443359e-01
-9.102746844291687012e-02
-2.576738595962524414e-01
-2.625727653503417969e-01
-2.411020398139953613e-01
-2.514668703079223633e-01
-2.375381588935852051e-01
-2.547155022621154785e-01
-2.374665141105651855e-01
-2.649238705635070801e-01
-2.495885491371154785e-01
-2.617002129554748535e-01
-3.584141135215759277e-01
-1.134203374385833740e-01
-2.590652704238891602e-01
-2.504115700721740723e-01
-2.505376338958740234e-01
-2.374829649925231934e-01
-2.377116680145263672e-01
-2.373802065849304199e-01
-2.792699337005615234e-01
-2.652164101600646973e-01
-2.792713642120361328e-01
-2.231764197349548340e-01
-4.071791172027587891e-01
1.177028864622116089e-01
-3.068408370018005371e-01
-2.803504467010498047e-01
-2.514668703079223633e-01
-2.367361187934875488e-01
-2.412607073783874512e-01
-2.503052353858947754e-01
-2.670268416404724121e-01
-2.410178184509277344e-01
-2.514731884002685547e-01
-2.410873770713806152e-01
-3.262073993682861328e-01
-1.963840126991271973e-01
-3.474833965301513672e-01
-2.338554263114929199e-01
-2.372313737869262695e-01
-2.276656031608581543e-01
-2.652164697647094727e-01
-2.233604192733764648e-01
-2.518342137336730957e-01
-2.239593863487243652e-01
-2.514668703079223633e-01
-2.233239412307739258e-01
-3.039444088935852051e-01
7.434239983558654785e-02
-3.039967417716979980e-01
-2.323939800262451172e-01
-2.372795343399047852e-01
-2.242684960365295410e-01
-2.680606245994567871e-01
-2.921211123466491699e-01
-2.651941180229187012e-01
-2.348343729972839355e-01
-2.738021016120910645e-01
-2.119250893592834473e-01
-2.461662292480468750e-01
4.559184908866882324e-01
-2.687163949012756348e-01
-2.114312648773193359e-01
-2.968478798866271973e-01
-2.392972111701965332e-01
-2.514668703079223633e-01
-2.350339889526367188e-01
-2.514668703079223633e-01
-2.372351288795471191e-01
-2.514668703079223633e-01
-2.238323688507080078e-01
-3.094151616096496582e-01
1.382419168949127197e-01
-2.773912549018859863e-01
-2.245149612426757812e-01
-2.804137468338012695e-01
-2.514646053314208984e-01
-2.424635291099548340e-01
-2.741600871086120605e-01
-2.514665722846984863e-01
-2.522069215774536133e-01
-2.693237662315368652e-01
-2.671213150024414062e-01
-3.209629654884338379e-01
1.854609400033950806e-01
-2.737324833869934082e-01
-2.763454318046569824e-01
-2.424321174621582031e-01
-2.440356016159057617e-01
-2.514657378196716309e-01
-2.788844704627990723e-01
-2.448734641075134277e-01
-2.792708277702331543e-01
-2.515050172805786133e-01
-2.514668703079223633e-01
-2.090470790863037109e-01
-6.700173020362854004e-02
-2.606804370880126953e-01
-2.372313737869262695e-01
-2.652164697647094727e-01
-2.514649629592895508e-01
-2.514681816101074219e-01
-2.790153622627258301e-01
-2.497388124465942383e-01
-2.514668703079223633e-01
-2.781555652618408203e-01
-2.514671683311462402e-01
-2.937578558921813965e-01
1.736065894365310669e-01
-2.606804370880126953e-01
-2.401127815246582031e-01
-2.652164697647094727e-01
-2.652382254600524902e-01
-2.690989375114440918e-01
-2.374336719512939453e-01
-2.792714238166809082e-01
-2.231402397155761719e-01
-2.593016028404235840e-01
-2.693486213684082031e-01
-3.682460784912109375e-01
3.901651799678802490e-01
-2.514668703079223633e-01
-2.233983278274536133e-01
-3.132642507553100586e-01
-2.724435925483703613e-01
-2.792394161224365234e-01
-2.495078444480895996e-01
-2.652164697647094727e-01
-2.651747465133666992e-01
-2.652164697647094727e-01
-2.411295771598815918e-01
1.134673595428466797e+00
-5.018236637115478516e-01
-2.934886813163757324e-01
-2.716267704963684082e-01
-2.417181134223937988e-01
-2.652164697647094727e-01
-2.621970772743225098e-01
-2.651728391647338867e-01
-2.528292536735534668e-01
-2.512917518615722656e-01
-2.519148588180541992e-01
-2.946704030036926270e-01
-2.353171110153198242e-01
-5.334381461143493652e-01
-2.974616885185241699e-01
-2.561301589012145996e-01
-2.635615468025207520e-01
-2.632353305816650391e-01
-2.517068386077880859e-01
-2.548075318336486816e-01
-2.514701485633850098e-01
-2.691729664802551270e-01
-2.374428510665893555e-01
-2.652163505554199219e-01
-2.137733101844787598e-01
-5.060012340545654297e-01
-3.015511035919189453e-01
-2.876394391059875488e-01
-2.850429415702819824e-01
-2.551364898681640625e-01
-2.674364447593688965e-01
-2.784623503684997559e-01
-2.651193141937255859e-01
-2.777723670005798340e-01
-2.514593601226806641e-01
-2.792714238166809082e-01
-2.129511833190917969e-01
-5.412864089012145996e-01
-2.919462323188781738e-01
-2.901270389556884766e-01
-2.806435823440551758e-01
-2.820070981979370117e-01
-2.792341709136962891e-01
-2.512170672416687012e-01
-2.649514675140380859e-01
-2.652164697647094727e-01
-2.376176714897155762e-01
-2.489937543869018555e-01
-2.929716110229492188e-01
-5.517617464065551758e-01
-2.792714238166809082e-01
-2.868270874023437500e-01
-2.652128338813781738e-01
-2.722276449203491211e-01
-2.652043700218200684e-01
-2.652164697647094727e-01
-2.652089595794677734e-01
-2.652164697647094727e-01
-2.652164697647094727e-01
-2.652164697647094727e-01
-2.935267090797424316e-01
-4.639685750007629395e-01
-2.792714238166809082e-01
-2.811958789825439453e-01
-2.424156665802001953e-01
-2.792413830757141113e-01
-2.514668703079223633e-01
-2.792714238166809082e-01
-2.791203856468200684e-01
-2.652164697647094727e-01
-2.647482156753540039e-01
-3.059852719306945801e-01
-3.461992144584655762e-01
-4.641369581222534180e-01
-2.792714238166809082e-01
-1.844351291656494141e-01
-2.514783143997192383e-01
-2.702459096908569336e-01
-2.652164697647094727e-01
-2.792713642120361328e-01
-2.374116778373718262e-01
-2.792713642120361328e-01
-2.515155673027038574e-01
-2.792713642120361328e-01
-2.498987913131713867e-01
-4.549984931945800781e-01
-2.864698767662048340e-01
-2.652160525321960449e-01
-2.375714778900146484e-01
-2.778493165969848633e-01
-2.514470815658569336e-01
-2.792713642120361328e-01
-2.463729977607727051e-01
-2.792714238166809082e-01
-2.652164697647094727e-01
-2.551382780075073242e-01
-1.321874260902404785e-01
-4.914466142654418945e-01
-3.007242679595947266e-01
-2.940437793731689453e-01
-2.652156949043273926e-01
-2.690550684928894043e-01
-2.652160525321960449e-01
-2.228490114212036133e-01
-2.374119162559509277e-01
-2.133719921112060547e-01
-2.452117800712585449e-01
-2.659116983413696289e-01
-2.519048452377319336e-01
-5.287868976593017578e-01
-2.884880900382995605e-01
-2.704748511314392090e-01
-2.624476552009582520e-01
-2.652164697647094727e-01
-2.376341819763183594e-01
-2.644695639610290527e-01
-2.254099845886230469e-01
-2.514761686325073242e-01
-2.364752292633056641e-01
-2.514970898628234863e-01
-3.014996647834777832e-01
-4.635710716247558594e-01
-2.745637297630310059e-01
-2.574277520179748535e-01
-2.572717070579528809e-01
-2.652164697647094727e-01
-2.361682057380676270e-01
-2.515000700950622559e-01
-2.374119162559509277e-01
-2.652142643928527832e-01
-2.374119758605957031e-01
-2.207623720169067383e-01
2.853481173515319824e-01
-3.761706352233886719e-01
-2.892026901245117188e-01
-2.436414957046508789e-01
-2.210991978645324707e-01
-2.364429235458374023e-01
-2.288640141487121582e-01
-2.514668703079223633e-01
-2.514667510986328125e-01
-2.546135187149047852e-01
-2.514668703079223633e-01
-2.436310648918151855e-01
-1.295762658119201660e-01
-4.273339509963989258e-01
-3.076356649398803711e-01
-2.838070988655090332e-01
-2.643046975135803223e-01
-2.509344816207885742e-01
-2.374606728553771973e-01
-2.693867683410644531e-01
-2.651634812355041504e-01
-2.556774616241455078e-01
-2.374265193939208984e-01
-2.674900293350219727e-01
-2.744526267051696777e-01
-2.636795639991760254e-01
-2.937874197959899902e-01
-2.980999946594238281e-01
-2.838779091835021973e-01
-1.344287693500518799e-01
-2.365974783897399902e-01
-2.687489986419677734e-01
-2.373275160789489746e-01
-2.514668703079223633e-01
-2.374123334884643555e-01
-2.507874369621276855e-01
-3.403114676475524902e-01
-4.278581738471984863e-01
-2.779946327209472656e-01
-2.829250693321228027e-01
-2.372116446495056152e-01
-2.357570528984069824e-01
-2.417870163917541504e-01
-2.514668703079223633e-01
-2.155244946479797363e-01
-2.632451653480529785e-01
-2.514666914939880371e-01
-2.514669895172119141e-01
-2.631968259811401367e-01
-5.617117285728454590e-01
-2.650569677352905273e-01
-2.829251885414123535e-01
-2.417138218879699707e-01
-2.649303078651428223e-01
-2.217838168144226074e-01
-2.514669895172119141e-01
-2.374119162559509277e-01
-2.375059127807617188e-01
-2.649616599082946777e-01
-2.246459722518920898e-01
-2.405377626419067383e-01
-4.791229367256164551e-01
-2.760053277015686035e-01
-2.854015231132507324e-01
-2.652164697647094727e-01
-2.531931400299072266e-01
-2.357570528984069824e-01
-2.514669895172119141e-01
-2.384189367294311523e-01
-2.514668703079223633e-01
-2.584992051124572754e-01
-2.514694929122924805e-01
9.031218290328979492e-02
-5.239555835723876953e-01
-2.514461278915405273e-01
-2.829329371452331543e-01
-2.584871649742126465e-01
-2.357570528984069824e-01
-2.354794144630432129e-01
-2.507654428482055664e-01
-2.391312718391418457e-01
-2.626087665557861328e-01
-2.374308705329895020e-01
-2.403374910354614258e-01
-2.935139536857604980e-01
-3.935884237289428711e-01
-2.519890069961547852e-01
-2.407126426696777344e-01
-2.744300365447998047e-01
-2.641094923019409180e-01
-2.646521329879760742e-01
-2.373968958854675293e-01
-1.977741122245788574e-01
-2.514655590057373047e-01
-2.635615468025207520e-01
-2.514668703079223633e-01
1.017853021621704102e+00
-4.057298302650451660e-01
-2.934886813163757324e-01
-2.845529913902282715e-01
-2.744297981262207031e-01
-2.792714238166809082e-01
-2.792713642120361328e-01
-2.792714238166809082e-01
-2.495308518409729004e-01
-2.514668703079223633e-01
-2.374323606491088867e-01
-2.514668703079223633e-01
-1.639719605445861816e-01
-4.798929691314697266e-01
-3.843526244163513184e-01
-7.766351103782653809e-02
-2.683901786804199219e-01
-2.833933234214782715e-01
-2.585299015045166016e-01
-2.791345715522766113e-01
-2.792714238166809082e-01
-2.652165889739990234e-01
-2.792714238166809082e-01
-2.780235409736633301e-01
3.768289089202880859e-02
-3.103825449943542480e-01
-2.652160525321960449e-01
-3.179876804351806641e-01
-2.789091467857360840e-01
-2.514668703079223633e-01
-2.601330876350402832e-01
-2.605698108673095703e-01
-2.515670061111450195e-01
-2.651764750480651855e-01
-2.500452995300292969e-01
-2.631011605262756348e-01
-2.151944637298583984e-01
-3.201005458831787109e-01
-2.628880739212036133e-01
-2.998499870300292969e-01
-2.652164697647094727e-01
-2.614814639091491699e-01
-2.652164697647094727e-01
-2.741268873214721680e-01
-2.374128699302673340e-01
-2.374126911163330078e-01
-2.374325394630432129e-01
-2.519346475601196289e-01
-2.573419809341430664e-01
-3.240240216255187988e-01
-2.770909070968627930e-01
-2.668651342391967773e-01
-2.766243815422058105e-01
-2.569935917854309082e-01
-2.515157461166381836e-01
-2.652161717414855957e-01
-2.609506845474243164e-01
-2.553201913833618164e-01
-2.864531278610229492e-01
-2.348717451095581055e-01
-3.608857393264770508e-01
-3.654612898826599121e-01
-2.753375768661499023e-01
-3.169381618499755859e-01
-2.520294189453125000e-01
-2.466343641281127930e-01
-3.086172938346862793e-01
-2.086618542671203613e-01
-2.884849309921264648e-01
-2.933813333511352539e-01
-2.653515338897705078e-01
-2.744300365447998047e-01
-2.817463278770446777e-01
-2.933670282363891602e-01
-2.628524303436279297e-01
-2.358134984970092773e-01
-2.357672452926635742e-01
-2.221136689186096191e-01
-2.514668703079223633e-01
-2.278957962989807129e-01
-2.911339998245239258e-01
-2.352452874183654785e-01
-2.514669895172119141e-01
-1.995143294334411621e-01
2.980566918849945068e-01
-3.137779235839843750e-01
-2.774905562400817871e-01
-2.793807387351989746e-01
-2.754731774330139160e-01
-2.514676451683044434e-01
-2.569124698638916016e-01
-2.465470433235168457e-01
-2.514665722846984863e-01
-2.514669895172119141e-01
-2.792401909828186035e-01
-2.512241005897521973e-01
-3.647119998931884766e-01
-2.753539681434631348e-01
-2.666361331939697266e-01
-2.842751145362854004e-01
-2.514824867248535156e-01
-2.231879234313964844e-01
-2.514670491218566895e-01
-2.652216553688049316e-01
-2.792708277702331543e-01
-2.489503026008605957e-01
-2.381895780563354492e-01
-2.514668703079223633e-01
-2.959057092666625977e-01
-3.024055361747741699e-01
-2.773118019104003906e-01
-2.798013091087341309e-01
-2.655980587005615234e-01
-2.795747518539428711e-01
-2.411721944808959961e-01
-2.253286838531494141e-01
-2.464298009872436523e-01
-2.792702317237854004e-01
-2.689281702041625977e-01
-2.374642491340637207e-01
2.093110531568527222e-01
-3.498119115829467773e-01
-2.708272933959960938e-01
-2.475380301475524902e-01
-2.652156949043273926e-01
-2.406417131423950195e-01
-2.400587201118469238e-01
-2.393390536308288574e-01
-2.514668703079223633e-01
-2.233179211616516113e-01
-2.729195356369018555e-01
-2.377128005027770996e-01
-3.252943754196166992e-01
-3.832319974899291992e-01
-2.773455977439880371e-01
-2.653998732566833496e-01
-2.514668703079223633e-01
-2.787342667579650879e-01
-2.401941418647766113e-01
-2.789888978004455566e-01
-2.716133594512939453e-01
-2.652103304862976074e-01
-2.773422598838806152e-01
-2.818835377693176270e-01
-2.695139050483703613e-01
-2.702592611312866211e-01
-2.769692540168762207e-01
-1.719733476638793945e-01
-2.374156713485717773e-01
-2.514549493789672852e-01
-2.648901939392089844e-01
-2.374119162559509277e-01
-2.514979243278503418e-01
-2.420806884765625000e-01
-2.514668703079223633e-01
-2.518331408500671387e-01
-2.753979563713073730e-01
-2.976701855659484863e-01
-2.773420810699462891e-01
-2.823459506034851074e-01
-2.774846553802490234e-01
-2.555175423622131348e-01
-2.514668703079223633e-01
-2.753584384918212891e-01
-2.514631152153015137e-01
-2.378409504890441895e-01
-2.514382004737854004e-01
-2.446038722991943359e-01
-2.959340810775756836e-01
-2.755208015441894531e-01
-2.772974371910095215e-01
-2.842751145362854004e-01
-2.773432731628417969e-01
-2.686254978179931641e-01
-2.689503431320190430e-01
-2.536626458168029785e-01
-2.515627145767211914e-01
-2.564525008201599121e-01
-2.652167081832885742e-01
-2.792694568634033203e-01
-3.752647042274475098e-01
-3.257599472999572754e-01
-2.624037265777587891e-01
-2.564728260040283203e-01
-2.789973616600036621e-01
-2.510643601417541504e-01
-2.389559149742126465e-01
-2.514416575431823730e-01
-2.406234145164489746e-01
-2.379917502403259277e-01
-2.374508380889892578e-01
-2.652163505554199219e-01
-3.401044011116027832e-01
-3.600516915321350098e-01
-2.390940785408020020e-01
-2.563144564628601074e-01
-2.755588293075561523e-01
-2.316569685935974121e-01
-2.515141367912292480e-01
-2.407295107841491699e-01
-2.375918626785278320e-01
-2.319083809852600098e-01
-2.514675259590148926e-01
-2.584025859832763672e-01
-2.992362380027770996e-01
-2.371070384979248047e-01
-2.646734714508056641e-01
-2.562171816825866699e-01
-2.635616064071655273e-01
-2.792513966560363770e-01
-2.514690160751342773e-01
-2.515862584114074707e-01
-2.522588372230529785e-01
-2.377885580062866211e-01
-2.357599139213562012e-01
-2.517976164817810059e-01
-3.149396181106567383e-01
-3.138961195945739746e-01
-2.758685350418090820e-01
-2.842659354209899902e-01
-2.773807644844055176e-01
-2.651641964912414551e-01
-2.781579494476318359e-01
-2.553279995918273926e-01
-2.652164697647094727e-01
-2.652164697647094727e-01
-2.644150853157043457e-01
-2.592721581459045410e-01
-2.817661762237548828e-01
-2.888744473457336426e-01
-2.631419301033020020e-01
-2.755412459373474121e-01
-2.650222182273864746e-01
-2.551512122154235840e-01
-2.652164697647094727e-01
-2.515316009521484375e-01
-2.376670837402343750e-01
-2.514668703079223633e-01
-2.514486312866210938e-01
-2.792392969131469727e-01
-3.584799766540527344e-01
-3.403728604316711426e-01
-2.495377063751220703e-01
-3.021842837333679199e-01
-2.652167677879333496e-01
-2.731494307518005371e-01
-2.652143239974975586e-01
-2.376207709312438965e-01
-2.376748919486999512e-01
-2.651829719543457031e-01
-2.375003695487976074e-01
-2.374997735023498535e-01
-3.300927877426147461e-01
-3.300703167915344238e-01
-2.495377063751220703e-01
-2.777761816978454590e-01
-2.791273593902587891e-01
-2.652164697647094727e-01
-2.652134895324707031e-01
-2.652164697647094727e-01
-2.670471072196960449e-01
-2.652159333229064941e-01
-2.652159333229064941e-01
-2.652164697647094727e-01
-3.752526640892028809e-01
-3.440965414047241211e-01
-2.772977352142333984e-01
-3.053310513496398926e-01
-2.792714238166809082e-01
-2.587971687316894531e-01
-2.652152776718139648e-01
-2.792688608169555664e-01
-2.651591897010803223e-01
-2.787610292434692383e-01
-2.742688655853271484e-01
-2.791109085083007812e-01
-3.874059319496154785e-01
-3.769919276237487793e-01
-2.528169155120849609e-01
-2.869162559509277344e-01
-2.792713046073913574e-01
-2.691547274589538574e-01
-2.380610704421997070e-01
-2.792709469795227051e-01
-2.420215010643005371e-01
-2.792655229568481445e-01
-2.646197080612182617e-01
-2.792691588401794434e-01
-3.575893640518188477e-01
-3.820298910140991211e-01
-2.527966499328613281e-01
-2.886428236961364746e-01
-2.792714238166809082e-01
-2.334682941436767578e-01
-2.269631624221801758e-01
-2.694324254989624023e-01
-2.399116158485412598e-01
-3.079112172126770020e-01
-2.444620728492736816e-01
-2.833984494209289551e-01
-2.993369698524475098e-01
-3.302970528602600098e-01
-2.524340748786926270e-01
-2.627354860305786133e-01
-2.384287118911743164e-01
-2.792714238166809082e-01
-2.637855410575866699e-01
-2.792714238166809082e-01
-2.777976393699645996e-01
-2.792714238166809082e-01
-2.374130487442016602e-01
-2.566260099411010742e-01
-3.342859745025634766e-01
-3.533841371536254883e-01
-2.773351073265075684e-01
-2.879357337951660156e-01
-2.514669299125671387e-01
-2.792714238166809082e-01
-2.651416063308715820e-01
-2.792714238166809082e-01
-2.374129295349121094e-01
-3.659631609916687012e-01
-2.536592483520507812e-01
-2.876972556114196777e-01
-1.221325695514678955e-01
-2.768483161926269531e-01
-2.514876723289489746e-01
-2.522402405738830566e-01
-2.752516865730285645e-01
-2.548000812530517578e-01
-2.533702850341796875e-01
-2.159466147422790527e-01
-2.514669299125671387e-01
-2.549141049385070801e-01
-2.652164697647094727e-01
-2.553271651268005371e-01
-5.490335822105407715e-02
-3.902362585067749023e-01
-2.792554497718811035e-01
-2.645493745803833008e-01
-2.553819417953491211e-01
-2.652106881141662598e-01
-2.299694418907165527e-01
-2.554634809494018555e-01
-2.672246098518371582e-01
-2.792702913284301758e-01
-2.596188783645629883e-01
-2.786431312561035156e-01
-3.090656995773315430e-01
-3.424478173255920410e-01
-2.792527079582214355e-01
-2.618278861045837402e-01
-2.691999673843383789e-01
-2.978249788284301758e-01
-2.334921360015869141e-01
-2.652466297149658203e-01
-2.562395334243774414e-01
-2.509810924530029297e-01
-2.652164697647094727e-01
-2.784314155578613281e-01
-3.147000074386596680e-02
-3.517250418663024902e-01
-2.514224052429199219e-01
-2.792714834213256836e-01
-2.617468237876892090e-01
-2.652164697647094727e-01
-2.651959061622619629e-01
-2.652129530906677246e-01
-2.649249434471130371e-01
-2.668413519859313965e-01
-2.652163505554199219e-01
-2.554613351821899414e-01
-2.863618731498718262e-01
-3.366077542304992676e-01
-2.628847360610961914e-01
-2.792714238166809082e-01
-2.490106225013732910e-01
-2.792453765869140625e-01
-2.651640176773071289e-01
-2.786089181900024414e-01
-2.651916742324829102e-01
-2.792714238166809082e-01
-2.374119758605957031e-01
-2.792714238166809082e-01
-2.787594199180603027e-01
-3.323267698287963867e-01
-2.773165106773376465e-01
-2.652164697647094727e-01
-2.652428150177001953e-01
-2.652164697647094727e-01
-2.651900649070739746e-01
-2.652065753936767578e-01
-2.436008453369140625e-01
-2.652162909507751465e-01
-2.529063820838928223e-01
-2.697610855102539062e-01
-3.606856465339660645e-01
-3.761259317398071289e-01
-2.773422598838806152e-01
-2.761923074722290039e-01
-2.724527716636657715e-01
-2.792695164680480957e-01
-2.655799984931945801e-01
-2.792714238166809082e-01
-2.620745301246643066e-01
-2.792714238166809082e-01
-2.652164697647094727e-01
-2.792696952819824219e-01
-2.634792923927307129e-01
-3.425219058990478516e-01
-2.652164697647094727e-01
-2.514634132385253906e-01
-2.652164697647094727e-01
-2.792713642120361328e-01
-2.792714238166809082e-01
-2.652164101600646973e-01
-2.652164697647094727e-01
-2.765421867370605469e-01
-2.512252926826477051e-01
-2.691209316253662109e-01
-3.049932122230529785e-01
-2.948767542839050293e-01
-2.773418426513671875e-01
-2.792714238166809082e-01
-2.669825553894042969e-01
-2.792714238166809082e-01
-2.651736140251159668e-01
-2.792710065841674805e-01
-2.641716599464416504e-01
-2.791787385940551758e-01
-2.635589241981506348e-01
-2.792150378227233887e-01
-2.900859117507934570e-01
-3.378625512123107910e-01
-2.652164697647094727e-01
-2.538408637046813965e-01
-2.706296443939208984e-01
-2.544612288475036621e-01
-2.652164697647094727e-01
-2.442380189895629883e-01
-2.374119162559509277e-01
-2.785675525665283203e-01
-2.652157545089721680e-01
-2.715840935707092285e-01
-3.383314013481140137e-01
-3.006939291954040527e-01
-2.380787730216979980e-01
-2.495066523551940918e-01
-2.514676451683044434e-01
-2.792713642120361328e-01
-2.647630572319030762e-01
-2.792711853981018066e-01
-2.377011179924011230e-01
-2.791194915771484375e-01
-2.374162673950195312e-01
-2.791948318481445312e-01
-1.475628018379211426e-01
-2.903006672859191895e-01
-2.779306173324584961e-01
-2.792608141899108887e-01
-2.792713642120361328e-01
-2.383372187614440918e-01
-2.652881741523742676e-01
-2.333629727363586426e-01
-2.629187107086181641e-01
-2.792705893516540527e-01
-2.521333694458007812e-01
-2.514653801918029785e-01
-2.781870365142822266e-01
-2.946316003799438477e-01
-2.652164697647094727e-01
-2.485075592994689941e-01
-2.747715115547180176e-01
-2.790786027908325195e-01
-2.374119758605957031e-01
-2.606263756752014160e-01
-2.646933197975158691e-01
-2.924790978431701660e-01
-2.514669299125671387e-01
-2.584034204483032227e-01
-1.739221811294555664e-01
-2.300990819931030273e-01
-2.585488557815551758e-01
-2.514687776565551758e-01
-2.651925086975097656e-01
-2.792351841926574707e-01
-2.603509426116943359e-01
-2.639377713203430176e-01
-2.495551705360412598e-01
-2.792561650276184082e-01
-2.652164697647094727e-01
-2.374098896980285645e-01
-3.494443297386169434e-01
-2.937106490135192871e-01
-2.652164697647094727e-01
-2.771403193473815918e-01
-2.649562954902648926e-01
-2.636450529098510742e-01
-2.792702317237854004e-01
-2.574743628501892090e-01
-2.468030452728271484e-01
-2.631469964981079102e-01
-2.376093268394470215e-01
-2.473927140235900879e-01
-2.602472901344299316e-01
-3.623671531677246094e-01
-2.773422598838806152e-01
-2.568891644477844238e-01
-2.661741375923156738e-01
-2.792713046073913574e-01
-2.787933945655822754e-01
-2.792707085609436035e-01
-2.374120950698852539e-01
-2.693821191787719727e-01
-9.589973092079162598e-02
-2.183333635330200195e-01
-3.126917481422424316e-01
-1.848633885383605957e-01
-2.355862855911254883e-01
-3.233688473701477051e-01
-2.789615392684936523e-01
-2.792708277702331543e-01
-2.516975998878479004e-01
-2.528244256973266602e-01
-2.521536946296691895e-01
-2.514668703079223633e-01
-2.514668703079223633e-01
-2.514690160751342773e-01
-3.164187669754028320e-01
-1.576150059700012207e-01
-2.362555861473083496e-01
-2.837700247764587402e-01
-2.788798213005065918e-01
-2.372313737869262695e-01
-2.372332215309143066e-01
-2.514668703079223633e-01
-2.514314055442810059e-01
-1.903055906295776367e-01
-2.522839903831481934e-01
-2.514668703079223633e-01
-2.857224345207214355e-01
-2.784635424613952637e-01
-2.191179394721984863e-01
-2.903484702110290527e-01
-2.514668703079223633e-01
-2.514668703079223633e-01
-2.514669299125671387e-01
-2.405412793159484863e-01
-2.514669299125671387e-01
-2.248890399932861328e-01
-2.514668703079223633e-01
-2.374119162559509277e-01
-2.913690805435180664e-01
-1.863311529159545898e-01
-2.465490698814392090e-01
-2.952241897583007812e-01
-2.392907142639160156e-01
-2.647238373756408691e-01
-2.514860630035400391e-01
-2.774467468261718750e-01
-2.597539424896240234e-01
-2.792674303054809570e-01
-2.621209621429443359e-01
-2.792660593986511230e-01
-3.316068053245544434e-01
