-7.651217947268761088e-02
-1.765576895379197542e-01
-2.921967497427377936e-01
-4.261605416554165027e-01
-5.643510550298728168e-01
-6.847762933721052159e-01
-7.761665549710726753e-01
-8.365542317229992531e-01
-8.539517375634610996e-01
-8.065425696660257771e-01
-6.693646840905064233e-01
-4.537750707366675074e-01
-2.160634956605396728e-01
2.774151838580920029e-02
2.507402276349149917e-01
3.671516352243867076e-01
3.577994427274800993e-01
2.772813362418674599e-01
1.733246508686289433e-01
7.465090222187098501e-02
3.465595248464098388e-03
-1.495526329600609799e-02
4.622295645430251482e-02
1.640191958114999293e-01
2.635708461348909570e-01
3.137927033394769527e-01
3.269240197951696070e-01
3.107081591968527956e-01
2.713663287872853935e-01
2.208001190174879169e-01
1.733641387747378304e-01
1.319557538680858899e-01
9.292189639926509703e-02
5.409449013696402547e-02
1.429069824084311727e-02
-2.071643198530628838e-02
-4.216359538521530226e-02
-5.196602898013082117e-02
-5.673232075303210470e-02
-5.940457405775936145e-02
-6.221093395760646239e-02
-6.373854792366412392e-02
-6.039061930733802958e-02
-5.202153320185195357e-02
-4.109324055260539510e-02
-3.112903215674041324e-02
-2.594426635761063263e-02
-2.839113935475667469e-02
-3.837668419795442487e-02
-5.224182111550503688e-02
-7.092739106891961243e-02
-1.009724072310898557e-01
-1.432788591923055965e-01
-1.924785714464877784e-01
-2.371871417543370830e-01
-2.612171665066144732e-01
-2.521550121365603303e-01
-2.016830566628153021e-01
-1.021310620384066892e-01
1.894245460374942638e-02
9.929715393689197978e-02
1.175955476939242600e-01
9.374200057387736817e-02
4.661293686640038958e-02
-9.406655704856214939e-03
-6.193276105437776208e-02
-1.000863821174043239e-01
-1.169434197180324875e-01
-1.053400007678039346e-01
-5.614212443325200530e-02
3.927674220493165835e-02
1.580872192669559861e-01
2.450312507912944526e-01
2.788088886746604711e-01
2.751035244499294707e-01
2.464952003489334076e-01
2.008313271101535014e-01
1.472386386366530964e-01
9.390465314905309391e-02
4.347634342247613110e-02
-2.788718701403423116e-03
-4.047500840750560547e-02
-6.536021416456978816e-02
-8.025477353088779353e-02
-9.475640231366568023e-02
-1.125258721515140642e-01
-1.292503098383483429e-01
-1.415560177696059962e-01
-1.470464247410419312e-01
-1.422222957489660822e-01
-1.257876552239748924e-01
-9.948203937749358627e-02
-6.413012353827807210e-02
-1.838171706171275871e-02
4.087508599537809789e-02
1.046652414129150138e-01
1.498674772482876394e-01
1.685358486291521907e-01
1.693776140038678879e-01
1.594177586174563011e-01
1.431000565934768265e-01
1.246129782725033108e-01
1.065197613742076138e-01
8.833280519797027941e-02
6.840820144339300468e-02
4.538513733899837699e-02
1.629779443061030175e-02
-2.014511516533357138e-02
-5.958347237078155667e-02
-9.604438399213049982e-02
-1.250479439338609833e-01
-1.458503265834220630e-01
-1.601522295008819818e-01
-1.681750716710993243e-01
-1.681555048783163198e-01
-1.571137485143527801e-01
-1.296161698898699588e-01
-7.816287991252930667e-02
4.044538472606249574e-03
1.022766463533944098e-01
1.793300294255212035e-01
2.185652940549395462e-01
2.261671221654226183e-01
2.071801677726629598e-01
1.658395188928265263e-01
1.091608964815338895e-01
4.424766228681711877e-02
-2.450440066885341966e-02
-9.216414030822489556e-02
-1.521129135989546521e-01
-1.985736690866363174e-01
-2.327128779681563175e-01
-2.622038550625744868e-01
-2.840169800037108949e-01
-2.834797541994873993e-01
-2.464555304186734352e-01
-1.805071275335775050e-01
-1.180456018372020299e-01
-7.368256539508531711e-02
-3.729472040179308834e-02
2.822983999362267682e-03
5.946605227365664437e-02
1.504531622858389650e-01
2.585499999194010856e-01
3.283296708150778564e-01
3.401062655901549436e-01
3.093646184810658895e-01
2.476666484666890933e-01
1.626596814477248576e-01
6.647785804027803169e-02
-2.272850902604785228e-02
-9.093515382350214615e-02
-1.302877909072367446e-01
-1.350414362163832038e-01
-9.914652166747456308e-02
-3.465393642906867272e-02
2.495138278616845090e-02
6.338207055045375071e-02
8.553206855821732235e-02
9.598967545313903671e-02
9.781101462849985106e-02
9.470490616230589631e-02
8.880820733261814148e-02
7.928585602181996428e-02
6.442420945737888094e-02
4.542789436077329657e-02
2.529441955808042070e-02
8.114076386442365535e-03
-9.479649314368780721e-04
-2.624941835739594276e-03
-1.518901710192067933e-03
-1.699110694584407555e-04
-5.292112683141225737e-04
-2.450514608933508642e-03
-2.834135847455357404e-03
-1.537340658463115517e-03
-1.755398409508824448e-03
-6.214375338715018987e-03
-1.768223283765965256e-02
-3.958511507474708757e-02
-7.326332063995047439e-02
-1.181217155716582090e-01
-1.733453553129658542e-01
-2.345600009023617594e-01
-2.956694716443846183e-01
-3.513589911318111270e-01
-3.927076002811967226e-01
-4.066742073164596460e-01
-3.805850534180942324e-01
-2.981454802049076647e-01
-1.376826918614159345e-01
6.800568500668266458e-02
2.318822644758636586e-01
3.182060799970434228e-01
3.426636695871631000e-01
3.226669839370279180e-01
2.761554022430088851e-01
2.177836736663246731e-01
1.587762554553941441e-01
1.084456328524225355e-01
7.277327700291795487e-02
5.697667844096659245e-02
6.617864867240051685e-02
9.205816401677587024e-02
1.144837963795048430e-01
1.236863910433577823e-01
1.191928746508904569e-01
1.007978537393682678e-01
7.083335961566504524e-02
3.454145393042599294e-02
-1.828016986016036197e-03
-3.320185934523901816e-02
-5.818965858617661246e-02
-7.870461171128421973e-02
-9.640580991408283229e-02
-1.071648245128310750e-01
-1.018640204458870213e-01
-7.809053382231073703e-02
-4.149538009269970046e-02
1.369278638121942254e-03
4.430457693151471782e-02
8.221843517878932306e-02
1.139615170198655658e-01
1.379008494067340274e-01
1.480196173028996420e-01
1.387385424447640792e-01
1.091443697378854660e-01
6.909303533541211184e-02
3.250909592476465548e-02
3.634554879948324185e-03
-1.912805840443133551e-02
-3.936378151496962297e-02
-5.993165893954854190e-02
-7.926508647291351239e-02
-9.524699607900666276e-02
-1.065044197604293058e-01
-1.110855366699527169e-01
-1.081444598191736162e-01
-9.646380439843194043e-02
-8.909780574135217623e-02
-1.150608920768217830e-01
-1.830422293210073603e-01
-2.807311152673643284e-01
-3.927235844973812617e-01
-4.979653029707624690e-01
-5.706399484524473653e-01
-5.832648287758768202e-01
-5.112068272170634531e-01
-3.339594213964117708e-01
-7.301026521765802135e-02
2.092224803746070283e-01
4.577076784225089234e-01
6.251319273487597750e-01
6.996722903750471900e-01
7.052897551363419559e-01
6.641594663089088746e-01
5.930230005398787752e-01
5.042986961118511857e-01
4.075868435290028735e-01
3.086675652925746083e-01
2.097884223654874480e-01
1.109472794428930931e-01
1.040027177442418363e-02
-8.762716267319950458e-02
-1.724999477591795949e-01
-2.416517747820832729e-01
-2.991353333368524381e-01
-3.463150569543783641e-01
-3.834105876700957816e-01
-4.071604493166317562e-01
-4.101702914548251422e-01
-3.869193240543696288e-01
-3.317151295539784717e-01
-2.379712703515902417e-01
-1.049642507688612336e-01
4.174781407182131393e-02
1.563830649766758951e-01
2.176113748893737931e-01
2.324342484766535599e-01
2.162073946862545504e-01
1.852509392325676352e-01
1.501356581092446740e-01
1.153169923058465773e-01
8.510274588709652865e-02
6.514631980796369015e-02
5.754311684379171538e-02
6.156123314502078003e-02
7.377298745389027079e-02
8.629094044189124235e-02
9.261001020820133767e-02
9.101081024228163674e-02
8.224801231970836624e-02
6.770722265481896041e-02
4.789337877814223154e-02
2.350684652762840068e-02
-3.078706266949535891e-03
-2.873958354646810598e-02
-5.324053497445790234e-02
-7.802550498670642043e-02
-1.030012562576181345e-01
-1.302864400316612881e-01
-1.635959394929827337e-01
-2.031243857020088306e-01
-2.456863183268865602e-01
-2.859949291651099901e-01
-3.183452122179073474e-01
-3.370470399092618252e-01
-3.326523703698259782e-01
-2.937097716299617023e-01
-2.096388316891363290e-01
-6.919870736237987430e-02
1.019188679874261927e-01
2.401107684590101377e-01
3.198192012450076782e-01
3.543562429433602667e-01
3.559850733227531427e-01
3.344498220215967876e-01
2.981110123424886571e-01
2.536280317760036818e-01
2.050901264364786702e-01
1.557436978721110088e-01
1.073360570850683260e-01
5.903367696933980308e-02
1.406848828281129574e-02
-2.041120267357977858e-02
-4.429044241818526351e-02
-6.383290055579296518e-02
-8.200003950693593446e-02
-9.436812479280927424e-02
-9.511134218641367766e-02
-8.444160968604311202e-02
-6.665644746430132717e-02
-4.620918337891989636e-02
-2.706275496514925355e-02
-1.152649049851101754e-02
-4.864364861420725911e-04
5.302855412829271184e-03
6.599448915875056297e-03
2.465125241400277674e-03
-9.015744171433338894e-03
-2.565126584734710863e-02
-4.496928878910653321e-02
-6.358842705077541457e-02
-7.590915964554273421e-02
-7.893149392546869314e-02
-7.208540344901998020e-02
-5.578681775881036420e-02
-3.414038489725215036e-02
-1.506704717558637711e-02
-2.958213618440911664e-03
3.267272291236456710e-03
4.986562761347514486e-03
3.159429646207196317e-03
-2.404623572107023044e-04
-2.288680780925929359e-03
1.141487946691756294e-04
9.590756534421793905e-03
2.708790547474814597e-02
4.839285300924352912e-02
6.687967130902872093e-02
7.926454833531747235e-02
8.457222725992614987e-02
8.485190855784643937e-02
8.424334920105212843e-02
8.471457958447330128e-02
8.655233022062953918e-02
8.785389696339551691e-02
8.439609280757644216e-02
7.263469512019504748e-02
4.998093452186852526e-02
1.369220366947416362e-02
-3.372191036070108783e-02
-8.421706708408316366e-02
-1.352127182070821110e-01
-1.861776422764756800e-01
-2.317451230199137902e-01
-2.666308355995716806e-01
-2.881429374963149215e-01
-2.947049234281536312e-01
-2.831683366128593393e-01
-2.474108397236624290e-01
-1.788195754064723642e-01
-6.888653384885390363e-02
6.439365269780700229e-02
1.772120111179080748e-01
2.497784580885496764e-01
2.889642266195732723e-01
3.041861067117856976e-01
3.010841752182359388e-01
2.819910994299127394e-01
2.527585617987549438e-01
2.192347597370877255e-01
1.817623390264907768e-01
1.388904320962322247e-01
9.110736047223703948e-02
4.367833155242824977e-02
5.295941189511502167e-03
-2.259176281520664312e-02
-4.210600890156945830e-02
-4.931361162297635825e-02
-4.407110698038241292e-02
-3.360921276059904150e-02
-2.435306319055481616e-02
-2.073326357322815075e-02
-2.386437519761884160e-02
-3.245048465850564057e-02
-4.592126075373210298e-02
-6.021095608807622290e-02
-7.612364929673456904e-02
-1.083289333967649010e-01
-1.627055579431079813e-01
-2.266107016668979512e-01
-2.860036734578769724e-01
-3.322597476019880092e-01
-3.604266858190068312e-01
-3.634918999527281813e-01
-3.295458991082620415e-01
-2.463476006885551295e-01
-1.008562290825296137e-01
8.042509292694589862e-02
2.272662911070293390e-01
3.098063657563946416e-01
3.433607604773064037e-01
3.455123765207350206e-01
3.284556083349724487e-01
2.971320810203548768e-01
2.553521937336789005e-01
2.066359710661964111e-01
1.521374577191241251e-01
9.401545584599116379e-02
3.665441094026356678e-02
-1.251705458941915899e-02
-4.625577005694126581e-02
-6.470567051427360272e-02
-6.787282867847324597e-02
-5.326706035841752285e-02
-2.298341230253970330e-02
2.022687095291704484e-02
6.758697270192649820e-02
1.029216576532823862e-01
1.181228832116495986e-01
1.134103140388164344e-01
9.435553764629836526e-02
6.944953315536647742e-02
4.014862808472646760e-02
3.342074163160492495e-03
-3.817534842814782059e-02
-7.658191917414471084e-02
-1.102646021055854464e-01
-1.446398920469159355e-01
-1.848731864496706567e-01
-2.330908023235208903e-01
-2.872638267702946613e-01
-3.418516450666626016e-01
-3.866490524645976867e-01
-4.013867294655175666e-01
-3.610881580965923376e-01
-2.464576632644934484e-01
-9.023983434697879780e-02
2.737037023996037599e-02
7.809393166547295984e-02
8.340998568725666029e-02
6.470177566679469194e-02
4.447646469173405226e-02
4.287657299974659275e-02
7.750971419820990027e-02
1.667682908954273291e-01
2.886699866927372460e-01
3.785467034485319737e-01
4.142486787533660730e-01
4.171814708301972985e-01
4.021617511517717181e-01
3.732313967983188485e-01
3.294088959267501004e-01
2.716234417748152885e-01
2.062886839383455684e-01
1.403080247525993751e-01
7.559037287017320028e-02
1.072819697537748945e-02
-5.115151322400718348e-02
-1.012136243692913218e-01
-1.368147852724025115e-01
-1.661394868833017124e-01
-2.010698858676083500e-01
-2.460060779501817563e-01
-2.952654881325635916e-01
-3.373066924291360236e-01
-3.593512335661721568e-01
-3.533068163529275996e-01
-3.138823184005317124e-01
-2.353190842472297484e-01
-1.417611890154705512e-01
-8.474734018380013223e-02
-8.126448610209810464e-02
-1.136794026093815857e-01
-1.601826622222217722e-01
-1.981366188759826341e-01
-2.038133856568119517e-01
-1.510861704112819170e-01
-5.015979324433965381e-02
5.386061387684454999e-02
1.539667144860678571e-01
2.769251394161581503e-01
4.082782776385226464e-01
4.927962596626280223e-01
5.110141239451451156e-01
4.807307173374586462e-01
4.173240932515656643e-01
3.338349257999809194e-01
2.418395410727855466e-01
1.497878144032217529e-01
6.262485468952673495e-02
-1.614089275198905479e-02
-8.079779992272062561e-02
-1.232902957054485826e-01
-1.361443745362158064e-01
-1.337188551866366204e-01
-1.494524499549907959e-01
-1.931595392555160162e-01
-2.534038035367852659e-01
-3.206569217220858192e-01
-3.867927201415991001e-01
-4.399345635912561558e-01
-4.634560968483855126e-01
-4.395257759980877310e-01
-3.496829015050454403e-01
-1.741856140278134624e-01
5.190934914650949944e-02
2.363556187264660713e-01
3.410449679796114797e-01
3.819545531630231805e-01
3.737584152128005099e-01
3.323889947199505923e-01
2.727102377502396147e-01
2.056891307605803465e-01
1.391240684289816731e-01
7.932504692992274620e-02
3.300598778123206567e-02
8.520923043867143984e-03
2.703850666610089007e-03
-7.927771825824627555e-04
-8.483241078128806248e-03
-1.782241808551268680e-02
-2.802668166542849129e-02
-3.843076159412233544e-02
-4.694979246124528216e-02
-5.124294532733168067e-02
-5.242243842821107253e-02
-5.263651793460559503e-02
-5.229356683640355719e-02
-5.097863084980935877e-02
-4.577395130626166903e-02
-3.414311351512119841e-02
-1.689837065693477330e-02
3.175286352535092518e-03
2.271251422850317780e-02
4.057677352981067798e-02
5.712013765368469109e-02
7.052678915977840524e-02
7.632782157792961097e-02
7.218449522647879535e-02
5.910489389218860634e-02
3.635944249543043849e-02
8.129198305466689076e-03
-1.495352476871725581e-02
-2.882266607046351375e-02
-3.491431901495129636e-02
-3.454842947121183200e-02
-2.898177498715299658e-02
-2.043580461336564486e-02
-1.310318622114004482e-02
-1.128184444433328812e-02
-1.715914346205837243e-02
-2.815376975020254802e-02
-3.932329985240505532e-02
-4.737255646761954347e-02
-4.817172112187023680e-02
-3.922839089291254439e-02
-2.602253577061603568e-02
-1.581459964799445533e-02
-1.104750387344460329e-02
-1.071831826331963444e-02
-1.264453215458345367e-02
-1.672502627687678586e-02
-2.170257388900972279e-02
-2.224863649000441770e-02
-1.537304874539126461e-02
-4.121617236731856503e-03
7.418824629682112953e-03
1.803669480488919591e-02
2.736700909848214375e-02
3.552820501881179260e-02
4.140990517197276621e-02
4.133631791532190597e-02
3.468594230612152829e-02
2.536873578999872605e-02
1.541431108837979132e-02
1.736924537517395110e-03
-1.832497437972769455e-02
-4.279345277617592480e-02
-6.672853693532225516e-02
-8.164025182321976715e-02
-8.946585396495257414e-02
-1.056759828324546069e-01
-1.338322706571486442e-01
-1.646320904748246883e-01
-1.872065861077500115e-01
-1.898505905607742184e-01
-1.630453827692261437e-01
-1.025695640888121124e-01
-5.186617423918173271e-03
1.106809652687027745e-01
2.050499195013681941e-01
2.639186780048840553e-01
2.937861833860891392e-01
2.983183055520333138e-01
2.817439145846225013e-01
2.500248158568873502e-01
2.100924198031335899e-01
1.679517721865398661e-01
1.284950285416127935e-01
9.376124034286908993e-02
6.029388647992504208e-02
2.667970332866236721e-02
-5.859842139631636637e-03
-3.850973366774221307e-02
-6.655312215140839205e-02
-8.219169544111609715e-02
-8.407466663240766025e-02
-7.733263997994632710e-02
-6.805066441588428217e-02
-6.133944747832272698e-02
-6.073484846674915422e-02
-6.550628701508405538e-02
-7.522970681258930870e-02
-9.102042093301790371e-02
-1.108735649896075842e-01
-1.305733335979865350e-01
-1.488002822312029516e-01
-1.676146470490976204e-01
-1.885425520913783237e-01
-2.092710390635854623e-01
-2.229782152755973579e-01
-2.212368457406259092e-01
-1.941354645838214710e-01
-1.304769697740488510e-01
-1.903946528942034380e-02
1.159117210742839355e-01
2.170598563675069093e-01
2.681845520041886699e-01
2.857773592686779773e-01
2.805841684612311315e-01
2.640408964282030535e-01
2.449320559865369451e-01
2.243283631985129867e-01
1.978094489925132926e-01
1.619596935770243884e-01
1.164407500634219994e-01
6.125515574445197092e-02
-2.164768338263834552e-03
-6.907623827487899271e-02
-1.343197314176176604e-01
-1.953174956812642749e-01
-2.512345255075879025e-01
-2.990914845517589349e-01
-3.329984643594348093e-01
-3.469837288799920150e-01
-3.348740117932824667e-01
-2.911703759910223011e-01
-2.097218404470007624e-01
-7.978495361916576600e-02
7.710214254654884636e-02
2.044768327886469506e-01
2.802627439247055707e-01
3.146547706604050920e-01
3.164123463530046365e-01
2.960780165004406883e-01
2.624870207806198619e-01
2.212899499586385987e-01
1.768890283453995460e-01
1.333538519461019145e-01
9.449579966924868957e-02
5.878045572816404524e-02
2.428715562153078641e-02
-4.268157308066594657e-03
-2.376583168587260292e-02
-3.597510329983562294e-02
-4.442376244043048927e-02
-5.338189199090156989e-02
-6.384085896800989479e-02
-7.264562008581720853e-02
-7.817660326111623703e-02
-8.291731609116488599e-02
-8.660151558024381524e-02
-8.496430657671411035e-02
-7.780092917097138072e-02
-7.221476569607279683e-02
-7.761372346847268677e-02
-9.802742493156796355e-02
-1.311175440039714646e-01
-1.704228854844999363e-01
-2.078395874886058425e-01
-2.365424366595177963e-01
-2.488892795245357115e-01
-2.337614650176851883e-01
-1.791456193676952968e-01
-7.295024053904686223e-02
6.504361220669983845e-02
1.811690310350539679e-01
2.518802728282575898e-01
2.841609424918440374e-01
2.844056285287401842e-01
2.625220398169532121e-01
2.302960781512439215e-01
1.927110977190584773e-01
1.490233809804506759e-01
9.947972801056828573e-02
4.791144294503575651e-02
1.099217989957611752e-03
-3.691658434408584544e-02
-6.586911490607780251e-02
-8.374136740527646228e-02
-8.925488121997597613e-02
-8.371602337009889649e-02
-6.773225073466734858e-02
-4.450449592973171331e-02
-2.022211391319955753e-02
5.379831986857437631e-04
1.400604714481042123e-02
1.738856492958876232e-02
1.078060264531695810e-02
-4.127642576801236057e-03
-2.099642899759821338e-02
-3.024184150817305419e-02
-2.852745377262602341e-02
-1.895924736262943541e-02
-6.530102094136218220e-03
4.328576474193439501e-03
1.234659885776478658e-02
1.848621363965509065e-02
2.370429254306603492e-02
2.858570878152899217e-02
3.208007787508519726e-02
3.194522959636422743e-02
2.938624066870940479e-02
2.706958764709714929e-02
2.424267028624717268e-02
1.809479675067882445e-02
5.104198347449505693e-03
-1.199670677222461866e-02
-2.405931916377566232e-02
-2.935862339033990659e-02
-3.210571204479074209e-02
-3.434705995865544592e-02
-3.842375904118516122e-02
-4.529008006989444085e-02
-5.268714713181237713e-02
-5.885936819368903922e-02
-6.255013031339382024e-02
-6.224498463949432181e-02
-5.730828302255041445e-02
-4.841576415169758507e-02
-3.667964759168736849e-02
-2.494895234845157309e-02
-1.539628907354158305e-02
-5.318112442296105830e-03
7.279849482200102459e-03
2.124737834776731921e-02
3.433424989773442570e-02
4.265816761409603475e-02
4.298085167015019969e-02
3.678532242945759673e-02
2.917011478303467575e-02
2.437088951113624072e-02
2.430120867484173580e-02
2.733924221742315905e-02
3.102880220251053728e-02
3.514931446100171691e-02
3.810364679326379983e-02
3.800275851993573095e-02
3.564721549160879827e-02
3.133571271702324801e-02
2.509327676308127988e-02
1.862937276950758780e-02
1.350606519391290422e-02
1.130595105012676890e-02
1.292268616413257132e-02
1.705637695460524017e-02
2.116942271924966354e-02
2.208363946847499010e-02
1.716504351886536175e-02
7.235499020243230106e-03
-4.629803712475948942e-03
-1.826181567215154344e-02
-3.382449455634928964e-02
-4.835049024209331359e-02
-5.867535726121991813e-02
-6.359766887517180611e-02
-6.388761933885560296e-02
-5.999516470007330848e-02
-5.040756473996430703e-02
-3.136266397366789527e-02
3.666390957181841007e-03
4.905867588298738757e-02
8.519772957312993222e-02
1.049547286794339090e-01
1.107452889864850021e-01
1.029962417192626656e-01
8.612428711885375399e-02
6.476794098337661232e-02
4.085096502815539765e-02
1.787100086315209641e-02
1.938359984266011318e-03
-2.064379681630975488e-03
7.464403832218392820e-03
1.652384852118647315e-02
-2.136174870756578185e-03
-5.932685411298155298e-02
-1.450343649856275230e-01
-2.411737586285279678e-01
-3.309992771764802555e-01
-4.039115660765252303e-01
-4.497621145191621483e-01
-4.557535464901700806e-01
-4.092895836691348710e-01
-2.981592745303724978e-01
-1.061123419341192392e-01
1.322418309290330218e-01
3.274887213547953424e-01
4.432297849602171436e-01
4.965445910445049904e-01
5.029377598195081678e-01
4.737160777140306811e-01
4.167864966494071455e-01
3.416618319026414885e-01
2.602558035791176505e-01
1.810294526669723736e-01
1.060459945923610814e-01
3.365513732720616658e-02
-3.466336475948632312e-02
-9.396313484443385988e-02
-1.454123466460596759e-01
-1.919521994804128939e-01
-2.303568385167758803e-01
-2.562075167991426095e-01
-2.671808185181722139e-01
-2.616839194694304815e-01
-2.401020804416426901e-01
-2.035687593917665794e-01
-1.481362342569309543e-01
-6.603544466504994437e-02
3.195677977642322198e-02
1.138926129875490467e-01
1.634139999991439662e-01
1.863302225733536321e-01
1.920990221757721828e-01
1.884400498236228350e-01
1.806236489916026589e-01
1.720442279990396506e-01
1.637893292306232818e-01
1.546818624346382731e-01
1.446457570334385156e-01
1.343921223689336086e-01
1.229728309525286306e-01
1.083816758591511359e-01
8.582537059673678304e-02
5.144965093227287650e-02
7.395302451568459140e-03
-4.347833304566998264e-02
-1.006691775408721234e-01
-1.613141424996324957e-01
-2.206569109769415948e-01
-2.764405775474124694e-01
-3.285030080511126549e-01
-3.763238472012989111e-01
-4.197281239839099620e-01
-4.548542711091966839e-01
-4.652201491358499696e-01
-4.277819644776918451e-01
-3.228703396662381264e-01
-1.323334385532039803e-01
1.052744005436294650e-01
2.927607281275786399e-01
3.893965586268592904e-01
4.165928759054173813e-01
3.970253551545164239e-01
3.481813036121153004e-01
2.818448497909508688e-01
1.949865283315328213e-01
8.239457030969457585e-02
-4.384610492448656055e-02
-1.645465544136883729e-01
-2.594155271989060929e-01
-3.087309690065857537e-01
-2.944465527278022909e-01
-2.010123231971087943e-01
-5.904095719636550527e-02
6.082476876902457447e-02
1.276851637679394524e-01
1.533843774318306430e-01
1.577333100459028803e-01
1.577225760691158829e-01
1.614047987830299624e-01
1.720735597670236539e-01
1.926016382211292177e-01
2.221960661681541827e-01
2.500912712262168824e-01
2.634836164324035890e-01
2.576040366395565551e-01
2.302445557100246121e-01
1.800386285399901976e-01
1.170461632948435332e-01
5.875816175189278734e-02
1.164735086966969119e-02
-2.680121393527024054e-02
-5.743796275021356007e-02
-8.276827048482013338e-02
-1.088654313467342094e-01
-1.371986067207070503e-01
-1.628334612592274300e-01
-1.830845123510705663e-01
-1.998037714446075919e-01
-2.178391415299665290e-01
-2.294073839360256939e-01
-2.152744149985771349e-01
-1.695413757293037227e-01
-9.299292455156990544e-02
1.920832232888770169e-02
1.448695348436633834e-01
2.327615637583454189e-01
2.620783682747203081e-01
2.411832301948309554e-01
1.756342868550636871e-01
6.972417929376092949e-02
-6.604796988938724245e-02
-2.099718375236703516e-01
-3.382637973510194129e-01
-4.329582413842475441e-01
-4.902678533580225317e-01
-5.152099188392393891e-01
-4.969263994132145368e-01
-4.121178657403862244e-01
-2.732757569884668447e-01
-1.318412952707585239e-01
-8.684978143130982209e-03
1.154859994372222365e-01
2.697154891580167413e-01
4.336507038302073180e-01
5.289254747759165598e-01
5.276134711200045624e-01
4.563328301877523918e-01
3.394970620578032783e-01
1.984229964742930674e-01
5.247355607437940994e-02
-7.892313828501737460e-02
-1.776530126606188920e-01
-2.300897226639175841e-01
-2.236959602266111458e-01
-1.422237179938227736e-01
-1.025016049863992917e-02
1.018501798767621203e-01
1.639972775047035258e-01
1.896369993093811324e-01
1.909759527630158493e-01
1.771378509969387116e-01
1.548986816194907190e-01
1.275619600008524035e-01
9.655089522363448362e-02
6.351669358514151764e-02
2.840012985647777724e-02
-1.118683339338196782e-02
-5.125982771095685675e-02
-8.067776374289792329e-02
-9.545992437520767204e-02
-9.770664075147209027e-02
-8.880250672004094681e-02
-7.436046432252844951e-02
-6.060854330970887049e-02
-4.911349249137875184e-02
-4.158597243495666673e-02
-3.950388584591920521e-02
-4.214707233206035214e-02
-4.594686792564506989e-02
-4.464103123087498348e-02
-3.632099167420843600e-02
-2.631572244158404683e-02
-1.982822403102130898e-02
-1.567906943649113177e-02
-1.112672593659287147e-02
-6.086334016098295108e-03
-2.840601930874749785e-04
6.181887746356075526e-03
1.149212587229280283e-02
1.353658887032489419e-02
1.067093952688851800e-02
4.536066945570609715e-03
-1.009906178988561470e-03
-4.662522355946329376e-03
-6.920937792140389143e-03
-9.585720086211835245e-03
-1.459913041497414021e-02
-2.243726720584742623e-02
-3.269076633206756399e-02
-4.307783286689220031e-02
-5.050823423614086982e-02
-5.175704965170449534e-02
-4.360371498782700250e-02
-2.155322385446306263e-02
1.160345501774638459e-02
4.250667299523811643e-02
6.525523415459742738e-02
8.071827348287907711e-02
8.775308015758410962e-02
8.643003887389541506e-02
7.948702473384196276e-02
6.954896647946026689e-02
5.756464032007428677e-02
4.507764267830260962e-02
3.456860619486189223e-02
2.465328578873544202e-02
7.785456647339180150e-03
-2.103911955362567157e-02
-5.894849114880224700e-02
-1.003626055251929383e-01
-1.404937113450444586e-01
-1.739462892058081522e-01
-1.941400992166922579e-01
-1.940442678097630824e-01
-1.719784481224880257e-01
-1.312081588679755717e-01
-7.050106284600525519e-02
6.654277533274066507e-04
6.032895069182671322e-02
1.027181833245802700e-01
1.332576034028963574e-01
1.534469261360840164e-01
1.636079890866588005e-01
1.640601286934428582e-01
1.562015417454522548e-01
1.411050277724505142e-01
1.186424639153789706e-01
9.087919967242105712e-02
6.048513001084240837e-02
3.163829414581510041e-02
1.191069132056792740e-02
4.631298359198874476e-03
6.619926113374276916e-03
1.232146795365476888e-02
1.737376137404580273e-02
2.175524360096229085e-02
2.698667582000886106e-02
3.223574816956316369e-02
3.599870601512182577e-02
3.744687538487469214e-02
3.522597815550033984e-02
2.432909556601443868e-02
-2.351488597291883156e-03
-4.720634766274453553e-02
-1.084306520644928717e-01
-1.798286926248573170e-01
-2.493350333950205833e-01
-3.064838946260928787e-01
-3.464425620883511692e-01
-3.654562588717447102e-01
-3.562456003669151050e-01
-2.951449696332361095e-01
-1.466809037776758973e-01
5.860468994187054137e-02
2.243044111093296378e-01
3.056379337441412769e-01
3.190456425591037259e-01
2.867001195135014946e-01
2.252324245315866502e-01
1.489909843539307943e-01
7.407575746634501024e-02
1.396271142229809151e-02
-2.235804205653613499e-02
-2.586665589114944125e-02
1.403637207077237589e-02
8.160540781575192915e-02
1.326424152189200345e-01
1.469978228285744870e-01
1.307700184638158902e-01
9.042920940950227582e-02
3.244284664887767816e-02
-3.723455265139163917e-02
-1.117400803555180511e-01
-1.835257979730103572e-01
-2.356147281659994597e-01
-2.416741362699884044e-01
-1.869775439709351339e-01
-9.429641090026266714e-02
-1.137907347980221529e-02
4.373654748612620241e-02
8.044999486924796217e-02
1.063549526430544734e-01
1.238660798287453679e-01
1.306651114692244930e-01
1.273998255977586702e-01
1.197560801080610471e-01
1.128292510049552222e-01
1.099285016546796279e-01
1.152982716138260810e-01
1.268656066323900766e-01
1.344929485393578927e-01
1.336420812547575443e-01
1.259981146494895676e-01
1.124449967582880627e-01
9.492847006958912703e-02
7.565976341071060929e-02
5.443362176405927566e-02
2.941949314264417220e-02
-2.518283181891095568e-04
-3.418833298615736593e-02
-7.285242985496301338e-02
-1.219485864710130874e-01
-1.917518704840833199e-01
-2.866708098924835024e-01
-4.045024873197727855e-01
-5.373321711556950930e-01
-6.682604690558354710e-01
-7.758009682855875333e-01
-8.346862128207206410e-01
-8.143027536554360291e-01
-6.816981414518328286e-01
-4.029569257371396485e-01
-2.353003553812946236e-04
3.986440906217447178e-01
6.730971359225363937e-01
8.073917419389065042e-01
8.359689031564345729e-01
7.915736628699030497e-01
6.993342685968967354e-01
5.789736366919189248e-01
4.461103122470992388e-01
3.102769956620995973e-01
1.798116379271338383e-01
6.514360273532622536e-02
-2.445361310447399447e-02
-8.474521834672940623e-02
-1.166913806961058925e-01
-1.242810958975339442e-01
-1.132036921511640482e-01
-9.038693606516057244e-02
-6.263217870351528438e-02
-3.574282570923793118e-02
-1.439245484393894547e-02
-4.982472173910637570e-04
7.027916139201936807e-03
8.469293383216558446e-03
-2.196844557037301582e-03
-2.531756544678454707e-02
-4.711103321708100949e-02
-5.755960866296268297e-02
-5.835662308871773785e-02
-5.619068960945086677e-02
-5.662541672141771509e-02
-6.136411214339949904e-02
-7.151436335384731002e-02
-8.416194471876770056e-02
-9.146513332130667973e-02
-9.146164332824292809e-02
-8.726074295186973806e-02
-7.955675046433481612e-02
-6.726722197150554472e-02
-4.973892210508576439e-02
-2.886454958807823518e-02
-8.420248615138577197e-03
1.112929748662457377e-02
3.212237686102672324e-02
5.306137238350701335e-02
6.879004186917618557e-02
7.568519699134640399e-02
7.160763662873359525e-02
5.285546965779421014e-02
2.134445847599992716e-02
-1.375609924818393254e-02
-4.736066423892842936e-02
-7.878393410254840024e-02
-1.067056187651846677e-01
-1.283259531378089791e-01
-1.425101198444087280e-01
-1.514208708327710040e-01
-1.538186426577342059e-01
-1.414346754020850139e-01
-1.035629769946787709e-01
-3.196847255364390628e-02
5.602206167156343480e-02
1.243701402977885617e-01
1.647112422778581609e-01
1.850176975442571203e-01
1.875962314979323642e-01
1.774701452713564054e-01
1.613992221085069345e-01
1.450128451171055488e-01
1.314842196607334535e-01
1.201293813319857795e-01
1.084159581298939912e-01
9.504344039235544661e-02
7.428427102337487042e-02
3.512136138003379981e-02
-2.322243318414047089e-02
-8.752923235840183447e-02
-1.476243926705689546e-01
-2.001841954698181936e-01
-2.399778409459327744e-01
-2.634195640585600962e-01
-2.693525993263958251e-01
-2.514090686911992223e-01
-1.996217201524305707e-01
-1.055004133299750624e-01
1.413849186468933358e-02
1.177273653105947449e-01
1.873408386914620360e-01
2.284608797262644708e-01
2.456345751312025982e-01
2.476733724578627227e-01
2.437309904080899314e-01
2.354764037956966483e-01
2.215060867383866761e-01
1.988416796727063007e-01
1.634067312938695948e-01
1.129940712384431417e-01
5.213080619329393817e-02
-1.123226964670326344e-02
-7.794029866929581829e-02
-1.525600663183727668e-01
-2.344260933348620846e-01
-3.205482242396601733e-01
-4.028678240747890493e-01
-4.631855701960099214e-01
-4.801417034226602154e-01
-4.389474500371052801e-01
-3.301107053254127566e-01
-1.408742800012446894e-01
9.320055789196075857e-02
2.846863047232336963e-01
3.974819126594721364e-01
4.463303976502119852e-01
4.453543574710717712e-01
4.061954572656931717e-01
3.380524986849642866e-01
2.507921299842975627e-01
1.549724693966071931e-01
6.055047438354992789e-02
-2.457576969744063033e-02
-9.555626576874881595e-02
-1.434936972713471981e-01
-1.546917043637917322e-01
-1.413349635907884538e-01
-1.398758372732620547e-01
-1.645314035418954379e-01
-2.067043394061525152e-01
-2.539748921529507153e-01
-2.919537205015395043e-01
-3.052988008673884757e-01
-2.764481258678787579e-01
-1.867141481439142936e-01
-1.777237753385275260e-02
1.955967775883701854e-01
3.658888907217377473e-01
4.576262991462922147e-01
4.865310217301991313e-01
4.653967135410999045e-01
4.022685552916975271e-01
3.064740798525319998e-01
1.935344892212496337e-01
7.384165029730729857e-02
-5.234339499060565448e-02
-1.835715914808777049e-01
-3.123670468391653854e-01
-4.272131191775809245e-01
-5.128039358036373674e-01
-5.564534844264346081e-01
-5.483054632750216095e-01
-4.667888097190885377e-01
-3.309517683913305586e-01
-2.158407757772781710e-01
-1.515425374868542008e-01
-1.130083743663683471e-01
-6.786370287193434214e-02
1.747419083656202854e-02
1.729047155497345223e-01
3.647524642743135148e-01
4.997030272871769152e-01
5.439924859884280872e-01
5.227452083050021514e-01
4.619465871554120917e-01
3.801673325528261982e-01
2.862245701811679810e-01
1.910125468239876612e-01
1.102072061060683922e-01
5.258401318180999651e-02
1.477181526139847642e-02
-1.092894585127571899e-02
-2.928655684202450399e-02
-4.236680058973638086e-02
-5.421078725760599543e-02
-6.779680242621258235e-02
-8.086454492307446063e-02
-8.914523470494267743e-02
-9.036133808759350128e-02
-8.656065420083258743e-02
-8.056264611772134820e-02
-7.289418011406660625e-02
-6.442469288217909928e-02
-5.774881104922990893e-02
-5.805683526812479428e-02
-7.107244163963802319e-02
-9.720740808464806149e-02
-1.328963178730593331e-01
-1.756016612790650688e-01
-2.219481714676143913e-01
-2.651800351058975491e-01
-2.971493338047015431e-01
-3.083479120911948868e-01
-2.868062653958713959e-01
-2.200124298766459319e-01
-9.631135963465028982e-02
5.854957878147724198e-02
1.827331490256939028e-01
2.530932054984528778e-01
2.841076881361245254e-01
2.884043248717457764e-01
2.746320338241036163e-01
2.497096784710858830e-01
2.182925561672535986e-01
1.826362491929113263e-01
1.462809109387520623e-01
1.110013930041104380e-01
7.704817780393861948e-02
5.073249976511785136e-02
3.950667969892435183e-02
4.228819653613651031e-02
5.299747953853861659e-02
6.558061391226344128e-02
7.628795283102730862e-02
8.362984758367331128e-02
8.481686219868012078e-02
7.823624704590249890e-02
6.440039493044066865e-02
3.907720094338446026e-02
-6.151455086449177795e-03
-7.099147641898531647e-02
-1.426990718659812973e-01
-2.092451611175542014e-01
-2.674207363137141025e-01
-3.199286457304577058e-01
-3.672673698643030837e-01
-4.046199031505341437e-01
-4.242671936984739878e-01
-4.154849810035520230e-01
-3.661214788423233779e-01
-2.645005983751172463e-01
-9.709030507892571493e-02
1.052759401432655645e-01
2.631148723623466523e-01
3.422698470725165087e-01
3.572850296660496916e-01
3.255195653098569286e-01
2.655635769829461923e-01
1.933770413005832245e-01
1.207321463747067780e-01
5.674029332371495482e-02
1.144245227207165913e-02
-3.754546510659011269e-03
2.048921957418534806e-02
7.280592543829197960e-02
1.213194945073319403e-01
1.509349284110141076e-01
1.648049301754005713e-01
1.656253547381387470e-01
1.564630226313309669e-01
1.406960076824012307e-01
1.194228453566910236e-01
9.135395659262414425e-02
5.618744462287619118e-02
1.515264465650312947e-02
-3.121348990085368383e-02
-8.082907695962018857e-02
-1.299733378780066340e-01
-1.784775644754860724e-01
-2.273720601203227942e-01
-2.748340145747294461e-01
-3.189627665820055635e-01
-3.562310740557508848e-01
-3.789472001705614379e-01
-3.755650529069847199e-01
-3.341533354662922228e-01
-2.465147725265778300e-01
-1.011290136852243671e-01
7.913100043478202283e-02
2.279041011073339174e-01
3.147712208729836481e-01
3.508062002448024130e-01
3.490675076911654573e-01
3.223151190210820083e-01
2.798409266262674722e-01
2.283796882460563393e-01
1.740335912670693819e-01
1.204595650083372105e-01
6.846380169868557242e-02
1.802017872966440309e-02
-2.707689920006794634e-02
-6.147359414863323712e-02
-8.430666911909884265e-02
-9.658335137537281401e-02
-9.915280383378674567e-02
-9.378942910561688384e-02
-8.311836486367821242e-02
-7.041073345095716363e-02
-5.651768699024647957e-02
-3.957522860510082063e-02
-1.843117770682011630e-02
9.006055676098861582e-03
4.038119700267433360e-02
6.487409479940672852e-02
7.439131134109899790e-02
6.563320850596773837e-02
3.705698555095483793e-02
-7.675392117136491110e-03
-5.976089289439345809e-02
-1.096097336922733645e-01
-1.465088589327702695e-01
-1.589978571148654707e-01
-1.408139710122673360e-01
-9.119195864203868962e-02
-2.271663961371662641e-02
4.184995611859116532e-02
9.115640193600341168e-02
1.241649042268829495e-01
1.429053929716834759e-01
1.527408996830890153e-01
1.572764154019631044e-01
1.555155132327649403e-01
1.444158245995686152e-01
1.226646085053088447e-01
8.932561460435682610e-02
4.224165734485926110e-02
-1.390951805997492699e-02
-6.983732139184149756e-02
-1.247813397862581053e-01
-1.806836172174129951e-01
-2.335111912340162577e-01
-2.764709069648007000e-01
-3.045120228930617845e-01
-3.163534239098282907e-01
-3.079122558586740444e-01
-2.700847100664666156e-01
-1.962792715356643236e-01
-8.176502539590749241e-02
5.426348831334027595e-02
1.675073758045168282e-01
2.385264688712458170e-01
2.722218561814586102e-01
2.756881530297571326e-01
2.595612215989840932e-01
2.338241037900684050e-01
2.023837768208165688e-01
1.642136865850353789e-01
1.232616180513709803e-01
8.720345774076418421e-02
5.749303591872934743e-02
3.418524031855831730e-02
2.052659087901289106e-02
1.611932068783750172e-02
1.762704268591032061e-02
2.259448364133102502e-02
2.890297261605484849e-02
3.532678380679963454e-02
4.132723038054297166e-02
4.492954890319907080e-02
4.412181439539228367e-02
3.893101273405380480e-02
2.837887929236086043e-02
1.108259716403427533e-02
-1.329398683358864672e-02
-4.920849324084789617e-02
-9.920129634993461731e-02
-1.568234019647616606e-01
-2.165521022544742158e-01
-2.748866520199657604e-01
-3.226692898119933317e-01
-3.457557980528891961e-01
-3.297494739419742360e-01
-2.632671521637099943e-01
-1.367163136258766343e-01
2.000704159627487294e-02
1.368065834905778377e-01
1.849198017984730602e-01
1.782515666840007174e-01
1.318773270726774360e-01
6.179131860714554003e-02
-1.713312396223295314e-02
-9.107049687858423392e-02
-1.450872163594748299e-01
-1.639203687121958131e-01
-1.342031844024001441e-01
-4.373968506364220299e-02
8.354531901261975924e-02
1.863557962558631542e-01
2.399447729214143621e-01
2.553374051522263044e-01
2.426604924226709314e-01
2.136388488036591038e-01
1.790298534842805767e-01
1.454101130107501028e-01
1.149275099151473301e-01
8.634378957187709147e-02
5.908841432442892005e-02
3.540859788044587592e-02
1.753076688929460294e-02
6.534950224110321754e-03
2.040837544886493771e-03
2.480559761918531975e-03
6.068736024109882415e-03
8.989554870261384084e-03
7.102085997292152675e-03
-2.143826624423257610e-04
-1.093827012484334740e-02
-2.224651490599753589e-02
-3.353644782201014446e-02
-4.624069073764797144e-02
-6.079370171473937046e-02
-7.650952448787963489e-02
-9.114741038835960651e-02
-1.040934388662923260e-01
-1.168755259687026121e-01
-1.288001320781245462e-01
-1.382538146403871071e-01
-1.436785020343629427e-01
-1.409049638527243575e-01
-1.225807872713322311e-01
-8.122206486064520448e-02
-1.958568044414816384e-02
3.769974005212885920e-02
6.512650274149379970e-02
6.309684120582158273e-02
4.345755500130131510e-02
1.304105012953870810e-02
-2.373784530757391473e-02
-6.004686720888517681e-02
-8.782781394564775912e-02
-1.021618091624969527e-01
-9.918679647885510209e-02
-7.233882758531948176e-02
-1.379852273342938723e-02
6.249691201716162797e-02
1.225312520290317286e-01
1.541696237644734069e-01
1.641249853645581069e-01
1.555125044972189841e-01
1.327031354788046902e-01
1.034696143077008246e-01
7.162195908570452574e-02
3.794073317614901630e-02
6.835419821148185603e-03
-1.621715407289832725e-02
-2.808246031442396262e-02
-2.730470976909647740e-02
-1.695439834546714694e-02
-3.372799346010405333e-03
1.098525686328432997e-02
2.645951276540799840e-02
4.326464945692848341e-02
6.176929274952291937e-02
8.080850794517104030e-02
9.639116217397043773e-02
1.056762464887686381e-01
1.078652451681139518e-01
9.979359188075605236e-02
8.012753053564879158e-02
4.878671572007352991e-02
1.089356946322316520e-02
-1.879843045237108989e-02
-3.295653283219105584e-02
-3.509527710236289011e-02
-3.264108445346320525e-02
-3.332885249539719458e-02
-3.859737489020291512e-02
-4.657173770802494617e-02
-5.826665019442403559e-02
-7.596185106212240135e-02
-9.923705217483269614e-02
-1.282114947516423686e-01
-1.651277125156735970e-01
-2.088379472478992527e-01
-2.561187854300081557e-01
-3.034956574763942316e-01
-3.438961327443221250e-01
-3.679039823452547875e-01
-3.651729396365664959e-01
-3.213811142147902644e-01
-2.175472455778388048e-01
-3.844574574089999752e-02
1.768146780501858029e-01
3.451846549562476163e-01
4.362542969787030489e-01
4.654247307200222727e-01
4.461952754934964682e-01
3.914771120411828509e-01
3.150514585437175219e-01
2.335594745739573985e-01
1.611975116479558434e-01
1.045823517466566155e-01
6.723057525084774610e-02
5.257399155410839853e-02
5.634930910994975783e-02
6.758983845629831788e-02
7.908262560810697117e-02
8.494348364245361827e-02
8.054757091219141851e-02
6.687379175907934292e-02
4.487088511239301081e-02
1.279221946446764194e-02
-3.005539947908969500e-02
-8.398170339885133173e-02
-1.491963131618481153e-01
-2.239861364772836594e-01
-3.008918043142386756e-01
-3.663256503606286962e-01
-4.140234571669077490e-01
-4.460730214413429207e-01
-4.596070312183303530e-01
-4.495299248268341819e-01
-4.117270107037643290e-01
-3.343280893476403004e-01
-1.978832873859915353e-01
-2.109051099425691619e-02
1.355682436181021855e-01
2.492094948974347690e-01
3.342246540229703577e-01
4.007123817162810964e-01
4.589310181970552294e-01
5.061246012526640081e-01
5.245902288832143823e-01
5.110899083888298389e-01
4.767498633883286430e-01
4.289917274062242658e-01
3.675660157417902640e-01
2.896843572035668890e-01
1.962930022360676319e-01
8.818134343433221833e-02
-2.900188317675557459e-02
-1.398019623939737999e-01
-2.352889454564875971e-01
-3.181231113286263623e-01
-3.921841291656091300e-01
-4.573128549292319045e-01
-5.083722377509843904e-01
-5.386956231033090958e-01
-5.438722499231235519e-01
-5.207546594981937726e-01
-4.622032624705341708e-01
-3.543748224682076176e-01
-1.730556771331831778e-01
6.957400912685390848e-02
2.935086028780908851e-01
4.398662066567615714e-01
5.111653401022354659e-01
5.246054532469061060e-01
4.959994886810643044e-01
4.384639333935853589e-01
3.612640434277594181e-01
2.720225494302999647e-01
1.762606439330619001e-01
7.743214884329278902e-02
-2.349546333488203645e-02
-1.271819066434579926e-01
-2.317617264273110766e-01
-3.319801251965649458e-01
-4.197094828867965477e-01
-4.849797855635848975e-01
-5.169473202463057415e-01
-5.032322682824448279e-01
-4.453508677284268580e-01
-3.545144302560988558e-01
-2.208941985160727817e-01
-2.148392860110976896e-02
2.100308473101532014e-01
3.859218130367692012e-01
4.730179381342347611e-01
4.922064846332290244e-01
4.623859477850932320e-01
4.001644144121313529e-01
3.184304894695609844e-01
2.251177250697401488e-01
1.304510044028100446e-01
4.938776290280092601e-02
-9.318143592911302606e-03
-4.470400581155950515e-02
-5.895290760753180842e-02
-5.923967953695934152e-02
-5.528730226886195004e-02
-5.373128122745255558e-02
-5.552312247492145747e-02
-5.553438572691767050e-02
-4.909737315065348939e-02
-3.792427118428771948e-02
-2.645204034121149614e-02
-1.790246306531996512e-02
-1.497135773417572480e-02
-1.917053436225855251e-02
-2.873559004205578429e-02
-4.207096019656937635e-02
-5.992501185342012648e-02
-8.124396502054404001e-02
-1.032937303365512038e-01
-1.245438018975265071e-01
-1.432988074525246291e-01
-1.557453162260392376e-01
-1.556339188790649697e-01
-1.358739534077563205e-01
-9.163026178744268502e-02
-2.081453586712485315e-02
6.228059784964969786e-02
1.272090838354477393e-01
1.590466416954456341e-01
1.622599250010089422e-01
1.465010064294466896e-01
1.211832754989307648e-01
9.204676838236003356e-02
6.402728906648222362e-02
4.094142836666900265e-02
2.471323349547143236e-02
1.892165602319357751e-02
2.869528534165207215e-02
5.235157647991080937e-02
7.908304885482200786e-02
1.006416540285769018e-01
1.149058118065631184e-01
1.217985739045575611e-01
1.227612689221444786e-01
1.175829744171603131e-01
1.035276309614337892e-01
8.033372249102060936e-02
5.022398408664482949e-02
1.239849498437196884e-02
-3.663922734580443707e-02
-9.881101089844218643e-02
-1.730509948812004595e-01
-2.565026858497734819e-01
-3.453579714160940339e-01
-4.316428620471078892e-01
-5.044118939456689876e-01
-5.523486081344874954e-01
-5.602123242902091738e-01
-5.106902354933817723e-01
-3.862789270056372626e-01
-1.921130277776794404e-01
4.542291578268958102e-02
2.816737715952260523e-01
4.490007926678730721e-01
5.240811810445840102e-01
5.305349878024964161e-01
4.912595279037029750e-01
4.260290520093181210e-01
3.501746865014524479e-01
2.735404782859863215e-01
2.010584064708964280e-01
1.351757707178772028e-01
7.700961455556153135e-02
2.471927483426413635e-02
-2.136442963074201146e-02
-5.446047764139367448e-02
-7.206240666823635066e-02
-7.908167157138984438e-02
-7.976709647138358061e-02
-7.608846674141248045e-02
-6.981857907275790254e-02
-6.332355756069230068e-02
-5.840223240404378291e-02
-5.412075505461329261e-02
-4.846347614896841238e-02
-4.145485904008848477e-02
-3.446424899467507436e-02
-2.841346437399492469e-02
-2.383971756662093405e-02
-2.028382939847761524e-02
-1.726919053282602659e-02
-1.755993876029894249e-02
-2.418388631461006189e-02
-3.596731063576269483e-02
-4.978384950824410460e-02
-6.336127837752553171e-02
-7.481316557762481001e-02
-8.000533918743180095e-02
-7.055939560055873860e-02
-3.990259966216794241e-02
5.254615192499615881e-03
4.998830541413969153e-02
8.663111031294361275e-02
1.120724245439609496e-01
1.235983815083953330e-01
1.228834379430047696e-01
1.134868779967592861e-01
9.852233722459392828e-02
8.028864549306172216e-02
5.906133891617861009e-02
3.585696712519955559e-02
